2.279932910671368607e+00
2.279722998953465307e+00
2.279093885340516934e+00
2.278047428701680310e+00
2.276586708089249456e+00
2.274715994539788344e+00
2.272440712372533422e+00
2.269767390729422019e+00
2.266703606269037774e+00
2.263257918065284979e+00
2.259439795866154732e+00
2.255259542938381045e+00
2.250728214758788148e+00
2.245857534814688528e+00
2.240659808746726434e+00
2.235147838010818067e+00
2.229334834156576406e+00
2.223234334721801986e+00
2.216860121631737179e+00
2.210226142871844601e+00
2.203346438078943592e+00
2.196235068571504190e+00
2.188906052218341003e+00
2.181373303430160782e+00
2.173650578451310267e+00
2.165751426031697235e+00
2.157689143472392157e+00
2.149476737963415651e+00
2.141126893068236559e+00
2.132651940157118009e+00
2.124063834549559715e+00
2.115374136094114732e+00
2.106593993890994110e+00
2.097734134848324494e+00
2.088804855755065137e+00
2.079816018552254508e+00
2.070777048487973726e+00
2.061696934849126084e+00
2.052584233974595218e+00
2.043447074268072150e+00
2.034293162944727396e+00
2.025129794263017757e+00
2.015963859010740045e+00
2.006801855032723125e+00
1.997649898605954544e+00
1.988513736485631345e+00
1.979398758463156494e+00
1.970310010293888858e+00
1.961252206868062453e+00
1.952229745513401671e+00
1.943246719331672034e+00
1.934306930484453346e+00
1.925413903355059020e+00
1.916570897524456196e+00
1.907780920508920453e+00
1.899046740215792450e+00
1.890370897081899315e+00
1.881755715866200607e+00
1.873203317074505936e+00
1.864715627999792069e+00
1.856294393366263673e+00
1.847941185570006972e+00
1.839657414512274602e+00
1.831444337024956015e+00
1.823303065890399477e+00
1.815234578459975712e+00
1.807239724877766740e+00
1.799319235917286264e+00
1.791473730440521717e+00
1.783703722489486276e+00
1.776009628021360864e+00
1.768391771298890802e+00
1.760850390948153876e+00
1.753385645696012407e+00
1.745997619799862566e+00
1.738686328182139640e+00
1.731451721282278644e+00
1.724293689638366045e+00
1.717212068210800968e+00
1.710206640459925875e+00
1.703277142189337567e+00
1.696423265166188132e+00
1.689644660529637576e+00
1.682940941998018136e+00
1.676311688885050000e+00
1.669756448935079574e+00
1.663274740986744771e+00
1.656866057474314813e+00
1.650529866775389820e+00
1.644265615413308179e+00
1.638072730122300591e+00
1.631950619782907452e+00
1.625898677234999257e+00
1.619916280975185696e+00
1.614002796745293455e+00
1.608157579017970740e+00
1.602379972385483242e+00
1.596669312857174283e+00
1.591024929070933736e+00
1.585446143423738130e+00
1.579932273125897790e+00
1.574482631183632630e+00
1.569096527314137290e+00
1.563773268797195914e+00
1.558512161267077145e+00
1.553312509448381284e+00
1.548173617839114780e+00
1.543094791344270744e+00
1.538075335862840065e+00
1.533114558831154106e+00
1.528211769725198232e+00
1.523366280524411920e+00
1.518577406139355324e+00
1.513844464805495393e+00
1.509166778445176327e+00
1.504543672999806292e+00
1.499974478734070971e+00
1.495458530513991358e+00
1.490995168060428977e+00
1.486583736179622584e+00
1.482223584972215846e+00
1.477914070022139592e+00
1.473654552566672660e+00
1.469444399648865307e+00
1.465282984253497345e+00
1.461169685427657239e+00
1.457103888386895640e+00
1.453084984607990959e+00
1.449112371909170527e+00
1.445185454518616464e+00
1.441303643132091583e+00
1.437466354960412973e+00
1.433673013767434723e+00
1.429923049899252563e+00
1.426215900305215278e+00
1.422551008551306673e+00
1.418927824826485162e+00
1.415345805942466839e+00
1.411804415327399642e+00
1.408303123013948888e+00
1.404841405622156980e+00
1.401418746337488308e+00
1.398034634884453897e+00
1.394688567496138898e+00
1.391380046879943100e+00
1.388108582179919281e+00
1.384873688935877034e+00
1.381674889039649079e+00
1.378511710688661074e+00
1.375383688337120436e+00
1.372290362645003592e+00
1.369231280425061703e+00
1.366205994588047368e+00
1.363214064086313959e+00
1.360255053856009866e+00
1.357328534757967553e+00
1.354434083517468856e+00
1.351571282663036389e+00
1.348739720464347425e+00
1.345938990869403051e+00
1.343168693441094463e+00
1.340428433293223698e+00
1.337717821026110254e+00
1.335036472661864870e+00
1.332384009579413053e+00
1.329760058449353854e+00
1.327164251168722942e+00
1.324596224795724586e+00
1.322055621484504506e+00
1.319542088420016190e+00
1.317055277753043097e+00
1.314594846535404038e+00
1.312160456655423246e+00
1.309751774773686428e+00
1.307368472259104575e+00
1.305010225125375678e+00
1.302676713967821698e+00
1.300367623900653857e+00
1.298082644494713778e+00
1.295821469715669139e+00
1.293583797862742246e+00
1.291369331507938867e+00
1.289177777435849714e+00
1.287008846583977295e+00
1.284862253983685143e+00
1.282737718701700391e+00
1.280634963782238955e+00
1.278553716189740008e+00
1.276493706752224844e+00
1.274454670105280574e+00
1.272436344636693306e+00
1.270438472431718591e+00
1.268460799218998680e+00
1.266503074317133937e+00
1.264565050581913042e+00
1.262646484354202681e+00
1.260747135408478714e+00
1.258866766902040357e+00
1.257005145324866291e+00
1.255162040450138905e+00
1.253337225285416467e+00
1.251530476024469207e+00
1.249741571999765766e+00
1.247970295635605575e+00
1.246216432401904495e+00
1.244479770768617488e+00
1.242760102160801683e+00
1.241057220914326242e+00
1.239370924232193749e+00
1.237701012141496193e+00
1.236047287450997345e+00
1.234409555709322870e+00
1.232787625163759504e+00
1.231181306719663748e+00
1.229590413900463641e+00
1.228014762808256277e+00
1.226454172084991079e+00
1.224908462874224169e+00
1.223377458783465155e+00
1.221860985847067482e+00
1.220358872489698765e+00
1.218870949490349576e+00
1.217397049946904009e+00
1.215937009241238931e+00
1.214490665004856362e+00
1.213057857085055868e+00
1.211638427511611438e+00
1.210232220463974606e+00
1.208839082238971852e+00
1.207458861219012469e+00
1.206091407840782281e+00
1.204736574564427842e+00
1.203394215843216930e+00
1.202064188093679320e+00
1.200746349666195201e+00
1.199440560816068979e+00
1.198146683675035407e+00
1.196864582223219786e+00
1.195594122261541825e+00
1.194335171384539596e+00
1.193087598953639805e+00
1.191851276070832633e+00
1.190626075552765117e+00
1.189411871905248663e+00
1.188208541298158893e+00
1.187015961540740072e+00
1.185834012057294995e+00
1.184662573863254798e+00
1.183501529541636454e+00
1.182350763219864209e+00
1.181210160546956489e+00
1.180079608671082081e+00
1.178958996217465138e+00
1.177848213266630584e+00
1.176747151333018326e+00
1.175655703343904346e+00
1.174573763618680378e+00
1.173501227848448902e+00
1.172437993075938323e+00
1.171383957675748988e+00
1.170339021334894314e+00
1.169303085033661205e+00
1.168276051026767792e+00
1.167257822824821378e+00
1.166248305176062594e+00
1.165247404048407764e+00
1.164255026611764166e+00
1.163271081220631276e+00
1.162295477396970922e+00
1.161328125813350765e+00
1.160368938276351125e+00
1.159417827710233606e+00
1.158474708140866616e+00
1.157539494679898473e+00
1.156612103509189637e+00
1.155692451865475201e+00
1.154780458025282952e+00
1.153876041290072596e+00
1.152979121971618337e+00
1.152089621377616391e+00
1.151207461797515652e+00
1.150332566488573294e+00
1.149464859662123972e+00
1.148604266470066859e+00
1.147750712991557842e+00
1.146904126219916220e+00
1.146064434049729686e+00
1.145231565264156259e+00
1.144405449522436058e+00
1.143586017347578920e+00
1.142773200114259424e+00
1.141966930036888206e+00
1.141167140157871351e+00
1.140373764336050755e+00
1.139586737235324998e+00
1.138805994313441428e+00
1.138031471810963202e+00
1.137263106740403540e+00
1.136500836875534937e+00
1.135744600740848709e+00
1.134994337601189507e+00
1.134249987451538155e+00
1.133511491006958583e+00
1.132778789692693300e+00
1.132051825634411646e+00
1.131330541648607024e+00
1.130614881233139357e+00
1.129904788557922091e+00
1.129200208455751087e+00
1.128501086413268739e+00
1.127807368562072199e+00
1.127119001669950604e+00
1.126435933132253098e+00
1.125758110963394509e+00
1.125085483788483165e+00
1.124418000835073927e+00
1.123755611925052245e+00
1.123098267466630329e+00
1.122445918446473456e+00
1.121798516421935510e+00
1.121156013513414651e+00
1.120518362396827561e+00
1.119885516296185379e+00
1.119257428976290880e+00
1.118634054735535344e+00
1.118015348398812669e+00
1.117401265310527636e+00
1.116791761327717403e+00
1.116186792813267159e+00
1.115586316629232799e+00
1.114990290130255968e+00
1.114398671157080800e+00
1.113811418030165035e+00
1.113228489543383493e+00
1.112649844957825040e+00
1.112075443995682367e+00
1.111505246834228133e+00
1.110939214099880834e+00
1.110377306862357027e+00
1.109819486628909946e+00
1.109265715338652036e+00
1.108715955356954108e+00
1.108170169469938626e+00
1.107628320879038508e+00
1.107090373195646515e+00
1.106556290435832812e+00
1.106026037015146901e+00
1.105499577743486617e+00
1.104976877820049497e+00
1.104457902828349880e+00
1.103942618731308833e+00
1.103430991866420907e+00
1.102922988940979288e+00
1.102418577027379776e+00
1.101917723558482720e+00
1.101420396323050221e+00
1.100926563461239960e+00
1.100436193460169187e+00
1.099949255149538008e+00
1.099465717697316824e+00
1.098985550605494188e+00
1.098508723705885703e+00
1.098035207155997783e+00
1.097564971434958236e+00
1.097097987339496150e+00
1.096634225979980393e+00
1.096173658776517623e+00
1.095716257455100706e+00
1.095261994043812415e+00
1.094810840869079982e+00
1.094362770551989383e+00
1.093917756004642472e+00
1.093475770426568738e+00
1.093036787301184809e+00
1.092600780392308790e+00
1.092167723740716134e+00
1.091737591660746132e+00
1.091310358736954811e+00
1.090885999820817132e+00
1.090464490027468258e+00
1.090045804732495682e+00
1.089629919568771754e+00
1.089216810423332849e+00
1.088806453434297605e+00
1.088398824987828917e+00
1.087993901715141210e+00
1.087591660489540146e+00
1.087192078423511621e+00
1.086795132865844060e+00
1.086400801398793137e+00
1.086009061835282896e+00
1.085619892216147742e+00
1.085233270807408168e+00
1.084849176097584023e+00
1.084467586795048621e+00
1.084088481825410177e+00
1.083711840328937193e+00
1.083337641658010719e+00
1.082965865374616143e+00
1.082596491247868054e+00
1.082229499251564864e+00
1.081864869561777631e+00
1.081502582554473735e+00
1.081142618803168753e+00
1.080784959076610763e+00
1.080429584336495719e+00
1.080076475735211705e+00
1.079725614613616047e+00
1.079376982498838400e+00
1.079030561102114705e+00
1.078686332316649121e+00
1.078344278215504159e+00
1.078004381049520344e+00
1.077666623245257416e+00
1.077330987402971063e+00
1.076997456294609634e+00
1.076666012861837496e+00
1.076336640214088369e+00
1.076009321626639759e+00
1.075684040538714248e+00
1.075360780551604778e+00
1.075039525426825904e+00
1.074720259084285701e+00
1.074402965600485427e+00
1.074087629206739392e+00
1.073774234287418361e+00
1.073462765378216277e+00
1.073153207164439404e+00
1.072845544479315238e+00
1.072539762302328281e+00
1.072235845757569139e+00
1.071933780112112267e+00
1.071633550774411248e+00
1.071335143292712955e+00
1.071038543353495243e+00
1.070743736779921518e+00
1.070450709530317290e+00
1.070159447696665600e+00
1.069869937503117097e+00
1.069582165304528321e+00
1.069296117585008199e+00
1.069011780956489410e+00
1.068729142157315515e+00
1.068448188050846293e+00
1.068168905624079734e+00
1.067891281986292462e+00
1.067615304367696583e+00
1.067340960118112525e+00
1.067068236705661199e+00
1.066797121715467478e+00
1.066527602848385659e+00
1.066259667919736698e+00
1.065993304858062096e+00
1.065728501703893327e+00
1.065465246608538141e+00
1.065203527832877750e+00
1.064943333746183551e+00
1.064684652824945177e+00
1.064427473651714084e+00
1.064171784913962249e+00
1.063917575402951954e+00
1.063664834012623572e+00
1.063413549738493113e+00
1.063163711676565093e+00
1.062915309022258947e+00
1.062668331069347660e+00
1.062422767208909491e+00
1.062178606928293023e+00
1.061935839810093318e+00
1.061694455531141390e+00
1.061454443861507446e+00
1.061215794663513234e+00
1.060978497890757932e+00
1.060742543587155362e+00
1.060507921885982974e+00
1.060274623008942374e+00
1.060042637265230958e+00
1.059811955050625087e+00
1.059582566846571927e+00
1.059354463219295717e+00
1.059127634818911590e+00
1.058902072378553161e+00
1.058677766713506330e+00
1.058454708720356852e+00
1.058232889376147012e+00
1.058012299737540518e+00
1.057792930940001153e+00
1.057574774196975875e+00
1.057357820799092796e+00
1.057142062113364478e+00
1.056927489582404567e+00
1.056714094723648412e+00
1.056501869128588345e+00
1.056290804462012289e+00
1.056080892461258358e+00
1.055872124935471668e+00
1.055664493764871370e+00
1.055457990900029008e+00
1.055252608361152200e+00
1.055048338237378980e+00
