1.848679385260317554e-01
1.842782972937767050e-01
1.840538316620016490e-01
1.837277587641618914e-01
1.833017621632533345e-01
1.827779470749665847e-01
1.821588094138096303e-01
1.814472002039392018e-01
1.806462866221281161e-01
1.797595107537538484e-01
1.787905470990549250e-01
1.777432598089188354e-01
1.766216605445400101e-01
1.754298677471610446e-01
1.741720679799258209e-01
1.728524798713791111e-01
1.714753210561566765e-01
1.700447783795026313e-01
1.685649815128912599e-01
1.670399800220816189e-01
1.654737238383018616e-01
1.638700470092523398e-01
1.622326545488727567e-01
1.605651121628021982e-01
1.588708385986639382e-01
1.571531003548114758e-01
1.554150084763632755e-01
1.536595171708792784e-01
1.518894239862073337e-01
1.501073713080147420e-01
1.483158489528016710e-01
1.465171976523799158e-01
1.447136132469828140e-01
1.429071514252079067e-01
1.410997328696504960e-01
1.392931486864146251e-01
1.374890660148372079e-01
1.356890337301954186e-01
1.338944881670209586e-01
1.321067588038096763e-01
1.303270738614476509e-01
1.285565657777016368e-01
1.267962765287316551e-01
1.250471627758727722e-01
1.233101008221019479e-01
1.215858913677270309e-01
1.198752640590579482e-01
1.181788818272668656e-01
1.164973450174296848e-01
1.148311953099219185e-01
1.131809194380988259e-01
1.115469527074651468e-01
1.099296823225478226e-01
1.083294505283837056e-01
1.067465575739822564e-01
1.051812645054559514e-01
1.036337957966069201e-01
1.021043418248098050e-01
1.005930611999612118e-01
9.910008295410213663e-02
9.762550859915819501e-02
9.616941405997918302e-02
9.473185148962995350e-02
9.331285097355972169e-02
9.191242212903530384e-02
9.053055560589221007e-02
8.916722449437233800e-02
8.782238564552023730e-02
8.649598090932905659e-02
8.518793829553138186e-02
8.389817306167374200e-02
8.262658873284102479e-02
8.137307805715157660e-02
8.013752390091040401e-02
7.891980008706539484e-02
7.771977218040716784e-02
7.653729822274657479e-02
7.537222942111090895e-02
7.422441079180956691e-02
7.309368176305297560e-02
7.197987673865326175e-02
7.088282562515943463e-02
6.980235432467112033e-02
6.873828519539471049e-02
6.769043748192403454e-02
6.665862771707396772e-02
6.564267009699858990e-02
6.464237683121581979e-02
6.365755846907529547e-02
6.268802420407450227e-02
6.173358215740001875e-02
6.079403964192682530e-02
5.986920340788946804e-02
5.895887987131305519e-02
5.806287532627327913e-02
5.718099614195426561e-02
5.631304894543619904e-02
5.545884079107867709e-02
5.461817931731637044e-02
5.379087289163646257e-02
5.297673074445782143e-02
5.217556309258768871e-02
5.138718125289988559e-02
5.061139774682951731e-02
4.984802639624969639e-02
4.909688241126135971e-02
4.835778247039621003e-02
4.763054479369951272e-02
4.691498920913841214e-02
4.621093721274756316e-02
4.551821202290748380e-02
4.483663862911992787e-02
4.416604383563112191e-02
4.350625630022389445e-02
4.285710656848935873e-02
4.221842710386792402e-02
4.159005231372828182e-02
4.097181857174411052e-02
4.036356423680483724e-02
3.976512966869466537e-02
3.917635724074743087e-02
3.859709134968029864e-02
3.802717842279835364e-02
3.746646692274513413e-02
3.691480734996697294e-02
3.637205224305527229e-02
3.583805617710628805e-02
3.531267576024589572e-02
3.479576962844918575e-02
3.428719843877794937e-02
3.378682486115343331e-02
3.329451356877489998e-02
3.281013122728913128e-02
3.233354648280416938e-02
3.186462994884207978e-02
3.140325419231710519e-02
3.094929371861723094e-02
3.050262495587007308e-02
3.006312623846083346e-02
2.963067778986948342e-02
2.920516170489616606e-02
2.878646193132552641e-02
2.837446425109342585e-02
2.796905626100363793e-02
2.757012735304758058e-02
2.717756869436997041e-02
2.679127320692354861e-02
2.641113554685816517e-02
2.603705208367617166e-02
2.566892087919473570e-02
2.530664166634343654e-02
2.495011582783532300e-02
2.459924637473123038e-02
2.425393792493545780e-02
2.391409668163831451e-02
2.357963041173588917e-02
2.325044842424638103e-02
2.292646154874473582e-02
2.260758211383375252e-02
2.229372392566897343e-02
2.198480224655872256e-02
2.168073377364657800e-02
2.138143661769811507e-02
2.108683028200106571e-02
2.079683564139095039e-02
2.051137492141600141e-02
2.023037167764943356e-02
1.995375077515946713e-02
1.968143836814596065e-02
1.941336187975024885e-02
1.914944998204796967e-02
1.888963257622914768e-02
1.863384077297243827e-02
1.838200687301908345e-02
1.813406434795137093e-02
1.788994782117893714e-02
1.764959304913836860e-02
1.741293690270864086e-02
1.717991734884467131e-02
1.695047343243218790e-02
1.672454525836752220e-02
1.650207397386081742e-02
1.628300175096662750e-02
1.606727176934322904e-02
1.585482819923968167e-02
1.564561618471224658e-02
1.543958182707170883e-02
1.523667216855863898e-02
1.503683517625025411e-02
1.484001972619459521e-02
1.464617558777602836e-02
1.445525340830628239e-02
1.426720469784451342e-02
1.408198181424269273e-02
1.389953794841649985e-02
1.371982710983954239e-02
1.354280411226038705e-02
1.336842455964011057e-02
1.319664483230860962e-02
1.302742207333954134e-02
1.286071417513869920e-02
1.269647976624872429e-02
1.253467819836302961e-02
1.237526953355127558e-02
1.221821453169074680e-02
1.206347463810484612e-02
1.191101197140261199e-02
1.176078931152163207e-02
1.161277008796714368e-02
1.146691836824942183e-02
1.132319884651359840e-02
1.118157683236210842e-02
1.104201823986564017e-02
1.090448957676098084e-02
1.076895793383372650e-02
1.063539097448175375e-02
1.050375692445904355e-02
1.037402456179620930e-02
1.024616320689531422e-02
1.012014271279694164e-02
9.995933455616955871e-03
9.873506325150030807e-03
9.752832715638325850e-03
9.633884516701690659e-03
9.516634104428873045e-03
9.401054332625266574e-03
9.287118524215300097e-03
9.174800462799033787e-03
9.064074384357006381e-03
8.954914969104811606e-03
8.847297333491654925e-03
8.741197022343532436e-03
8.636590001146441861e-03
8.533452648468562232e-03
8.431761748518926819e-03
8.331494483840178045e-03
8.232628428133232507e-03
8.135141539212045053e-03
8.039012152085505541e-03
7.944218972165139475e-03
7.850741068596386874e-03
7.758557867710355084e-03
7.667649146595970945e-03
7.577995026788292635e-03
7.489575968072351500e-03
7.402372762400313833e-03
7.316366527919882651e-03
7.231538703111307052e-03
7.147871041033045970e-03
7.065345603671681005e-03
6.983944756396145113e-03
6.903651162513766565e-03
6.824447777925873003e-03
6.746317845882043168e-03
6.669244891830996592e-03
6.593212718365590308e-03
6.518205400261644147e-03
6.444207279607763565e-03
6.371202961024589190e-03
6.299177306973101007e-03
6.228115433148585789e-03
6.158002703960020578e-03
6.088824728092862536e-03
6.020567354153339573e-03
5.953216666394112525e-03
5.886758980517455171e-03
5.821180839557290460e-03
5.756469009836706271e-03
5.692610476999920323e-03
5.629592442117921369e-03
5.567402317866172561e-03
5.506027724772413236e-03
5.445456487534344053e-03
5.385676631404933377e-03
5.326676378644758583e-03
5.268444145039659701e-03
5.210968536483039266e-03
5.154238345620863748e-03
5.098242548559001400e-03
5.042970301631048181e-03
4.988410938225949602e-03
4.934553965674172080e-03
4.881389062191334414e-03
4.828906073877973180e-03
4.777095011775141058e-03
4.725946048973533528e-03
4.675449517776649605e-03
4.625595906915769620e-03
4.576375858816191487e-03
4.527780166913907521e-03
4.479799773021800671e-03
4.432425764743797188e-03
4.385649372937268885e-03
4.339461969221209553e-03
4.293855063530999105e-03
4.248820301717437867e-03
4.204349463190166364e-03
4.160434458604080239e-03
4.117067327588443647e-03
4.074240236517230086e-03
4.031945476320516336e-03
3.990175460336015285e-03
3.948922722199594074e-03
3.908179913774473963e-03
3.867939803118289679e-03
3.828195272487474807e-03
3.788939316377333902e-03
3.750165039598845652e-03
3.711865655389471816e-03
3.674034483559148519e-03
3.636664948669615042e-03
3.599750578246889259e-03
3.563285001026337238e-03
3.527261945229296595e-03
3.491675236871435301e-03
3.456518798101266068e-03
3.421786645569064363e-03
3.387472888825310540e-03
3.353571728747819537e-03
3.320077455997601061e-03
3.286984449502347409e-03
3.254287174967645645e-03
3.221980183414342030e-03
3.190058109743019316e-03
3.158515671323958423e-03
3.127347666612182928e-03
3.096548973787866497e-03
3.066114549420908501e-03
3.036039427159280962e-03
3.006318716441426595e-03
2.976947601230898154e-03
2.947921338774464259e-03
2.919235258381685030e-03
2.890884760226836592e-03
2.862865314171834409e-03
2.835172458610334123e-03
2.807801799332268738e-03
2.780749008408699412e-03
2.754009823096375317e-03
2.727580044761865937e-03
2.701455537824553731e-03
2.675632228718671009e-03
2.650106104873433885e-03
2.624873213711253345e-03
2.599929661663876856e-03
2.575271613205475617e-03
2.550895289903176190e-03
2.526796969484170451e-03
2.502972984918985788e-03
2.479419723521454622e-03
2.456133626063792923e-03
2.433111185907739244e-03
2.410348948150641858e-03
2.387843508786555158e-03
2.365591513882130646e-03
2.343589658766525793e-03
2.321834687236023782e-03
2.300323390771980697e-03
2.279052607772636633e-03
2.258019222798345309e-03
2.237220165829746036e-03
2.216652411538918774e-03
2.196312978573141533e-03
2.176198928851076630e-03
2.156307366871088298e-03
2.136635439031554611e-03
2.117180332962835445e-03
2.097939276870935954e-03
2.078909538892254050e-03
2.060088426459478258e-03
2.041473285678569154e-03
2.023061500716277945e-03
2.004850493197930274e-03
1.986837721616180850e-03
1.969020680749173323e-03
1.951396901089050154e-03
1.933963948280082411e-03
1.916719422566440494e-03
1.899660958249370542e-03
1.882786223153433674e-03
1.866092918102081957e-03
1.849578776401952221e-03
1.833241563335881626e-03
1.817079075664755150e-03
1.801089141137360771e-03
1.785269618008915012e-03
1.769618394567566916e-03
1.754133388668705678e-03
1.738812547277496711e-03
1.723653846018676026e-03
1.708655288734249947e-03
1.693814907048352743e-03
1.679130759939679359e-03
1.664600933320711101e-03
1.650223539624346867e-03
1.635996717397118294e-03
1.621918630899395414e-03
1.607987469712181218e-03
1.594201448350412520e-03
1.580558805882755847e-03
1.567057805557654174e-03
1.553696734435538020e-03
1.540473903027296488e-03
1.527387644938474212e-03
1.514436316519562160e-03
1.501618296521955997e-03
1.488931985759543632e-03
1.476375806775950556e-03
1.463948203517231135e-03
1.451647641009872272e-03
1.439472605044111835e-03
1.427421601862495937e-03
1.415493157853465848e-03
1.403685819249906415e-03
1.391998151832740801e-03
1.380428740639235005e-03
1.368976189676091287e-03
1.357639121637282606e-03
1.346416177626295636e-03
1.335306016882995949e-03
1.324307316514965541e-03
1.313418771233013441e-03
1.302639093091121801e-03
1.291967011230520188e-03
1.281401271627815013e-03
1.270940636847348862e-03
1.260583885797344561e-03
1.250329813490106334e-03
1.240177230805978789e-03
1.230124964261098243e-03
1.220171855778982330e-03
1.210316762465523570e-03
1.200558556387771149e-03
1.190896124356201867e-03
1.181328367710413486e-03
1.171854202108179319e-03
1.162472557317997422e-03
1.153182377014802399e-03
1.143982618578947598e-03
1.134872252898365538e-03
1.125850264173871218e-03
1.116915649727512469e-03
1.108067419813952821e-03
1.099304597434782368e-03
1.090626218155821454e-03
1.082031329927241785e-03
1.073518992906498208e-03
1.065088279284054492e-03
1.056738273111827633e-03
1.048468070134276307e-03
1.040276777622242124e-03
1.032163514209206469e-03
1.024127409730225336e-03
1.016167605063293417e-03
1.008283251973231785e-03
1.000473512957917666e-03
9.927375610969699313e-04
9.850745799027443763e-04
9.774837631735589817e-04
9.699643148493457311e-04
9.625154488693415944e-04
9.551363890320863689e-04
9.478263688575318952e-04
9.405846314512936570e-04
9.334104293708987221e-04
9.263030244941967755e-04
9.192616878896957191e-04
9.122856996889250553e-04
9.053743489606962992e-04
8.985269335873121354e-04
8.917427601426723867e-04
8.850211437721998160e-04
8.783614080745517179e-04
8.717628849852395974e-04
8.652249146618830669e-04
8.587468453712674213e-04
8.523280333780667651e-04
8.459678428353144394e-04
8.396656456763963196e-04
8.334208215088288177e-04
8.272327575094592499e-04
8.211008483213882428e-04
8.150244959523128769e-04
8.090031096745075190e-04
8.030361059261740013e-04
7.971229082143867694e-04
7.912629470193748536e-04
7.854556597002852920e-04
7.797004904023474526e-04
7.739968899654321808e-04
7.683443158338533344e-04
7.627422319676723482e-04
7.571901087551851208e-04
7.516874229267707678e-04
7.462336574699816785e-04
7.408283015458546001e-04
7.354708504065282952e-04
7.301608053140055737e-04
7.248976734601415579e-04
7.196809678877707931e-04
