1.202007400647732371e+00
1.711071963460197576e-01
1.668604214419793508e-01
1.648136199358360976e-01
1.635082530041007398e-01
1.624848204675647112e-01
1.615728600577627794e-01
1.607037748741714789e-01
1.598463135204087338e-01
1.589841165723578642e-01
1.581075367664726561e-01
1.572104148340072727e-01
1.562886648333410844e-01
1.553395706017120514e-01
1.543613897767956156e-01
1.533531063968189834e-01
1.523142636067237876e-01
1.512448438305628029e-01
1.501451792073578428e-01
1.490158824069675036e-01
1.478577917580202739e-01
1.466719267780504099e-01
1.454594514957086304e-01
1.442216437735276691e-01
1.429598693715530833e-01
1.416755598455808618e-01
1.403701936125194560e-01
1.390452796792191748e-01
1.377023436450558469e-01
1.363429156690773580e-01
1.349685201503272036e-01
1.335806669124025292e-01
1.321808437150001070e-01
1.307705099396621051e-01
1.293510913161122489e-01
1.279239755711834292e-01
1.264905088952113232e-01
1.250519931317928823e-01
1.236096836062865745e-01
1.221647875168221931e-01
1.207184628190622611e-01
1.192718175426768362e-01
1.178259094836090620e-01
1.163817462217529852e-01
1.149402854187464296e-01
1.135024353552409188e-01
1.120690556712136410e-01
1.106409582768184408e-01
1.092189084047851533e-01
1.078036257786176844e-01
1.063957858737988038e-01
1.049960212518548791e-01
1.036049229495975693e-01
1.022230419080076141e-01
1.008508904272377577e-01
9.948894363598809187e-02
9.813764096508817425e-02
9.679738761656606072e-02
9.546855602077794489e-02
9.415148727527747341e-02
9.284649256015292673e-02
9.155385452544018143e-02
9.027382864701331833e-02
8.900664454805626291e-02
8.775250728385104726e-02
8.651159858810615610e-02
8.528407807958987563e-02
8.407008442816543692e-02
8.286973647973588930e-02
8.168313433987410555e-02
8.051036041618635231e-02
7.935148041968000110e-02
7.820654432558535318e-02
7.707558729423701072e-02
7.595863055276315390e-02
7.485568223841618241e-02
7.376673820448206853e-02
7.269178278975688134e-02
7.163078955264691461e-02
7.058372197097091683e-02
6.955053410858470786e-02
6.853117124994353992e-02
6.752557050375534997e-02
6.653366137684227355e-02
6.555536631935317271e-02
6.459060124243951040e-02
6.363927600949345620e-02
6.270129490203735223e-02
6.177655706131272156e-02
6.086495690661501007e-02
5.996638453137397712e-02
5.908072607795770287e-02
5.820786409215270019e-02
5.734767785823607217e-02
5.650004371552996146e-02
5.566483535729296883e-02
5.484192411277784285e-02
5.403117921324649547e-02
5.323246804270817534e-02
5.244565637412179626e-02
5.167060859175645615e-02
5.090718790039479302e-02
5.015525652202564716e-02
4.941467588064488853e-02
4.868530677575627630e-02
4.796700954514750842e-02
4.725964421747552019e-02
4.656307065518577870e-02
4.587714868825662484e-02
4.520173823924675260e-02
4.453669944008601528e-02
4.388189274105411958e-02
4.323717901234129524e-02
4.260241963859549147e-02
4.197747660681725584e-02
4.136221258796077271e-02
4.075649101258389112e-02
4.016017614085274495e-02
3.957313312722549048e-02
3.899522808008878960e-02
3.842632811663533599e-02
3.786630141323674842e-02
3.731501725156845944e-02
3.677234606071720646e-02
3.623815945550028922e-02
3.571233027121284431e-02
3.519473259500092988e-02
3.468524179405670788e-02
3.418373454082092311e-02
3.369008883536515897e-02
3.320418402511402661e-02
3.272590082207737366e-02
3.225512131772321350e-02
3.179172899565013699e-02
3.133560874218033199e-02
3.088664685500773499e-02
3.044473105001476235e-02
3.000975046638216723e-02
2.958159567008758484e-02
2.916015865590407957e-02
2.874533284799396515e-02
2.833701309918598352e-02
2.793509568902946896e-02
2.753947832070124252e-02
2.715006011684806958e-02
2.676674161443642896e-02
2.638942475868029727e-02
2.601801289611178555e-02
2.565241076685821631e-02
2.529252449618664064e-02
2.493826158536663340e-02
2.458953090190994784e-02
2.424624266923204249e-02
2.390830845578634928e-02
2.357564116371465429e-02
2.324815501705378498e-02
2.292576554954171147e-02
2.260838959205490120e-02
2.229594525972163066e-02
2.198835193873346222e-02
2.168553027289396931e-02
2.138740214993170574e-02
2.109389068760381472e-02
2.080492021962053809e-02
2.052041628140969728e-02
2.024030559574750004e-02
1.996451605828059028e-02
1.969297672295023532e-02
1.942561778734889708e-02
1.916237057801861710e-02
1.890316753571356923e-02
1.864794220063831914e-02
1.839662919767983892e-02
1.814916422164584292e-02
1.790548402252079702e-02
1.766552639075423536e-02
1.742923014259144601e-02
1.719653510545546965e-02
1.696738210339273495e-02
1.674171294258975512e-02
1.651947039696947603e-02
1.630059819387425640e-02
1.608504099984455274e-02
1.587274440649825979e-02
1.566365491651755884e-02
1.545771992974732771e-02
1.525488772941298136e-02
1.505510746846011605e-02
1.485832915602076747e-02
1.466450364401070822e-02
1.447358261386059650e-02
1.428551856338459644e-02
1.410026479378872002e-02
1.391777539682185691e-02
1.373800524207198330e-02
1.356090996440856115e-02
1.338644595157337421e-02
1.321457033192137594e-02
1.304524096231224339e-02
1.287841641615438196e-02
1.271405597160111048e-02
1.255211959990048219e-02
1.239256795389883335e-02
1.223536235669912993e-02
1.208046479047115117e-02
1.192783788541913227e-02
1.177744490889997241e-02
1.162924975469746373e-02
1.148321693244830181e-02
1.133931155722118188e-02
1.119749933924746657e-02
1.105774657380421792e-02
1.092002013124582747e-02
1.078428744718676856e-02
1.065051651283179836e-02
1.051867586545418738e-02
1.038873457901990857e-02
1.026066225495731246e-02
1.013442901307029347e-02
1.001000548259439737e-02
9.887362793394702601e-03
9.766472567301941535e-03
9.647306909589209098e-03
9.529838400584904334e-03
9.414040087420536343e-03
9.299885475914024258e-03
9.187348522584721719e-03
9.076403626799321028e-03
8.967025623048545044e-03
8.859189773349951738e-03
8.752871759778778696e-03
8.648047677121991142e-03
8.544694025656945566e-03
8.442787704050765812e-03
8.342306002379265908e-03
8.243226595265207984e-03
8.145527535132294009e-03
8.049187245574736943e-03
7.954184514840336589e-03
7.860498489424249877e-03
7.768108667774977806e-03
7.676994894107023147e-03
7.587137352321527729e-03
7.498516560032185765e-03
7.411113362694810372e-03
7.324908927839188059e-03
7.239884739401355497e-03
7.156022592156063497e-03
7.073304586245425345e-03
6.991713121804076468e-03
6.911230893679792472e-03
6.831840886245396996e-03
6.753526368304283919e-03
6.676270888084021027e-03
6.600058268320091633e-03
6.524872601425861507e-03
6.450698244748779772e-03
6.377519815910913381e-03
6.305322188231828051e-03
6.234090486234009944e-03
6.163810081227673494e-03
6.094466586974518242e-03
6.026045855429615003e-03
5.958533972558543480e-03
5.891917254230334688e-03
5.826182242183416612e-03
5.761315700064243046e-03
5.697304609536863081e-03
5.634136166462615919e-03
5.571797777148277883e-03
5.510277054661607762e-03
5.449561815213826467e-03
5.389640074606362116e-03
5.330500044742096481e-03
5.272130130199828221e-03
5.214518924869641393e-03
5.157655208649750828e-03
5.101527944202522390e-03
5.046126273769326390e-03
4.991439516042619519e-03
4.937457163094702804e-03
4.884168877361875355e-03
4.831564488683226695e-03
4.779633991392653880e-03
4.728367541463684466e-03
4.677755453705731425e-03
4.627788199011263065e-03
4.578456401652317154e-03
4.529750836626214409e-03
4.481662427049204998e-03
4.434182241596985527e-03
4.387301491991815044e-03
4.341011530534693956e-03
4.295303847682302271e-03
4.250170069667800338e-03
4.205601956164265603e-03
4.161591397990721183e-03
4.118130414859215785e-03
4.075211153162794538e-03
4.032825883803327696e-03
3.990967000058369754e-03
3.949627015486802638e-03
3.908798561871829232e-03
3.868474387201351061e-03
3.828647353684517998e-03
3.789310435804211889e-03
3.750456718404184767e-03
3.712079394811216345e-03
3.674171764990347491e-03
3.636727233733845401e-03
3.599739308882259417e-03
3.563201599577908805e-03
3.527107814549162740e-03
3.491451760425799168e-03
3.456227340084824969e-03
3.421428551025146748e-03
3.387049483772329537e-03
3.353084320311087215e-03
3.319527332546282246e-03
3.286372880791273762e-03
3.253615412283233661e-03
3.221249459725146220e-03
3.189269639853562713e-03
3.157670652032117976e-03
3.126447276870050838e-03
3.095594374865055787e-03
3.065106885070857049e-03
3.034979823787884411e-03
3.005208283277551688e-03
2.975787430499228416e-03
2.946712505869716545e-03
2.917978822044562520e-03
2.889581762721185696e-03
2.861516781462891939e-03
2.833779400544052599e-03
2.806365209815381984e-03
2.779269865589262169e-03
2.752489089545091718e-03
2.726018667653461788e-03
2.699854449119553409e-03
2.673992345345090234e-03
2.648428328908597387e-03
2.623158432563289875e-03
2.598178748253051132e-03
2.573485426145117813e-03
2.549074673680259712e-03
2.524942754639010207e-03
2.501085988224791608e-03
2.477500748162676011e-03
2.454183461813975488e-03
2.431130609306498581e-03
2.408338722679513339e-03
2.385804385044082172e-03
2.363524229757678254e-03
2.341494939613268222e-03
2.319713246042406224e-03
2.298175928332281664e-03
2.276879812856267855e-03
2.255821772317592559e-03
2.234998725006502075e-03
2.214407634069835967e-03
2.194045506793527653e-03
2.173909393897253701e-03
2.153996388841388377e-03
2.134303627145740876e-03
2.114828285720259105e-03
2.095567582206811844e-03
2.076518774332615676e-03
2.057679159274737254e-03
2.039046073035088481e-03
2.020616889826716903e-03
2.002389021469922013e-03
1.984359916799312024e-03
1.966527061080398583e-03
1.948887975436525014e-03
1.931440216285405364e-03
1.914181374785176026e-03
1.897109076289970773e-03
1.880220979814613063e-03
1.863514777508494362e-03
1.846988194138206090e-03
1.830638986579096296e-03
1.814464943315207855e-03
1.798463883947830225e-03
1.782633658712197899e-03
1.766972148002468037e-03
1.751477261904429332e-03
1.736146939736362988e-03
1.720979149597359108e-03
1.705971887923382960e-03
1.691123179050570266e-03
1.676431074786051195e-03
1.661893653985673566e-03
1.647509022139106863e-03
1.633275310961448653e-03
1.619190677991959619e-03
1.605253306199392509e-03
1.591461403593664526e-03
1.577813202844310968e-03
1.564306960904908710e-03
1.550940958644019853e-03
1.537713500481950818e-03
1.524622914033796784e-03
1.511667549758098378e-03
1.498845780611436553e-03
1.486156001708726021e-03
1.473596629988960498e-03
1.461166103886536380e-03
1.448862883008011958e-03
1.436685447813979737e-03
1.424632299306317473e-03
1.412701958720476636e-03
1.400892967222752998e-03
1.389203885612557126e-03
1.377633294029497434e-03
1.366179791665155874e-03
1.354841996479736041e-03
1.343618544923029642e-03
1.332508091660173852e-03
1.321509309301647454e-03
1.310620888137706145e-03
1.299841535877120820e-03
1.289169977390082229e-03
1.278604954455276775e-03
1.268145225510985573e-03
1.257789565410228011e-03
1.247536765179840324e-03
1.237385631783297036e-03
1.227334987887513176e-03
1.217383671633233237e-03
1.207530536409087132e-03
1.197774450629328748e-03
1.188114297515058910e-03
1.178548974878927333e-03
1.169077394913295561e-03
1.159698483981645798e-03
1.150411182413478475e-03
1.141214444302272261e-03
1.132107237306768021e-03
1.123088542455260132e-03
1.114157353953170110e-03
1.105312678993402090e-03
1.096553537569918595e-03
1.087878962294004702e-03
1.079287998213682240e-03
1.070779702635718273e-03
1.062353144950556371e-03
1.054007406459898759e-03
1.045741580207064890e-03
1.037554770809931935e-03
1.029446094296506851e-03
1.021414677942987992e-03
1.013459660114494724e-03
1.005580190108077126e-03
9.977754279983166996e-04
9.900445444852011036e-04
9.823867207444183808e-04
9.748011482799470977e-04
9.672870287789169094e-04
9.598435739686595391e-04
9.524700054760462317e-04
9.451655546889170664e-04
9.379294626196459312e-04
9.307609797708276062e-04
9.236593660029525149e-04
9.166238904042087882e-04
9.096538311621474217e-04
9.027484754374253068e-04
8.959071192393666845e-04
8.891290673034625038e-04
8.824136329707568324e-04
8.757601380689979164e-04
8.691679127956675101e-04
8.626362956026748918e-04
8.561646330829252461e-04
8.497522798584791152e-04
8.433985984704432106e-04
8.371029592705692786e-04
8.308647403143948080e-04
8.246833272560324859e-04
8.185581132445505018e-04
8.124884988218704102e-04
8.064738918222064037e-04
8.005137072730440437e-04
7.946073672975076385e-04
7.887543010182816077e-04
7.829539444628790760e-04
7.772057404703844406e-04
7.715091385995470705e-04
7.658635950382044555e-04
7.602685725141626301e-04
7.547235402072133845e-04
7.492279736626301099e-04
7.437813547058273181e-04
7.383831713583207702e-04
7.330329177549240295e-04
7.277300940621300469e-04
7.224742063977339411e-04
7.172647667516099130e-04
7.121012929076417494e-04
