1.202007400680275007e+00
1.574938831118729288e-01
1.603049299449055276e-01
1.611114444278517466e-01
1.613693587024659093e-01
1.613896120244125432e-01
1.612628842386438222e-01
1.610234903860545685e-01
1.606878242475112406e-01
1.602655320418099605e-01
1.597633092554255341e-01
1.591863770972952175e-01
1.585391344433270677e-01
1.578254807788414260e-01
1.570489918150957676e-01
1.562130216158714724e-01
1.553207645810004978e-01
1.543752939400696578e-01
1.533795858203580997e-01
1.523365341625337599e-01
1.512489597051020762e-01
1.501196150754165737e-01
1.489511873120295538e-01
1.477462986994228511e-01
1.465075065133815135e-01
1.452373020911022772e-01
1.439381095175024383e-01
1.426122841355984550e-01
1.412621110302021976e-01
1.398898035920283500e-01
1.384975022380590670e-01
1.370872733403957211e-01
1.356611083976116128e-01
1.342209234684475505e-01
1.327685588765712410e-01
1.313057791865231416e-01
1.298342734442589075e-01
1.283556556706925145e-01
1.268714655929262525e-01
1.253831695952534186e-01
1.238921618703575644e-01
1.223997657501772890e-01
1.209072351955732677e-01
1.194157564240806435e-01
1.179264496555590819e-01
1.164403709563160000e-01
1.149585141633398533e-01
1.134818128713871860e-01
1.120111424669466699e-01
1.105473221943916867e-01
1.090911172409260860e-01
1.076432408282811670e-01
1.062043563003311070e-01
1.047750791970661483e-01
1.033559793064893900e-01
1.019475826871363150e-01
1.005503736548933186e-01
9.916479672877993867e-02
9.779125853121331535e-02
9.643012963905016333e-02
9.508174638247758603e-02
9.374641258940623334e-02
9.242440127367512748e-02
9.111595626583290919e-02
8.982129378577231871e-02
8.854060395687585183e-02
8.727405226169242247e-02
8.602178093947224213e-02
8.478391032614428224e-02
8.356054013757721610e-02
8.235175069710448659e-02
8.115760410851501072e-02
7.997814537577711824e-02
7.881340347092893883e-02
7.766339235160990562e-02
7.652811192978550836e-02
7.540754899326994332e-02
7.430167808166035504e-02
7.321046231833945594e-02
7.213385420018383898e-02
7.107179634663141066e-02
7.002422220972179256e-02
6.899105674673834676e-02
6.797221705701197991e-02
6.696761298445562394e-02
6.597714768732997059e-02
6.500071817672033181e-02
6.403821582515599464e-02
6.308952684676175093e-02
6.215453275028203634e-02
6.123311076628473043e-02
6.032513424977881122e-02
5.943047305946817099e-02
5.854899391478481097e-02
5.768056073182329518e-02
5.682503493923319465e-02
5.598227577509658909e-02
5.515214056576304980e-02
5.433448498757902090e-02
5.352916331240417658e-02
5.273602863775777444e-02
5.195493310242013663e-02
5.118572808825510440e-02
5.042826440898866974e-02
4.968239248665289043e-02
4.894796251636035489e-02
4.822482462004133719e-02
4.751282898975096869e-02
4.681182602111962771e-02
4.612166643749093797e-02
4.544220140526732121e-02
4.477328264094850019e-02
4.411476251033745466e-02
4.346649412035021032e-02
4.282833140384851439e-02
4.220012919789679906e-02
4.158174331581811906e-02
4.097303061340464014e-02
4.037384904962416921e-02
3.978405774214090196e-02
3.920351701795379146e-02
3.863208845943990472e-02
3.806963494607799869e-02
3.751602069210376728e-02
3.697111128034383937e-02
3.643477369246166803e-02
3.590687633582666238e-02
3.538728906721645001e-02
3.487588321355036824e-02
3.437253158983247237e-02
3.387710851448220983e-02
3.338948982221653233e-02
3.290955287463951523e-02
3.243717656868587429e-02
3.197224134305908655e-02
3.151462918279233916e-02
3.106422362206238616e-02
3.062090974536271076e-02
3.018457418716297483e-02
2.975510513014148137e-02
2.933239230210124907e-02
2.891632697165961649e-02
2.850680194279773053e-02
2.810371154835363677e-02
2.770695164253871370e-02
2.731641959254671806e-02
2.693201426933365325e-02
2.655363603762098818e-02
2.618118674519756550e-02
2.581456971156980557e-02
2.545368971601563723e-02
2.509845298509980407e-02
2.474876717968965342e-02
2.440454138152622909e-02
2.406568607938900164e-02
2.373211315489318768e-02
2.340373586796298810e-02
2.308046884201185589e-02
2.276222804886509840e-02
2.244893079345619200e-02
2.214049569832716308e-02
2.183684268795989952e-02
2.153789297296289026e-02
2.124356903414290412e-02
2.095379460647785880e-02
2.066849466301742821e-02
2.038759539872835730e-02
2.011102421430539799e-02
1.983870969996342701e-02
1.957058161922750270e-02
1.930657089273696281e-02
1.904660958207850946e-02
1.879063087365653861e-02
1.853856906262014298e-02
1.829035953685257537e-02
1.804593876103563477e-02
1.780524426080004607e-02
1.756821460696831455e-02
1.733478939990007114e-02
1.710490925394727788e-02
1.687851578202567357e-02
1.665555158031008925e-02
1.643596021305885821e-02
1.621968619757213972e-02
1.600667498929045016e-02
1.579687296703700602e-02
1.559022741840694962e-02
1.538668652531013925e-02
1.518619934966669756e-02
1.498871581926116206e-02
1.479418671375709766e-02
1.460256365087353979e-02
1.441379907272537925e-02
1.422784623233118960e-02
1.404465918028615506e-02
1.386419275160561543e-02
1.368640255273629626e-02
1.351124494873868001e-02
1.333867705063813101e-02
1.316865670294940782e-02
1.300114247136942118e-02
1.283609363064199677e-02
1.267347015259331043e-02
1.251323269433717369e-02
1.235534258664971845e-02
1.219976182251402731e-02
1.204645304583211451e-02
1.189537954030517840e-02
1.174650521848054005e-02
1.159979461096248728e-02
1.145521285579031295e-02
1.131272568797702695e-02
1.117229942921113030e-02
1.103390097771910112e-02
1.089749779828718713e-02
1.076305791244015243e-02
1.063054988877753029e-02
1.049994283346275016e-02
1.037120638086830478e-02
1.024431068436938708e-02
1.011922640728968835e-02
9.995924713993919325e-03
9.874377261127883360e-03
9.754556189002502181e-03
9.636434113121448986e-03
9.519984115849790263e-03
9.405179738222047350e-03
9.291994971887939520e-03
9.180404251194075604e-03
9.070382445400312216e-03
8.961904851026760918e-03
8.854947184333224197e-03
8.749485573925965334e-03
8.645496553491748004e-03
8.542957054656862698e-03
8.441844399969491985e-03
8.342136296003485607e-03
8.243810826581264226e-03
8.146846446115839704e-03
8.051221973066959373e-03
7.956916583513882688e-03
7.863909804838774276e-03
7.772181509521823572e-03
7.681711909045691074e-03
7.592481547906833501e-03
7.504471297732347862e-03
7.417662351501713366e-03
7.332036217869750995e-03
7.247574715591485923e-03
7.164259968044924681e-03
7.082074397851737500e-03
7.001000721594170112e-03
6.921021944625452803e-03
6.842121355973547134e-03
6.764282523335540635e-03
6.687489288161641704e-03
6.611725760828343623e-03
6.536976315896075689e-03
6.463225587454424909e-03
6.390458464548969507e-03
6.318660086691521398e-03
6.247815839451510353e-03
6.177911350125137556e-03
6.108932483484369805e-03
6.040865337601885113e-03
5.973696239751245460e-03
5.907411742381389434e-03
5.841998619163749074e-03
5.777443861110857261e-03
5.713734672765225300e-03
5.650858468457222589e-03
5.588802868630287843e-03
5.527555696233543876e-03
5.467104973178620562e-03
5.407438916861803148e-03
5.348545936748319227e-03
5.290414631019052343e-03
5.233033783278041168e-03
5.176392359319289746e-03
5.120479503952588690e-03
5.065284537886755728e-03
5.010796954669560939e-03
4.957006417682754615e-03
4.903902757191986109e-03
4.851475967450152166e-03
4.799716203853013341e-03
4.748613780146936254e-03
4.698159165686455370e-03
4.648342982742365535e-03
4.599156003858174274e-03
4.550589149254287598e-03
4.502633484279839997e-03
4.455280216910054852e-03
4.408520695289280984e-03
4.362346405318380006e-03
4.316748968285948410e-03
4.271720138541924144e-03
4.227251801214058219e-03
4.183335969964900765e-03
4.139964784789767344e-03
4.097130509854411337e-03
4.054825531371641749e-03
4.013042355516433651e-03
3.971773606378480037e-03
3.931012023951786089e-03
3.890750462160503555e-03
3.850981886920290097e-03
3.811699374234688801e-03
3.772896108325445377e-03
3.734565379797028482e-03
3.696700583833634896e-03
3.659295218428715562e-03
3.622342882646496006e-03
3.585837274914631563e-03
3.549772191347212464e-03
3.514141524098247579e-03
3.478939259744252919e-03
3.444159477696185582e-03
3.409796348639426451e-03
3.375844133001877113e-03
3.342297179449490573e-03
3.309149923408229166e-03
3.276396885613059012e-03
3.244032670682199006e-03
3.212051965717218488e-03
3.180449538927691659e-03
3.149220238280627318e-03
3.118358990173733698e-03
3.087860798132209626e-03
3.057720741528992606e-03
3.027933974327024023e-03
2.998495723844699350e-03
2.969401289542300711e-03
2.940646041830647772e-03
2.912225420900123839e-03
2.884134935571071572e-03
2.856370162163721256e-03
2.828926743388793501e-03
2.801800387257099342e-03
2.774986866008623005e-03
2.748482015060181409e-03
2.722281731971908439e-03
2.696381975431568715e-03
2.670778764256919856e-03
2.645468176415320498e-03
2.620446348060685542e-03
2.595709472587286442e-03
2.571253799699848783e-03
2.547075634500288888e-03
2.523171336589924603e-03
2.499537319187586110e-03
2.476170048263135869e-03
2.453066041685885487e-03
2.430221868387804143e-03
2.407634147541464799e-03
2.385299547751935402e-03
2.363214786262975934e-03
2.341376628176604965e-03
2.319781885686642009e-03
2.298427417324992728e-03
2.277310127221313617e-03
2.256426964375067394e-03
2.235774921940590979e-03
2.215351036523932268e-03
2.195152387492191673e-03
2.175176096294485426e-03
2.155419325794584017e-03
2.135879279614998072e-03
2.116553201492361608e-03
2.097438374643693752e-03
2.078532121143546272e-03
2.059831801311881681e-03
2.041334813112016203e-03
2.023038591559344918e-03
2.004940608139633030e-03
1.987038370237506017e-03
1.969329420574333304e-03
1.951811336656067734e-03
1.934481730229911959e-03
1.917338246750563543e-03
1.900378564855318428e-03
1.883600395848024963e-03
1.867001483191803486e-03
1.850579602010164358e-03
1.834332558596664083e-03
1.818258189932657172e-03
1.802354363213395493e-03
1.786618975381569583e-03
1.771049952669276600e-03
1.755645250147153981e-03
1.740402851281255825e-03
1.725320767497351068e-03
1.710397037752259004e-03
1.695629728112668612e-03
1.681016931340567622e-03
1.666556766485901252e-03
1.652247378485760445e-03
1.638086937770223206e-03
1.624073639874866384e-03
1.610205705059544355e-03
1.596481377933456087e-03
1.582898927086504037e-03
1.569456644726611831e-03
1.556152846323059693e-03
1.542985870255625348e-03
1.529954077469594794e-03
1.517055851136339803e-03
1.504289596319328352e-03
1.491653739645989107e-03
1.479146728984412525e-03
1.466767033125754641e-03
1.454513141471617784e-03
1.442383563726473477e-03
1.430376829595260673e-03
1.418491488485744715e-03
1.406726109215686695e-03
1.395079279724926189e-03
1.383549606791936552e-03
1.372135715755050953e-03
1.360836250238168111e-03
1.349649871880835615e-03
1.338575260072793647e-03
1.327611111692651247e-03
1.316756140850834341e-03
1.306009078636619471e-03
1.295368672869279909e-03
1.284833687853131207e-03
1.274402904136538424e-03
1.264075118274791357e-03
1.253849142596658462e-03
1.243723804974794685e-03
1.233697948599707644e-03
1.223770431757325097e-03
1.213940127610100596e-03
1.204205923981622409e-03
1.194566723144571989e-03
1.185021441612007457e-03
1.175569009932081856e-03
1.166208372485852667e-03
1.156938487288331147e-03
1.147758325792641153e-03
1.138666872697317606e-03
1.129663125756510175e-03
1.120746095593307514e-03
1.111914805515789792e-03
1.103168291336201982e-03
1.094505601192715576e-03
1.085925795374096184e-03
1.077427946147100279e-03
1.069011137586490514e-03
1.060674465407729448e-03
1.052417036802300726e-03
1.044237970275529569e-03
1.036136395486910583e-03
1.028111453092951351e-03
1.020162294592399108e-03
1.012288082173862626e-03
1.004487988565785526e-03
9.967611968887475811e-04
9.891069005099647864e-04
9.815243029001109211e-04
9.740126174922566658e-04
9.665710675430085660e-04
9.591988859957723814e-04
9.518953153460779377e-04
9.446596075089288332e-04
9.374910236883079746e-04
9.303888342484631542e-04
9.233523185873171229e-04
9.163807650117232993e-04
9.094734706145815367e-04
9.026297411539049116e-04
8.958488909336562557e-04
8.891302426863222303e-04
8.824731274573949453e-04
8.758768844914679563e-04
8.693408611201526364e-04
8.628644126515322725e-04
8.564469022614478117e-04
8.500877008862814345e-04
8.437861871173705499e-04
8.375417470970311813e-04
8.313537744161493244e-04
8.252216700132166804e-04
8.191448420749342530e-04
8.131227059382687772e-04
8.071546839939776992e-04
8.012402055915544613e-04
7.953787069455897554e-04
7.895696310434878115e-04
7.838124275546027751e-04
7.781065527406378539e-04
7.724514693674383158e-04
7.668466466180409681e-04
7.612915600070220773e-04
7.557856912960740159e-04
7.503285284108188744e-04
7.449195653589301639e-04
7.395583021492989307e-04
7.342442447124965764e-04
