1.202007400616434962e+00
2.132417045509299447e-01
2.151427650653039703e-01
2.158459378072311863e-01
2.157153359374107959e-01
2.150307932377628906e-01
2.139482010954808500e-01
2.125608665617733095e-01
2.109300747695828093e-01
2.090999344141325211e-01
2.071047242883050643e-01
2.049725891833339975e-01
2.027274474713679497e-01
2.003900178561098810e-01
1.979784088726015967e-01
1.955084895977023673e-01
1.929941501618527289e-01
1.904475062716453060e-01
1.878790745537766704e-01
1.852979315254054959e-01
1.827118618184807586e-01
1.801274976832636376e-01
1.775504501006350822e-01
1.749854311569295218e-01
1.724363671912227114e-01
1.699065023396923446e-01
1.673984923208674258e-01
1.649144885447959563e-01
1.624562128446372100e-01
1.600250233017702917e-01
1.576219717597220904e-01
1.552478537007649095e-01
1.529032511978415110e-01
1.505885696615433256e-01
1.483040690845621179e-01
1.460498904515098728e-01
1.438260779361204833e-01
1.416325974553598044e-01
1.394693520946372056e-01
1.373361948627979112e-01
1.352329391819208637e-01
1.331593674663210103e-01
1.311152380984741128e-01
1.291002910670934756e-01
1.271142524945795549e-01
1.251568382472720009e-01
1.232277567923578121e-01
1.213267114394364216e-01
1.194534020824442322e-01
1.176075265384611823e-01
1.157887815635154499e-01
1.139968636116178852e-01
1.122314693914243933e-01
1.104922962650742857e-01
1.087790425253818555e-01
1.070914075806802535e-01
1.054290920708107759e-01
1.037917979330188617e-01
1.021792284325599431e-01
1.005910881696285564e-01
9.902708307156012080e-02
9.748692037716782943e-02
9.597030861829158876e-02
9.447695760232834028e-02
9.300657839834540475e-02
9.155888332855463552e-02
9.013358596622901564e-02
8.873040114061145345e-02
8.734904494899868588e-02
8.598923477584358155e-02
8.465068931852473555e-02
8.333312861930422533e-02
8.203627410284143606e-02
8.075984861861901232e-02
7.950357648758986373e-02
7.826718355234021929e-02
7.705039723009923791e-02
7.585294656793278856e-02
7.467456229950011903e-02
7.351497690280275887e-02
7.237392465837974576e-02
7.125114170747907927e-02
7.014636610974617215e-02
6.905933790005730488e-02
6.798979914414288173e-02
6.693749399269359468e-02
6.590216873370664807e-02
6.488357184281666468e-02
6.388145403147038603e-02
6.289556829274715877e-02
6.192566994473742981e-02
6.097151667136043590e-02
6.003286856056834486e-02
5.910948813987521727e-02
5.820114040919541210e-02
5.730759287097435956e-02
5.642861555762104103e-02
5.556398105626112610e-02
5.471346453084446199e-02
5.387684374164855572e-02
5.305389906222808538e-02
5.224441349387128064e-02
5.144817267763025781e-02
5.066496490399185343e-02
4.989458112026531195e-02
4.913681493576531334e-02
4.839146262487220573e-02
4.765832312804789417e-02
4.693719805089456576e-02
4.622789166133958738e-02
4.553021088502725439e-02
4.484396529900885192e-02
4.416896712380533052e-02
4.350503121393102524e-02
4.285197504695728576e-02
4.220961871119842390e-02
4.157778489208878436e-02
4.095629885733985398e-02
4.034498844094259323e-02
3.974368402608714768e-02
3.915221852707486544e-02
3.857042737028699986e-02
3.799814847427214481e-02
3.743522222902269381e-02
3.688149147449604898e-02
3.633680147843892927e-02
3.580099991357250933e-02
3.527393683419319248e-02
3.475546465223788850e-02
3.424543811286592104e-02
3.374371426960101616e-02
3.325015245908354705e-02
3.276461427547285032e-02
3.228696354454104606e-02
3.181706629749712911e-02
3.135479074457948184e-02
3.090000724845296323e-02
3.045258829743999196e-02
3.001240847862358951e-02
2.957934445084429639e-02
2.915327491762953124e-02
2.873408060007354853e-02
2.832164420969674606e-02
2.791585042130911160e-02
2.751658584589853490e-02
2.712373900356910422e-02
2.673720029654069047e-02
2.635686198224014218e-02
2.598261814649206053e-02
2.561436467682836476e-02
2.525199923593738488e-02
2.489542123525722087e-02
2.454453180873372720e-02
2.419923378675349970e-02
2.385943167026300868e-02
2.352503160508522331e-02
2.319594135644096819e-02
2.287207028368949679e-02
2.255332931529037757e-02
2.223963092399837416e-02
2.193088910229867849e-02
2.162701933808345092e-02
2.132793859058241051e-02
2.103356526654884609e-02
2.074381919670512456e-02
2.045862161245333086e-02
2.017789512285541806e-02
1.990156369188326654e-02
1.962955261594317644e-02
1.936178850167876234e-02
1.909819924404939848e-02
1.883871400469148971e-02
1.858326319055906423e-02
1.833177843284825026e-02
1.808419256620335050e-02
1.784043960820658539e-02
1.760045473915103700e-02
1.736417428209683159e-02
1.713153568320962064e-02
1.690247749238096495e-02
1.667693934413061116e-02
1.645486193878720541e-02
1.623618702394975799e-02
1.602085737622519282e-02
1.580881678324212725e-02
1.560001002593849016e-02
1.539438286112261578e-02
1.519188200430313454e-02
1.499245511278805496e-02
1.479605076904978896e-02
1.460261846435378062e-02
1.441210858264881794e-02
1.422447238471633880e-02
1.403966199257584112e-02
1.385763037414466589e-02
1.367833132814810781e-02
1.350171946927943532e-02
1.332775021360423605e-02
1.315637976420847878e-02
1.298756509708634023e-02
1.282126394726526043e-02
1.265743479516610696e-02
1.249603685319250652e-02
1.233703005255202753e-02
1.218037503029886955e-02
1.202603311660309024e-02
1.187396632223536308e-02
1.172413732627158693e-02
1.157650946400895151e-02
1.143104671509325918e-02
1.128771369185409962e-02
1.114647562784291425e-02
1.100729836657545792e-02
1.087014835047028088e-02
1.073499260998358150e-02
1.060179875293763840e-02
1.047053495403774820e-02
1.034116994457694172e-02
1.021367300232417161e-02
1.008801394159304643e-02
9.964163103490646448e-03
9.842091346339384983e-03
9.721770036272916332e-03
9.603171038001994536e-03
9.486266705746244574e-03
9.371029874330834633e-03
9.257433850445872386e-03
9.145452404062297605e-03
9.035059760006838511e-03
8.926230589688388672e-03
8.818940002976749862e-03
8.713163540229953985e-03
8.608877164466377171e-03
8.506057253682412778e-03
8.404680593308816450e-03
8.304724368808089410e-03
8.206166158406068625e-03
8.108983925958521827e-03
8.013156013949078449e-03
7.918661136616191032e-03
7.825478373207166854e-03
7.733587161356779600e-03
7.642967290588482607e-03
7.553598895935993707e-03
7.465462451683088467e-03
7.378538765219109889e-03
7.292808971008898737e-03
7.208254524674090509e-03
7.124857197185513642e-03
7.042599069161738050e-03
6.961462525275014315e-03
6.881430248760567712e-03
6.802485216028537549e-03
6.724610691375513920e-03
6.647790221795136720e-03
6.572007631884956187e-03
6.497247018848394465e-03
6.423492747589527006e-03
6.350729445899462589e-03
6.278941999732694755e-03
6.208115548570714189e-03
6.138235480873052013e-03
6.069287429612098966e-03
6.001257267892076870e-03
5.934131104649019960e-03
5.867895280431258652e-03
5.802536363258385677e-03
5.738041144557699293e-03
5.674396635175993353e-03
5.611590061465823384e-03
5.549608861444886056e-03
5.488440681026877065e-03
5.428073370322033728e-03
5.368494980007729178e-03
5.309693757765228915e-03
5.251658144784168356e-03
5.194376772330721627e-03
5.137838458380900551e-03
5.082032204315616725e-03
5.026947191677333220e-03
4.972572778987350076e-03
4.918898498621916866e-03
4.865914053746346613e-03
4.813609315306358223e-03
4.761974319074692430e-03
4.710999262753357703e-03
4.660674503128547572e-03
4.610990553279297952e-03
4.561938079837219058e-03
4.513507900297072939e-03
4.465690980377356144e-03
4.418478431429378323e-03
4.371861507894514096e-03
4.325831604808231742e-03
4.280380255350312371e-03
4.235499128440210932e-03
4.191180026376984877e-03
4.147414882522230950e-03
4.104195759026306803e-03
4.061514844595972597e-03
4.019364452303281730e-03
3.977737017434576638e-03
3.936625095379589663e-03
3.896021359558180051e-03
3.855918599386292615e-03
3.816309718278573706e-03
3.777187731687557757e-03
3.738545765178983779e-03
3.700377052542291184e-03
3.662674933935431473e-03
3.625432854063863081e-03
3.588644360392508146e-03
3.552303101390609161e-03
3.516402824808249981e-03
3.480937375984525118e-03
3.445900696186282672e-03
3.411286820977166810e-03
3.377089878616428963e-03
3.343304088486422684e-03
3.309923759548942610e-03
3.276943288829424396e-03
3.244357159928511636e-03
3.212159941560665394e-03
3.180346286119057828e-03
3.148910928266435497e-03
3.117848683551490471e-03
3.087154447049823749e-03
3.056823192029980638e-03
3.026849968642722748e-03
2.997229902634523241e-03
2.967958194083804725e-03
2.939030116159849128e-03
2.910441013904134511e-03
2.882186303033244888e-03
2.854261468763496633e-03
2.826662064656176865e-03
2.799383711483777182e-03
2.772422096116109076e-03
2.745772970426597209e-03
2.719432150217743118e-03
2.693395514165854761e-03
2.667659002784434751e-03
2.642218617406124920e-03
2.617070419182365021e-03
2.592210528101182750e-03
2.567635122022040011e-03
2.543340435727876794e-03
2.519322759993769794e-03
2.495578440672243520e-03
2.472103877794375616e-03
2.448895524687043791e-03
2.425949887105400583e-03
2.403263522380798874e-03
2.380833038583584412e-03
2.358655093700432262e-03
2.336726394826341667e-03
2.315043697370513034e-03
2.293603804276268809e-03
2.272403565254352102e-03
2.251439876029981239e-03
2.230709677602546979e-03
2.210209955518555643e-03
2.189937739156864061e-03
2.169890101026725887e-03
2.150064156077544260e-03
2.130457061021037279e-03
2.111066013664581170e-03
2.091888252256691311e-03
2.072921054843222116e-03
2.054161738635044716e-03
2.035607659386464308e-03
2.017256210784208487e-03
1.999104823847243275e-03
1.981150966336415933e-03
1.963392142174717313e-03
1.945825890877026431e-03
1.928449786989913824e-03
1.911261439540769920e-03
1.894258491496542476e-03
1.877438619231542715e-03
1.860799532004350733e-03
1.844338971443625465e-03
1.828054711042675223e-03
1.811944555662417565e-03
1.796006341043089550e-03
1.780237933323780509e-03
1.764637228570559721e-03
1.749202152312090506e-03
1.733930659083451724e-03
1.718820731977503593e-03
1.703870382203613067e-03
1.689077648654158798e-03
1.674440597477942468e-03
1.659957321660967926e-03
1.645625940614208653e-03
1.631444599768142609e-03
1.617411470174273452e-03
1.603524748112952715e-03
1.589782654708155182e-03
1.576183435548295878e-03
1.562725360313521909e-03
1.549406722409248875e-03
1.536225838605535278e-03
1.523181048682695866e-03
1.510270715082532222e-03
1.497493222565536661e-03
1.484846977873557471e-03
1.472330409398159680e-03
1.459941966854341354e-03
1.447680120959701257e-03
1.435543363118777513e-03
1.423530205112638787e-03
1.411639178793498359e-03
1.399868835784372559e-03
1.388217747183517281e-03
1.376684503273917313e-03
1.365267713237252765e-03
1.353966004872682403e-03
1.342778024320137251e-03
1.331702435788092173e-03
1.320737921285792659e-03
1.309883180359767670e-03
1.299136929834601023e-03
1.288497903557971926e-03
1.277964852149679519e-03
1.267536542754771995e-03
1.257211758800681842e-03
1.246989299758223882e-03
1.236867980906382163e-03
1.226846633100941867e-03
1.216924102546778231e-03
1.207099250573811589e-03
1.197370953416524884e-03
1.187738101996952799e-03
1.178199601711231405e-03
1.168754372219462214e-03
1.159401347238849878e-03
1.150139474340319736e-03
1.140967714748163976e-03
1.131885043142916115e-03
1.122890447467420408e-03
1.113982928735830769e-03
1.105161500845719619e-03
1.096425190393095434e-03
1.087773036490292987e-03
1.079204090586908475e-03
1.070717416293217889e-03
1.062312089206689280e-03
1.053987196740999296e-03
1.045741837957785830e-03
1.037575123401064756e-03
1.029486174934130145e-03
1.021474125579114028e-03
1.013538119358914705e-03
1.005677311141664910e-03
9.978908664875685199e-04
9.901779614981554706e-04
9.825377826677913779e-04
9.749695267375827054e-04
9.674724005513953657e-04
9.600456209142166093e-04
9.526884144527014708e-04
9.454000174776798883e-04
9.381796758490228280e-04
9.310266448424184488e-04
9.239401890181885187e-04
9.169195820922194581e-04
9.099641068087553934e-04
9.030730548151398454e-04
8.962457265385795650e-04
8.894814310645696902e-04
8.827794860174255093e-04
8.761392174423977006e-04
8.695599596896880700e-04
8.630410553002122644e-04
8.565818548930812697e-04
8.501817170547628809e-04
8.438400082298989652e-04
8.375561026138355486e-04
8.313293820467062374e-04
8.251592359091127794e-04
8.190450610193900777e-04
8.129862615324046993e-04
8.069822488398791828e-04
8.010324414721208203e-04
7.951362650013689371e-04
7.892931519464256498e-04
7.835025416788480917e-04
7.777638803303663301e-04
7.720766207018754353e-04
7.664402221736080299e-04
7.608541506166988447e-04
7.553178783060979142e-04
7.498308838346946087e-04
7.443926520287546351e-04
7.390026738646298917e-04
7.336604463865558853e-04
7.283654726258568775e-04
7.231172615211795040e-04
7.179153278399839607e-04
