1.202007400641327273e+00
1.723555081274812661e-01
1.704777356727360804e-01
1.695809269817269427e-01
1.689226933020657184e-01
1.683425908596457021e-01
1.677790548813944405e-01
1.672004300787616471e-01
1.665885847019975829e-01
1.659328705829087036e-01
1.652271666749605405e-01
1.644682155471415830e-01
1.636546240885569936e-01
1.627862405979078886e-01
1.618637560101501838e-01
1.608884426505827747e-01
1.598619791710069737e-01
1.587863304058116376e-01
1.576636627609983021e-01
1.564962829551010959e-01
1.552865923827274341e-01
1.540370521551168714e-01
1.527501556269810490e-01
1.514284063316056195e-01
1.500742999543894785e-01
1.486903094276081916e-01
1.472788725191672976e-01
1.458423814747619451e-01
1.443831743935938827e-01
1.429035280964134347e-01
1.414056522965132234e-01
1.398916849190586786e-01
1.383636884379266241e-01
1.368236471162941059e-01
1.352734650497293412e-01
1.337149649204163460e-01
1.321498873792384954e-01
1.305798909794115559e-01
1.290065525916266609e-01
1.274313682363921729e-01
1.258557542746818192e-01
1.242810489030748006e-01
1.227085139044052503e-01
1.211393366095475377e-01
1.195746320302979171e-01
1.180154451274160465e-01
1.164627531817719330e-01
1.149174682400863484e-01
1.133804396101839029e-01
1.118524563837001440e-01
1.103342499670707244e-01
1.088264966042509635e-01
1.073298198769434275e-01
1.058447931703108691e-01
1.043719420940585618e-01
1.029117468505230809e-01
1.014646445429555621e-01
1.000310314185571953e-01
9.861126504206366161e-02
9.720566639671815445e-02
9.581452191042383326e-02
9.443808540568206233e-02
9.307657997261432892e-02
9.173019976496060712e-02
9.039911171948850077e-02
8.908345719963049747e-02
8.778335356457893368e-02
8.649889566530974405e-02
8.523015726929869529e-02
8.397719241584097882e-02
8.274003670406634980e-02
8.151870851582032618e-02
8.031321017570096366e-02
7.912352905055249075e-02
7.794963859076331492e-02
7.679149931573588106e-02
7.564905974584526516e-02
7.452225728322810216e-02
7.341101904367608455e-02
7.231526264186044495e-02
7.123489693209125728e-02
7.016982270671788535e-02
6.911993335423916029e-02
6.808511547911406947e-02
6.706524948519480833e-02
6.606021012463289543e-02
6.506986701403583151e-02
6.409408511958253341e-02
6.313272521273001481e-02
6.218564429807397348e-02
6.125269601484976956e-02
6.033373101351240109e-02
5.942859730873543272e-02
5.853714061013040593e-02
5.765920463191528261e-02
5.679463138269393030e-02
5.594326143646442817e-02
5.510493418590114989e-02
5.427948807891735256e-02
5.346676083944775643e-02
5.266658967335451080e-02
5.187881146030524221e-02
5.110326293242427320e-02
5.033978084048565393e-02
4.958820210836095005e-02
4.884836397641132560e-02
4.812010413446224377e-02
4.740326084497323289e-02
4.669767305697629378e-02
4.600318051133191893e-02
4.531962383780855502e-02
4.464684464448046008e-02
4.398468559989167359e-02
4.333299050843132660e-02
4.269160437931529550e-02
4.206037348957434446e-02
4.143914544139761652e-02
4.082776921418838911e-02
4.022609521164696028e-02
3.963397530419389414e-02
3.905126286701236099e-02
3.847781281399356712e-02
3.791348162783265974e-02
3.735812738652249942e-02
3.681160978647014109e-02
3.627379016245503573e-02
3.574453150462998663e-02
3.522369847275352850e-02
3.471115740784158632e-02
3.420677634140246309e-02
3.371042500241664547e-02
3.322197482221297959e-02
3.274129893738656621e-02
3.226827219088895110e-02
3.180277113141730810e-02
3.134467401122486424e-02
3.089386078246244421e-02
3.045021309215626901e-02
3.001361427592511011e-02
2.958394935052766073e-02
2.916110500532759914e-02
2.874496959276390609e-02
2.833543311790002669e-02
2.793238722712904076e-02
2.753572519610080621e-02
2.714534191694044016e-02
2.676113388481477992e-02
2.638299918390944396e-02
2.601083747286589073e-02
2.564454996973230747e-02
2.528403943647693566e-02
2.492921016310565077e-02
2.457996795142737209e-02
2.423622009850928335e-02
2.389787537985568061e-02
2.356484403234667194e-02
2.323703773696904687e-02
2.291436960136985709e-02
2.259675414226315626e-02
2.228410726771459446e-02
2.197634625932777530e-02
2.167338975436002707e-02
2.137515772778542794e-02
2.108157147432831655e-02
2.079255359048361868e-02
2.050802795654551453e-02
2.022791971865684976e-02
1.995215527089713725e-02
1.968066223742385296e-02
1.941336945467856193e-02
1.915020695367066275e-02
1.889110594235158397e-02
1.863599878808796725e-02
1.838481900024513740e-02
1.813750121288840514e-02
1.789398116761197269e-02
1.765419569650143738e-02
1.741808270523794236e-02
1.718558115635048997e-02
1.695663105262022741e-02
1.673117342064449342e-02
1.650915029456345717e-02
1.629050469995465406e-02
1.607518063789822177e-02
1.586312306921790205e-02
1.565427789889769009e-02
1.544859196068171583e-02
1.524601300185324075e-02
1.504648966820069413e-02
1.484997148916913923e-02
1.465640886319814935e-02
1.446575304325011489e-02
1.427795612252606358e-02
1.409297102037252586e-02
1.391075146837910358e-02
1.373125199666548960e-02
1.355442792035993320e-02
1.338023532626766814e-02
1.320863105972937268e-02
1.303957271166939977e-02
1.287301860583305382e-02
1.270892778621057762e-02
1.254726000464997417e-02
1.238797570865568867e-02
1.223103602937087447e-02
1.207640276974519464e-02
1.192403839288452838e-02
1.177390601058096731e-02
1.162596937202374676e-02
1.148019285268711380e-02
1.133654144339499813e-02
1.119498073956098384e-02
1.105547693060107348e-02
1.091799678951662841e-02
1.078250766264908338e-02
1.064897745959967300e-02
1.051737464331805108e-02
1.038766822035109769e-02
1.025982773125709048e-02
1.013382324117795621e-02
1.000962533056940461e-02
9.887205086088672254e-03
9.766534091634290760e-03
9.647584419539395259e-03
9.530328621914304146e-03
9.414739722137303174e-03
9.300791206491189692e-03
9.188457015943536990e-03
9.077711538069486996e-03
8.968529599113751055e-03
8.860886456190798788e-03
8.754757789620612116e-03
8.650119695398089323e-03
8.546948677794936888e-03
8.445221642090711481e-03
8.344915887431626073e-03
8.246009099815883314e-03
8.148479345202297441e-03
8.052305062741063266e-03
7.957465058124765789e-03
7.863938497057142846e-03
7.771704898838492290e-03
7.680744130065305514e-03
7.591036398442290237e-03
7.502562246705209159e-03
7.415302546652531752e-03
7.329238493284684873e-03
7.244351599047153464e-03
7.160623688178957037e-03
7.078036891161816439e-03
6.996573639269191257e-03
6.916216659215020449e-03
6.836948967897301180e-03
6.758753867238684668e-03
6.681614939118714867e-03
6.605516040399500230e-03
6.530441298040233662e-03
6.456375104301345647e-03
6.383302112035355372e-03
6.311207230063261946e-03
6.240075618635436590e-03
6.169892684974653992e-03
6.100644078900463105e-03
6.032315688533453242e-03
5.964893636077718900e-03
5.898364273680040126e-03
5.832714179364979594e-03
5.767930153043882360e-03
5.703999212596845038e-03
5.640908590026146030e-03
5.578645727680348401e-03
5.517198274546604268e-03
5.456554082611652506e-03
5.396701203288577220e-03
5.337627883909313968e-03
5.279322564281116979e-03
5.221773873306113922e-03
5.164970625662477187e-03
5.108901818546514317e-03
5.053556628474105937e-03
4.998924408140733959e-03
4.944994683339117361e-03
4.891757149932706925e-03
4.839201670885135212e-03
4.787318273343293788e-03
4.736097145774336922e-03
4.685528635154489335e-03
4.635603244209601619e-03
4.586311628705943243e-03
4.537644594790172375e-03
4.489593096378535417e-03
4.442148232592988202e-03
4.395301245244609238e-03
4.349043516362712490e-03
4.303366565768893849e-03
4.258262048695285289e-03
4.213721753446851917e-03
4.169737599105052643e-03
4.126301633274331165e-03
4.083406029869241123e-03
4.041043086941670248e-03
3.999205224547805297e-03
3.957884982653618253e-03
3.917075019078680373e-03
3.876768107476973122e-03
3.836957135354581924e-03
3.797635102123084888e-03
3.758795117188483415e-03
3.720430398074597422e-03
3.682534268580299388e-03
3.645100156970308355e-03
3.608121594198559004e-03
3.571592212163755050e-03
3.535505741996180628e-03
3.499856012375780062e-03
3.464636947880204553e-03
3.429842567362933331e-03
3.395466982360201627e-03
3.361504395527092383e-03
3.327949099101402183e-03
3.294795473395037682e-03
3.262037985312720486e-03
3.229671186897271895e-03
3.197689713900794470e-03
3.166088284381396098e-03
3.134861697325439650e-03
3.104004831293850214e-03
3.073512643093118286e-03
3.043380166469684001e-03
3.013602510827879336e-03
2.984174859970354938e-03
2.955092470861340245e-03
2.926350672411820973e-03
2.897944864285945717e-03
2.869870515729143479e-03
2.842123164416717439e-03
2.814698415322986966e-03
2.787591939610370266e-03
2.760799473538203853e-03
2.734316817390871224e-03
2.708139834424810530e-03
2.682264449834132359e-03
2.656686649734427402e-03
2.631402480164566227e-03
2.606408046106062706e-03
2.581699510519651960e-03
2.557273093398715509e-03
2.533125070839414850e-03
2.509251774127193874e-03
2.485649588839073353e-03
2.462314953961840247e-03
2.439244361025648313e-03
2.416434353252545995e-03
2.393881524720229120e-03
2.371582519539855265e-03
2.349534031048721664e-03
2.327732801016601030e-03
2.306175618866068353e-03
2.284859320906241446e-03
2.263780789579809046e-03
2.242936952723320436e-03
2.222324782839904794e-03
2.201941296384941557e-03
2.181783553063738109e-03
2.161848655141635888e-03
2.142133746765639401e-03
2.122636013298132788e-03
2.103352680661687343e-03
2.084281014695379356e-03
2.065418320522003325e-03
2.046761941926214783e-03
2.028309260743177325e-03
2.010057696257972707e-03
1.992004704614845547e-03
1.974147778236957397e-03
1.956484445255643641e-03
1.939012268949693403e-03
1.921728847193999350e-03
1.904631811917570881e-03
1.887718828570945830e-03
1.870987595602229816e-03
1.854435843942497464e-03
1.838061336499454161e-03
1.821861867659968753e-03
1.805835262800834255e-03
1.789979377807828127e-03
1.774292098602798682e-03
1.758771340678831185e-03
1.743415048643105715e-03
1.728221195767563889e-03
1.713187783546859253e-03
1.698312841263981002e-03
1.683594425562936299e-03
1.669030620028745526e-03
1.654619534774253494e-03
1.640359306033915094e-03
1.626248095764409483e-03
1.612284091251762943e-03
1.598465504725137204e-03
1.584790572976824824e-03
1.571257556988701421e-03
1.557864741564867405e-03
1.544610434970164568e-03
1.531492968574981470e-03
1.518510696505504789e-03
1.505661995300153861e-03
1.492945263571270574e-03
1.480358921672712737e-03
1.467901411372646639e-03
1.455571195531846045e-03
1.443366757787135305e-03
1.431286602240154811e-03
1.419329253151076047e-03
1.407493254637380954e-03
1.395777170377548830e-03
1.384179583319478362e-03
1.372699095393745648e-03
1.361334327231512355e-03
1.350083917886924856e-03
1.338946524564071797e-03
1.327920822348351753e-03
1.317005503942085326e-03
1.306199279404609767e-03
1.295500875896307084e-03
1.284909037426869424e-03
1.274422524607670120e-03
1.264040114407979747e-03
1.253760599915172257e-03
1.243582790098755539e-03
1.233505509578146798e-03
1.223527598394173483e-03
1.213647911784254425e-03
1.203865319961101377e-03
1.194178707894965686e-03
1.184586975099359606e-03
1.175089035420190690e-03
1.165683816828141841e-03
1.156370261214470074e-03
1.147147324189963773e-03
1.138013974887084256e-03
1.128969195765196221e-03
1.120011982418955398e-03
1.111141343389583430e-03
1.102356299979256144e-03
1.093655886068229223e-03
1.085039147935030644e-03
1.076505144079281011e-03
1.068052945047411528e-03
1.059681633261028069e-03
1.051390302848018935e-03
1.043178059476201599e-03
1.035044020189661946e-03
1.026987313247562910e-03
1.019007077965480368e-03
1.011102464559175467e-03
1.003272633990823530e-03
9.955167578176082541e-04
9.878340180426059720e-04
9.802236069680215352e-04
9.726847270506986439e-04
9.652165907598047592e-04
9.578184204366929850e-04
9.504894481569959967e-04
9.432289155947142520e-04
9.360360738885118532e-04
9.289101835099430491e-04
9.218505141337672354e-04
9.148563445101802818e-04
9.079269623390738607e-04
9.010616641460985612e-04
8.942597551607265986e-04
8.875205491960172629e-04
8.808433685304175231e-04
8.742275437910873451e-04
8.676724138392173397e-04
8.611773256569371518e-04
8.547416342360099643e-04
8.483647024681247907e-04
8.420459010369128663e-04
8.357846083115602013e-04
8.295802102419535216e-04
8.234321002555222268e-04
8.173396791554790770e-04
8.113023550207542961e-04
8.053195431071889744e-04
7.993906657504583173e-04
7.935151522702176561e-04
7.876924388758602342e-04
7.819219685735022017e-04
7.762031910744779037e-04
7.705355627051246100e-04
7.649185463179027653e-04
7.593516112038946938e-04
7.538342330064743508e-04
7.483658936363656120e-04
7.429460811878815839e-04
7.375742898564115061e-04
7.322500198571387647e-04
7.269727773449016555e-04
7.217420743353057493e-04
