1.553191504267912859e-01
1.552874475472367510e-01
1.551924290732467071e-01
1.550343647117022605e-01
1.548137013652871874e-01
1.545310592713666498e-01
1.541872266986766826e-01
1.537831532999005546e-01
1.533199422404517287e-01
1.527988412422439657e-01
1.522212326952832595e-01
1.515886229995748735e-01
1.509026313048959789e-01
1.501649778167036264e-01
1.493774718331956075e-01
1.485419996716532132e-01
1.476605126323470296e-01
1.467350151359758381e-01
1.457675531565339744e-01
1.447602030561725428e-01
1.437150609126812417e-01
1.426342324141802176e-01
1.415198233797795579e-01
1.403739309499351384e-01
1.391986354760897382e-01
1.379959931262272621e-01
1.367680292113512552e-01
1.355167322276975284e-01
1.342440486006662159e-01
1.329518781091038881e-01
1.316420699625369950e-01
1.303164194992130487e-01
1.289766654692298953e-01
1.276244878645568515e-01
1.262615062561547874e-01
1.248892785976817715e-01
1.235093004552477725e-01
1.221230046232051752e-01
1.207317610870289465e-01
1.193368772957374147e-01
1.179395987080372882e-01
1.165411095783090989e-01
1.151425339506259860e-01
1.137449368311733988e-01
1.123493255116789491e-01
1.109566510186398847e-01
1.095678096653344008e-01
1.081836446857430828e-01
1.068049479315076322e-01
1.054324616150340843e-01
1.040668800836532931e-01
1.027088516115004929e-01
1.013589801973490551e-01
1.000178273581343313e-01
9.868591390927591855e-02
9.736372172412158243e-02
9.605169546600622610e-02
9.475024428743351879e-02
9.345974349181132568e-02
9.218053615402269085e-02
9.091293469681506478e-02
8.965722242072024506e-02
8.841365498572260895e-02
8.718246184346269134e-02
8.596384761919320661e-02
8.475799344309159489e-02
8.356505823087712059e-02
8.238517991396719642e-02
8.121847661966452581e-02
8.006504780206057104e-02
7.892497532452427689e-02
7.779832449479072431e-02
7.668514505378073998e-02
7.558547211936657295e-02
7.449932708638969114e-02
7.342671848426420012e-02
7.236764279357761620e-02
7.132208522307684206e-02
7.029002044847940112e-02
6.927141331453326445e-02
6.826621950175114362e-02
6.727438615921473020e-02
6.629585250485686698e-02
6.533055039456850399e-02
6.437840486147040908e-02
6.343933462666187517e-02
6.251325258269553597e-02
6.160006625102704136e-02
6.069967821462338847e-02
5.981198652688116124e-02
5.893688509797764125e-02
5.807426405971342909e-02
5.722401010989398157e-02
5.638600683722623519e-02
5.556013502770203866e-02
5.474627295335895982e-02
5.394429664431679011e-02
5.315408014490981270e-02
5.237549575472291025e-02
5.160841425530231230e-02
5.085270512325681946e-02
5.010823673046526511e-02
4.937487653204356702e-02
4.865249124271270320e-02
4.794094700216413457e-02
4.724010953001125251e-02
4.654984427086097942e-02
4.587001653004045554e-02
4.520049160046343828e-02
4.454113488111806352e-02
4.389181198762053676e-02
4.325238885526043464e-02
4.262273183494508927e-02
4.200270778242939235e-02
4.139218414119226475e-02
4.079102901931388331e-02
4.019911126067524099e-02
3.961630051080204662e-02
3.904246727764295460e-02
3.847748298756770852e-02
3.792122003685254733e-02
3.737355183890423566e-02
3.683435286746777892e-02
3.630349869604093671e-02
3.578086603371598978e-02
3.526633275765461706e-02
3.475977794238314933e-02
3.426108188610346716e-02
3.377012613418752668e-02
3.328679350001994414e-02
3.281096808335117604e-02
3.234253528630795516e-02
3.188138182719751912e-02
3.142739575224624132e-02
3.098046644539478520e-02
3.054048463626869020e-02
3.010734240644204543e-02
2.968093319409941325e-02
2.926115179719362969e-02
2.884789437520415140e-02
2.844105844958019769e-02
2.804054290295627389e-02
2.764624797722491784e-02
2.725807527054024265e-02
2.687592773332385734e-02
2.649970966335099196e-02
2.612932669996827911e-02
2.576468581751983206e-02
2.540569531802695097e-02
2.505226482318577419e-02
2.470430526573015595e-02
2.436172888021033434e-02
2.402444919323515685e-02
2.369238101321783155e-02
2.336544041967314120e-02
2.304354475209809475e-02
2.272661259847694529e-02
2.241456378344643119e-02
2.210731935615038030e-02
2.180480157781603673e-02
2.150693390908422001e-02
2.121364099711571527e-02
2.092484866250322872e-02
2.064048388601224734e-02
2.036047479517321540e-02
2.008475065074749252e-02
1.981324183308653605e-02
1.954587982840313987e-02
1.928259721497323914e-02
1.902332764928450770e-02
1.876800585214823819e-02
1.851656759478658223e-02
1.826894968491285867e-02
1.802508995281524445e-02
1.778492723745425663e-02
1.754840137259047403e-02
1.731545317294765074e-02
1.708602442042283370e-02
1.686005785035473575e-02
1.663749713785408688e-02
1.641828688420934532e-02
1.620237260336938878e-02
1.598970070851557859e-02
1.578021849872279087e-02
1.557387414572320751e-02
1.537061668076999087e-02
1.517039598161130931e-02
1.497316275957670875e-02
1.477886854678049297e-02
1.458746568344497160e-02
1.439890730534863772e-02
1.421314733140052571e-02
1.403014045134395350e-02
1.384984211359228251e-02
1.367220851319909947e-02
1.349719657996448392e-02
1.332476396667723294e-02
1.315486903749823328e-02
1.298747085648245536e-02
1.282252917624284068e-02
1.266000442675546504e-02
1.249985770430793626e-02
1.234205076059063932e-02
1.218654599193090202e-02
1.203330642867122581e-02
1.188229572469052045e-02
1.173347814706873597e-02
1.158681856589580117e-02
1.144228244422164191e-02
1.129983582814945986e-02
1.115944533707133833e-02
1.102107815404442144e-02
1.088470201630758680e-02
1.075028520593827690e-02
1.061779654064782391e-02
1.048720536471495733e-02
1.035848154005628886e-02
1.023159543743194094e-02
1.010651792778761993e-02
9.983220373728332250e-03
9.861674621126276241e-03
9.741852990858636957e-03
9.623728270676585109e-03
9.507273707201986321e-03
9.392462998051399198e-03
9.279270284087088108e-03
9.167670141791451136e-03
9.057637575765577903e-03
8.949148011348679460e-03
8.842177287358705950e-03
8.736701648951268953e-03
8.632697740596339403e-03
8.530142599170672385e-03
8.429013647165297871e-03
8.329288686004555908e-03
8.230945889478702426e-03
8.133963797284912700e-03
8.038321308677424948e-03
7.943997676225035554e-03
7.850972499673175564e-03
7.759225719911428884e-03
7.668737613042529190e-03
7.579488784552749700e-03
7.491460163582376076e-03
7.404632997293684668e-03
7.318988845336252616e-03
7.234509574407269224e-03
7.151177352905373208e-03
7.068974645677641132e-03
6.987884208856974880e-03
6.907889084789026884e-03
6.828972597047944931e-03
6.751118345538500987e-03
6.674310201683026321e-03
6.598532303694201566e-03
6.523769051928376105e-03
6.450005104322090003e-03
6.377225371907817297e-03
6.305415014408378982e-03
6.234559435909747295e-03
6.164644280608957451e-03
6.095655428637770414e-03
6.027578991959790800e-03
5.960401310340231532e-03
5.894108947386567099e-03
5.828688686659971342e-03
5.764127527854998392e-03
5.700412683047471202e-03
5.637531573008676411e-03
5.575471823585228040e-03
5.514221262143184470e-03
5.453767914075438594e-03
5.394099999371320363e-03
5.335205929246940662e-03
5.277074302836257461e-03
5.219693903940250852e-03
5.163053697835012779e-03
5.107142828135860513e-03
5.051950613718040294e-03
4.997466545692219597e-03
4.943680284433856452e-03
4.890581656665880274e-03
4.838160652593214914e-03
4.786407423088783093e-03
4.735312276929466539e-03
4.684865678081898653e-03
4.635058243036511115e-03
4.585880738188994818e-03
4.537324077269393706e-03
4.489379318816066368e-03
4.442037663695823368e-03
4.395290452667757926e-03
4.349129163990848868e-03
4.303545411074295030e-03
4.258530940170004303e-03
4.214077628106062921e-03
4.170177480060878808e-03
4.126822627376913050e-03
4.084005325413961329e-03
4.041717951439977377e-03
3.999953002560330956e-03
3.958703093683425649e-03
3.917960955523085848e-03
3.877719432636289598e-03
3.837971481495987096e-03
3.798710168598305303e-03
3.759928668603430921e-03
3.721620262509663882e-03
3.683778335859998632e-03
3.646396376980442187e-03
3.609467975250037729e-03
3.572986819401393309e-03
3.536946695851314517e-03
3.501341487061497299e-03
3.466165169928017188e-03
3.431411814199385960e-03
3.397075580923000077e-03
3.363150720918672495e-03
3.329631573279714495e-03
3.296512563900119881e-03
3.263788204028031121e-03
3.231453088845018164e-03
3.199501896069937863e-03
3.167929384587990678e-03
3.136730393103550913e-03
3.105899838817261817e-03
3.075432716125930162e-03
3.045324095345790152e-03
3.015569121457889815e-03
2.986163012875878760e-03
2.957101060235162518e-03
2.928378625203573084e-03
2.899991139312854856e-03
2.871934102810599476e-03
2.844203083532342510e-03
2.816793715793528344e-03
2.789701699300722263e-03
2.762922798081940499e-03
2.736452839435677981e-03
2.710287712898332840e-03
2.684423369229672028e-03
2.658855819415684076e-03
2.633581133689431343e-03
2.608595440568266775e-03
2.583894925908341092e-03
2.559475831975133175e-03
2.535334456530485923e-03
2.511467151935111494e-03
2.487870324267058616e-03
2.464540432455120632e-03
2.441473987427315688e-03
2.418667551274353636e-03
2.396117736427090875e-03
2.373821204848639704e-03
2.351774667240004186e-03
2.329974882259804557e-03
2.308418655757064116e-03
2.287102840017458862e-03
2.266024333022341637e-03
2.245180077720585442e-03
2.224567061312880765e-03
2.204182314548322561e-03
2.184022911032867942e-03
2.164085966549956011e-03
2.144368638392416416e-03
2.124868124705843551e-03
2.105581663843340140e-03
2.086506533731064244e-03
2.067640051244625660e-03
2.048979571595990843e-03
2.030522487731100615e-03
2.012266229737356277e-03
1.994208264261299827e-03
1.976346093936071947e-03
1.958677256818772659e-03
1.941199325837058946e-03
1.923909908245186864e-03
1.906806645089219494e-03
1.889887210681342848e-03
1.873149312082793153e-03
1.856590688595687608e-03
1.840209111263253804e-03
1.824002382378559503e-03
1.807968335001323848e-03
1.792104832482873311e-03
1.776409767999190996e-03
1.760881064091423306e-03
1.745516672214408828e-03
1.730314572292472900e-03
1.715272772282750227e-03
1.700389307745682520e-03
1.685662241422761871e-03
1.671089662821136470e-03
1.656669687805136350e-03
1.642400458194720253e-03
1.628280141370257476e-03
1.614306929884155818e-03
1.600479041078609835e-03
1.586794716709846731e-03
1.573252222578536141e-03
1.559849848166147430e-03
1.546585906277340777e-03
1.533458732688320302e-03
1.520466685800814189e-03
1.507608146301775290e-03
1.494881516828640202e-03
1.482285221640015655e-03
1.469817706291828624e-03
1.457477437318640059e-03
1.445262901920208983e-03
1.433172607653117629e-03
1.421205082127423823e-03
1.409358872708275532e-03
1.397632546222168188e-03
1.386024688668241597e-03
1.374533904934025332e-03
1.363158818515780926e-03
1.351898071243492908e-03
1.340750323010151106e-03
1.329714251505435471e-03
1.318788551953665490e-03
1.307971936855999899e-03
1.297263135736665069e-03
1.286660894893375566e-03
1.276163977151644618e-03
1.265771161623040642e-03
1.255481243467309379e-03
1.245293033658304840e-03
1.235205358753562518e-03
1.225217060667702215e-03
1.215326996449170869e-03
1.205534038060767504e-03
1.195837072163542444e-03
1.186234999904055374e-03
1.176726736705112830e-03
1.167311212059698013e-03
1.157987369328234740e-03
1.148754165539019002e-03
1.139610571191655274e-03
1.130555570063867307e-03
1.121588159021022664e-03
1.112707347828840922e-03
1.103912158968966108e-03
1.095201627457432440e-03
1.086574800665932516e-03
1.078030738145916139e-03
1.069568511455402460e-03
1.061187203988458181e-03
1.052885910807416399e-03
1.044663738477538380e-03
1.036519804904416191e-03
1.028453239173771853e-03
1.020463181393754934e-03
1.012548782539680675e-03
1.004709204301212130e-03
9.969436189317703364e-04
9.892512091003984737e-04
9.816311677458085163e-04
9.740826979326957158e-04
9.666050127102839354e-04
9.591973349729479917e-04
9.518588973230889677e-04
9.445889419359880870e-04
9.373867204267779260e-04
9.302514937194457465e-04
9.231825319178027034e-04
9.161791141784200124e-04
9.092405285855099592e-04
9.023660720276581839e-04
8.955550500764520184e-04
8.888067768669815662e-04
8.821205749800655306e-04
8.754957753262985034e-04
8.689317170318295062e-04
8.624277473258659329e-04
8.559832214298729661e-04
8.495975024484243420e-04
8.432699612617053321e-04
8.369999764195595188e-04
8.307869340372168445e-04
8.246302276924933564e-04
8.185292583246112910e-04
8.124834341344129010e-04
8.064921704861523384e-04
8.005548898107182508e-04
7.946710215102463244e-04
7.888400018642453739e-04
7.830612739369780710e-04
7.773342874863441599e-04
7.716584988740040002e-04
7.660333709769269689e-04
7.604583731001104746e-04
7.549329808907215538e-04
7.494566762533586652e-04
7.440289472667350893e-04
7.386492881014173652e-04
7.333171989388086089e-04
7.280321858913849521e-04
7.227937609240208446e-04
7.176014417765157628e-04
