1.202007400640679347e+00
1.717964209158630573e-01
1.754701382668332754e-01
1.774514442331576736e-01
1.784757935027141973e-01
1.789008569719123531e-01
1.789275257326798652e-01
1.786714821040998602e-01
1.782022982468726702e-01
1.775639469375264179e-01
1.767857097009298828e-01
1.758881580225816754e-01
1.748865297095359150e-01
1.737926861451624394e-01
1.726162762789376359e-01
1.713654464302828140e-01
1.700472837220266542e-01
1.686680994438635173e-01
1.672336139001451005e-01
1.657490792645414934e-01
1.642193626629414316e-01
1.626490033417551662e-01
1.610422527609632060e-01
1.594031033613117487e-01
1.577353098027833578e-01
1.560424052086460123e-01
1.543277141157146370e-01
1.525943632721007970e-01
1.508452910439931627e-01
1.490832559334841767e-01
1.473108445317140025e-01
1.455304791101965090e-01
1.437444249710514710e-01
1.419547976220726371e-01
1.401635698068384728e-01
1.383725783977256540e-01
1.365835311463748092e-01
1.347980132791678498e-01
1.330174939223240371e-01
1.312433323409790964e-01
1.294767839779612240e-01
1.277190062802362192e-01
1.259710643036769107e-01
1.242339360896006079e-01
1.225085178091938898e-01
1.207956286744232277e-01
1.190960156161756517e-01
1.174103577322898190e-01
1.157392705096542962e-01
1.140833098258345474e-01
1.124429757366901261e-01
1.108187160571714874e-01
1.092109297430711584e-01
1.076199700818153693e-01
1.060461477006475334e-01
1.044897334006021777e-01
1.029509608246644281e-01
1.014300289684199469e-01
9.992710454132090747e-02
9.844232418648066196e-02
9.697579656668460502e-02
9.552760432397605639e-02
9.409780591993546772e-02
9.268643736342629946e-02
9.129351383227440886e-02
8.991903119504870978e-02
8.856296743879786548e-02
8.722528400826359829e-02
8.590592706184295435e-02
8.460482864924968871e-02
8.332190781555201542e-02
8.205707163601164145e-02
8.081021618589286082e-02
7.958122744914336577e-02
7.836998216966614694e-02
7.717634864863170963e-02
7.600018749110590277e-02
7.484135230507873993e-02
7.369969035574563954e-02
7.257504317780008596e-02
7.146724714824206903e-02
7.037613402212622438e-02
6.930153143349254696e-02
6.824326336357526557e-02
6.720115057830236549e-02
6.617501103692280395e-02
6.516466027352955936e-02
6.416991175311076434e-02
6.319057720367909914e-02
6.222646692593052781e-02
6.127739008179015207e-02
6.034315496312591537e-02
5.942356924183468669e-02
5.851844020243390093e-02
5.762757495820653580e-02
5.675078065191741655e-02
5.588786464201871140e-02
5.503863467524030412e-02
5.420289904638401351e-02
5.338046674611105630e-02
5.257114759743970744e-02
5.177475238165878124e-02
5.099109295429201522e-02
5.021998235172948216e-02
4.946123488909526938e-02
4.871466624989071598e-02
4.798009356792597851e-02
4.725733550200712091e-02
4.654621230383550190e-02
4.584654587954049149e-02
4.515815984523960380e-02
4.448087957700543049e-02
4.381453225558775560e-02
4.315894690622230911e-02
4.251395443384441142e-02
4.187938765399146918e-02
4.125508131968000369e-02
4.064087214451139046e-02
4.003659882225787947e-02
3.944210204315132251e-02
3.885722450709924725e-02
3.828181093403430074e-02
3.771570807157769573e-02
3.715876470021526462e-02
3.661083163614220481e-02
3.607176173194819035e-02
3.554140987528517370e-02
3.501963298566962424e-02
3.450629000954506115e-02
3.400124191373759402e-02
3.350435167741952491e-02
3.301548428269528157e-02
3.253450670391262040e-02
3.206128789580012933e-02
3.159569878052641972e-02
3.113761223375988846e-02
3.068690306982530328e-02
3.024344802602024415e-02
2.980712574617588179e-02
2.937781676352302362e-02
2.895540348293357269e-02
2.853977016259108893e-02
2.813080289515503679e-02
2.772838958846622626e-02
2.733241994584490950e-02
2.694278544603099373e-02
2.655937932280663660e-02
2.618209654434404399e-02
2.581083379232064837e-02
2.544548944082960715e-02
2.508596353512877741e-02
2.473215777025435103e-02
2.438397546952754055e-02
2.404132156298989173e-02
2.370410256578242905e-02
2.337222655650224648e-02
2.304560315555190253e-02
2.272414350350786261e-02
2.240776023952404522e-02
2.209636747978994606e-02
2.178988079606116596e-02
2.148821719427530114e-02
2.119129509326939803e-02
2.089903430361449155e-02
2.061135600657364522e-02
2.032818273320188829e-02
2.004943834359243157e-02
1.977504800628437920e-02
1.950493817783420167e-02
1.923903658256737731e-02
1.897727219250835984e-02
1.871957520750350962e-02
1.846587703553742577e-02
1.821611027325225479e-02
1.797020868667107904e-02
1.772810719213271241e-02
1.748974183744023830e-02
1.725504978322777230e-02
1.702396928454661534e-02
1.679643967267556784e-02
1.657240133715614031e-02
1.635179570805343416e-02
1.613456523844907994e-02
1.592065338715968267e-02
1.571000460168857013e-02
1.550256430140773203e-02
1.529827886097113836e-02
1.509709559395997283e-02
1.489896273675850140e-02
1.470382943266279434e-02
1.451164571621686022e-02
1.432236249778136468e-02
1.413593154833041494e-02
1.395230548447489935e-02
1.377143775371439394e-02
1.359328261991287791e-02
1.341779514899845913e-02
1.324493119488637238e-02
1.307464738562119297e-02
1.290690110973875988e-02
1.274165050284454745e-02
1.257885443440711140e-02
1.241847249476504648e-02
1.226046498234347089e-02
1.210479289108092049e-02
1.195141789806202122e-02
1.180030235135379538e-02
1.165140925804511798e-02
1.150470227248545294e-02
1.136014568472062079e-02
1.121770440912352000e-02
1.107734397321806855e-02
1.093903050669256007e-02
1.080273073060075348e-02
1.066841194674811658e-02
1.053604202726122173e-02
1.040558940433691966e-02
1.027702306016891470e-02
1.015031251705066605e-02
1.002542782764995720e-02
9.902339565454219492e-03
9.781018815383731718e-03
9.661437164569785033e-03
9.543566693295887568e-03
9.427379966099672104e-03
9.312850023032124072e-03
9.199950371072698752e-03
9.088654975697722099e-03
8.978938252598883327e-03
8.870775059550830427e-03
8.764140688424546660e-03
8.659010857343619680e-03
8.555361702982742372e-03
8.453169773005113005e-03
8.352412018635926166e-03
8.253065787370913661e-03
8.155108815817295118e-03
8.058519222664083451e-03
7.963275501781094667e-03
7.869356515442672145e-03
7.776741487676251154e-03
7.685409997731216906e-03
7.595341973667694459e-03
7.506517686063102907e-03
7.418917741832758116e-03
7.332523078165389604e-03
7.247314956568713488e-03
7.163274957025209805e-03
7.080384972254542830e-03
6.998627202082510768e-03
6.917984147913354594e-03
6.838438607303183071e-03
6.759973668634970158e-03
6.682572705890322227e-03
6.606219373518393279e-03
6.530897601400401618e-03
6.456591589905395605e-03
6.383285805038906892e-03
6.310964973680955811e-03
6.239614078911893610e-03
6.169218355425038110e-03
6.099763285023923100e-03
6.031234592203549988e-03
5.963618239812672715e-03
5.896900424797265998e-03
5.831067574022150667e-03
5.766106340170448243e-03
5.702003597718944411e-03
5.638746438988228617e-03
5.576322170265546330e-03
5.514718308000206987e-03
5.453922575068896952e-03
5.393922897110463820e-03
5.334707398928796411e-03
5.276264400962200202e-03
5.218582415817903802e-03
5.161650144871441498e-03
5.105456474928411238e-03
5.049990474948370424e-03
4.995241392829300429e-03
4.941198652251688368e-03
4.887851849580721227e-03
4.835190750826329556e-03
4.783205288659008597e-03
4.731885559480677843e-03
4.681221820550503579e-03
4.631204487162906246e-03
4.581824129878086550e-03
4.533071471803836947e-03
4.484937385927294067e-03
4.437412892495964239e-03
4.390489156446930955e-03
4.344157484883720381e-03
4.298409324599534315e-03
4.253236259646001396e-03
4.208630008946405779e-03
4.164582423953757523e-03
4.121085486350703660e-03
4.078131305792588764e-03
4.035712117691561684e-03
3.993820281041535018e-03
3.952448276282749182e-03
3.911588703205833538e-03
3.871234278894070038e-03
3.831377835703385793e-03
3.792012319279049366e-03
3.753130786609232099e-03
3.714726404113380138e-03
3.676792445766012551e-03
3.639322291254554718e-03
3.602309424170884334e-03
3.565747430235571749e-03
3.529629995554652878e-03
3.493950904908145819e-03
3.458704040069433827e-03
3.423883378155446588e-03
3.389482990006642289e-03
3.355497038596312164e-03
3.321919777468912600e-03
3.288745549206432972e-03
3.255968783922749774e-03
3.223583997784830804e-03
3.191585791561063045e-03
3.159968849195557601e-03
3.128727936408141116e-03
3.097857899319631653e-03
3.067353663101820074e-03
3.037210230651834694e-03
3.007422681290002758e-03
2.977986169481569145e-03
2.948895923581008535e-03
2.920147244598637459e-03
2.891735504990011491e-03
2.863656147466221973e-03
2.835904683825796104e-03
2.808476693807549895e-03
2.781367823963578224e-03
2.754573786552556771e-03
2.728090358452814595e-03
2.701913380094321700e-03
2.676038754410229106e-03
2.650462445806492980e-03
2.625180479150098899e-03
2.600188938774970326e-03
2.575483967505836237e-03
2.551061765698731717e-03
2.526918590299188829e-03
2.503050753916298467e-03
2.479454623913739109e-03
2.456126621516356058e-03
2.433063220932655049e-03
2.410260948492671997e-03
2.387716381800888878e-03
2.365426148904154532e-03
2.343386927474093006e-03
2.321595444003721892e-03
2.300048473018243781e-03
2.278742836299607090e-03
2.257675402124455916e-03
2.236843084515511421e-03
2.216242842505870836e-03
2.195871679416071427e-03
2.175726642143922460e-03
2.155804820466292009e-03
2.136103346353250641e-03
2.116619393294097082e-03
2.097350175634764106e-03
2.078292947927059577e-03
2.059445004288725650e-03
2.040803677774817929e-03
2.022366339759740141e-03
2.004130399329971668e-03
1.986093302687111893e-03
1.968252532561429614e-03
1.950605607635059243e-03
1.933150081975407815e-03
1.915883544478060464e-03
1.898803618319206072e-03
1.881907960417530598e-03
1.865194260905068523e-03
1.848660242607289093e-03
1.832303660531705040e-03
1.816122301365532448e-03
1.800113982981511613e-03
1.784276553952403267e-03
1.768607893073377785e-03
1.753105908892822794e-03
1.737768539250685116e-03
1.722593750824990850e-03
1.707579538685585589e-03
1.692723925855766113e-03
1.678024962880891738e-03
1.663480727404643197e-03
1.649089323751954566e-03
1.634848882519288060e-03
1.620757560171472589e-03
1.606813538645483590e-03
1.593015024960644588e-03
1.579360250835467336e-03
1.565847472310808505e-03
1.552474969379214354e-03
1.539241045620536215e-03
1.526144027843511679e-03
1.513182265733258817e-03
1.500354131504660861e-03
1.487658019561407174e-03
1.475092346160708284e-03
1.462655549083516924e-03
1.450346087310065571e-03
1.438162440700990882e-03
1.426103109683406634e-03
1.414166614942286449e-03
1.402351497116830588e-03
1.390656316501834603e-03
1.379079652753946233e-03
1.367620104602612109e-03
1.356276289565835295e-03
1.345046843670534608e-03
1.333930421177418344e-03
1.322925694310314072e-03
1.312031352989942142e-03
1.301246104571907383e-03
1.290568673589037162e-03
1.279997801497797768e-03
1.269532246428773520e-03
1.259170782941283848e-03
1.248912201781816108e-03
1.238755309646417902e-03
1.228698928946897126e-03
1.218741897580684222e-03
1.208883068704525365e-03
1.199121310511628603e-03
1.189455506012501718e-03
1.179884552819205528e-03
1.170407362933046508e-03
1.161022862535680518e-03
1.151729991783545255e-03
1.142527704605465723e-03
1.133414968503539859e-03
1.124390764357195227e-03
1.115454086230255239e-03
1.106603941181129834e-03
1.097839349075952799e-03
1.089159342404658797e-03
1.080562966100008992e-03
1.072049277359364040e-03
1.063617345469314605e-03
1.055266251633109331e-03
1.046995088800627659e-03
1.038802961501136867e-03
1.030688985678622580e-03
1.022652288529716158e-03
1.014692008344041151e-03
1.006807294347138431e-03
9.989973065458756553e-04
9.912612155760210184e-04
9.835982025524899960e-04
9.760074589216879591e-04
9.684881863161490202e-04
9.610395964115565470e-04
9.536609107858371034e-04
9.463513607804064243e-04
9.391101873636867933e-04
9.319366409965683948e-04
9.248299815000148938e-04
9.177894779247101334e-04
9.108144084225762742e-04
9.039040601204371365e-04
8.970577289954419610e-04
8.902747197524844272e-04
8.835543457034540811e-04
8.768959286483187648e-04
8.702987987579918587e-04
8.637622944590423422e-04
8.572857623200672624e-04
8.508685569398391491e-04
8.445100408371275470e-04
8.382095843421175779e-04
8.319665654895943424e-04
8.257803699135817790e-04
8.196503907437288237e-04
8.135760285030719640e-04
8.075566910074632359e-04
8.015917932664429202e-04
7.956807573856088719e-04
7.898230124704596049e-04
7.840179945315656337e-04
7.782651463913555162e-04
7.725639175920894245e-04
7.669137643052724267e-04
7.613141492424558730e-04
7.557645415672864823e-04
7.502644168089219563e-04
7.448132567765927041e-04
7.394105494756739692e-04
7.340557890247173664e-04
7.287484755738629335e-04
7.234881152244261333e-04
7.182742199496320494e-04
7.131063075165520711e-04
