-3.691975854524002955e-08
7.290642645660527776e-02
7.052339141264486744e-02
6.824465743364174775e-02
6.642348637023424984e-02
6.479093380920718237e-02
6.321018325198538013e-02
6.162302508589256184e-02
6.000664079967508308e-02
5.835472319591055584e-02
5.666922542819004260e-02
5.495638755527849917e-02
5.322459353884345656e-02
5.148310443135620251e-02
4.974126808324226545e-02
4.800801919798874245e-02
4.629157125595486505e-02
4.459924121555927656e-02
4.293736771859807400e-02
4.131129485746653368e-02
3.972540087239718326e-02
3.818315632468703702e-02
3.668720018324991838e-02
3.523942527621726911e-02
3.384106691893874058e-02
3.249279037271978615e-02
3.119477421372206585e-02
2.994678777669341693e-02
2.874826164826910918e-02
2.759835077469650899e-02
2.649599016556608219e-02
2.543994345753885708e-02
2.442884478232303438e-02
2.346123448761600061e-02
2.253558930891028100e-02
2.165034760043449760e-02
2.080393021759293845e-02
1.999475761028934873e-02
1.922126364368843474e-02
1.848190661509210159e-02
1.777517788628136391e-02
1.709960850232083301e-02
1.645377412182906854e-02
1.583629854116985411e-02
1.524585605622491742e-02
1.468117287063087743e-02
1.414102772849490375e-02
1.362425192248203736e-02
1.312972880452895237e-02
1.265639290591638252e-02
1.220322875589842544e-02
1.176926947287640531e-02
1.135359518932971788e-02
1.095533136075467831e-02
1.057364699964462307e-02
1.020775286774428837e-02
9.856899653346891041e-03
9.520376154881863076e-03
9.197507487547140412e-03
8.887653325962481532e-03
8.590206192680643546e-03
8.304589799879318404e-03
8.030257449404810954e-03
7.766690494674417453e-03
7.513396866549769751e-03
7.269909664148886674e-03
7.035785810764843412e-03
6.810604774242296627e-03
6.593967350749770431e-03
6.385494510367475951e-03
6.184826302671275235e-03
5.991620820231381532e-03
5.805553217810339832e-03
5.626314784953722996e-03
5.453612069582303504e-03
5.287166050226921842e-03
5.126711354529992111e-03
4.971995521679087836e-03
4.822778306484464331e-03
4.678831022912968880e-03
4.539935924907082497e-03
4.405885622456706847e-03
4.276482530933339681e-03
4.151538351812028051e-03
4.030873582988354561e-03
3.914317056969593596e-03
3.801705505336845127e-03
3.692883147930575444e-03
3.587701305313017921e-03
3.486018033141232830e-03
3.387697777146786871e-03
3.292611047512879023e-03
3.200634111491978354e-03
3.111648703184377324e-03
3.025541749465967233e-03
2.942205111098928055e-03
2.861535338130024968e-03
2.783433438737060225e-03
2.707804660718730449e-03
2.634558284892597746e-03
2.563607429691995825e-03
2.494868866313476596e-03
2.428262843794603242e-03
2.363712923433836793e-03
2.301145822027905914e-03
2.240491263399942319e-03
2.181681837743024242e-03
2.124652868335383075e-03
2.069342285199735846e-03
2.015690505310168811e-03
1.963640318976496695e-03
1.913136782055620093e-03
1.864127113659698985e-03
1.816560599057072444e-03
1.770388497470215755e-03
1.725563954500710729e-03
1.682041918927527175e-03
1.639779063633797730e-03
1.598733710436276182e-03
1.558865758607461995e-03
1.520136616885847149e-03
1.482509138787065518e-03
1.445947561041853327e-03
1.410417444984646967e-03
1.375885620747018976e-03
1.342320134098214232e-03
1.309690195796559594e-03
1.277966133322945303e-03
1.247119344862801819e-03
1.217122255433112765e-03
1.187948275031799287e-03
1.159571758711254062e-03
1.131967968477744398e-03
1.105113036919700168e-03
1.078983932483803870e-03
1.053558426309586819e-03
1.028815060548419341e-03
1.004733118090225157e-03
9.812925936310066925e-04
9.584741660138854308e-04
9.362591717781894871e-04
9.146295798614896902e-04
8.935679674000847946e-04
8.730574965669721113e-04
8.530818924065531684e-04
8.336254216115117095e-04
8.146728722020803171e-04
7.962095340611174661e-04
7.782211802880543983e-04
7.606940493285582923e-04
7.436148278504007246e-04
7.269706343237576510e-04
7.107490032813809124e-04
6.949378702177770335e-04
6.795255571061398084e-04
6.645007585033473139e-04
6.498525282143413238e-04
6.355702664879491273e-04
6.216437077317220339e-04
6.080629087068024387e-04
5.948182371971361690e-04
5.819003611179026118e-04
5.693002380564117287e-04
5.570091052162489276e-04
5.450184697562990505e-04
5.333200994973475318e-04
5.219060139928947744e-04
5.107684759335543801e-04
4.998999828883058391e-04
4.892932593500257414e-04
4.789412490882372130e-04
4.688371077853180488e-04
4.589741959499918150e-04
4.493460720946759767e-04
4.399464861653698761e-04
4.307693732153660641e-04
4.218088473094220854e-04
4.130591956549915203e-04
4.045148729427655142e-04
3.961704958968919601e-04
3.880208380192637255e-04
3.800608245255590926e-04
3.722855274604000954e-04
3.646901609893024349e-04
3.572700768567081990e-04
3.500207600043315354e-04
3.429378243468103496e-04
3.360170086927886002e-04
3.292541728107746036e-04
3.226452936310647600e-04
3.161864615800177901e-04
3.098738770423091721e-04
3.037038469425547738e-04
2.976727814466183166e-04
2.917771907755009825e-04
2.860136821258198593e-04
2.803789566980161821e-04
2.748698068220298274e-04
2.694831131825894889e-04
2.642158421352810960e-04
2.590650431140089998e-04
2.540278461246126343e-04
2.491014593215183735e-04
2.442831666644969604e-04
2.395703256531931985e-04
2.349603651357226423e-04
2.304507831896398140e-04
2.260391450714619051e-04
2.217230812332087494e-04
2.175002854033338071e-04
2.133685127301235707e-04
2.093255779834593034e-04
2.053693538164731952e-04
2.014977690807622901e-04
1.977088071968369307e-04
1.940005045759001857e-04
1.903709490914934745e-04
1.868182785992437446e-04
1.833406795043495329e-04
1.799363853724189057e-04
1.766036755857057082e-04
1.733408740392416080e-04
1.701463478794488062e-04
1.670185062797872508e-04
1.639557992571746836e-04
1.609567165216633947e-04
1.580197863638004030e-04
1.551435745752930534e-04
1.523266834021715413e-04
1.495677505313468963e-04
1.468654481057283699e-04
1.442184817715921777e-04
1.416255897527498502e-04
1.390855419539533679e-04
1.365971390904207336e-04
1.341592118439796286e-04
1.317706200440056890e-04
1.294302518727917062e-04
1.271370230950395384e-04
1.248898763094453534e-04
1.226877802232136593e-04
1.205297289467998240e-04
1.184147413110809291e-04
1.163418602020713330e-04
1.143101519182104011e-04
1.123187055436016555e-04
1.103666323409011784e-04
1.084530651617161921e-04
1.065771578734721548e-04
1.047380848037851819e-04
1.029350401995968552e-04
1.011672377029560485e-04
9.943390984101899447e-05
9.773430753144381547e-05
9.606769960062137186e-05
9.443337231715684995e-05
9.283062893703150078e-05
9.125878926279573037e-05
8.971718921508700726e-05
8.820518041494845656e-05
8.672212977956967358e-05
8.526741912846188566e-05
8.384044480071231847e-05
8.244061728267449611e-05
8.106736084680316382e-05
7.972011319975226800e-05
7.839832514029186432e-05
7.710146022716018001e-05
7.582899445564724426e-05
7.458041594310197678e-05
7.335522462312248895e-05
7.215293194810948687e-05
7.097306060010720734e-05
6.981514420914650436e-05
6.867872707950719224e-05
6.756336392350667627e-05
6.646861960215480860e-05
6.539406887288731036e-05
6.433929614459030439e-05
6.330389523831979597e-05
6.228746915522516208e-05
6.128962985028662050e-05
6.030999801208321445e-05
5.934820284884055711e-05
5.840388187933690650e-05
5.747668073034609170e-05
5.656625293871263185e-05
5.567225975888490515e-05
5.479436997559177967e-05
5.393225972150155975e-05
5.308561229932912931e-05
5.225411800893720141e-05
5.143747397873293286e-05
5.063538400182537223e-05
4.984755837584315411e-05
4.907371374748573182e-05
4.831357296075212244e-05
4.756686490929295385e-05
4.683332439237877337e-05
4.611269197482852669e-05
4.540471385025325612e-05
4.470914170806824156e-05
4.402573260356679966e-05
4.335424883190847300e-05
4.269445780461409118e-05
4.204613192968128106e-05
4.140904849455020233e-05
4.078298955201379314e-05
4.016774180926085177e-05
3.956309651937974230e-05
3.896884937578399801e-05
3.838480040932348673e-05
3.781075388769702581e-05
3.724651821795569142e-05
3.669190585075324522e-05
3.614673318738657914e-05
3.561082048933681137e-05
3.508399178931110126e-05
3.456607480550200350e-05
3.405690085707090684e-05
3.355630478219525194e-05
3.306412485809279172e-05
3.258020272284883260e-05
3.210438329947117237e-05
3.163651472129836627e-05
3.117644825968641012e-05
3.072403825349758426e-05
3.027914203976047979e-05
2.984161988652429752e-05
2.941133492734153396e-05
2.898815309705991586e-05
2.857194306917926885e-05
2.816257619511485733e-05
2.775992644447074678e-05
2.736387034684571970e-05
2.697428693545653801e-05
2.659105769130684041e-05
2.621406648957585214e-05
2.584319954657851335e-05
2.547834536858542079e-05
2.511939470113356074e-05
2.476624048040447309e-05
2.441877778495911465e-05
2.407690378925176944e-05
2.374051771776323488e-05
2.340952080042791526e-05
2.308381622918056060e-05
2.276330911544000688e-05
2.244790644845382366e-05
2.213751705488537267e-05
2.183205155919244576e-05
2.153142234478638619e-05
2.123554351652243055e-05
2.094433086348314102e-05
2.065770182327326295e-05
2.037557544653988300e-05
2.009787236262017444e-05
1.982451474607466809e-05
1.955542628371608138e-05
1.929053214261113101e-05
1.902975893863858854e-05
1.877303470600895228e-05
1.852028886728491214e-05
1.827145220400784622e-05
1.802645682838331862e-05
1.778523615522649445e-05
1.754772487445974233e-05
1.731385892492501505e-05
1.708357546787083399e-05
1.685681286165860123e-05
1.663351063690666164e-05
1.641360947204740877e-05
1.619705116959783639e-05
1.598377863284956447e-05
1.577373584314324339e-05
1.556686783766093567e-05
1.536312068767449625e-05
1.516244147732181692e-05
1.496477828267162434e-05
1.477008015175611322e-05
1.457829708420740178e-05
1.438938001236060453e-05
1.420328078181753130e-05
1.401995213313320136e-05
1.383934768353590341e-05
1.366142190913531599e-05
1.348613012768628309e-05
1.331342848144755586e-05
1.314327392054926726e-05
1.297562418681766396e-05
1.281043779781246721e-05
1.264767403123365698e-05
1.248729290983126995e-05
1.232925518629547359e-05
1.217352232886302672e-05
1.202005650698396758e-05
1.186882057737685616e-05
1.171977807035832995e-05
1.157289317654048368e-05
1.142813073374285329e-05
1.128545621410777772e-05
1.114483571180094679e-05
1.100623593051784828e-05
1.086962417164619274e-05
1.073496832250635015e-05
1.060223684485278783e-05
1.047139876362226268e-05
1.034242365599600848e-05
1.021528164054295547e-05
1.008994336675468913e-05
9.966380004669902985e-06
9.844563234849675672e-06
9.724465238373981274e-06
9.606058687304157653e-06
9.489316735083029738e-06
9.374213007300691858e-06
9.260721592606582835e-06
9.148817033878938804e-06
9.038474319353344519e-06
8.929668874288903231e-06
8.822376552414938654e-06
8.716573627929421989e-06
8.612236787407906538e-06
8.509343121921894600e-06
8.407870119427529850e-06
8.307795657178879085e-06
8.209097994435295338e-06
8.111755765144654104e-06
8.015747970937221967e-06
7.921053974199585072e-06
7.827653491242718550e-06
7.735526585705414197e-06
7.644653662053133201e-06
7.555015459078928167e-06
7.466593043816812584e-06
7.379367805323586088e-06
7.293321448690946793e-06
7.208435989206368872e-06
7.124693746506403436e-06
7.042077339077814323e-06
6.960569678545652928e-06
6.880153964415136859e-06
6.800813678674508459e-06
6.722532580597317927e-06
6.645294701672467797e-06
6.569084340605121897e-06
6.493886058380664042e-06
6.419684673492206095e-06
6.346465257214056871e-06
6.274213129007717826e-06
6.202913852031122742e-06
6.132553228636855812e-06
6.063117296051413712e-06
5.994592322166284484e-06
5.926964801268178963e-06
5.860221450076271837e-06
5.794349203565463547e-06
5.729335211197535993e-06
5.665166832924138728e-06
5.601831635547051117e-06
5.539317388824725939e-06
5.477612062034956839e-06
5.416703820256745895e-06
5.356581020975903783e-06
5.297232210582492306e-06
5.238646121028827105e-06
5.180811666612599833e-06
5.123717940588538850e-06
5.067354212131306514e-06
5.011709923174869437e-06
4.956774685336556778e-06
4.902538276985993365e-06
4.848990640252402693e-06
4.796121878187415858e-06
4.743922251896180285e-06
4.692382177827032167e-06
4.641492225003870528e-06
4.591243112348237991e-06
4.541625706167187924e-06
4.492631017443976712e-06
4.444250199438315234e-06
4.396474545136707362e-06
4.349295484883086208e-06
4.302704583985027012e-06
4.256693540343035756e-06
4.211254182262013386e-06
4.166378466065569730e-06
4.122058473991188128e-06
4.078286412051566340e-06
4.035054607793685859e-06
3.992355508322316426e-06
3.950181678196071740e-06
3.908525797480692276e-06
3.867380659698751208e-06
3.826739169980442572e-06
3.786594343132701058e-06
3.746939301730910890e-06
3.707767274356775755e-06
3.669071593799402935e-06
3.630845695265551484e-06
