2.283722146918112386e-08
2.058121903111313419e-02
1.673419106530696018e-02
1.516873474237187547e-02
1.434349159504617888e-02
1.385345813241230586e-02
1.353578551351993647e-02
1.331225357850710118e-02
1.314143977059005312e-02
1.300002894409074683e-02
1.287432491419836927e-02
1.275602548737902846e-02
1.263998766550740449e-02
1.252298974918917250e-02
1.240301854487941766e-02
1.227884445222821724e-02
1.214975984586802622e-02
1.201541292669641020e-02
1.187569896570294520e-02
1.173068698245426436e-02
1.158056888761514400e-02
1.142562325466589708e-02
1.126618888458131088e-02
1.110264511244233102e-02
1.093539688702524319e-02
1.076486332221677361e-02
1.059146883861909923e-02
1.041563628222610775e-02
1.023778158248994305e-02
1.005830962891845343e-02
9.877611125167818501e-03
9.696060235190455054e-03
9.514012875718168630e-03
9.331805538595059485e-03
9.149754548163665027e-03
8.968155675757991455e-03
8.787284046429736165e-03
8.607394283557306958e-03
8.428720845481402560e-03
8.251478515403733172e-03
8.075863011655290413e-03
7.902051690429828107e-03
7.730204317329616645e-03
7.560463887716288404e-03
7.392957479014002423e-03
7.227797120791417014e-03
7.065080670878352495e-03
6.904892687708125837e-03
6.747305290954845602e-03
6.592379003992601162e-03
6.440163573017277342e-03
6.290698758899183028e-03
6.144015098675163593e-03
6.000134634532220887e-03
5.859071608791521085e-03
5.720833123992150569e-03
5.585419767705056097e-03
5.452826202079008935e-03
5.323041718504688616e-03
5.196050758031790784e-03
5.071833398393385539e-03
4.950365808684898533e-03
4.831620672859723679e-03
4.715567583295081876e-03
4.602173405777620907e-03
4.491402617255434507e-03
4.383217617768655691e-03
4.277579017933499407e-03
4.174445903386791307e-03
4.073776077515025955e-03
3.975526283843873812e-03
3.879652409320194419e-03
3.786109669782200364e-03
3.694852778777484546e-03
3.605836100879652138e-03
3.519013790610040632e-03
3.434339917968924193e-03
3.351768581579619294e-03
3.271254010367136318e-03
3.192750654630999857e-03
3.116213267349256938e-03
3.041596976473832925e-03
2.968857348932681453e-03
2.897950447031547461e-03
2.828832877859871909e-03
2.761461836304002822e-03
2.695795142208022230e-03
2.631791272179597949e-03
2.569409386531790011e-03
2.508609351771285897e-03
2.449351759052899747e-03
2.391597938970360313e-03
2.335309973024763883e-03
2.280450702086390599e-03
2.226983732150780628e-03
2.174873437651283180e-03
2.124084962578431501e-03
2.074584219633750400e-03
2.026337887632515683e-03
1.979313407334487226e-03
1.933478975893290416e-03
1.888803540075247858e-03
1.845256788398481462e-03
1.802809142326528002e-03
1.761431746637069813e-03
1.721096459082432743e-03
1.681775839433373226e-03
1.643443138013059171e-03
1.606072283791041720e-03
1.569637872122411426e-03
1.534115152195186316e-03
1.499480014255111281e-03
1.465708976653332237e-03
1.432779172780891067e-03
1.400668337921521589e-03
1.369354796075300442e-03
1.338817446781603859e-03
1.309035751978191581e-03
1.279989722921593721e-03
1.251659907201246001e-03
1.224027375859592726e-03
1.197073710647156893e-03
1.170780991428117725e-03
1.145131783746040259e-03
1.120109126570421887e-03
1.095696520229344365e-03
1.071877914542540382e-03
1.048637697157491508e-03
1.025960682100234824e-03
1.003832098543884933e-03
9.822375798003528651e-04
9.611631525313785998e-04
9.405952261969512682e-04
9.205205827238314032e-04
9.009263664090319404e-04
8.818000740500867756e-04
8.631295453065839819e-04
8.449029532877101864e-04
8.271087953687799622e-04
8.097358842304611072e-04
7.927733391186057898e-04
7.762105773301524857e-04
7.600373059072062240e-04
7.442435135524325769e-04
7.288194627483819471e-04
7.137556820895438626e-04
6.990429588118342698e-04
6.846723315263559487e-04
6.706350831459939339e-04
6.569227340027394444e-04
6.435270351568760745e-04
6.304399618859096808e-04
6.176537073521561408e-04
6.051606764508944171e-04
5.929534798256446164e-04
5.810249280521879132e-04
5.693680259854931635e-04
5.579759672668180162e-04
5.468421289854472891e-04
5.359600664931782983e-04
5.253235083637890646e-04
5.149263514994038794e-04
5.047626563743010109e-04
4.948266424166784154e-04
4.851126835213331748e-04
4.756153036945050152e-04
4.663291728203078422e-04
4.572491025512182353e-04
4.483700423190449882e-04
4.396870754577684179e-04
4.311954154405698517e-04
4.228904022265282192e-04
4.147674987109878928e-04
4.068222872820922010e-04
3.990504664737188874e-04
3.914478477181826052e-04
3.840103521922789802e-04
3.767340077546138337e-04
3.696149459734463742e-04
3.626493992384492563e-04
3.558336979586601665e-04
3.491642678401473115e-04
3.426376272437863901e-04
3.362503846188792406e-04
3.299992360128046597e-04
3.238809626495116681e-04
3.178924285834956362e-04
3.120305784157160730e-04
3.062924350804417813e-04
3.006750976936201514e-04
2.951757394640786253e-04
2.897916056652800995e-04
2.845200116652360175e-04
2.793583410133815997e-04
2.743040435824617581e-04
2.693546337647044226e-04
2.645076887179111319e-04
2.597608466645599063e-04
2.551118052369700162e-04
2.505583198723213478e-04
2.460982022527197677e-04
2.417293187880505795e-04
2.374495891453941006e-04
2.332569848186147505e-04
2.291495277381055734e-04
2.251252889217080747e-04
2.211823871627714580e-04
2.173189877557876531e-04
2.135333012584680586e-04
2.098235822882081700e-04
2.061881283531333503e-04
2.026252787160157673e-04
1.991334132902047047e-04
1.957109515663125164e-04
1.923563515694243968e-04
1.890681088452003493e-04
1.858447554760164668e-04
1.826848591211608914e-04
1.795870220877729764e-04
1.765498804250991924e-04
1.735721030447291192e-04
1.706523908661924450e-04
1.677894759841814609e-04
1.649821208610622745e-04
1.622291175408700032e-04
1.595292868842722485e-04
1.568814778262344624e-04
1.542845666525494023e-04
1.517374562971692529e-04
1.492390756588687765e-04
1.467883789366066123e-04
1.443843449822984030e-04
1.420259766721192337e-04
1.397123002950363213e-04
1.374423649574937401e-04
1.352152420043549225e-04
1.330300244558863096e-04
1.308858264597596963e-04
1.287817827580420174e-04
1.267170481685284242e-04
1.246907970794592941e-04
1.227022229593892105e-04
1.207505378787181492e-04
1.188349720443824528e-04
1.169547733476522928e-04
1.151092069233458745e-04
1.132975547216131363e-04
1.115191150897802360e-04
1.097732023665494151e-04
1.080591464869857528e-04
1.063762925966440159e-04
1.047240006777902575e-04
1.031016451839298286e-04
1.015086146848858138e-04
9.994431152057060104e-05
9.840815146503103909e-05
9.689956339755158852e-05
9.541798898401417431e-05
9.396288236565708139e-05
9.253370985615209314e-05
9.112994964701449604e-05
8.975109152001410314e-05
8.839663656723430727e-05
8.706609691893054596e-05
8.575899547776762914e-05
8.447486566019445108e-05
8.321325114466951835e-05
8.197370562600967217e-05
8.075579257617113832e-05
7.955908501141457630e-05
7.838316526540132416e-05
7.722762476742225653e-05
7.609206382724543929e-05
7.497609142516399746e-05
7.387932500662464227e-05
7.280139028336330873e-05
7.174192103852447717e-05
7.070055893723988644e-05
6.967695334190046011e-05
6.867076113193961156e-05
6.768164652829198105e-05
6.670928092242692340e-05
6.575334270907041056e-05
6.481351712422918452e-05
6.388949608576423517e-05
6.298097803941826256e-05
6.208766780753407458e-05
6.120927644241155397e-05
6.034552108285660461e-05
5.949612481389613756e-05
5.866081653114870251e-05
5.783933080719053240e-05
5.703140776231878676e-05
5.623679293765229426e-05
5.545523717211264808e-05
5.468649648144986941e-05
5.393033194158783057e-05
5.318650957351093924e-05
5.245480023153629144e-05
5.173497949467140291e-05
5.102682755980981225e-05
5.033012913812049966e-05
4.964467335372527054e-05
4.897025364492892005e-05
4.830666766775889074e-05
4.765371720188330375e-05
4.701120805853820642e-05
4.637894999121715690e-05
4.575675660806964698e-05
4.514444528639460330e-05
4.454183708941500245e-05
4.394875668493655171e-05
4.336503226585850548e-05
4.279049547259391767e-05
4.222498131763231821e-05
4.166832811137240362e-05
4.112037739020391188e-05
4.058097384573140597e-05
4.004996525652114507e-05
3.952720242050828905e-05
3.901253908966856760e-05
3.850583190573381246e-05
3.800694033805952933e-05
3.751572662209122716e-05
3.703205570011526310e-05
3.655579516276323505e-05
3.608681519216512046e-05
3.562498850649488310e-05
3.517019030549827885e-05
3.472229821760655795e-05
3.428119224805210559e-05
3.384675472830554868e-05
3.341887026672113827e-05
3.299742569998459740e-05
3.258231004613795453e-05
3.217341445843905685e-05
3.177063218022320483e-05
3.137385850098777364e-05
3.098299071318855223e-05
3.059792807038845536e-05
3.021857174611205105e-05
2.984482479365263100e-05
2.947659210681341922e-05
2.911378038165790544e-05
2.875629807874335641e-05
2.840405538704124090e-05
2.805696418744855461e-05
2.771493801811874812e-05
2.737789204028514685e-05
2.704574300461918090e-05
2.671840921859155261e-05
2.639581051454907597e-05
2.607786821823944725e-05
2.576450511856987160e-05
2.545564543729701573e-05
2.515121480014954384e-05
2.485114020796970515e-05
2.455535000900321005e-05
2.426377387129908508e-05
2.397634275621067740e-05
2.369298889207569164e-05
2.341364574861939295e-05
2.313824801221079253e-05
2.286673156098791918e-05
2.259903344128766386e-05
2.233509184392850141e-05
2.207484608155820376e-05
2.181823656612879436e-05
2.156520478691462703e-05
2.131569328919820445e-05
2.106964565327515543e-05
2.082700647370946284e-05
2.058772133963110800e-05
2.035173681466710560e-05
2.011900041801577220e-05
1.988946060552983778e-05
1.966306675122326351e-05
1.943976912933245612e-05
1.921951889661414325e-05
1.900226807524522162e-05
1.878796953563796962e-05
1.857657698019622882e-05
1.836804492691373241e-05
1.816232869364393091e-05
1.795938438260369038e-05
1.775916886510012625e-05
1.756163976668130943e-05
1.736675545267781024e-05
1.717447501382231520e-05
1.698475825248752693e-05
1.679756566883974707e-05
1.661285844756635454e-05
1.643059844474659489e-05
1.625074817511449859e-05
1.607327079941568435e-05
1.589813011208930803e-05
1.572529052936663977e-05
1.555471707733689838e-05
1.538637538055258124e-05
1.522023165056256098e-05
1.505625267494221596e-05
1.489440580640779994e-05
1.473465895217376447e-05
1.457698056367818312e-05
1.442133962615011611e-05
1.426770564887340187e-05
1.411604865520666760e-05
1.396633917309962984e-05
1.381854822571711233e-05
1.367264732221815725e-05
1.352860844866341791e-05
1.338640405932803963e-05
1.324600706795634277e-05
1.310739083930688044e-05
1.297052918087462602e-05
1.283539633468063037e-05
1.270196696932620894e-05
1.257021617226071860e-05
1.244011944198789561e-05
1.231165268064101895e-05
1.218479218659766902e-05
1.205951464723060958e-05
1.193579713197884652e-05
1.181361708521390112e-05
1.169295231959952912e-05
1.157378100942108557e-05
1.145608168396598098e-05
1.133983322120977232e-05
1.122501484156952043e-05
1.111160610163001003e-05
1.099958688826099582e-05
1.088893741260899278e-05
1.077963820433072844e-05
1.067167010593556410e-05
1.056501426718574654e-05
1.045965213965938139e-05
1.035556547135343912e-05
1.025273630147410930e-05
1.015114695526387053e-05
1.005078003894855258e-05
9.951618434829820703e-06
9.853645296327783086e-06
9.756844043318145692e-06
9.661198357423198628e-06
9.566692177386868878e-06
9.473309694642459468e-06
9.381035348864608410e-06
9.289853823662800402e-06
9.199750042312059890e-06
9.110709163641576809e-06
9.022716577857414522e-06
8.935757902654357547e-06
8.849818979212556016e-06
8.764885868307145705e-06
8.680944846672826665e-06
8.597982403094413153e-06
8.515985234921775857e-06
8.434940244414261152e-06
8.354834535256493915e-06
8.275655409125559663e-06
8.197390362327905983e-06
8.120027082421651262e-06
8.043553445036143691e-06
7.967957510648330044e-06
7.893227521451576419e-06
7.819351898301487658e-06
7.746319237668968901e-06
7.674118308675417145e-06
7.602738050227824576e-06
7.532167568132794173e-06
7.462396132321497136e-06
7.393413174052564271e-06
7.325208283286089035e-06
7.257771205940927227e-06
7.191091841388928738e-06
7.125160239850311241e-06
7.059966599882035550e-06
6.995501265950627634e-06
6.931754725991889394e-06
6.868717609035930940e-06
6.806380682884125980e-06
6.744734851837884449e-06
6.683771154393961414e-06
6.623480761175377506e-06
6.563854972583181853e-06
6.504885216807636512e-06
6.446563047643269568e-06
6.388880142558550576e-06
6.331828300570385046e-06
6.275399440300972582e-06
6.219585598050312257e-06
6.164378925855647595e-06
6.109771689693783129e-06
6.055756267513386215e-06
6.002325147553026077e-06
5.949470926477337954e-06
5.897186307687428685e-06
5.845464099570151939e-06
5.794297213811478421e-06
5.743678663801246534e-06
