-2.625536015881084400e-08
6.027022470259006150e-03
8.246823225706415711e-03
8.432826703396314322e-03
8.361536321953633166e-03
8.267002219748678313e-03
8.192059752942541448e-03
8.141245632805061902e-03
8.110079080297814477e-03
8.092575188941967396e-03
8.083361235897097707e-03
8.078170674765855139e-03
8.073817633924999793e-03
8.068021239924528035e-03
8.059209571678016895e-03
8.046346373984675920e-03
8.028791022661945637e-03
8.006190318887799681e-03
7.978396991628632084e-03
7.945409291383216666e-03
7.907326699655624347e-03
7.864317711852752968e-03
7.816596551408244026e-03
7.764406433588198937e-03
7.708007602158965278e-03
7.647668826925794160e-03
7.583661400485463590e-03
7.516254933245647418e-03
7.445714438066040886e-03
7.372298336931209714e-03
7.296257124937491345e-03
7.217832501683691532e-03
7.137256834247727999e-03
7.054752855058914369e-03
6.970533525976848124e-03
6.884802020051739545e-03
6.797751786722028983e-03
6.709566676402900845e-03
6.620421107583062716e-03
6.530480264565894331e-03
6.439900317530574889e-03
6.348828658987154712e-03
6.257404152366668158e-03
6.165757389633100966e-03
6.074010955563639846e-03
5.982279696830453651e-03
5.890670994404238400e-03
5.799285037992724795e-03
5.708215101393372855e-03
5.617547817766950155e-03
5.527363453888507923e-03
5.437736182546040221e-03
5.348734352274856808e-03
5.260420753703690631e-03
5.172852881826220037e-03
5.086083193595559646e-03
5.000159360251329316e-03
4.915124513912705675e-03
4.831017487973275452e-03
4.747873050921402188e-03
4.665722133273020843e-03
4.584592047332347424e-03
4.504506699596559638e-03
4.425486795614332405e-03
4.347550037213572874e-03
4.270711312018851680e-03
4.194982875250253228e-03
4.120374523804121170e-03
4.046893762675584337e-03
3.974545963812283790e-03
3.903334517491034023e-03
3.833260976378255382e-03
3.764325192395597073e-03
3.696525446605361618e-03
3.629858572260877703e-03
3.564320071261579698e-03
3.499904224197062253e-03
3.436604194207713500e-03
3.374412124888931473e-03
3.313319232454162155e-03
3.253315892405810386e-03
3.194391720918111216e-03
3.136535651183232094e-03
3.079736004927972979e-03
3.023980559344713239e-03
2.969256609635155270e-03
2.915551027395682244e-03
2.862850315048392005e-03
2.811140656521348737e-03
2.760407964376964882e-03
2.710637923582659686e-03
2.661816032099173588e-03
2.613927638473598040e-03
2.566957976602935593e-03
2.520892197833515466e-03
2.475715400553293952e-03
2.431412657422364794e-03
2.387969040394025133e-03
2.345369643650925019e-03
2.303599604602901089e-03
2.262644123042977570e-03
2.222488478609820507e-03
2.183118046647221193e-03
2.144518312567796937e-03
2.106674884826656609e-03
2.069573506599714768e-03
2.033200066245717443e-03
1.997540606645142013e-03
1.962581333491942095e-03
1.928308622611560937e-03
1.894709026376349519e-03
1.861769279282349731e-03
1.829476302751186986e-03
1.797817209220079360e-03
1.766779305558776854e-03
1.736350095881696032e-03
1.706517283796076326e-03
1.677268774127308034e-03
1.648592674169790462e-03
1.620477294499106900e-03
1.592911149381078710e-03
1.565882956814725535e-03
1.539381638241103020e-03
1.513396317941571260e-03
1.487916322162507543e-03
1.462931177987179462e-03
1.438430611976806561e-03
1.414404548605643951e-03
1.390843108513425356e-03
1.367736606590042991e-03
1.345075549910865805e-03
1.322850635541913998e-03
1.301052748228516713e-03
1.279672957980314578e-03
1.258702517569690879e-03
1.238132859949722837e-03
1.217955595610669458e-03
1.198162509875360477e-03
1.178745560155151787e-03
1.159696873164795449e-03
1.141008742105829908e-03
1.122673623833548651e-03
1.104684136006283800e-03
1.087033054224271393e-03
1.069713309168545930e-03
1.052717983736431179e-03
1.036040310192810681e-03
1.019673667320226008e-03
1.003611577593971523e-03
9.878477043701826537e-04
9.723758490953906099e-04
9.571899485426245456e-04
9.422840720720796880e-04
9.276524189204589247e-04
9.132893155242215134e-04
8.991892128711203615e-04
8.853466838903966416e-04
8.717564208745612287e-04
8.584132329425193681e-04
8.453120435344516244e-04
8.324478879522509466e-04
8.198159109338444116e-04
8.074113642694271883e-04
7.952296044587527438e-04
7.832660904084452888e-04
7.715163811694148019e-04
7.599761337173890387e-04
7.486411007716533682e-04
7.375071286586611834e-04
7.265701552127710799e-04
7.158262077203195965e-04
7.052714009049909985e-04
6.949019349501729930e-04
6.847140935657084621e-04
6.747042420909418400e-04
6.648688256387082175e-04
6.552043672785252439e-04
6.457074662576718247e-04
6.363747962600083304e-04
6.272031037032138817e-04
6.181892060720295574e-04
6.093299902888557260e-04
6.006224111192700124e-04
5.920634896143050314e-04
5.836503115857452802e-04
5.753800261170098239e-04
5.672498441066148225e-04
5.592570368456210254e-04
5.513989346267760732e-04
5.436729253848444172e-04
5.360764533699003461e-04
5.286070178500925547e-04
5.212621718433507311e-04
5.140395208812650841e-04
5.069367217985534758e-04
4.999514815533481933e-04
4.930815560734954413e-04
4.863247491307951583e-04
4.796789112406303537e-04
4.731419385889728754e-04
4.667117719834944613e-04
4.603863958299583489e-04
4.541638371327626818e-04
4.480421645192878455e-04
4.420194872871065911e-04
4.360939544742825158e-04
4.302637539510402280e-04
4.245271115338480309e-04
4.188822901208342359e-04
4.133275888459309543e-04
4.078613422560506256e-04
4.024819195055316635e-04
3.971877235708450222e-04
3.919771904836460595e-04
3.868487885833023026e-04
3.818010177857193753e-04
3.768324088707455965e-04
3.719415227849995169e-04
3.671269499646082871e-04
3.623873096703225725e-04
3.577212493413160126e-04
3.531274439626713225e-04
3.486045954493700123e-04
3.441514320436071133e-04
3.397667077276295654e-04
3.354492016501636146e-04
3.311977175660949565e-04
3.270110832901290698e-04
3.228881501629135326e-04
3.188277925311116352e-04
3.148289072370118223e-04
3.108904131240934469e-04
3.070112505510021921e-04
3.031903809187896232e-04
2.994267862090384540e-04
2.957194685327311731e-04
2.920674496899930005e-04
2.884697707395588373e-04
2.849254915798621031e-04
2.814336905380119581e-04
2.779934639704939483e-04
2.746039258716052953e-04
2.712642074919137435e-04
2.679734569653406391e-04
2.647308389458663037e-04
2.615355342509304102e-04
2.583867395148458333e-04
2.552836668493928458e-04
2.522255435131345825e-04
2.492116115872895429e-04
2.462411276598093350e-04
2.433133625171196145e-04
2.404276008421306679e-04
2.375831409201886908e-04
2.347792943508543288e-04
2.320153857666790111e-04
2.292907525596815318e-04
2.266047446113302912e-04
2.239567240320779261e-04
2.213460649038384120e-04
2.187721530302738897e-04
2.162343856927262549e-04
2.137321714102973934e-04
2.112649297065510726e-04
2.088320908818649090e-04
2.064330957897143838e-04
2.040673956188297929e-04
2.017344516802319434e-04
1.994337351988597446e-04
1.971647271100714235e-04
1.949269178607012049e-04
1.927198072142222184e-04
1.905429040611279410e-04
1.883957262325184592e-04
1.862778003186331887e-04
1.841886614911247941e-04
1.821278533292954623e-04
1.800949276501581328e-04
1.780894443425489566e-04
1.761109712044353615e-04
1.741590837841883925e-04
1.722333652255302278e-04
1.703334061150628539e-04
1.684588043343066162e-04
1.666091649138769237e-04
1.647840998916777337e-04
1.629832281740326819e-04
1.612061753991457568e-04
1.594525738046652992e-04
1.577220620974175726e-04
1.560142853258204528e-04
1.543288947556786643e-04
1.526655477481352768e-04
1.510239076407659251e-04
1.494036436304825078e-04
1.478044306597521053e-04
1.462259493047401396e-04
1.446678856661420581e-04
1.431299312621096137e-04
1.416117829236215604e-04
1.401131426920924677e-04
1.386337177190240634e-04
1.371732201679612103e-04
1.357313671183472156e-04
1.343078804715874168e-04
1.329024868588895843e-04
1.315149175513377535e-04
1.301449083715264146e-04
1.287921996071718248e-04
1.274565359268767912e-04
1.261376662969508427e-04
1.248353439005893547e-04
1.235493260583902543e-04
1.222793741508380644e-04
1.210252535419757588e-04
1.197867335049637532e-04
1.185635871491833005e-04
1.173555913485029787e-04
1.161625266715957973e-04
1.149841773130965604e-04
1.138203310267417754e-04
1.126707790590897312e-04
1.115353160855915609e-04
1.104137401471746435e-04
1.093058525885398728e-04
1.082114579973263412e-04
1.071303641450709618e-04
1.060623819288669390e-04
1.050073253142737621e-04
1.039650112798772312e-04
1.029352597620738737e-04
1.019178936017876521e-04
1.009127384918112537e-04
9.991962292548107116e-05
9.893837814583783779e-05
9.796883809673232152e-05
9.701083937373681111e-05
9.606422117712169588e-05
9.512882526505020040e-05
9.420449590807866128e-05
9.329107984418689742e-05
9.238842623519241540e-05
9.149638662347359878e-05
9.061481489017286057e-05
8.974356721346574226e-05
8.888250202825903200e-05
8.803147998650458759e-05
8.719036391808687866e-05
8.635901879281611686e-05
8.553731168276003665e-05
8.472511172569192992e-05
8.392229008891255427e-05
8.312871993416325002e-05
8.234427638261211896e-05
8.156883648134613280e-05
8.080227916960484912e-05
8.004448524639004765e-05
7.929533733821230129e-05
7.855471986781720510e-05
7.782251902318235767e-05
7.709862272737583600e-05
7.638292060870876025e-05
7.567530397187759942e-05
7.497566576901049822e-05
7.428390057202452620e-05
7.359990454490401054e-05
7.292357541661929356e-05
7.225481245489333629e-05
7.159351644006709285e-05
7.093958963957632067e-05
7.029293578297755266e-05
6.965346003749586876e-05
6.902106898360896119e-05
6.839567059179762500e-05
6.777717419899496247e-05
6.716549048600459313e-05
6.656053145500040935e-05
6.596221040776554102e-05
6.537044192387822137e-05
6.478514183981308537e-05
6.420622722795803585e-05
6.363361637642867593e-05
6.306722876893952644e-05
6.250698506518918233e-05
6.195280708153500524e-05
6.140461777204956370e-05
6.086234121012546952e-05
6.032590256983094934e-05
5.979522810837274575e-05
5.927024514824053399e-05
5.875088206001288500e-05
5.823706824540455824e-05
5.772873412050733141e-05
5.722581109951693226e-05
5.672823157854276947e-05
5.623592891994938346e-05
5.574883743673533603e-05
5.526689237731507759e-05
5.479002991061099115e-05
5.431818711131039079e-05
5.385130194536681810e-05
5.338931325598918209e-05
5.293216074953806428e-05
5.247978498187808673e-05
5.203212734498709359e-05
5.158913005368951456e-05
5.115073613273308828e-05
5.071688940389485931e-05
5.028753447367786191e-05
4.986261672076824258e-05
4.944208228406909690e-05
4.902587805081700387e-05
4.861395164479179480e-05
4.820625141499151276e-05
4.780272642423238590e-05
4.740332643803843855e-05
4.700800191389297518e-05
4.661670399040819350e-05
4.622938447680603139e-05
4.584599584264320999e-05
4.546649120753358666e-05
4.509082433126676348e-05
4.471894960396862048e-05
4.435082203633623196e-05
4.398639725025665134e-05
4.362563146944206064e-05
4.326848151023892096e-05
4.291490477263091723e-05
4.256485923137567321e-05
4.221830342724948692e-05
4.187519645850910980e-05
4.153549797247102623e-05
4.119916815722239590e-05
4.086616773341306060e-05
4.053645794635062620e-05
4.021000055806515981e-05
3.988675783953289883e-05
3.956669256310619545e-05
3.924976799502580645e-05
3.893594788805115089e-05
3.862519647413114406e-05
3.831747845743570485e-05
3.801275900718996550e-05
3.771100375092043737e-05
3.741217876754213118e-05
3.711625058081297773e-05
3.682318615270057738e-05
3.653295287693543908e-05
3.624551857269904667e-05
3.596085147834431577e-05
3.567892024529487624e-05
3.539969393195612504e-05
3.512314199780659541e-05
3.484923429755679055e-05
3.457794107534957619e-05
3.430923295917439806e-05
3.404308095519686386e-05
3.377945644238976736e-05
3.351833116706470468e-05
3.325967723762948919e-05
3.300346711929124792e-05
3.274967362898783743e-05
3.249826993030656766e-05
3.224922952850914375e-05
3.200252626566687803e-05
3.175813431576170214e-05
3.151602818007821294e-05
3.127618268241954912e-05
3.103857296456896832e-05
3.080317448178020986e-05
3.056996299829114067e-05
3.033891458297217775e-05
3.011000560506184317e-05
2.988321272981338069e-05
2.965851291441879589e-05
2.943588340385261461e-05
2.921530172688668780e-05
2.899674569197045366e-05
2.878019338350786528e-05
2.856562315783741973e-05
2.835301363949661741e-05
2.814234371744797622e-05
2.793359254148987519e-05
2.772673951850873180e-05
2.752176430899186223e-05
2.731864682348089340e-05
2.711736721909535343e-05
2.691790589616532264e-05
2.672024349487928712e-05
2.652436089192986791e-05
2.633023919730154681e-05
2.613785975103627787e-05
2.594720412012783089e-05
2.575825409536525878e-05
2.557099168830258640e-05
2.538539912825044423e-05
2.520145885924545911e-05
2.501915353722757108e-05
2.483846602709030555e-05
2.465937939987093800e-05
