2.391485978105308699e-07
6.183945763010521152e-02
6.503828700891456371e-02
6.634966056195951145e-02
6.649558641656860836e-02
6.598986941499213055e-02
6.507745776301730734e-02
6.388797305536883520e-02
6.249941910658063371e-02
6.096440059173027781e-02
5.932167018447938311e-02
5.760157696954763124e-02
5.582881530912865015e-02
5.402391163470366547e-02
5.220409353791834184e-02
5.038384486115352751e-02
4.857529578937510445e-02
4.678852311281856552e-02
4.503179909020288418e-02
4.331180849330207999e-02
4.163384359270951712e-02
4.000198175045853455e-02
3.841924772666672344e-02
3.688776162004273745e-02
3.540887290509960733e-02
3.398328094285794909e-02
3.261114242428678894e-02
3.129216634513132256e-02
3.002569724847072713e-02
2.881078758006943089e-02
2.764626007162569385e-02
2.653076109873310842e-02
2.546280595848545228e-02
2.444081698343524706e-02
2.346315536075859604e-02
2.252814746478514624e-02
2.163410644283076528e-02
2.077934972284797496e-02
1.996221304013498163e-02
1.918106151145502342e-02
1.843429822002871227e-02
1.772037071491535526e-02
1.703777577377737010e-02
1.638506272902631733e-02
1.576083561383863352e-02
1.516375434619429176e-02
1.459253513560220157e-02
1.404595026807835267e-02
1.352282739986878160e-02
1.302204846882455865e-02
1.254254831392852439e-02
1.208331307782736092e-02
1.164337845386468825e-02
1.122182782796947789e-02
1.081779035623258584e-02
1.043043901114188744e-02
1.005898862278473312e-02
9.702693935831103664e-03
9.360847698529250333e-03
9.032778796152331549e-03
8.717850438238809035e-03
8.415458406394907970e-03
8.125029367348664266e-03
7.846019254279011992e-03
7.577911718049413006e-03
7.320216648913313758e-03
7.072468768401275058e-03
6.834226290406718307e-03
6.605069650009118450e-03
6.384600298138090428e-03
6.172439559925586849e-03
5.968227554416735171e-03
5.771622173110318305e-03
5.582298114782546609e-03
5.399945974016160007e-03
5.224271380801381696e-03
5.054994188676957025e-03
4.891847708887096108e-03
4.734577988108591706e-03
4.582943127383906287e-03
4.436712639978349602e-03
4.295666845979068116e-03
4.159596301541236205e-03
4.028301260786838062e-03
3.901591168470551138e-03
3.779284181596496463e-03
3.661206718308353519e-03
3.547193032403995853e-03
3.437084811995603974e-03
3.330730800843266330e-03
3.227986441032526868e-03
3.128713535705590978e-03
3.032779930665927340e-03
2.940059213703636026e-03
2.850430430608809178e-03
2.763777816858459593e-03
2.679990544050239905e-03
2.598962480210653594e-03
2.520591963137890600e-03
2.444781586028721247e-03
2.371437994645259496e-03
2.300471695353694442e-03
2.231796873390992208e-03
2.165331220768589113e-03
2.100995773240777863e-03
2.038714755819834301e-03
1.978415436342649807e-03
1.920027986623872376e-03
1.863485350760485989e-03
1.808723120182659325e-03
1.755679415063895804e-03
1.704294771735191238e-03
1.654512035761775612e-03
1.606276260367127829e-03
1.559534609910023101e-03
1.514236268128094131e-03
1.470332350889627009e-03
1.427775823204093918e-03
1.386521420266653877e-03
1.346525572302226768e-03
1.307746333022806419e-03
1.270143311489582661e-03
1.233677607206789054e-03
1.198311748271055008e-03
1.164009632420438421e-03
1.130736470822095961e-03
1.098458734466083945e-03
1.067144103024975825e-03
1.036761416048022832e-03
1.007280626380682286e-03
9.786727556856877289e-04
9.509098519640345843e-04
9.239649489772304479e-04
8.978120274687428860e-04
8.724259781021075771e-04
8.477825660243571001e-04
8.238583969826482637e-04
8.006308849071510107e-04
7.780782209001085078e-04
7.561793435538362567e-04
7.349139105396864172e-04
7.142622714051514044e-04
6.942054415184556243e-04
6.747250771121474392e-04
6.558034513695306690e-04
6.374234315081650547e-04
6.195684568082598671e-04
6.022225175511828135e-04
5.853701348198357300e-04
5.689963411181729862e-04
5.530866617861654152e-04
5.376270971565279885e-04
5.226041054338134532e-04
5.080045862555230196e-04
4.938158649091808298e-04
4.800256771738665952e-04
4.666221547573847829e-04
4.535938113085257514e-04
4.409295289730569322e-04
4.286185454720319314e-04
4.166504416833264322e-04
4.050151296978559681e-04
3.937028413357786119e-04
3.827041171013848366e-04
3.720097955584498691e-04
3.616110031045610055e-04
3.514991441373961005e-04
3.416658915827426959e-04
3.321031777814565907e-04
3.228031857154890815e-04
3.137583405556371575e-04
3.049613015269475309e-04
2.964049540676484012e-04
2.880824022801011550e-04
2.799869616542664439e-04
2.721121520564964897e-04
2.644516909734560437e-04
2.569994869972855940e-04
2.497496335476321184e-04
2.426964028165549416e-04
2.358342399305388484e-04
2.291577573190994280e-04
2.226617292845184100e-04
2.163410867607409741e-04
2.101909122593975177e-04
2.042064349905609488e-04
1.983830261556412662e-04
1.927161944031876694e-04
1.872015814430318364e-04
1.818349578107054173e-04
1.766122187804283533e-04
1.715293804152074090e-04
1.665825757552683300e-04
1.617680511343032399e-04
1.570821626224743362e-04
1.525213725890629270e-04
1.480822463822493561e-04
1.437614491201786367e-04
1.395557425902191622e-04
1.354619822517415012e-04
1.314771143391805814e-04
1.275981730624679280e-04
1.238222778982172093e-04
1.201466309735416154e-04
1.165685145332865551e-04
1.130852884938098339e-04
1.096943880732559546e-04
1.063933215038151978e-04
1.031796678145763664e-04
1.000510746893847985e-04
9.700525639336604860e-05
9.403999176559662090e-05
9.115312227872838851e-05
8.834255015952834219e-05
8.560623656990272575e-05
8.294219984685827966e-05
8.034851379871372286e-05
7.782330605478850389e-05
7.536475646910299417e-05
7.297109557202917569e-05
7.064060307519723109e-05
6.837160641893337912e-05
6.616247936863152174e-05
6.401164065455094239e-05
6.191755265313307903e-05
5.987872011058828400e-05
5.789368890685227563e-05
5.596104485590095063e-05
5.407941254603924951e-05
5.224745421368212471e-05
5.046386865351849458e-05
4.872739016199884894e-05
4.703678751227809406e-05
4.539086296264440183e-05
4.378845129299756853e-05
4.222841887299939244e-05
4.070966275686485034e-05
3.923110980665675941e-05
3.779171584213475942e-05
3.639046481620310773e-05
3.502636801528198520e-05
3.369846328348402603e-05
3.240581427150605604e-05
3.114750970595964798e-05
2.992266268281018254e-05
2.873040998028352186e-05
2.756991139320612316e-05
2.644034908685908062e-05
2.534092697056122129e-05
2.427087008857872077e-05
2.322942403102034608e-05
2.221585436011379021e-05
2.122944605515391633e-05
2.026950297255180708e-05
1.933534732258859442e-05
1.842631916087005459e-05
1.754177589559840488e-05
1.668109180790599224e-05
1.584365758741272529e-05
1.502887988102726470e-05
1.423618085411507405e-05
1.346499776562158251e-05
1.271478255434825234e-05
1.198500143823015997e-05
1.127513452406083235e-05
1.058467542976699106e-05
9.913130916143207783e-06
9.260020530623892283e-06
8.624876259936185453e-06
8.007242193370528872e-06
7.406674195843684043e-06
6.822739589897592614e-06
6.255016846519928044e-06
5.703095285917079419e-06
5.166574784898801712e-06
4.645065494688360154e-06
4.138187564611549983e-06
3.645570875390707285e-06
3.166854778950092061e-06
2.701687845378755188e-06
2.249727617995075619e-06
1.810640374225944768e-06
1.384100893714714724e-06
9.697922330685629803e-07
5.674055061289736042e-07
1.766396714652821031e-07
-2.027986753694168770e-07
-5.711955028283169288e-07
-9.288295394096306473e-07
-1.275972464080582057e-06
-1.612889091510160926e-06
-1.939837551877361380e-06
-2.257069466173387587e-06
-2.564830116430601026e-06
-2.863358611311699524e-06
-3.152888047200910571e-06
-3.433645664684155380e-06
-3.705853001163279618e-06
-3.969726038852607363e-06
-4.225475349136071474e-06
-4.473306232622762090e-06
-4.713418855815085351e-06
-4.946008383348642335e-06
-5.171265107839494879e-06
-5.389374575004102402e-06
-5.600517705997124808e-06
-5.804870916485647247e-06
-6.002606232392222502e-06
-6.193891402290168124e-06
-6.378890007340002299e-06
-6.557761567673592098e-06
-6.730661646539676654e-06
-6.897741950852708032e-06
-7.059150429988112815e-06
-7.215031371302327167e-06
-7.365525493317152086e-06
-7.510770036359065194e-06
-7.650898850968337962e-06
-7.786042483662685250e-06
-7.916328260794052243e-06
-8.041880369886249169e-06
-8.162819938946221478e-06
-8.279265113675549911e-06
-8.391331132656947196e-06
-8.499130400633717679e-06
-8.602772559586512841e-06
-8.702364558392709326e-06
-8.798010720147635523e-06
-8.889812808258870926e-06
-8.977870090353265862e-06
-9.062279400770295425e-06
-9.143135201364678040e-06
-9.220529640803189686e-06
-9.294552612094667329e-06
-9.365291808774827486e-06
-9.432832779929372309e-06
-9.497258983082032256e-06
-9.558651836533157102e-06
-9.617090769548025740e-06
-9.672653271989475250e-06
-9.725414942140952508e-06
-9.775449533681838271e-06
-9.822829000941618951e-06
-9.867623543620735959e-06
-9.909901649940766597e-06
-9.949730138858326923e-06
-9.987174200995179297e-06
-1.002229743899754983e-05
-1.005516190614572141e-05
-1.008582814480564828e-05
-1.011435522307400694e-05
-1.014080077125709303e-05
-1.016522101683594835e-05
-1.018767081881852914e-05
-1.020820370128239711e-05
-1.022687188581137863e-05
-1.024372632339359223e-05
-1.025881672534426843e-05
-1.027219159353329447e-05
-1.028389824962416314e-05
-1.029398286408053645e-05
-1.030249048386537156e-05
-1.030946505989606909e-05
-1.031494947339793302e-05
-1.031898556214838381e-05
-1.032161414535540862e-05
-1.032287504872200495e-05
-1.032280712808042249e-05
-1.032144829310021049e-05
-1.031883553000469439e-05
-1.031500492379478424e-05
-1.030999168011714790e-05
-1.030383014634565319e-05
-1.029655383231795419e-05
-1.028819543034601440e-05
-1.027878683501811078e-05
-1.026835916226685318e-05
-1.025694276810191599e-05
-1.024456726681833100e-05
-1.023126154884048162e-05
-1.021705379790882144e-05
-1.020197150821210498e-05
-1.018604150071077134e-05
-1.016928993940162514e-05
-1.015174234675100039e-05
-1.013342361939443493e-05
-1.011435804270855761e-05
-1.009456930569546129e-05
-1.007408051501711216e-05
-1.005291420887938008e-05
-1.003109237069046361e-05
-1.000863644218631086e-05
-9.985567336301942514e-06
-9.961905449869739399e-06
-9.937670675696004625e-06
-9.912882414760802814e-06
-9.887559587601274849e-06
-9.861720646124789652e-06
-9.835383584337536330e-06
-9.808565949444740187e-06
-9.781284852407579926e-06
-9.753556978147410512e-06
-9.725398595848619624e-06
-9.696825568616070415e-06
-9.667853363246980118e-06
-9.638497059450450158e-06
-9.608771359171081373e-06
-9.578690595402695722e-06
-9.548268740961220847e-06
-9.517519416980886235e-06
-9.486455901272029448e-06
-9.455091136347903896e-06
-9.423437737430771574e-06
-9.391508000087884754e-06
-9.359313907914222202e-06
-9.326867139760699037e-06
-9.294179076976550853e-06
-9.261260810474587996e-06
-9.228123147500515161e-06
-9.194776618370290754e-06
-9.161231483024545762e-06
-9.127497737350658097e-06
-9.093585119472256839e-06
-9.059503115752529280e-06
-9.025260966747370074e-06
-8.990867673124007016e-06
-8.956332001139230672e-06
-8.921662488223816535e-06
-8.886867448457037871e-06
-8.851954977722116511e-06
-8.816932958927262785e-06
-8.781809067007713396e-06
-8.746590773785466064e-06
-8.711285352854669103e-06
-8.675899884140905011e-06
-8.640441258533613659e-06
-8.604916182404171110e-06
-8.569331181814591355e-06
-8.533692606909237983e-06
-8.498006635986142255e-06
-8.462279279591457029e-06
-8.426516384467687393e-06
-8.390723637456801547e-06
-8.354906569178163054e-06
-8.319070557872772930e-06
-8.283220832852938382e-06
-8.247362478174543484e-06
-8.211500435927463867e-06
-8.175639509715669338e-06
-8.139784367882201880e-06
-8.103939546700949958e-06
-8.068109453534939610e-06
-8.032298369895249940e-06
-7.996510454388359128e-06
-7.960749745714593628e-06
-7.925020165423788925e-06
-7.889325520770989968e-06
-7.853669507398962159e-06
-7.818055711963434453e-06
-7.782487614831997043e-06
-7.746968592516688509e-06
-7.711501920157542162e-06
-7.676090774041760277e-06
-7.640738233849652452e-06
-7.605447285004491350e-06
-7.570220820976842114e-06
-7.535061645385232028e-06
-7.499972474239888279e-06
-7.464955938016128075e-06
-7.430014583675100585e-06
-7.395150876763571446e-06
-7.360367203222914941e-06
-7.325665871442575968e-06
-7.291049114099156448e-06
-7.256519089940541998e-06
-7.222077885596339139e-06
-7.187727517333713611e-06
-7.153469932753584861e-06
-7.119307012465294033e-06
-7.085240571684804375e-06
-7.051272361867391117e-06
-7.017404072253009045e-06
-6.983637331332036424e-06
-6.949973708371314124e-06
-6.916414714914626367e-06
-6.882961806074144757e-06
-6.849616382032304095e-06
-6.816379789311964700e-06
-6.783253322161107998e-06
-6.750238223762539325e-06
-6.717335687593415621e-06
-6.684546858581308180e-06
-6.651872834346663616e-06
-6.619314666343223610e-06
-6.586873361043834613e-06
-6.554549881031887916e-06
-6.522345146143460570e-06
-6.490260034477011694e-06
-6.458295383505976343e-06
-6.426451991031252365e-06
