-1.106630267387819229e-08
3.682696770790964969e-02
3.316620195493279188e-02
3.116376247208680131e-02
3.002280148278971966e-02
2.929208256780315919e-02
2.875442427429267256e-02
2.830480257415396439e-02
2.789111908836505380e-02
2.748700295930191217e-02
2.707905899396133992e-02
2.666068834077690852e-02
2.622898249526287029e-02
2.578310104235226330e-02
2.532339011184151639e-02
2.485088345858256498e-02
2.436700823309354003e-02
2.387340434773716630e-02
2.337180941277728144e-02
2.286398315769377909e-02
2.235165671503281520e-02
2.183649827811532176e-02
2.132009000684811917e-02
2.080391294754478301e-02
2.028933782791921339e-02
1.977762024419741152e-02
1.926989916591967736e-02
1.876719795043247166e-02
1.827042724162796991e-02
1.778038925883482918e-02
1.729778308078450469e-02
1.682321060693721046e-02
1.635718294072648071e-02
1.590012699040528610e-02
1.545239212548249648e-02
1.501425676220869733e-02
1.458593478102619689e-02
1.416758170353953419e-02
1.375930057689226348e-02
1.336114753019813917e-02
1.297313698125932002e-02
1.259524648275679552e-02
1.222742120576971250e-02
1.186957806517894946e-02
1.152160949671106327e-02
1.118338689905819423e-02
1.085476375727987761e-02
1.053557846538505371e-02
1.022565686707911474e-02
9.924814534118558962e-03
9.632858801695388246e-03
9.349590580004344537e-03
9.074805960493290830e-03
8.808297634547259877e-03
8.549856141463937562e-03
8.299270961575922270e-03
8.056331469336710030e-03
7.820827760179662955e-03
7.592551363871390818e-03
7.371295856138270451e-03
7.156857379288634330e-03
6.949035081701531065e-03
6.747631485119731307e-03
6.552452787889649632e-03
6.363309111513808757e-03
6.180014697168995444e-03
6.002388058185842423e-03
5.830252093886432660e-03
5.663434169622608670e-03
5.501766167330740358e-03
5.345084510512906201e-03
5.193230167063720565e-03
5.046048633048424471e-03
4.903389900166319273e-03
4.765108409316288866e-03
4.631062992439031155e-03
4.501116804517825074e-03
4.375137247433121164e-03
4.252995887145910418e-03
4.134568365506159984e-03
4.019734307837036745e-03
3.908377227278207744e-03
3.800384426764229391e-03
3.695646899407460315e-03
3.594059227915359037e-03
3.495519483635308768e-03
3.399929125691562946e-03
3.307192900645597195e-03
3.217218743038882146e-03
3.129917677092695135e-03
3.045203719850730906e-03
2.962993785949807109e-03
2.883207594198422714e-03
2.805767576104077014e-03
2.730598786456522615e-03
2.657628816058594384e-03
2.586787706655131226e-03
2.518007868122943815e-03
2.451223997935845708e-03
2.386373002923750444e-03
2.323393923330987609e-03
2.262227859157498952e-03
2.202817898778760327e-03
2.145109049801239166e-03
2.089048172142393689e-03
2.034583913283734627e-03
1.981666645660120404e-03
1.930248406147454287e-03
1.880282837595546788e-03
1.831725132355891197e-03
1.784531977758694980e-03
1.738661503483076480e-03
1.694073230769805325e-03
1.650728023423866323e-03
1.608588040550709697e-03
1.567616690974774334e-03
1.527778589288654150e-03
1.489039513480956700e-03
1.451366364084179413e-03
1.414727124805464529e-03
1.379090824575989437e-03
1.344427500980130245e-03
1.310708165015080431e-03
1.277904767126495202e-03
1.245990164488961285e-03
1.214938089474369145e-03
1.184723119271930162e-03
1.155320646617544493e-03
1.126706851589698820e-03
1.098858674436036399e-03
1.071753789391149828e-03
1.045370579448204372e-03
1.019688112050640832e-03
9.946861156687435146e-04
9.703449572291180649e-04
9.466456203641838247e-04
9.235696844494641804e-04
9.010993044055096287e-04
8.792171912259552722e-04
8.579065932135822824e-04
8.371512778905127470e-04
8.169355145646510583e-04
7.972440575183221490e-04
7.780621298053254972e-04
7.593754076250008780e-04
7.411700052590418798e-04
7.234324605432221377e-04
7.061497208586687549e-04
6.893091296208266961e-04
6.728984132473082337e-04
6.569056685896434468e-04
6.413193508060612870e-04
6.261282616623726430e-04
6.113215382477443999e-04
5.968886420818062975e-04
5.828193486059029789e-04
5.691037370419148615e-04
5.557321806024050721e-04
5.426953370416988517e-04
5.299841395370466848e-04
5.175897878809984469e-04
5.055037399815647675e-04
4.937177036527876919e-04
4.822236286891444664e-04
4.710136992070738026e-04
4.600803262562624301e-04
4.494161406721213664e-04
4.390139861809683013e-04
4.288669127338033834e-04
4.189681700658536294e-04
4.093112014743868006e-04
3.998896378067269271e-04
3.906972916473635572e-04
3.817281517028989018e-04
3.729763773720106627e-04
3.644362934966454358e-04
3.561023852892278361e-04
3.479692934256194158e-04
3.400318093021761348e-04
3.322848704479964155e-04
3.247235560884923801e-04
3.173430828542168555e-04
3.101388006298878581e-04
3.031061885394198971e-04
2.962408510620509884e-04
2.895385142719044042e-04
2.829950222030430847e-04
2.766063333289329649e-04
2.703685171570960073e-04
2.642777509318209477e-04
2.583303164438105828e-04
2.525225969413848106e-04
2.468510741392415924e-04
2.413123253238586008e-04
2.359030205497249612e-04
2.306199199251283104e-04
2.254598709819804244e-04
2.204198061309544342e-04
2.154967401943506348e-04
2.106877680175811833e-04
2.059900621547767390e-04
2.014008706261654973e-04
1.969175147465777854e-04
1.925373870195358885e-04
1.882579490984706018e-04
1.840767298090175037e-04
1.799913232334528397e-04
1.759993868535621034e-04
1.720986397506865130e-04
1.682868608601833442e-04
1.645618872801499319e-04
1.609216126309726848e-04
1.573639854642304729e-04
1.538870077214990440e-04
1.504887332368408728e-04
1.471672662883373504e-04
1.439207601894447225e-04
1.407474159249957652e-04
1.376454808269366305e-04
1.346132472903993193e-04
1.316490515269180535e-04
1.287512723565061642e-04
1.259183300334841668e-04
1.231486851081440789e-04
1.204408373233788242e-04
1.177933245400285066e-04
1.152047216982237282e-04
1.126736398064456270e-04
1.101987249605832007e-04
1.077786573924060387e-04
1.054121505456177469e-04
1.030979501777560891e-04
1.008348334890658420e-04
9.862160827700645839e-05
9.645711211394078629e-05
9.434021154932954875e-05
9.226980133507699602e-05
9.024480367202434130e-05
8.826416747961549699e-05
8.632686768507811137e-05
8.443190453292961483e-05
8.257830291558762722e-05
8.076511172148754701e-05
7.899140320172151186e-05
7.725627235575888380e-05
7.555883633318908764e-05
7.389823385334730712e-05
7.227362464061178136e-05
7.068418887528740203e-05
6.912912666133294690e-05
6.760765750682541208e-05
6.611901982033572948e-05
6.466247042170615849e-05
6.323728406428731521e-05
6.184275297309180458e-05
6.047818639370386304e-05
5.914291015464266275e-05
5.783626624135082447e-05
5.655761238211280001e-05
5.530632164500696329e-05
5.408178204689216263e-05
5.288339617140725243e-05
5.171058079868485330e-05
5.056276654503857290e-05
4.943939751168732960e-05
4.833993094380218888e-05
4.726383689840739100e-05
4.621059792120459293e-05
4.517970873232549480e-05
4.417067592025964221e-05
4.318301764431984620e-05
4.221626334504321104e-05
4.126995346163785653e-05
4.034363915848356204e-05
3.943688205707551866e-05
3.854925397677632970e-05
3.768033668113315979e-05
3.682972163177257636e-05
3.599700974866100635e-05
3.518181117602846189e-05
3.438374505566618256e-05
3.360243930497174139e-05
3.283753040154067883e-05
3.208866317351728308e-05
3.135549059456540664e-05
3.063767358535617817e-05
2.993488081914147598e-05
2.924678853345107711e-05
2.857308034573026462e-05
2.791344707408595154e-05
2.726758656314112850e-05
2.663520351373099187e-05
2.601600931729265777e-05
2.540972189440105826e-05
2.481606553792728605e-05
2.423477075931892310e-05
2.366557413961908150e-05
2.310821818416430152e-05
2.256245118037239201e-05
2.202802706015005968e-05
2.150470526497618657e-05
2.099225061478243436e-05
2.049043318005525367e-05
1.999902815735477365e-05
1.951781574763832253e-05
1.904658103813540831e-05
1.858511388650126555e-05
1.813320880875374927e-05
1.769066486927214430e-05
1.725728557398660535e-05
1.683287876597413973e-05
1.641725652405186698e-05
1.601023506332572850e-05
1.561163463874445326e-05
1.522127945083249538e-05
1.483899755368990119e-05
1.446462076538851052e-05
1.409798458051276063e-05
1.373892808500888198e-05
1.338729387289127806e-05
1.304292796523339717e-05
1.270567973091707507e-05
1.237540180974423726e-05
1.205195003667337975e-05
1.173518336893773378e-05
1.142496381386461630e-05
1.112115635942320065e-05
1.082362890575660047e-05
1.053225219866650012e-05
1.024689976471754584e-05
9.967447848006190530e-06
9.693775348143077614e-06
9.425763760081638166e-06
9.163297115093755344e-06
8.906261923532000866e-06
8.654547118506158862e-06
8.408044001335090108e-06
8.166646188211576255e-06
7.930249557746424905e-06
7.698752200385708438e-06
7.472054368688000459e-06
7.250058428624071661e-06
7.032668812578320606e-06
6.819791972922121158e-06
6.611336336754271203e-06
6.407212262432130002e-06
6.207331995768442658e-06
6.011609628712037021e-06
5.819961058043549514e-06
5.632303945339556523e-06
5.448557678069083816e-06
5.268643331187573329e-06
5.092483629960386032e-06
4.920002913675982468e-06
4.751127099901095109e-06
4.585783649881757567e-06
4.423901534553894287e-06
4.265411201548092295e-06
4.110244542574481517e-06
3.958334862233429903e-06
3.809616846699192065e-06
3.664026533819641163e-06
3.521501283779250164e-06
3.381979749837739403e-06
3.245401850830758504e-06
3.111708743220729006e-06
2.980842794450183532e-06
2.852747556791453980e-06
2.727367741602007605e-06
2.604649194299992767e-06
2.484538869972751654e-06
2.366984809433279175e-06
2.251936115898137644e-06
2.139342932013740449e-06
2.029156417764225490e-06
1.921328728615873161e-06
1.815812994021038988e-06
1.712563296816522578e-06
1.611534652781268746e-06
1.512682990748909749e-06
1.415965133176523062e-06
1.321338777073886375e-06
1.228762475469781550e-06
1.138195619317908886e-06
1.049598419592893798e-06
9.629318900297947885e-07
8.781578301339575589e-07
7.952388086447119113e-07
7.141381470793458801e-07
6.348199042620989255e-07
5.572488605023174683e-07
4.813905024651371506e-07
4.072110085435840376e-07
3.346772341645993614e-07
2.637566976298622857e-07
1.944175663560328838e-07
1.266286432517348209e-07
6.035935344306804685e-08
-4.420268683596633407e-09
-6.773959211128204915e-08
-1.296274016625558670e-07
-1.901119101348075101e-07
-2.492207701072723204e-07
-3.069810855781320464e-07
-3.634194233464013029e-07
-4.185618240797862780e-07
-4.724338131616584783e-07
-5.250604113996097362e-07
-5.764661453229018950e-07
-6.266750574135185334e-07
-6.757107160528458134e-07
-7.235962252128832144e-07
-7.703542340667066694e-07
-8.160069461879599977e-07
-8.605761287773138545e-07
-9.040831214939284419e-07
-9.465488453033990569e-07
-9.879938108556511882e-07
-1.028438126969195210e-06
-1.067901508804127490e-06
-1.106403285827907220e-06
-1.143962409577827544e-06
-1.180597461484031656e-06
-1.216326660269194106e-06
-1.251167869310345247e-06
-1.285138603779103175e-06
-1.318256037806073846e-06
-1.350537011215667220e-06
-1.381998036342272603e-06
-1.412655304627965991e-06
-1.442524693013256125e-06
-1.471621770355054619e-06
-1.499961803533693300e-06
-1.527559763526757973e-06
-1.554430331371495005e-06
-1.580587903911460825e-06
-1.606046599515158566e-06
-1.630820263626019647e-06
-1.654922474210035398e-06
-1.678366547130546605e-06
-1.701165541215109262e-06
-1.723332263630179930e-06
-1.744879274596783421e-06
-1.765818892493240225e-06
-1.786163198567922523e-06
-1.805924041652929003e-06
-1.825113042789469845e-06
-1.843741599665072107e-06
-1.861820891115904793e-06
-1.879361881362813920e-06
-1.896375324335035223e-06
-1.912871767691896010e-06
-1.928861556981332729e-06
-1.944354839639831901e-06
-1.959361568718253195e-06
-1.973891506892171080e-06
-1.987954230087153392e-06
-2.001559131145937962e-06
-2.014715423425168292e-06
-2.027432144335887089e-06
-2.039718158705955102e-06
-2.051582162231980578e-06
-2.063032684729601530e-06
-2.074078093358985499e-06
-2.084726595838474676e-06
-2.094986243474814084e-06
-2.104864934254263218e-06
-2.114370415847628381e-06
-2.123510288455781785e-06
-2.132292007667748913e-06
-2.140722887368057638e-06
-2.148810102313136310e-06
-2.156560690978091123e-06
-2.163981558099892467e-06
-2.171079477298564124e-06
-2.177861093541626896e-06
-2.184332925723439294e-06
-2.190501368991649761e-06
-2.196372697196050232e-06
-2.201953065208991981e-06
-2.207248511180201303e-06
-2.212264958805330257e-06
-2.217008219511844192e-06
-2.221483994605622198e-06
-2.225697877373083662e-06
-2.229655355168971592e-06
-2.233361811454579435e-06
-2.236822527705168901e-06
-2.240042685429185545e-06
-2.243027368069026114e-06
-2.245781562861357530e-06
-2.248310162623071453e-06
-2.250617967602640810e-06
-2.252709687251606196e-06
-2.254589941894599160e-06
-2.256263264471674998e-06
-2.257734102128823373e-06
-2.259006817938054206e-06
-2.260085692427181533e-06
-2.260974925154532718e-06
