-7.397144221007863306e-08
1.779691488253570125e-02
1.748457640357862705e-02
1.711538376372700315e-02
1.678424523851874614e-02
1.649632490892797773e-02
1.625173412498211178e-02
1.604312564255698514e-02
1.586058540389361990e-02
1.569479703718975119e-02
1.553824048399047274e-02
1.538534404594830984e-02
1.523222030130124902e-02
1.507629860233626433e-02
1.491598258871844503e-02
1.475037261095780636e-02
1.457905567057067586e-02
1.440195245805685718e-02
1.421920847947069112e-02
1.403111759983129321e-02
1.383806874676636600e-02
1.364050887928695138e-02
1.343891726915371308e-02
1.323378761633531471e-02
1.302561558919603651e-02
1.281489013415738724e-02
1.260208742215488883e-02
1.238766665712089619e-02
1.217206721508584839e-02
1.195570674728921312e-02
1.173897999209545275e-02
1.152225811593143683e-02
1.130588845456124460e-02
1.109019456097305907e-02
1.087547649013244355e-02
1.066201126758528801e-02
1.045005350067086843e-02
1.023983609962295961e-02
1.003157108209261350e-02
9.825450439331419664e-03
9.621647045972986367e-03
9.420315598269900920e-03
9.221593568031608013e-03
9.025602161538128984e-03
8.832447274407712046e-03
8.642220434861415043e-03
8.454999729145233275e-03
8.270850703988920707e-03
8.089827241962398857e-03
7.911972406489100815e-03
7.737319254029146123e-03
7.565891611617620201e-03
7.397704818534664266e-03
7.232766431368818985e-03
7.071076892200814888e-03
6.912630159980461507e-03
6.757414305450676686e-03
6.605412070320338704e-03
6.456601391481619004e-03
6.310955891333775922e-03
6.168445335338413986e-03
6.029036058089563312e-03
5.892691359198179261e-03
5.759371870383003626e-03
5.629035895172712980e-03
5.501639722613627798e-03
5.377137916423636345e-03
5.255483580950105760e-03
5.136628605327262127e-03
5.020523887143199006e-03
4.907119536929182256e-03
4.796365064689079097e-03
4.688209549688728169e-03
4.582601794643009763e-03
4.479490465376390236e-03
4.378824217016987624e-03
4.280551807688356795e-03
4.184622200632619714e-03
4.090984655648068589e-03
3.999588810642602625e-03
3.910384754108816446e-03
3.823323089209444518e-03
3.738354990180315501e-03
3.655432251659357975e-03
3.574507331558543846e-03
3.495533387995075191e-03
3.418464310820663443e-03
3.343254748210016444e-03
3.269860128749791078e-03
3.198236679430821634e-03
3.128341439933706846e-03
3.060132273544541315e-03
2.993567875015789789e-03
2.928607775694673596e-03
2.865212346158795866e-03
2.803342796639443982e-03
2.742961175440453321e-03
2.684030365585726632e-03
2.626514079865110117e-03
2.570376854489985364e-03
2.515584041483845401e-03
2.462101799991527843e-03
2.409897086619925896e-03
2.358937644947249005e-03
2.309191994308968862e-03
2.260629417966054239e-03
2.213219950750887951e-03
2.166934366268047710e-03
2.121744163741284047e-03
2.077621554566422279e-03
2.034539448631170547e-03
1.992471440473393869e-03
1.951391795311493331e-03
1.911275435010220810e-03
1.872097924007887866e-03
1.833835455252193387e-03
1.796464836181227778e-03
1.759963474761367394e-03
1.724309365631788993e-03
1.689481076362077524e-03
1.655457733845418613e-03
1.622219010857314228e-03
1.589745112778653650e-03
1.558016764505445887e-03
1.527015197560095726e-03
1.496722137406413747e-03
1.467119790979194704e-03
1.438190834438216222e-03
1.409918401149355726e-03
1.382286069895677068e-03
1.355277853327066344e-03
1.328878186645723750e-03
1.303071916531111903e-03
1.277844290306387855e-03
1.253180945342188433e-03
1.229067898703557673e-03
1.205491537034188545e-03
1.182438606676358304e-03
1.159896204027736216e-03
1.137851766133662641e-03
1.116293061502285008e-03
1.095208181154505968e-03
1.074585529897668142e-03
1.054413817812068638e-03
1.034682051966808337e-03
1.015379528338733938e-03
9.964958239477342793e-04
9.780207891952612427e-04
9.599445404051299433e-04
9.422574525623392218e-04
9.249501522438202108e-04
9.080135107436066366e-04
8.914386373768350526e-04
8.752168729698903355e-04
8.593397835250637115e-04
8.437991540596627080e-04
8.285869826114197192e-04
8.136954744134566745e-04
7.991170362239489837e-04
7.848442708159319992e-04
7.708699716196270755e-04
7.571871175138224436e-04
7.437888677599395352e-04
7.306685570795324247e-04
7.178196908692234491e-04
7.052359405490771184e-04
6.929111390401828437e-04
6.808392763707866394e-04
6.690144954046580534e-04
6.574310876901636033e-04
6.460834894260589125e-04
6.349662775393916884e-04
6.240741658762556177e-04
6.134020014979516986e-04
6.029447610813780476e-04
5.926975474229716385e-04
5.826555860383892142e-04
5.728142218600143498e-04
5.631689160268724776e-04
5.537152427643541718e-04
5.444488863533866307e-04
5.353656381832917971e-04
5.264613938883041210e-04
5.177321505655617774e-04
5.091740040689984349e-04
5.007831463819914682e-04
4.925558630615976558e-04
4.844885307565910079e-04
4.765776147928408777e-04
4.688196668278568602e-04
4.612113225710082610e-04
4.537492995669485402e-04
4.464303950414314718e-04
4.392514838061753924e-04
4.322095162248370420e-04
4.253015162321137506e-04
4.185245794111026808e-04
4.118758711216462492e-04
4.053526246832171460e-04
3.989521396054557202e-04
3.926717798701953675e-04
3.865089722596469577e-04
3.804612047303873351e-04
3.745260248341149875e-04
3.687010381803845055e-04
3.629839069413394025e-04
3.573723483996102748e-04
3.518641335334677755e-04
3.464570856430987801e-04
3.411490790131090534e-04
3.359380376115041699e-04
3.308219338255815548e-04
3.257987872308872762e-04
3.208666633936905674e-04
3.160236727073462821e-04
3.112679692590208632e-04
3.065977497273058780e-04
3.020112523100649095e-04
2.975067556810004755e-04
2.930825779745377065e-04
2.887370757975316190e-04
2.844686432681153843e-04
2.802757110803612826e-04
2.761567455936906322e-04
2.721102479465121126e-04
2.681347531943061371e-04
2.642288294696514711e-04
2.603910771657496010e-04
2.566201281402918271e-04
2.529146449424762941e-04
2.492733200575761960e-04
2.456948751749813906e-04
2.421780604723826737e-04
2.387216539206274250e-04
2.353244606070174782e-04
2.319853120752241786e-04
2.287030656830925596e-04
2.254766039775963780e-04
2.223048340856411222e-04
2.191866871212550070e-04
2.161211176072233033e-04
2.131071029132669157e-04
2.101436427075339323e-04
2.072297584223794955e-04
2.043644927354324901e-04
2.015469090620027146e-04
1.987760910618609146e-04
1.960511421584934023e-04
1.933711850703973912e-04
1.907353613546248887e-04
1.881428309624526578e-04
1.855927718048499240e-04
1.830843793314329072e-04
1.806168661178334390e-04
1.781894614649516301e-04
1.758014110077901185e-04
1.734519763346355106e-04
1.711404346151432362e-04
1.688660782387743111e-04
1.666282144613239890e-04
1.644261650610825195e-04
1.622592660033328243e-04
1.601268671134940629e-04
1.580283317575584354e-04
1.559630365321394122e-04
1.539303709604911510e-04
1.519297371972000150e-04
1.499605497397610992e-04
1.480222351476396549e-04
1.461142317679010991e-04
1.442359894677245420e-04
1.423869693735666756e-04
1.405666436168723720e-04
1.387744950857711362e-04
1.370100171828702435e-04
1.352727135894271062e-04
1.335620980345889302e-04
1.318776940705290756e-04
1.302190348536774202e-04
1.285856629300538860e-04
1.269771300268007286e-04
1.253929968484162260e-04
1.238328328776848051e-04
1.222962161820576434e-04
1.207827332237110187e-04
1.192919786751493375e-04
1.178235552386688580e-04
1.163770734700521049e-04
1.149521516071450576e-04
1.135484154017685974e-04
1.121654979558633051e-04
1.108030395617640374e-04
1.094606875460043681e-04
1.081380961169842587e-04
1.068349262160985831e-04
1.055508453722391206e-04
1.042855275603840588e-04
1.030386530625903728e-04
1.018099083328984268e-04
1.005989858651035846e-04
9.940558406389695225e-05
9.822940711849281888e-05
9.707016487983845124e-05
9.592757274009661953e-05
9.480135151552628405e-05
9.369122733132639251e-05
9.259693151002614322e-05
9.151820046137932143e-05
9.045477557590827686e-05
8.940640312023314870e-05
8.837283413469035624e-05
8.735382433389526772e-05
8.634913400903620443e-05
8.535852793253825334e-05
8.438177526518446457e-05
8.341864946476374105e-05
8.246892819754467403e-05
8.153239325090154671e-05
8.060883044870667969e-05
7.969802956812940679e-05
7.879978425856073759e-05
7.791389196204003313e-05
7.704015383587610661e-05
7.617837467685991955e-05
7.532836284703958599e-05
7.448993020099935495e-05
7.366289201546741847e-05
7.284706691964037723e-05
7.204227682752967557e-05
7.124834687180114543e-05
7.046510533884964636e-05
6.969238360541886977e-05
6.893001607672257349e-05
6.817784012588870557e-05
6.743569603446516536e-05
6.670342693465375567e-05
6.598087875247946260e-05
6.526790015228029374e-05
6.456434248256204538e-05
6.387005972290932677e-05
6.318490843185535781e-05
6.250874769626740010e-05
6.184143908157745909e-05
6.118284658316434118e-05
6.053283657859290142e-05
5.989127778134181940e-05
5.925804119493130353e-05
5.863300006855766687e-05
5.801602985333677060e-05
5.740700815958506249e-05
5.680581471513726857e-05
5.621233132421485942e-05
5.562644182774935999e-05
5.504803206363971275e-05
5.447698982899960591e-05
5.391320484215644479e-05
5.335656870603327720e-05
5.280697487226641785e-05
5.226431860576863917e-05
5.172849695039637803e-05
5.119940869506631724e-05
5.067695434071936588e-05
5.016103606802363863e-05
4.965155770548579302e-05
4.914842469857565529e-05
4.865154407931323818e-05
4.816082443622285593e-05
4.767617588563373041e-05
4.719751004270914679e-05
4.672473999369841993e-05
4.625778026836815390e-05
4.579654681343804868e-05
4.534095696600819593e-05
4.489092942795032528e-05
4.444638424068328517e-05
4.400724276038536222e-05
4.357342763389585510e-05
4.314486277493112797e-05
4.272147334079441638e-05
4.230318570978026797e-05
4.188992745861816344e-05
4.148162734082048428e-05
4.107821526517858906e-05
4.067962227480531427e-05
4.028578052647016221e-05
3.989662327057802384e-05
3.951208483128660503e-05
3.913210058724676083e-05
3.875660695256154037e-05
3.838554135818368314e-05
3.801884223370730417e-05
3.765644898947393668e-05
3.729830199912689245e-05
3.694434258230236721e-05
3.659451298784071899e-05
3.624875637742781576e-05
3.590701680919166635e-05
3.556923922194119058e-05
3.523536941962173482e-05
3.490535405607193489e-05
3.457914061994833883e-05
3.425667742026434543e-05
3.393791357185404144e-05
3.362279898123157604e-05
3.331128433297366289e-05
3.300332107593821851e-05
3.269886141006054847e-05
3.239785827331837767e-05
3.210026532888561314e-05
3.180603695265097475e-05
3.151512822078546245e-05
3.122749489782110615e-05
3.094309342465495987e-05
3.066188090709327926e-05
3.038381510429309637e-05
3.010885441765053313e-05
2.983695787982467397e-05
2.956808514400930399e-05
2.930219647328914721e-05
2.903925273033426059e-05
2.877921536718928904e-05
2.852204641536977325e-05
2.826770847601642168e-05
2.801616471024175723e-05
2.776737882981608201e-05
2.752131508781686378e-05
2.727793826957681671e-05
2.703721368381610001e-05
2.679910715381183004e-05
2.656358500884881417e-05
2.633061407586139213e-05
2.610016167103250910e-05
2.587219559176673000e-05
2.564668410867461089e-05
2.542359595779377875e-05
2.520290033287522947e-05
2.498456687781746351e-05
2.476856567931648288e-05
2.455486725955921038e-05
2.434344256913518930e-05
2.413426297992731385e-05
2.392730027835283154e-05
2.372252665855262909e-05
2.351991471571238438e-05
2.331943743967227888e-05
2.312106820834320704e-05
2.292478078165181550e-05
2.273054929516751864e-05
2.253834825417170605e-05
2.234815252760406580e-05
2.215993734238284909e-05
2.197367827746160254e-05
2.178935125832835669e-05
2.160693255141825787e-05
2.142639875868624863e-05
2.124772681226873744e-05
2.107089396919073718e-05
2.089587780627003016e-05
2.072265621499860569e-05
2.055120739663697724e-05
2.038150985720013026e-05
2.021354240278854444e-05
2.004728413478807495e-05
1.988271444522713105e-05
1.971981301228752686e-05
1.955855979574043743e-05
1.939893503261611558e-05
1.924091923282825864e-05
1.908449317496632144e-05
1.892963790208415997e-05
1.877633471762264180e-05
1.862456518135244634e-05
1.847431110544068438e-05
1.832555455054889177e-05
1.817827782193583079e-05
1.803246346579193818e-05
1.788809426552722691e-05
1.774515323803867292e-05
1.760362363025768168e-05
1.746348891554871079e-05
1.732473279031798724e-05
1.718733917054484649e-05
1.705129218852683559e-05
1.691657618955199515e-05
1.678317572865158235e-05
1.665107556748661504e-05
1.652026067115377480e-05
1.639071620519872818e-05
1.626242753255379423e-05
1.613538021059361734e-05
1.600955998816713666e-05
1.588495280277974809e-05
1.576154477781948479e-05
1.563932221966666972e-05
1.551827161505420184e-05
1.539837962837789447e-05
1.527963309901573798e-05
1.516201903876217431e-05
1.504552462931962076e-05
1.493013721969495158e-05
