5.489468906517130127e+11
1.207070929194102860e-01
9.985191629680434389e-02
8.979342477797747080e-02
8.291300955147296037e-02
7.751752564568858972e-02
7.296715804390441207e-02
6.899083202425071448e-02
6.545543102262119106e-02
6.228276816783129277e-02
5.941891908677821021e-02
5.682240388019099697e-02
5.445930038165114340e-02
5.230098533095928204e-02
5.032292302635177350e-02
4.850390704319629265e-02
4.682552249237836861e-02
4.527173184699861963e-02
4.382853992275670407e-02
4.248371513678961264e-02
4.122655373207617657e-02
4.004767834078881705e-02
3.893886480929165117e-02
3.789289273160090232e-02
3.690341612282344030e-02
3.596485134305860143e-02
3.507227987492989030e-02
3.422136393264807452e-02
3.340827317641892336e-02
3.262962104738109659e-02
3.188240943970654939e-02
3.116398059815761457e-02
3.047197527624856406e-02
2.980429631855985306e-02
2.915907694126085303e-02
2.853465308219060859e-02
2.792953927583630147e-02
2.734240758228656532e-02
2.677206916294005978e-02
2.621745815137632718e-02
2.567761751566033368e-02
2.515168665010580895e-02
2.463889047036893487e-02
2.413852981680197907e-02
2.364997299751170345e-02
2.317264832598908697e-02
2.270603752735711467e-02
2.224966990480847784e-02
2.180311717222860324e-02
2.136598887138907443e-02
2.093792830320806431e-02
2.051860891159806854e-02
2.010773106657026688e-02
1.970501919996947571e-02
1.931021925325948629e-02
1.892309640188249986e-02
1.854343302501626489e-02
1.817102689336191901e-02
1.780568955113581708e-02
1.744724487082338626e-02
1.709552776231260118e-02
1.675038301963827081e-02
1.641166429087159706e-02
1.607923315802395337e-02
1.575295831560330484e-02
1.543271483724795168e-02
1.511838352160621568e-02
1.480985030898218646e-02
1.450700576159325017e-02
1.420974460077362167e-02
1.391796529527500326e-02
1.363156969545142871e-02
1.335046270847350947e-02
1.307455201030949254e-02
1.280374779082293912e-02
1.253796252827399371e-02
1.227711079030746610e-02
1.202110905853759348e-02
1.176987557427922049e-02
1.152333020305462696e-02
1.128139431596397735e-02
1.104399068590211641e-02
1.081104339719862750e-02
1.058247776691834119e-02
1.035822027670296741e-02
1.013819851381736470e-02
9.922341120361277689e-03
9.710577749679982773e-03
9.502839029021048489e-03
9.299056527779736570e-03
9.099162730523913112e-03
8.903091014198727393e-03
8.710775628999023468e-03
8.522151682298417796e-03
8.337155125317519122e-03
8.155722742027249339e-03
7.977792139996386922e-03
7.803301742881352254e-03
7.632190784164105679e-03
7.464399302101076827e-03
7.299868135460574337e-03
7.138538919999160015e-03
6.980354085438955636e-03
6.825256852878158753e-03
6.673191232401620709e-03
6.524102020901700882e-03
6.377934799929096954e-03
6.234635933562771015e-03
6.094152566176624930e-03
5.956432620110696519e-03
5.821424793126306341e-03
5.689078555689786043e-03
5.559344147979761175e-03
5.432172576664617836e-03
5.307515611398416766e-03
5.185325780979965771e-03
5.065556369317825158e-03
4.948161410958551443e-03
4.833095686455735063e-03
4.720314717328255583e-03
4.609774760807816563e-03
4.501432804235871998e-03
4.395246559259602392e-03
4.291174455692603473e-03
4.189175635165742762e-03
4.089209944517335771e-03
3.991237928973045967e-03
3.895220825095524475e-03
3.801120553522663315e-03
3.708899711564406232e-03
3.618521565568855181e-03
3.529950043185126063e-03
3.443149725432803621e-03
3.358085838671698298e-03
3.274724246450144705e-03
3.193031441240723467e-03
3.112974536082058208e-03
3.034521256166655689e-03
2.957639930329047928e-03
2.882299482506400778e-03
2.808469423139170473e-03
2.736119840542894366e-03
2.665221392262884237e-03
2.595745296409823766e-03
2.527663323000250983e-03
2.460947785289047118e-03
2.395571531130569198e-03
2.331507934345777855e-03
2.268730886138214942e-03
2.207214786528188810e-03
2.146934535843136871e-03
2.087865526245069603e-03
2.029983633322407499e-03
1.973265207731333959e-03
1.917687066921525130e-03
1.863226486908287072e-03
1.809861194137507567e-03
1.757569357398569565e-03
1.706329579873822055e-03
1.656120891209145185e-03
1.606922739711746928e-03
1.558714984634113065e-03
1.511477888526790991e-03
1.465192109715962587e-03
1.419838694865616091e-03
1.375399071606331347e-03
1.331855041348584123e-03
1.289188772082949797e-03
1.247382791377482647e-03
1.206419979425721323e-03
1.166283562212599989e-03
1.126957104792492004e-03
1.088424504647633739e-03
1.050669985182439703e-03
1.013678089291758511e-03
9.774336730488109026e-04
9.419218995092570879e-04
9.071282325812113356e-04
8.730384310389194269e-04
8.396385426197028323e-04
8.069148982234874978e-04
7.748541062146951930e-04
7.434430468327146713e-04
7.126688666856395571e-04
6.825189733716818807e-04
6.529810301645344595e-04
6.240429508170830530e-04
5.956928944621520117e-04
5.679192606018457212e-04
5.407106841843756229e-04
5.140560307994590517e-04
4.879443919312276279e-04
4.623650803303736012e-04
4.373076254564622900e-04
4.127617690234952619e-04
3.887174606245213937e-04
3.651648534388485245e-04
3.420943000327358874e-04
3.194963482371360186e-04
2.973617371102577067e-04
2.756813929771784188e-04
2.544464255525014096e-04
2.336481241396182185e-04
2.132779539112394929e-04
1.933275522492117204e-04
1.737887251880287920e-04
1.546534438943147904e-04
1.359138412584393052e-04
1.175622085163308128e-04
9.959099197098808531e-05
8.199278976261936691e-05
6.476034872560099132e-05
4.788656128185131422e-05
3.136446242923973671e-05
1.518722677218420358e-05
-6.518343820260952270e-07
-1.615927585540966049e-05
-3.134152139017132299e-05
-4.620486636186527107e-05
-6.075548045858525370e-05
-7.499941026756218321e-05
-8.894258185909720282e-05
-1.025908032667999237e-04
-1.159497669382947294e-04
-1.290250521419622487e-04
-1.418221273008501981e-04
-1.543463522948318456e-04
-1.666029807121383044e-04
-1.785971620373860702e-04
-1.903339438187323651e-04
-2.018182737633100743e-04
-2.130550018120125344e-04
-2.240488821494412974e-04
-2.348045751816574267e-04
-2.453266494752970317e-04
-2.556195836456165438e-04
-2.656877682121194795e-04
-2.755355074111065505e-04
-2.851670209669254774e-04
-2.945864458399061192e-04
-3.037978379119010697e-04
-3.128051736653869597e-04
-3.216123517955082889e-04
-3.302231948196787670e-04
-3.386414506263424329e-04
-3.468707940075255181e-04
-3.549148281567493513e-04
-3.627770861169832273e-04
-3.704610322261547850e-04
-3.779700635200278214e-04
-3.853075110844539353e-04
-3.924766414222791155e-04
-3.994806577458653862e-04
-4.063227012776060576e-04
-4.130058524987045843e-04
-4.195331323888495945e-04
-4.259075036237014444e-04
-4.321318717608324533e-04
-4.382090863952470272e-04
-4.441419422842596276e-04
-4.499331804592721085e-04
-4.555854893102395664e-04
-4.611015056394940359e-04
-4.664838157060202661e-04
-4.717349562413097885e-04
-4.768574154379034979e-04
-4.818536339319390294e-04
-4.867260057490607750e-04
-4.914768792416701615e-04
-4.961085580013069318e-04
-5.006233017545991260e-04
-5.050233272341220214e-04
-5.093108090412634681e-04
-5.134878804826659149e-04
-5.175566343913473588e-04
-5.215191239325012162e-04
-5.253773633917546704e-04
-5.291333289454414057e-04
-5.327889594128887296e-04
-5.363461570022654001e-04
-5.398067880271195662e-04
-5.431726836222505739e-04
-5.464456404324913308e-04
-5.496274212941631987e-04
-5.527197559018759421e-04
-5.557243414600065989e-04
-5.586428433175250063e-04
-5.614768955977122999e-04
-5.642281018085615329e-04
-5.668980354398556187e-04
-5.694882405569146044e-04
-5.720002323661432797e-04
-5.744354977856858113e-04
-5.767954959947640958e-04
-5.790816589721359264e-04
-5.812953920285579557e-04
-5.834380743214850895e-04
-5.855110593646628558e-04
-5.875156755255073193e-04
-5.894532265122709447e-04
-5.913249918507723635e-04
-5.931322273500239106e-04
-5.948761655629741796e-04
-5.965580162332617675e-04
-5.981789667364179053e-04
-5.997401825070802772e-04
-6.012428074653186627e-04
-6.026879644249749646e-04
-6.040767555015591483e-04
-6.054102625077106836e-04
-6.066895473431088703e-04
-6.079156523735029793e-04
-6.090896008030810549e-04
-6.102123970448403156e-04
-6.112850270716396750e-04
-6.123084587752458674e-04
-6.132836423002885340e-04
-6.142115103926482078e-04
-6.150929787200887233e-04
-6.159289462015493655e-04
-6.167202953240025209e-04
-6.174678924495413668e-04
-6.181725881242439158e-04
-6.188352173741584750e-04
-6.194565999988466132e-04
-6.200375408609293260e-04
-6.205788301605341672e-04
-6.210812437177359868e-04
-6.215455432383443224e-04
-6.219724765810230593e-04
-6.223627780155283062e-04
-6.227171684773935567e-04
-6.230363558186180484e-04
-6.233210350501394714e-04
-6.235718885805319189e-04
-6.237895864553699710e-04
-6.239747865846023700e-04
-6.241281349677052503e-04
-6.242502659150606092e-04
-6.243418022682245550e-04
-6.244033556093153692e-04
-6.244355264712897480e-04
-6.244389045426679274e-04
-6.244140688642652037e-04
-6.243615880336950141e-04
-6.242820203905541376e-04
-6.241759142100455904e-04
-6.240438078874976924e-04
-6.238862301175540637e-04
-6.237037000789147356e-04
-6.234967275995373370e-04
-6.232658133389357147e-04
-6.230114489482740936e-04
-6.227341172388989321e-04
-6.224342923433212604e-04
-6.221124398748667517e-04
-6.217690170817746775e-04
-6.214044730004086858e-04
-6.210192486064691764e-04
-6.206137769575459373e-04
-6.201884833438864320e-04
-6.197437854240650523e-04
-6.192800933657593987e-04
-6.187978099805313548e-04
-6.182973308610506535e-04
-6.177790445043296330e-04
-6.172433324487247575e-04
-6.166905693953950163e-04
-6.161211233297603229e-04
-6.155353556498432965e-04
-6.149336212755152076e-04
-6.143162687737291350e-04
-6.136836404679879564e-04
-6.130360725529193644e-04
-6.123738952037438565e-04
-6.116974326835222797e-04
-6.110070034515135973e-04
-6.103029202639831396e-04
-6.095854902796737917e-04
-6.088550151586158421e-04
-6.081117911587163860e-04
-6.073561092352353086e-04
-6.065882551349321972e-04
-6.058085094877707633e-04
-6.050171478977350858e-04
-6.042144410336458549e-04
-6.034006547177561686e-04
-6.025760500101284833e-04
-6.017408832945658759e-04
-6.008954063601024131e-04
-6.000398664840478347e-04
-5.991745065119236102e-04
-5.982995649354005963e-04
-5.974152759686823799e-04
-5.965218696259988462e-04
-5.956195717962131653e-04
-5.947086043101013075e-04
-5.937891850216203693e-04
-5.928615278685267498e-04
-5.919258429480933614e-04
-5.909823365810584761e-04
-5.900312113804595526e-04
-5.890726663144718600e-04
-5.881068967723557250e-04
-5.871340946275172001e-04
-5.861544482963498837e-04
-5.851681428030719445e-04
-5.841753598370136302e-04
-5.831762778090165966e-04
-5.821710719129402634e-04
-5.811599141800627422e-04
-5.801429735328156312e-04
-5.791204158420715231e-04
-5.780924039779922197e-04
-5.770590978630973922e-04
-5.760206545262214206e-04
-5.749772281471443591e-04
-5.739289701134353550e-04
-5.728760290628631680e-04
-5.718185509340223405e-04
-5.707566790147389213e-04
-5.696905539851471190e-04
-5.686203139647627580e-04
-5.675460945562260662e-04
-5.664680288886003723e-04
-5.653862476633353396e-04
-5.643008791911263700e-04
-5.632120494380998821e-04
-5.621198820640049831e-04
-5.610244984612933195e-04
-5.599260177973075514e-04
-5.588245570511407578e-04
-5.577202310504958405e-04
-5.566131525107653744e-04
-5.555034320687823879e-04
-5.543911783227883916e-04
-5.532764978637416675e-04
-5.521594953115105398e-04
-5.510402733492902883e-04
-5.499189327564657503e-04
-5.487955724405857438e-04
-5.476702894715579362e-04
-5.465431791116248661e-04
-5.454143348471163222e-04
-5.442838484177592306e-04
-5.431518098493182123e-04
-5.420183074804629797e-04
-5.408834279929664035e-04
-5.397472564405703110e-04
-5.386098762756308389e-04
-5.374713693770960532e-04
-5.363318160784835698e-04
-5.351912951931936391e-04
-5.340498840404883651e-04
-5.329076584723591026e-04
-5.317646928968411402e-04
-5.306210603053251873e-04
-5.294768322940957006e-04
-5.283320790889778351e-04
-5.271868695708725738e-04
-5.260412712952966530e-04
-5.248953505176956469e-04
-5.237491722149822948e-04
-5.226028001066307382e-04
-5.214562966777691599e-04
-5.203097231984976645e-04
-5.191631397456486496e-04
-5.180166052229928653e-04
-5.168701773807793387e-04
-5.157239128372737014e-04
-5.145778670958556233e-04
-5.134320945647807832e-04
-5.122866485758326149e-04
-5.111415814045283668e-04
-5.099969442845520007e-04
-5.088527874284043406e-04
-5.077091600449445963e-04
-5.065661103536012178e-04
-5.054236856045779547e-04
-5.042819320935088001e-04
-5.031408951783333805e-04
-5.020006192959503011e-04
-5.008611479762059560e-04
-4.997225238583258289e-04
-4.985847887075678386e-04
-4.974479834269907030e-04
-4.963121480752175074e-04
-4.951773218795363363e-04
-4.940435432490009049e-04
-4.929108497906398156e-04
-4.917792783214469665e-04
-4.906488648828144505e-04
-4.895196447538552320e-04
-4.883916524629494660e-04
-4.872649218021773976e-04
-4.861394858397538599e-04
-4.850153769313525487e-04
-4.838926267329846098e-04
-4.827712662134331367e-04
-4.816513256651333563e-04
