7.053419354229345703e+11
4.751188686628848856e-01
4.628962079904819227e-01
4.504100746894788010e-01
4.395943834447595400e-01
4.298407092726148626e-01
4.203777915390638498e-01
4.107459020475654476e-01
4.007398907094077423e-01
3.903075149946038103e-01
3.794783203847504893e-01
3.683215304822340386e-01
3.569224929211234354e-01
3.453698344213513849e-01
3.337486059300749375e-01
3.221367701386435023e-01
3.106035753510583142e-01
2.992090114418020086e-01
2.880038944265441714e-01
2.770303156317130977e-01
2.663222957487056952e-01
2.559065434559246732e-01
2.458032537348686652e-01
2.360269033306812148e-01
2.265870156268263713e-01
2.174888774623338072e-01
2.087341977108794211e-01
2.003217026723995708e-01
1.922476670564208234e-01
1.845063819359431534e-01
1.770905627934511450e-01
1.699917018710932481e-01
1.632003696415953442e-01
1.567064704619145488e-01
1.504994574630975634e-01
1.445685115462782555e-01
1.389026890589750707e-01
1.334910423639943389e-01
1.283227171197345307e-01
1.233870296902845887e-01
1.186735277127275445e-01
1.141720364784348796e-01
1.098726934423361890e-01
1.057659728611528571e-01
1.018427022808259252e-01
9.809407234334788228e-02
9.451164116354560107e-02
9.108733433382498745e-02
8.781344144820080189e-02
8.468260989298137531e-02
8.168783652733191403e-02
7.882245777207019799e-02
7.608013853403816640e-02
7.345486031806247595e-02
7.094090881330861187e-02
6.853286118711610087e-02
6.622557327342226685e-02
6.401416680521654357e-02
6.189401680831951857e-02
5.986073924789026002e-02
5.791017899692141313e-02
5.603839817821709701e-02
5.424166491660464828e-02
5.251644252621923137e-02
5.085937914781757385e-02
4.926729784347472219e-02
4.773718714956620701e-02
4.626619208424243013e-02
4.485160560163814480e-02
4.349086048200057064e-02
4.218152164511979052e-02
4.092127887239382922e-02
3.970793992205079448e-02
3.853942402124954647e-02
3.741375571842064929e-02
3.632905907908989818e-02
3.528355220848000684e-02
3.427554208442318284e-02
3.330341968452477097e-02
3.236565539193092533e-02
3.146079466458595597e-02
3.058745395337858497e-02
2.974431685524114855e-02
2.893013048797121733e-02
2.814370207382621558e-02
2.738389571999899630e-02
2.664962938444359608e-02
2.593987201604819326e-02
2.525364085908998746e-02
2.458999891201218979e-02
2.394805253152165747e-02
2.332694917325262018e-02
2.272587526090275034e-02
2.214405417611930993e-02
2.158074436194024059e-02
2.103523753305980293e-02
2.050685698638843313e-02
1.999495600608303114e-02
1.949891635733180806e-02
1.901814686358305195e-02
1.855208206234815194e-02
1.810018093482024248e-02
1.766192570502767012e-02
1.723682070435250679e-02
1.682439129762913765e-02
1.642418286714453224e-02
1.603575985119132241e-02
1.565870483403020152e-02
1.529261768419987177e-02
1.493711473841252690e-02
1.459182802842740045e-02
1.425640454841614613e-02
1.393050556050745570e-02
1.361380593629624158e-02
1.330599353237937876e-02
1.300676859785387940e-02
1.271584321214325186e-02
1.243294075130019216e-02
1.215779538128813897e-02
1.189015157673600775e-02
1.162976366374102177e-02
1.137639538537649209e-02
1.112981948874058880e-02
1.088981733226601634e-02
1.065617851228162216e-02
1.042870050774369339e-02
1.020718834216260973e-02
9.991454261822019234e-03
9.781317429413016740e-03
9.576603632261537768e-03
9.377145004421105767e-03
9.182779761805370811e-03
8.993351949839967219e-03
8.808711202797470108e-03
8.628712514377578913e-03
8.453216018838194401e-03
8.282086782197772834e-03
8.115194602993813788e-03
7.952413822081449979e-03
7.793623141040262325e-03
7.638705448748561722e-03
7.487547655759430043e-03
7.340040535984027059e-03
7.196078575476549943e-03
7.055559827798374428e-03
6.918385775804392068e-03
6.784461199415892096e-03
6.653694049154168511e-03
6.525995325129096969e-03
6.401278961242207188e-03
6.279461714330913935e-03
6.160463058059395536e-03
6.044205081257469914e-03
5.930612390593781313e-03
5.819612017308184448e-03
5.711133327830575368e-03
5.605107938128295331e-03
5.501469631600919286e-03
5.400154280321256550e-03
5.301099769539519002e-03
5.204245925238826231e-03
5.109534444635244199e-03
5.016908829491351085e-03
4.926314322096336795e-03
4.837697843822041932e-03
4.751007936107720653e-03
4.666194703790704779e-03
4.583209760680384548e-03
4.502006177248496499e-03
4.422538430388867070e-03
4.344762355103171103e-03
4.268635098087614210e-03
4.194115073078430456e-03
4.121161917935101116e-03
4.049736453351382437e-03
3.979800643136632843e-03
3.911317556001270290e-03
3.844251328784631383e-03
3.778567131070387219e-03
3.714231131104250849e-03
3.651210462995990724e-03
3.589473195135806094e-03
3.528988299756896652e-03
3.469725623644448476e-03
3.411655859896667309e-03
3.354750520706994976e-03
3.298981911162846004e-03
3.244323103952062581e-03
3.190747915008396163e-03
3.138230880012304880e-03
3.086747231740405439e-03
3.036272878204959724e-03
2.986784381578955205e-03
2.938258937861926157e-03
2.890674357245215376e-03
2.844009045176232320e-03
2.798241984083515987e-03
2.753352715720636112e-03
2.709321324124935870e-03
2.666128419174684794e-03
2.623755120685800080e-03
2.582183043064789629e-03
2.541394280485054225e-03
2.501371392550577610e-03
2.462097390458550805e-03
2.423555723620074431e-03
2.385730266708518954e-03
2.348605307180617885e-03
2.312165533171040011e-03
2.276396021804849568e-03
2.241282227899654700e-03
2.206809973020806837e-03
2.172965434907414561e-03
2.139735137242526619e-03
2.107105939743059153e-03
2.075065028578126913e-03
2.043599907100901447e-03
2.012698386864686384e-03
1.982348578929871152e-03
1.952538885452881345e-03
1.923257991532922873e-03
1.894494857332951199e-03
1.866238710414913626e-03
1.838479038351659156e-03
1.811205581556674105e-03
1.784408326316100357e-03
1.758077498071441980e-03
1.732203554888567254e-03
1.706777181125440634e-03
1.681789281302803474e-03
1.657230974168699689e-03
1.633093586921097184e-03
1.609368649623243996e-03
1.586047889789998777e-03
1.563123227119156411e-03
1.540586768405072249e-03
1.518430802576409278e-03
1.496647795913297330e-03
1.475230387376846863e-03
1.454171384101199394e-03
1.433463756992603422e-03
1.413100636488140438e-03
1.393075308415925306e-03
1.373381209981872075e-03
1.354011925877252054e-03
1.334961184494387609e-03
1.316222854258031205e-03
1.297790940054444064e-03
1.279659579764169663e-03
1.261823040901610682e-03
1.244275717344311971e-03
1.227012126149951143e-03
1.210026904480354659e-03
1.193314806588796628e-03
1.176870700915433332e-03
1.160689567247574772e-03
1.144766493964555210e-03
1.129096675368534974e-03
1.113675409065928434e-03
1.098498093449418178e-03
1.083560225231705587e-03
1.068857397049427504e-03
1.054385295138349221e-03
1.040139697066289060e-03
1.026116469531990205e-03
1.012311566218393466e-03
9.987210257140777259e-04
9.853409694771109173e-04
9.721675998650702866e-04
9.591971982121361151e-04
9.464261229614745474e-04
9.338508078382545818e-04
9.214677600846155059e-04
9.092735587359346283e-04
8.972648529319560140e-04
8.854383602932003328e-04
8.737908653184689456e-04
8.623192178403016328e-04
8.510203315144071468e-04
8.398911823459531689e-04
8.289288072593770096e-04
8.181303027001707306e-04
8.074928232746358958e-04
7.970135804333811080e-04
7.866898411654776879e-04
7.765189267545657970e-04
7.664982115431762111e-04
7.566251217436814613e-04
7.468971342732277918e-04
7.373117756117597565e-04
7.278666207068962279e-04
7.185592918832472975e-04
7.093874578019132571e-04
7.003488324233142492e-04
6.914411740175374632e-04
6.826622841822338472e-04
6.740100068922671994e-04
6.654822275775629237e-04
6.570768722082842572e-04
6.487919064228631072e-04
6.406253346602497345e-04
6.325751993196959688e-04
6.246395799436310625e-04
6.168165924185231574e-04
6.091043881908397850e-04
6.015011535103198526e-04
5.940051086799069680e-04
5.866145073363249196e-04
5.793276357388688069e-04
5.721428120812888096e-04
5.650583858110014290e-04
5.580727369778326619e-04
5.511842755825391293e-04
5.443914409573036295e-04
5.376927011462306893e-04
5.310865523082686224e-04
5.245715181352306189e-04
5.181461492727024165e-04
5.118090227733684827e-04
5.055587415416784580e-04
4.993939338093777991e-04
4.933132526081518421e-04
4.873153752709136199e-04
4.813990029219894495e-04
4.755628600083827706e-04
4.698056938119421488e-04
4.641262739937257464e-04
4.585233921390319267e-04
4.529958613166407133e-04
4.475425156416079631e-04
4.421622098609301332e-04
4.368538189336579336e-04
4.316162376294396807e-04
4.264483801335039459e-04
4.213491796618562546e-04
4.163175880818048569e-04
4.113525755435887277e-04
4.064531301228857529e-04
4.016182574624327373e-04
3.968469804302987569e-04
3.921383387834875833e-04
3.874913888344266866e-04
3.829052031316670934e-04
3.783788701419155132e-04
3.739114939402821136e-04
3.695021939127407506e-04
3.651501044550364838e-04
3.608543746866921254e-04
3.566141681656809226e-04
3.524286626142014711e-04
3.482970496480053413e-04
3.442185345063908386e-04
3.401923357966296635e-04
3.362176852421683293e-04
3.322938274283870896e-04
3.284200195641240327e-04
3.245955312392023728e-04
3.208196441963906409e-04
3.170916520960354035e-04
3.134108603053409325e-04
3.097765856634460135e-04
3.061881562769208642e-04
3.026449113117113399e-04
2.991462007815304247e-04
2.956913853509046675e-04
2.922798361355560814e-04
2.889109345127760520e-04
2.855840719317992438e-04
2.822986497255097760e-04
2.790540789328055382e-04
2.758497801205184174e-04
2.726851832088872385e-04
2.695597273019156859e-04
2.664728605186184041e-04
2.634240398322607035e-04
2.604127309102644006e-04
2.574384079550018356e-04
2.545005535499189619e-04
2.515986585123197727e-04
2.487322217434861926e-04
2.459007500823506831e-04
2.431037581682726767e-04
2.403407682975977622e-04
2.376113102888766093e-04
2.349149213514145629e-04
2.322511459524889688e-04
2.296195356883412586e-04
2.270196491613862833e-04
2.244510518532027987e-04
2.219133160075159594e-04
2.194060205089609639e-04
2.169287507678419047e-04
2.144810986079992432e-04
2.120626621502363918e-04
2.096730457104012402e-04
2.073118596841450056e-04
2.049787204478903391e-04
2.026732502506956024e-04
2.003950771172213763e-04
1.981438347442576742e-04
1.959191624096856543e-04
1.937207048674505216e-04
1.915481122631845778e-04
1.894010400369516844e-04
1.872791488333191978e-04
1.851821044160928409e-04
1.831095775786106827e-04
1.810612440584780103e-04
1.790367844558549137e-04
1.770358841510777381e-04
1.750582332218364456e-04
1.731035263683455838e-04
1.711714628325200493e-04
1.692617463231460562e-04
1.673740849428284605e-04
1.655081911107192383e-04
1.636637814945718361e-04
1.618405769403530314e-04
1.600383023998563914e-04
1.582566868651991143e-04
1.564954633002102469e-04
1.547543685787022838e-04
1.530331434163034743e-04
1.513315323087294217e-04
1.496492834709428621e-04
1.479861487760913974e-04
1.463418836922247834e-04
1.447162472296703584e-04
1.431090018801928210e-04
1.415199135585964996e-04
1.399487515527653159e-04
1.383952884637107417e-04
1.368593001542794951e-04
1.353405656983053262e-04
1.338388673253199102e-04
1.323539903737014356e-04
1.308857232380500335e-04
1.294338573223363653e-04
1.279981869894974977e-04
1.265785095172500263e-04
1.251746250501284408e-04
1.237863365532998472e-04
1.224134497692652701e-04
1.210557731738948206e-04
1.197131179320187755e-04
1.183852978559052360e-04
1.170721293639598315e-04
1.157734314396474673e-04
1.144890255910802068e-04
1.132187358106051533e-04
1.119623885377230010e-04
1.107198126204522737e-04
1.094908392773596972e-04
1.082753020595905724e-04
1.070730368191163961e-04
1.058838816674345651e-04
1.047076769438159971e-04
1.035442651815543513e-04
1.023934910722168468e-04
1.012552014332257500e-04
1.001292451758839519e-04
9.901547327295645573e-05
9.791373872602981976e-05
9.682389653642431426e-05
9.574580367321949836e-05
9.467931904505455520e-05
9.362430346793182423e-05
9.258061963923758242e-05
9.154813210709988880e-05
9.052670724418732107e-05
8.951621321773295392e-05
8.851651996710785397e-05
8.752749917095847820e-05
8.654902422544630269e-05
8.558097021782451463e-05
8.462321390134697197e-05
8.367563366773467237e-05
8.273810952696969423e-05
8.181052307976166560e-05
8.089275749578739294e-05
7.998469748971004378e-05
7.908622929875264163e-05
7.819724065849520400e-05
7.731762078466708488e-05
7.644726034783388968e-05
7.558605145163710404e-05
7.473388761436439154e-05
7.389066374696717787e-05
7.305627613352072558e-05
7.223062240901967357e-05
7.141360154117037951e-05
7.060511381107303919e-05
6.980506079523607355e-05
6.901334534314962355e-05
6.822987156218651705e-05
6.745454479850643281e-05
6.668727161907028744e-05
6.592795979343257784e-05
6.517651827708803580e-05
6.443285719481828266e-05
