3.936275404058743286e+11
1.737080916330238090e-01
1.938488023379894010e-01
2.030077170820883126e-01
2.061021297688121479e-01
2.063246653930526087e-01
2.050737265591333625e-01
2.029900760184775166e-01
2.003913441204523416e-01
1.974472496147656742e-01
1.942551015022266903e-01
1.908749250757191263e-01
1.873468476636932500e-01
1.837000723428334759e-01
1.799576241796416731e-01
1.761388864506816532e-01
1.722609530360954544e-01
1.683393388492291365e-01
1.643883417973945882e-01
1.604212179258519555e-01
1.564502596179657701e-01
1.524868268867924925e-01
1.485413593560074297e-01
1.446233837562544977e-01
1.407415244530620946e-01
1.369035203477002582e-01
1.331162491372257506e-01
1.293857586349620448e-01
1.257173041977228678e-01
1.221153910231587147e-01
1.185838200145790111e-01
1.151257359666413294e-01
1.117436769465967039e-01
1.084396238972531457e-01
1.052150496471617735e-01
1.020709666695300832e-01
9.900797307548847570e-02
9.602629645645244238e-02
9.312583530328577552e-02
9.030619782583615418e-02
8.756673807665649178e-02
8.490658934840489280e-02
8.232469486692339800e-02
7.981983584292007272e-02
7.739065697632963037e-02
7.503568953009231990e-02
7.275337210554377876e-02
7.054206926164896529e-02
6.840008812524001058e-02
6.632569314084113543e-02
6.431711910697446299e-02
6.237258264230027827e-02
6.049029221928758915e-02
5.866845689653543694e-02
5.690529387359655189e-02
5.519903498420997146e-02
5.354793223589204842e-02
5.195026249562295639e-02
5.040433141377897996e-02
4.890847667029385448e-02
4.746107062023208201e-02
4.606052240852887003e-02
4.470527961744519274e-02
4.339382950395687111e-02
4.212469987868683319e-02
4.089645967276545058e-02
3.970771923421678729e-02
3.855713039090136185e-02
3.744338631327881473e-02
3.636522120624707810e-02
3.532140985635168207e-02
3.431076705747004851e-02
3.333214693534625184e-02
3.238444218891944892e-02
3.146658326452822507e-02
3.057753747648028764e-02
2.971630808633074494e-02
2.888193335135547102e-02
2.807348555139133062e-02
2.729007000185390552e-02
2.653082405992313042e-02
2.579491612957829361e-02
2.508154467063894444e-02
2.438993721581850238e-02
2.371934939960018696e-02
2.306906400169528304e-02
2.243839000762837266e-02
2.182666168851232769e-02
2.123323770144325273e-02
2.065750021199619368e-02
2.009885403954236871e-02
1.955672582631895473e-02
1.903056323058538446e-02
1.851983414416702445e-02
1.802402593456697844e-02
1.754264471153699212e-02
1.707521461803929164e-02
1.662127714535799328e-02
1.618039047189334667e-02
1.575212882547605275e-02
1.533608186852886135e-02
1.493185410570330163e-02
1.453906431338647387e-02
1.415734499056564566e-02
1.378634183042937167e-02
1.342571321207453039e-02
1.307512971178170780e-02
1.273427363318679895e-02
1.240283855572998917e-02
1.208052890080790753e-02
1.176705951498591141e-02
1.146215526963612064e-02
1.116555067651603395e-02
1.087698951856586049e-02
1.059622449548913714e-02
1.032301688342407431e-02
1.005713620831505395e-02
9.798359932311484499e-03
9.546473152787893213e-03
9.301268313441690694e-03
9.062544926987881055e-03
8.830109308998412843e-03
8.603774322453405787e-03
8.383359132514867085e-03
8.168688971193382997e-03
7.959594911391532079e-03
7.755913650068446685e-03
7.557487300041909606e-03
7.364163190124450864e-03
7.175793673221964042e-03
6.992235942127056347e-03
6.813351852588356294e-03
6.639007753442616178e-03
6.469074323457002507e-03
6.303426414641988274e-03
6.141942901739749772e-03
5.984506537652256597e-03
5.831003814513957551e-03
5.681324830261402781e-03
5.535363160380057934e-03
5.393015734660000504e-03
5.254182718758659831e-03
5.118767400337231877e-03
4.986676079613783230e-03
4.857817964129651500e-03
4.732105067574821078e-03
4.609452112461553952e-03
4.489776436560122264e-03
4.372997902866382347e-03
4.259038813007043345e-03
4.147823823916763075e-03
4.039279867658729373e-03
3.933336074274373928e-03
3.829923697507675584e-03
3.728976043329890189e-03
3.630428401108387604e-03
3.534217977328779625e-03
3.440283831799506586e-03
3.348566816176345995e-03
3.259009514765764948e-03
3.171556187491209045e-03
3.086152714949275122e-03
3.002746545454293425e-03
2.921286644007370370e-03
2.841723443120836023e-03
2.764008795389738538e-03
2.688095927805278507e-03
2.613939397650533181e-03
2.541495050016884250e-03
2.470719976794377715e-03
2.401572477127356109e-03
2.334012019285625072e-03
2.267999203824366816e-03
2.203495728089199801e-03
2.140464351920057240e-03
2.078868864574312525e-03
2.018674052780777828e-03
1.959845669901705278e-03
1.902350406153274776e-03
1.846155859858589210e-03
1.791230509658792158e-03
1.737543687703402284e-03
1.685065553723497089e-03
1.633767069983971254e-03
1.583619977102657117e-03
1.534596770651486253e-03
1.486670678557677761e-03
1.439815639258545943e-03
1.394006280574400236e-03
1.349217899279775423e-03
1.305426441369661461e-03
1.262608482939242549e-03
1.220741211720444142e-03
1.179802409210006786e-03
1.139770433371767311e-03
1.100624201917810296e-03
1.062343176106095299e-03
1.024907345086090160e-03
9.882972107260190597e-04
9.524937729321614199e-04
9.174785154442144375e-04
8.832333920625323742e-04
8.497408133372186256e-04
8.169836336500146956e-04
7.849451387251793477e-04
7.536090335176215405e-04
7.229594304820619044e-04
6.929808382185598248e-04
6.636581504475547177e-04
6.349766353477281911e-04
6.069219252093915884e-04
5.794800064140570584e-04
5.526372097155451968e-04
5.263802008141915678e-04
5.006959712299252629e-04
4.755718294380262279e-04
4.509953922813281224e-04
4.269545766397708775e-04
4.034375913524179680e-04
3.804329293657371380e-04
3.579293601443378492e-04
3.359159222759977581e-04
3.143819163253791515e-04
2.933168978713762698e-04
2.727106707722803947e-04
2.525532806165742272e-04
2.328350083620200905e-04
2.135463641745882768e-04
1.946780814332527143e-04
1.762211109150868538e-04
1.581666151462268743e-04
1.405059629147054068e-04
1.232307239451557734e-04
1.063326637193995339e-04
8.980373845335343219e-05
7.363609020960559803e-05
5.782204214987984869e-05
4.235409392294720021e-05
2.722491718754049828e-05
1.242735125339677893e-05
-2.045601153577436548e-06
-1.620077801089969682e-05
-3.004486198365796668e-05
-4.358438433516020893e-05
-5.682572869503133006e-05
-6.977513474115681902e-05
-8.243870177571110958e-05
-9.482239219571475530e-05
-1.069320348932034648e-04
-1.187733285274994444e-04
-1.303518447333118502e-04
-1.416730312335801045e-04
-1.527422148694945747e-04
-1.635646045481387034e-04
-1.741452941101950813e-04
-1.844892651223783986e-04
-1.946013895908205171e-04
-2.044864326087303397e-04
-2.141490549294466916e-04
-2.235938154691030633e-04
-2.328251737480080408e-04
-2.418474922674107574e-04
-2.506650388174325172e-04
-2.592819887281549995e-04
-2.677024270671957140e-04
-2.759303507688937174e-04
-2.839696707186423197e-04
-2.918242137750493015e-04
-2.994977247448016300e-04
-3.069938683062378715e-04
-3.143162308767433188e-04
-3.214683224435077591e-04
-3.284535783363295991e-04
-3.352753609602299179e-04
-3.419369614880984898e-04
-3.484416014991609245e-04
-3.547924345892461417e-04
-3.609925479262088288e-04
-3.670449637787065456e-04
-3.729526410021222205e-04
-3.787184764765250122e-04
-3.843453065319746287e-04
-3.898359083149838256e-04
-3.951930011312221325e-04
-4.004192477602419586e-04
-4.055172557231312425e-04
-4.104895785326245772e-04
-4.153387169059108430e-04
-4.200671199456884608e-04
-4.246771862967957389e-04
-4.291712652764179126e-04
-4.335516579656584213e-04
-4.378206182855670647e-04
-4.419803540460787161e-04
-4.460330279603130776e-04
-4.499807586459958486e-04
-4.538256215951275152e-04
-4.575696501205595013e-04
-4.612148362861390183e-04
-4.647631318066558492e-04
-4.682164489320239653e-04
-4.715766613052618794e-04
-4.748456048051519218e-04
-4.780250783658068769e-04
-4.811168447773628287e-04
-4.841226314693525268e-04
-4.870441312716522475e-04
-4.898830031636602911e-04
-4.926408729977183043e-04
-4.953193342118744624e-04
-4.979199485271035286e-04
-5.004442466223224528e-04
-5.028937287958612501e-04
-5.052698656147214251e-04
-5.075740985462928734e-04
-5.098078405756378828e-04
-5.119724768052336117e-04
-5.140693650500516299e-04
-5.160998364062141519e-04
-5.180651958212045827e-04
-5.199667226361004424e-04
-5.218056711280283366e-04
-5.235832710310805993e-04
-5.253007280519028654e-04
-5.269592243690723876e-04
-5.285599191240386574e-04
-5.301039488991854398e-04
-5.315924281856787559e-04
-5.330264498419889918e-04
-5.344070855384241980e-04
-5.357353862003311207e-04
-5.370123824259831480e-04
-5.382390849142382194e-04
-5.394164848651072930e-04
-5.405455543845416599e-04
-5.416272468721228250e-04
-5.426624974045335392e-04
-5.436522231090368251e-04
-5.445973235249645938e-04
-5.454986809669826187e-04
-5.463571608701478510e-04
-5.471736121340775583e-04
-5.479488674555721417e-04
-5.486837436536884383e-04
-5.493790419932587099e-04
-5.500355484986396704e-04
-5.506540342536947463e-04
-5.512352557071054093e-04
-5.517799549605850729e-04
-5.522888600617559263e-04
-5.527626852765976651e-04
-5.532021313703339160e-04
-5.536078858721094065e-04
-5.539806233414434899e-04
-5.543210056209169068e-04
-5.546296820893026336e-04
-5.549072899102558409e-04
-5.551544542721220665e-04
-5.553717886217501842e-04
-5.555598948965290163e-04
-5.557193637515389639e-04
-5.558507747809304789e-04
-5.559546967324191513e-04
-5.560316877200044416e-04
-5.560822954342459212e-04
-5.561070573414372831e-04
-5.561065008850007985e-04
-5.560811436786661233e-04
-5.560314937014254610e-04
-5.559580494773896930e-04
-5.558613002649703816e-04
-5.557417262316288742e-04
-5.555997986326222104e-04
-5.554359799795349772e-04
-5.552507242128079668e-04
-5.550444768600559797e-04
-5.548176752057099037e-04
-5.545707484402306875e-04
-5.543041178213137243e-04
-5.540181968242130495e-04
-5.537133912869585117e-04
-5.533900995597917927e-04
-5.530487126479410875e-04
-5.526896143472903589e-04
-5.523131813827131253e-04
-5.519197835455180723e-04
-5.515097838209026548e-04
-5.510835385171830580e-04
-5.506413973932478001e-04
-5.501837037809043096e-04
-5.497107947065593692e-04
-5.492230010097909343e-04
-5.487206474590333727e-04
-5.482040528668186141e-04
-5.476735301985780069e-04
-5.471293866861071109e-04
-5.465719239299282606e-04
-5.460014380107569565e-04
-5.454182195843149117e-04
-5.448225539912421311e-04
-5.442147213485792889e-04
-5.435949966510200682e-04
-5.429636498648360288e-04
-5.423209460200251186e-04
-5.416671453037924522e-04
-5.410025031493681524e-04
-5.403272703223827023e-04
-5.396416930092406972e-04
-5.389460128994993937e-04
-5.382404672702456594e-04
-5.375252890662540750e-04
-5.368007069801450371e-04
-5.360669455309885478e-04
-5.353242251382450689e-04
-5.345727622001472668e-04
-5.338127691654204199e-04
-5.330444546052248711e-04
-5.322680232853205240e-04
-5.314836762344565813e-04
-5.306916108109849262e-04
-5.298920207739143962e-04
-5.290850963441950938e-04
-5.282710242708876791e-04
-5.274499878933358588e-04
-5.266221672026727418e-04
-5.257877389057696860e-04
-5.249468764794151809e-04
-5.240997502318212042e-04
-5.232465273605768630e-04
-5.223873720063831882e-04
-5.215224453090083756e-04
-5.206519054621328024e-04
-5.197759077653074655e-04
-5.188946046772446863e-04
-5.180081458644458792e-04
-5.171166782540481677e-04
-5.162203460817860190e-04
-5.153192909390647003e-04
-5.144136518220321364e-04
-5.135035651764319198e-04
-5.125891649446767673e-04
-5.116705826095913068e-04
-5.107479472392650877e-04
-5.098213855267985650e-04
-5.088910218371545113e-04
-5.079569782462378669e-04
-5.070193745813078579e-04
-5.060783284607239807e-04
-5.051339553350242539e-04
-5.041863685237846227e-04
-5.032356792533665413e-04
-5.022819966937763780e-04
-5.013254279973011762e-04
-5.003660783304830773e-04
-4.994040509127550820e-04
-4.984394470479713846e-04
-4.974723661603785985e-04
-4.965029058259240458e-04
-4.955311618066726709e-04
-4.945572280816712407e-04
-4.935811968767023217e-04
-4.926031586989232380e-04
-4.916232023639555138e-04
-4.906414150265270280e-04
-4.896578822100039474e-04
-4.886726878345903913e-04
-4.876859142448619622e-04
-4.866976422388535894e-04
-4.857079510933726141e-04
-4.847169185919764089e-04
-4.837246210511736422e-04
-4.827311333437389607e-04
-4.817365289271346995e-04
-4.807408798668255656e-04
-4.797442568587051426e-04
-4.787467292570735111e-04
-4.777483650941771742e-04
-4.767492311048560083e-04
-4.757493927496359021e-04
-4.747489142351568603e-04
-4.737478585381538210e-04
-4.727462874261068038e-04
-4.717442614765587905e-04
-4.707418400997642749e-04
-4.697390815593394109e-04
-4.687360429895814917e-04
-4.677327804174513659e-04
-4.667293487814472286e-04
-4.657258019489241008e-04
-4.647221927358557991e-04
-4.637185729265969059e-04
-4.627149932874274896e-04
-4.617115035896457442e-04
-4.607081526222245316e-04
-4.597049882100190388e-04
-4.587020572328626145e-04
-4.576994056384453557e-04
-4.566970784607438105e-04
-4.556951198351200105e-04
-4.546935730140866383e-04
