-8.635958444938975830e+11
1.158209713978806121e-01
1.125514228219399726e-01
1.128610743625486634e-01
1.129111058819951552e-01
1.125639025864848541e-01
1.119203363004555030e-01
1.110713958131799295e-01
1.100803392116280754e-01
1.089874344381818183e-01
1.078167165563526098e-01
1.065818750174809537e-01
1.052906161977671395e-01
1.039475564367573490e-01
1.025559729456624325e-01
1.011187710500029979e-01
9.963895819240731200e-02
9.811982890303916349e-02
9.656499256148221022e-02
9.497832397364547319e-02
9.336388280112117855e-02
9.172582680871643745e-02
9.006833139014958078e-02
8.839552070934209027e-02
8.671141192600595460e-02
8.501987201162908292e-02
8.332458577924839460e-02
8.162903345610850181e-02
7.993647613663146245e-02
7.824994760190762122e-02
7.657225119401989133e-02
7.490596064131604948e-02
7.325342392340417064e-02
7.161676943383188387e-02
6.999791384012388207e-02
6.839857116006342608e-02
6.682026266903751122e-02
6.526432733207476744e-02
6.373193251765396639e-02
6.222408480158181376e-02
6.074164071044840796e-02
5.928531728782360233e-02
5.785570239310988683e-02
5.645326466539501986e-02
5.507836310178415573e-02
5.373125621512109262e-02
5.241211074694485106e-02
5.112100992178847392e-02
4.985796123650265699e-02
4.862290378447742256e-02
4.741571511992104249e-02
4.623621767122254589e-02
4.508418471560426966e-02
4.395934592976780131e-02
4.286139253284670936e-02
4.178998203955308632e-02
4.074474264199978712e-02
3.972527723937702149e-02
3.873116713481028484e-02
3.776197541860426554e-02
3.681725005713754051e-02
3.589652670582532679e-02
3.499933126461085564e-02
3.412518219333771086e-02
3.327359260403550678e-02
3.244407214616518154e-02
3.163612870032794788e-02
3.084926989496650229e-02
3.008300445993938865e-02
2.933684342990305893e-02
2.861030120979179969e-02
2.790289651389965542e-02
2.721415318925002325e-02
2.654360093316476821e-02
2.589077591459854055e-02
2.525522130760826656e-02
2.463648774517301909e-02
2.403413370068108179e-02
2.344772580404641538e-02
2.287683909867821441e-02
2.232105724521638024e-02
2.177997267733866593e-02
2.125318671464015985e-02
2.074030963696005259e-02
2.024096072450287664e-02
1.975476826727939894e-02
1.928136954758130628e-02
1.882041079845131470e-02
1.837154714105904141e-02
1.793444250370490600e-02
1.750876952462410152e-02
1.709420944094142136e-02
1.669045196561214084e-02
1.629719515406957697e-02
1.591414526233658755e-02
1.554101659783579947e-02
1.517753136434163430e-02
1.482341950218080129e-02
1.447841852463649381e-02
1.414227335168138922e-02
1.381473614164474562e-02
1.349556612174263037e-02
1.318452941796066646e-02
1.288139888503958552e-02
1.258595393694950104e-02
1.229798037831519864e-02
1.201727023726562038e-02
1.174362159998398880e-02
1.147683844725388980e-02
1.121673049330418337e-02
1.096311302712726921e-02
1.071580675647321179e-02
1.047463765467337993e-02
1.023943681041750153e-02
1.001004028059893081e-02
9.786288946299182001e-03
9.568028371949033328e-03
9.355108667763456509e-03
9.147384355456589233e-03
8.944714237199224982e-03
8.746961267942721108e-03
8.553992430934798108e-03
8.365678616601757156e-03
8.181894504600162321e-03
8.002518449106821308e-03
7.827432367279341108e-03
7.656521630838630799e-03
7.489674960752479294e-03
7.326784324900748047e-03
7.167744838762368786e-03
7.012454668989365203e-03
6.860814939836812343e-03
6.712729642390780072e-03
6.568105546521429972e-03
6.426852115507752927e-03
6.288881423249126357e-03
6.154108074030384401e-03
6.022449124738260551e-03
5.893824009494563754e-03
5.768154466647468226e-03
5.645364467989466561e-03
5.525380150252612310e-03
5.408129748696088868e-03
5.293543532827182929e-03
5.181553744133537975e-03
5.072094535777615931e-03
4.965101914211178524e-03
4.860513682639622246e-03
4.758269386284430524e-03
4.658310259381792662e-03
4.560579173880086046e-03
4.465020589755841485e-03
4.371580506930650145e-03
4.280206418712406702e-03
4.190847266728470188e-03
4.103453397289902327e-03
4.017976519148369619e-03
3.934369662615511132e-03
3.852587139973717711e-03
3.772584507142351384e-03
3.694318526585638196e-03
3.617747131391624293e-03
3.542829390486446073e-03
3.469525474963930378e-03
3.397796625494331479e-03
3.327605120738263977e-03
3.258914246801136727e-03
3.191688267623282727e-03
3.125892396314666755e-03
3.061492767406637228e-03
2.998456409954552981e-03
2.936751221529032563e-03
2.876345942969926739e-03
2.817210133981173925e-03
2.759314149465064148e-03
2.702629116598576076e-03
2.647126912640684893e-03
2.592780143408468518e-03
2.539562122448879578e-03
2.487446850831576128e-03
2.436408997589456504e-03
2.386423880754273696e-03
2.337467448980889984e-03
2.289516263728419432e-03
2.242547482010914806e-03
2.196538839652983910e-03
2.151468635070763469e-03
2.107315713551605185e-03
2.064059452010047480e-03
2.021679744190540973e-03
1.980156986359782323e-03
1.939472063382297051e-03
1.899606335260983769e-03
1.860541624053357879e-03
1.822260201199688012e-03
1.784744775215729717e-03
1.747978479772704929e-03
1.711944862113234933e-03
1.676627871833646921e-03
1.642011849975144600e-03
1.608081518461590420e-03
1.574821969837936209e-03
1.542218657310412411e-03
1.510257385090030269e-03
1.478924299004980014e-03
1.448205877397690244e-03
1.418088922288562870e-03
1.388560550801276605e-03
1.359608186814575959e-03
1.331219552887175084e-03
1.303382662395380365e-03
1.276085811908744816e-03
1.249317573772446011e-03
1.223066788921034487e-03
1.197322559881808246e-03
1.172074243986021003e-03
1.147311446774157417e-03
1.123024015577289703e-03
1.099202033305601844e-03
1.075835812378800327e-03
1.052915888866134964e-03
1.030433016744547459e-03
1.008378162373313458e-03
9.867424990730455647e-04
9.655174018843304395e-04
9.446944424706948951e-04
9.242653841510239943e-04
9.042221770829694805e-04
8.845569535695929630e-04
8.652620234976815539e-04
8.463298699101784450e-04
8.277531446856389863e-04
8.095246643482489901e-04
7.916374059862008039e-04
7.740845032861987107e-04
7.568592426629994208e-04
7.399550595119652741e-04
7.233655345524336866e-04
7.070843902632351075e-04
6.911054874356725719e-04
6.754228217962232605e-04
6.600305207247192385e-04
6.449228400802198280e-04
6.300941610772881063e-04
6.155389872746219737e-04
6.012519416287442908e-04
5.872277636298495196e-04
5.734613065122573516e-04
5.599475345392512793e-04
5.466815203507557897e-04
5.336584424044943376e-04
5.208735824520083213e-04
5.083223230999411868e-04
4.960001454374918239e-04
4.839026267078327948e-04
4.720254380565780394e-04
4.603643423350955999e-04
4.489151919493394871e-04
4.376739267781815101e-04
4.266365721381504272e-04
4.157992367970209102e-04
4.051581110458002399e-04
3.947094648129034766e-04
3.844496458365043168e-04
3.743750778602006335e-04
3.644822589097262977e-04
3.547677595749920698e-04
3.452282213662893895e-04
3.358603550902561352e-04
3.266609392786889998e-04
3.176268186551034489e-04
3.087549026323799239e-04
3.000421638532646540e-04
2.914856367726148534e-04
2.830824162591838444e-04
2.748296562469221271e-04
2.667245684113694892e-04
2.587644208815742530e-04
2.509465369846530791e-04
2.432682940141095429e-04
2.357271220385648292e-04
2.283205027286960842e-04
2.210459682234766632e-04
2.139011000166224363e-04
2.068835278687952695e-04
1.999909287520029721e-04
1.932210258164257510e-04
1.865715873792250790e-04
1.800404259446608535e-04
1.736253972386414546e-04
1.673243992730277796e-04
1.611353714310315155e-04
1.550562935719312918e-04
1.490851851599916955e-04
1.432201044084813191e-04
1.374591474503361610e-04
1.318004475272527287e-04
1.262421741963226651e-04
1.207825325506561853e-04
1.154197624653185983e-04
1.101521378616965308e-04
1.049779659798577569e-04
9.989558667911069278e-05
9.490337174455909519e-05
8.999972421630531016e-05
8.518307773019984097e-05
8.045189588279377801e-05
7.580467159185033665e-05
7.123992649393784404e-05
6.675621034224477057e-05
6.235210041793948221e-05
5.802620096106991809e-05
5.377714261345367674e-05
4.960358186756330667e-05
4.550420053561765599e-05
4.147770522688887240e-05
3.752282684055252560e-05
3.363832005986999718e-05
2.982296287123986644e-05
2.607555608657996515e-05
2.239492287436917195e-05
1.877990830712050752e-05
1.522937891440534486e-05
1.174222224986642971e-05
8.317346460007257747e-06
4.953679874963867746e-06
1.650170596834144021e-06
-1.594213900224517033e-06
-4.780487154576462672e-06
-7.909644098136325852e-06
-1.098266143761961189e-05
-1.400049800515112963e-05
-1.696409512730312485e-05
-1.987437696571170420e-05
-2.273225086124597283e-05
-2.553860766907334323e-05
-2.829432208151239081e-05
-3.100025295155184324e-05
-3.365724360060440290e-05
-3.626612212848101535e-05
-3.882770171204086296e-05
-4.134278089606979734e-05
-4.381214388149423655e-05
-4.623656080315896588e-05
-4.861678800827107239e-05
-5.095356832462982766e-05
-5.324763131775434033e-05
-5.549969355667094817e-05
-5.771045885749614968e-05
-5.988061853767767673e-05
-6.201085165313813263e-05
-6.410182523231000573e-05
-6.615419451416748586e-05
-6.816860316827266786e-05
-7.014568351992878092e-05
-7.208605676800594608e-05
-7.399033319277492637e-05
-7.585911236951403680e-05
-7.769298337101382401e-05
-7.949252496453063088e-05
-8.125830580829607186e-05
-8.299088464669424070e-05
-8.469081049278237572e-05
-8.635862281369810489e-05
-8.799485171229193270e-05
-8.960001809943385354e-05
-9.117463387120494644e-05
-9.271920207387651658e-05
-9.423421707399626257e-05
-9.572016471426358919e-05
-9.717752247917488262e-05
-9.860675964490361878e-05
-1.000083374371740774e-04
-1.013827091764785138e-04
-1.027303204261809100e-04
-1.040516091386223252e-04
-1.053470057890137923e-04
-1.066169335197653112e-04
-1.078618082726023886e-04
-1.090820389233471133e-04
-1.102780274058190457e-04
-1.114501688446178918e-04
-1.125988516796905259e-04
-1.137244577849028104e-04
-1.148273625870555037e-04
-1.159079351911174172e-04
-1.169665384832541122e-04
-1.180035292556169679e-04
-1.190192583071514321e-04
-1.200140705581720368e-04
-1.209883051525029174e-04
-1.219422955656135343e-04
-1.228763697027623891e-04
-1.237908500006934531e-04
-1.246860535273341952e-04
-1.255622920759424943e-04
-1.264198722585874179e-04
-1.272590956022945363e-04
-1.280802586371976304e-04
-1.288836529844683554e-04
-1.296695654473545289e-04
-1.304382780924484564e-04
-1.311900683373945498e-04
-1.319252090294931179e-04
-1.326439685307434502e-04
-1.333466107922287591e-04
-1.340333954369388181e-04
-1.347045778314903686e-04
-1.353604091618443306e-04
-1.360011365099111913e-04
-1.366270029221627880e-04
-1.372382474797984031e-04
-1.378351053706872165e-04
-1.384178079550935081e-04
-1.389865828336223075e-04
-1.395416539113902843e-04
-1.400832414637509515e-04
-1.406115621975789765e-04
-1.411268293143308483e-04
-1.416292525686646542e-04
-1.421190383317227912e-04
-1.425963896453108504e-04
-1.430615062818496597e-04
-1.435145848001084801e-04
-1.439558185976075322e-04
-1.443853979707920843e-04
-1.448035101627720422e-04
-1.452103394152803872e-04
-1.456060670264047729e-04
-1.459908713918878220e-04
-1.463649280608603220e-04
-1.467284097831367262e-04
-1.470814865538461191e-04
-1.474243256636142974e-04
-1.477570917420845120e-04
-1.480799468036586575e-04
-1.483930502925723260e-04
-1.486965591237510154e-04
-1.489906277289954062e-04
-1.492754080945069006e-04
-1.495510498061847215e-04
-1.498177000860412278e-04
-1.500755038357226567e-04
-1.503246036709260380e-04
-1.505651399620333564e-04
-1.507972508734134465e-04
-1.510210723962845947e-04
-1.512367383871282556e-04
-1.514443806025500550e-04
-1.516441287356951051e-04
-1.518361104466681155e-04
-1.520204513998368867e-04
-1.521972752958067332e-04
-1.523667039029508175e-04
-1.525288570904947960e-04
-1.526838528578267073e-04
-1.528318073686918410e-04
-1.529728349773940010e-04
-1.531070482607699290e-04
-1.532345580481653258e-04
-1.533554734460818025e-04
-1.534699018708174378e-04
-1.535779490742239517e-04
-1.536797191701300136e-04
-1.537753146623188627e-04
-1.538648364689532144e-04
-1.539483839496647022e-04
-1.540260549326433193e-04
-1.540979457343993886e-04
-1.541641511888514060e-04
-1.542247646704186792e-04
-1.542798781142273867e-04
-1.543295820445322875e-04
-1.543739655942566458e-04
-1.544131165258644245e-04
-1.544471212582276820e-04
-1.544760648839460515e-04
-1.545000311919952907e-04
-1.545191026890435637e-04
-1.545333606192134113e-04
-1.545428849853980324e-04
-1.545477545672468978e-04
-1.545480469420379421e-04
-1.545438385031072670e-04
-1.545352044798331548e-04
-1.545222189545114588e-04
-1.545049548816734841e-04
-1.544834841058495556e-04
-1.544578773780003189e-04
-1.544282043739464427e-04
-1.543945337119101424e-04
-1.543569329678362578e-04
-1.543154686920455987e-04
-1.542702064261103345e-04
-1.542212107170648494e-04
-1.541685451369456672e-04
-1.541122722923393695e-04
-1.540524538437004765e-04
-1.539891505200063904e-04
-1.539224221307478047e-04
