6.661950226371635742e+11
2.308940932815883862e+00
2.298234042698547697e+00
2.291682105934904179e+00
2.286714565925398901e+00
2.282345026013049782e+00
2.278125183074638738e+00
2.273855553567354804e+00
2.269444647101771295e+00
2.264847992057720028e+00
2.260042366922431434e+00
2.255014906014587428e+00
2.249758449129267035e+00
2.244269498619618997e+00
2.238547254071773018e+00
2.232593086449559561e+00
2.226410190695281344e+00
2.220003313636958353e+00
2.213378518633367431e+00
2.206542973709579414e+00
2.199504759126728715e+00
2.192272693184251775e+00
2.184856175620277341e+00
2.177265047856595359e+00
2.169509469109009103e+00
2.161599807225515590e+00
2.153546543049081219e+00
2.145360187107056227e+00
2.137051207479728099e+00
2.128629967772945442e+00
2.120106674201107211e+00
2.111491330867374838e+00
2.102793702404543552e+00
2.094023283210493247e+00
2.085189272576418062e+00
2.076300555064674924e+00
2.067365685546623144e+00
2.058392878360259637e+00
2.049390000092981889e+00
2.040364565537560182e+00
2.031323736408885416e+00
2.022274322446653727e+00
2.013222784563590828e+00
2.004175239732006730e+00
1.995137467331574266e+00
1.986114916710009837e+00
1.977112715734695714e+00
1.968135680137717891e+00
1.959188323479607252e+00
1.950274867577684645e+00
1.941399253264019853e+00
1.932565151355261968e+00
1.923775973732516409e+00
1.915034884443451713e+00
1.906344810751805063e+00
1.897708454070903050e+00
1.889128300727924481e+00
1.880606632515126053e+00
1.872145536991882686e+00
1.863746917508879219e+00
1.855412502931883090e+00
1.847143857048036075e+00
1.838942387642354515e+00
1.830809355236249436e+00
1.822745881483390118e+00
1.814752957221346774e+00
1.806831450179801735e+00
1.798982112348576745e+00
1.791205587010202827e+00
1.783502415443484423e+00
1.775873043305586929e+00
1.768317826701109929e+00
1.760837037947506012e+00
1.753430871046514294e+00
1.746099446871982375e+00
1.738842818084465947e+00
1.731660973783260005e+00
1.724553843906579509e+00
1.717521303390520782e+00
1.710563176097416260e+00
1.703679238523907902e+00
1.696869223299052098e+00
1.690132822482297126e+00
1.683469690671143715e+00
1.676879447927850375e+00
1.670361682534207137e+00
1.663915953583281482e+00
1.657541793416480669e+00
1.651238709914038871e+00
1.645006188646797263e+00
1.638843694896601644e+00
1.632750675552503195e+00
1.626726560889532269e+00
1.620770766236515392e+00
1.614882693539104963e+00
1.609061732823857671e+00
1.603307263568990004e+00
1.597618655987042224e+00
1.591995272224487001e+00
1.586436467483077761e+00
1.580941591067424046e+00
1.575509987362998299e+00
1.570140996748780049e+00
1.564833956448179020e+00
1.559588201321973955e+00
1.554403064606642015e+00
1.549277878601314828e+00
1.544211975306393203e+00
1.539204687016745066e+00
1.534255346872152481e+00
1.529363289367584589e+00
1.524527850825765807e+00
1.519748369834238666e+00
1.515024187649131271e+00
1.510354648567642233e+00
1.505739100271142439e+00
1.501176894140713092e+00
1.496667385546795348e+00
1.492209934114579806e+00
1.487803903966605334e+00
1.483448663944020307e+00
1.479143587807821625e+00
1.474888054421316985e+00
1.470681447915048734e+00
1.466523157835209146e+00
1.462412579276676672e+00
1.458349113001615294e+00
1.454332165544580668e+00
1.450361149304987940e+00
1.446435482627809188e+00
1.442554589873216386e+00
1.438717901475953687e+00
1.434924853995069416e+00
1.431174890154709001e+00
1.427467458876522599e+00
1.423802015304291402e+00
1.420178020821302178e+00
1.416594943060946576e+00
1.413052255911083410e+00
1.409549439512521873e+00
1.406085980252109957e+00
1.402661370750807102e+00
1.399275109847100573e+00
1.395926702576100187e+00
1.392615660144671974e+00
1.389341499902897015e+00
1.386103745312130986e+00
1.382901925909977070e+00
1.379735577272352742e+00
1.376604240972977289e+00
1.373507464540432155e+00
1.370444801413035707e+00
1.367415810891737804e+00
1.364420058091180943e+00
1.361457113889123605e+00
1.358526554874428527e+00
1.355627963293672522e+00
1.352760926996611657e+00
1.349925039380574621e+00
1.347119899333949711e+00
1.344345111178860241e+00
1.341600284613117422e+00
1.338885034651615236e+00
1.336198981567188415e+00
1.333541750831079398e+00
1.330912973053051562e+00
1.328312283921281090e+00
1.325739324142034326e+00
1.323193739379249445e+00
1.320675180194065934e+00
1.318183301984349187e+00
1.315717764924284827e+00
1.313278233904080050e+00
1.310864378469816849e+00
1.308475872763515291e+00
1.306112395463424170e+00
1.303773629724595873e+00
1.301459263119761900e+00
1.299168987580562540e+00
1.296902499339136039e+00
1.294659498870101455e+00
1.292439690832978716e+00
1.290242784015029232e+00
1.288068491274569460e+00
1.285916529484770976e+00
1.283786619477943702e+00
1.281678485990345395e+00
1.279591857607503158e+00
1.277526466710086517e+00
1.275482049420316510e+00
1.273458345548936332e+00
1.271455098542754403e+00
1.269472055432753432e+00
1.267508966782771473e+00
1.265565586638787154e+00
1.263641672478779121e+00
1.261736985163177227e+00
1.259851288885911469e+00
1.257984351126065548e+00
1.256135942600108413e+00
1.254305837214752195e+00
1.252493812020375685e+00
1.250699647165078865e+00
1.248923125849309423e+00
1.247164034281098566e+00
1.245422161631883240e+00
1.243697299992929217e+00
1.241989244332328379e+00
1.240297792452597303e+00
1.238622744948840726e+00
1.236963905167515421e+00
1.235321079165747848e+00
1.233694075671236234e+00
1.232082706042706421e+00
1.230486784230945929e+00
1.228906126740375360e+00
1.227340552591192901e+00
1.225789883282038195e+00
1.224253942753228408e+00
1.222732557350503457e+00
1.221225555789321238e+00
1.219732769119659110e+00
1.218254030691361400e+00
1.216789176119964955e+00
1.215338043253064493e+00
1.213900472137159126e+00
1.212476304985007580e+00
1.211065386143460376e+00
1.209667562061789603e+00
1.208282681260486768e+00
1.206910594300534267e+00
1.205551153753146698e+00
1.204204214169967591e+00
1.202869632053721771e+00
1.201547265829315148e+00
1.200236975815374363e+00
1.198938624196228542e+00
1.197652074994311366e+00
1.196377194042993475e+00
1.195113848959829417e+00
1.193861909120223164e+00
1.192621245631491522e+00
1.191391731307327673e+00
1.190173240642671937e+00
1.188965649788953138e+00
1.187768836529730976e+00
1.186582680256699884e+00
1.185407061946078144e+00
1.184241864135359368e+00
1.183086970900417922e+00
1.181942267832982507e+00
1.180807642018446346e+00
1.179682982014039982e+00
1.178568177827322705e+00
1.177463120895027693e+00
1.176367704062225794e+00
1.175281821561814155e+00
1.174205368994329701e+00
1.173138243308075923e+00
1.172080342779551199e+00
1.171031566994194861e+00
1.169991816827421927e+00
1.168960994425962685e+00
1.167939003189485403e+00
1.166925747752507236e+00
1.165921133966590695e+00
1.164925068882812553e+00
1.163937460734511209e+00
1.162958218920292275e+00
1.161987253987310176e+00
1.161024477614805983e+00
1.160069802597892608e+00
1.159123142831609110e+00
1.158184413295204607e+00
1.157253530036678413e+00
1.156330410157555111e+00
1.155414971797896539e+00
1.154507134121545597e+00
1.153606817301600307e+00
1.152713942506111922e+00
1.151828431884002857e+00
1.150950208551202003e+00
1.150079196577002083e+00
1.149215320970611298e+00
1.148358507667933459e+00
1.147508683518533523e+00
1.146665776272812520e+00
1.145829714569383428e+00
1.145000427922629127e+00
1.144177846710466850e+00
1.143361902162286947e+00
1.142552526347084152e+00
1.141749652161770934e+00
1.140953213319666038e+00
1.140163144339162660e+00
1.139379380532565822e+00
1.138601857995105604e+00
1.137830513594114912e+00
1.137065284958370004e+00
1.136306110467600217e+00
1.135552929242147124e+00
1.134805681132793787e+00
1.134064306710736103e+00
1.133328747257713598e+00
1.132598944756287196e+00
1.131874841880263327e+00
1.131156381985268355e+00
1.130443509099459565e+00
1.129736167914372480e+00
1.129034303775921622e+00
1.128337862675516945e+00
1.127646791241331714e+00
1.126961036729686061e+00
1.126280547016575095e+00
1.125605270589309592e+00
1.124935156538291237e+00
1.124270154548909106e+00
1.123610214893552728e+00
1.122955288423752140e+00
1.122305326562424543e+00
1.121660281296248174e+00
1.121020105168142988e+00
1.120384751269857260e+00
1.119754173234679628e+00
1.119128325230243526e+00
1.118507161951448392e+00
1.117890638613477039e+00
1.117278710944926923e+00
1.116671335181029123e+00
1.116068468056981677e+00
1.115470066801366178e+00
1.114876089129675840e+00
1.114286493237923281e+00
1.113701237796357102e+00
1.113120281943256407e+00
1.112543585278828573e+00
1.111971107859182517e+00
1.111402810190404988e+00
1.110838653222709915e+00
1.110278598344679679e+00
1.109722607377588766e+00
1.109170642569808241e+00
1.108622666591293493e+00
1.108078642528148361e+00
1.107538533877272302e+00
1.107002304541079729e+00
1.106469918822299725e+00
1.105941341418846591e+00
1.105416537418767886e+00
1.104895472295262415e+00
1.104378111901768378e+00
1.103864422467128348e+00
1.103354370590811095e+00
1.102847923238216676e+00
1.102345047736034589e+00
1.101845711767678315e+00
1.101349883368777149e+00
1.100857530922738414e+00
1.100368623156364745e+00
1.099883129135543314e+00
1.099401018260986129e+00
1.098922260264037387e+00
1.098446825202536115e+00
1.097974683456739653e+00
1.097505805725300432e+00
1.097040163021304027e+00
1.096577726668358288e+00
1.096118468296742865e+00
1.095662359839604694e+00
1.095209373529212327e+00
1.094759481893262443e+00
1.094312657751234097e+00
1.093868874210796482e+00
1.093428104664265321e+00
1.092990322785109436e+00
1.092555502524503730e+00
1.092123618107933236e+00
1.091694644031837358e+00
1.091268555060310730e+00
1.090845326221837386e+00
1.090424932806080660e+00
1.090007350360708394e+00
1.089592554688268988e+00
1.089180521843102545e+00
1.088771228128302182e+00
1.088364650092711328e+00
1.087960764527963198e+00
1.087559548465560466e+00
1.087160979173996456e+00
1.086765034155911858e+00
1.086371691145293639e+00
1.085980928104710141e+00
1.085592723222579936e+00
1.085207054910486635e+00
1.084823901800519685e+00
1.084443242742657798e+00
1.084065056802184346e+00
1.083689323257138071e+00
1.083316021595798428e+00
1.082945131514204240e+00
1.082576632913705206e+00
1.082210505898545394e+00
1.081846730773482035e+00
1.081485288041430737e+00
1.081126158401147119e+00
1.080769322744935312e+00
1.080414762156390429e+00
1.080062457908166795e+00
1.079712391459777709e+00
1.079364544455425623e+00
1.079018898721858521e+00
1.078675436266254728e+00
1.078334139274137904e+00
1.077994990107314921e+00
1.077657971301844375e+00
1.077323065566032190e+00
1.076990255778449423e+00
1.076659524985979166e+00
1.076330856401887193e+00
1.076004233403919708e+00
1.075679639532423071e+00
1.075357058488489947e+00
1.075036474132128550e+00
1.074717870480454751e+00
1.074401231705910398e+00
1.074086542134499389e+00
1.073773786244053285e+00
1.073462948662513350e+00
1.073154014166237014e+00
1.072846967678325214e+00
1.072541794266973936e+00
1.072238479143841738e+00
1.071937007662442820e+00
1.071637365316557622e+00
1.071339537738665415e+00
1.071043510698394874e+00
1.070749270100997297e+00
1.070456801985834261e+00
1.070166092524891033e+00
1.069877128021301305e+00
1.069589894907898353e+00
1.069304379745775746e+00
1.069020569222876249e+00
1.068738450152586728e+00
1.068458009472363024e+00
1.068179234242361275e+00
1.067902111644093432e+00
1.067626628979095882e+00
1.067352773667616717e+00
1.067080533247318108e+00
1.066809895371994665e+00
1.066540847810309112e+00
1.066273378444542397e+00
1.066007475269359128e+00
1.065743126390588547e+00
1.065480320024022376e+00
1.065219044494223777e+00
1.064959288233353840e+00
1.064701039780011405e+00
1.064444287778087306e+00
1.064189020975634836e+00
1.063935228223746421e+00
1.063682898475455829e+00
1.063432020784643051e+00
1.063182584304959155e+00
1.062934578288759813e+00
1.062687992086056132e+00
1.062442815143474162e+00
1.062199037003230817e+00
1.061956647302117362e+00
1.061715635770500876e+00
1.061475992231332599e+00
1.061237706599172048e+00
1.061000768879220235e+00
1.060765169166366206e+00
1.060530897644243575e+00
1.060297944584301044e+00
1.060066300344879142e+00
1.059835955370303839e+00
1.059606900189986378e+00
1.059379125417536649e+00
1.059152621749884560e+00
1.058927379966414284e+00
1.058703390928109167e+00
1.058480645576701962e+00
1.058259134933841938e+00
1.058038850100265549e+00
1.057819782254982410e+00
1.057601922654466620e+00
1.057385262631859169e+00
1.057169793596179685e+00
1.056955507031548391e+00
1.056742394496415161e+00
1.056530447622799462e+00
1.056319658115537852e+00
1.056110017751540342e+00
1.055901518379057213e+00
1.055694151916951373e+00
1.055487910353982262e+00
1.055282785748095531e+00
