-1.354127506761573975e+12
2.346924391729375614e+00
2.350724285787840095e+00
2.350701789108513573e+00
2.348278199199431704e+00
2.344700861280760051e+00
2.340533018150449340e+00
2.336003285989519007e+00
2.331198058022492248e+00
2.326144903910762451e+00
2.320848101050606793e+00
2.315303962454503761e+00
2.309507428468251966e+00
2.303454773575718484e+00
2.297144561083405812e+00
2.290577814649076061e+00
2.283757855836195283e+00
2.276690016808085026e+00
2.269381323923596483e+00
2.261840193968763124e+00
2.254076159138445945e+00
2.246099625025332003e+00
2.237921660688706460e+00
2.229553817879228017e+00
2.221007975975708426e+00
2.212296209306116257e+00
2.203430673877788237e+00
2.194423510946372780e+00
2.185286765233068529e+00
2.176032315927800553e+00
2.166671818888941559e+00
2.157216658673465126e+00
2.147677909212947434e+00
2.138066302099923988e+00
2.128392201571547737e+00
2.118665585380698602e+00
2.108896030832150270e+00
2.099092705336749631e+00
2.089264360902852502e+00
2.079419332042963031e+00
2.069565536625823654e+00
2.059710479251904758e+00
2.049861256773309215e+00
2.040024565618349328e+00
2.030206710617221244e+00
2.020413615057957024e+00
2.010650831732127219e+00
2.000923554757285228e+00
1.991236631988364536e+00
1.981594577853087902e+00
1.972001586467547307e+00
1.962461544906707545e+00
1.952978046522040545e+00
1.943554404213566844e+00
1.934193663577826072e+00
1.924898615865229257e+00
1.915671810691731425e+00
1.906515568459337118e+00
1.897431992448729954e+00
1.888422980554971931e+00
1.879490236643960532e+00
1.870635281513254533e+00
1.861859463445876273e+00
1.853163968350215018e+00
1.844549829483016712e+00
1.836017936755441227e+00
1.827569045625234034e+00
1.819203785580117749e+00
1.810922668219536069e+00
1.802726094943436941e+00
1.794614364258042993e+00
1.786587678709526061e+00
1.778646151457331070e+00
1.770789812499484528e+00
1.763018614562424480e+00
1.755332438668460115e+00
1.747731099393746046e+00
1.740214349829990015e+00
1.732781886262684701e+00
1.725433352578852109e+00
1.718168344416818538e+00
1.710986413070339607e+00
1.703887069159142564e+00
1.696869786077502607e+00
1.689934003232214987e+00
1.683079129080857994e+00
1.676304543980792428e+00
1.669609602859169151e+00
1.662993637713473527e+00
1.656455959952010559e+00
1.649995862583159667e+00
1.643612622261870992e+00
1.637305501201551827e+00
1.631073748958942637e+00
1.624916604099392980e+00
1.618833295749430912e+00
1.612823045043249914e+00
1.606885066469378565e+00
1.601018569123466850e+00
1.595222757872770014e+00
1.589496834437713613e+00
1.583839998395468962e+00
1.578251448110384647e+00
1.572730381595698557e+00
1.567275997310760616e+00
1.561887494897793882e+00
1.556564075861954111e+00
1.551304944198182989e+00
1.546109306968281194e+00
1.540976374831304785e+00
1.535905362530235019e+00
1.530895489337774196e+00
1.525945979463826152e+00
1.521056062427161626e+00
1.516224973393643705e+00
1.511451953483081700e+00
1.506736250046889936e+00
1.502077116918377975e+00
1.497473814637594769e+00
1.492925610652291013e+00
1.488431779496759422e+00
1.483991602949902511e+00
1.479604370174049777e+00
1.475269377835782825e+00
1.470985930210051418e+00
1.466753339268687784e+00
1.462570924754489576e+00
1.458438014241838276e+00
1.454353943184814257e+00
1.450318054953757096e+00
1.446329700861049616e+00
1.442388240176979641e+00
1.438493040136373580e+00
1.434643475936708157e+00
1.430838930728370650e+00
1.427078795597678251e+00
1.423362469543142383e+00
1.419689359445669874e+00
1.416058880033047140e+00
1.412470453839246520e+00
1.408923511159007269e+00
1.405417489998057379e+00
1.401951836019359909e+00
1.398526002485793285e+00
1.395139450199531561e+00
1.391791647438474167e+00
1.388482069890027981e+00
1.385210200582452922e+00
1.381975529814113202e+00
1.378777555080775041e+00
1.375615781001254589e+00
1.372489719241586359e+00
1.369398888437846518e+00
1.366342814117936566e+00
1.363321028622382247e+00
1.360333071024334650e+00
1.357378487048946258e+00
1.354456828992207651e+00
1.351567655639394960e+00
1.348710532183251987e+00
1.345885030141983130e+00
1.343090727277178598e+00
1.340327207511746055e+00
1.337594060847949518e+00
1.334890883285628771e+00
1.332217276740647938e+00
1.329572848963677778e+00
1.326957213459329044e+00
1.324369989405738357e+00
1.321810801574610172e+00
1.319279280251799413e+00
1.316775061158454108e+00
1.314297785372763316e+00
1.311847099252353432e+00
1.309422654357343951e+00
1.307024107374112898e+00
1.304651120039790557e+00
1.302303359067488397e+00
1.299980496072315139e+00
1.297682207498165541e+00
1.295408174545318314e+00
1.293158083098853162e+00
1.290931623657892491e+00
1.288728491265680676e+00
1.286548385440511533e+00
1.284391010107518216e+00
1.282256073531306217e+00
1.280143288249463218e+00
1.278052371006931587e+00
1.275983042691248848e+00
1.273935028268652347e+00
1.271908056721066105e+00
1.269901860983941200e+00
1.267916177884969020e+00
1.265950748083658040e+00
1.264005316011768354e+00
1.262079629814599535e+00
1.260173441293136465e+00
1.258286505847033609e+00
1.256418582418446395e+00
1.254569433436681480e+00
1.252738824763706793e+00
1.250926525640437603e+00
1.249132308633872590e+00
1.247355949585018831e+00
1.245597227557614817e+00
1.243855924787647949e+00
1.242131826633650515e+00
1.240424721527770835e+00
1.238734400927600454e+00
1.237060659268768736e+00
1.235403293918277967e+00
1.233762105128566100e+00
1.232136895992318459e+00
1.230527472397979105e+00
1.228933642985975627e+00
1.227355219105662032e+00
1.225792014772918215e+00
1.224243846628466192e+00
1.222710533896834484e+00
1.221191898345994176e+00
1.219687764247648243e+00
1.218197958338161468e+00
1.216722309780130296e+00
1.215260650124572628e+00
1.213812813273733804e+00
1.212378635444502972e+00
1.210957955132427655e+00
1.209550613076312064e+00
1.208156452223395405e+00
1.206775317695105265e+00
1.205407056753374118e+00
1.204051518767498274e+00
1.202708555181553063e+00
1.201378019482338466e+00
1.200059767167849900e+00
1.198753655716273014e+00
1.197459544555485644e+00
1.196177295033062471e+00
1.194906770386772399e+00
1.193647835715569538e+00
1.192400357951047818e+00
1.191164205829382983e+00
1.189939249863719795e+00
1.188725362317036183e+00
1.187522417175426392e+00
1.186330290121851982e+00
1.185148858510305825e+00
1.183978001340411979e+00
1.182817599232441230e+00
1.181667534402732311e+00
1.180527690639531890e+00
1.179397953279213596e+00
1.178278209182899605e+00
1.177168346713473479e+00
1.176068255712943156e+00
1.174977827480213621e+00
1.173896954749189092e+00
1.172825531667259336e+00
1.171763453774122832e+00
1.170710617980967427e+00
1.169666922549984722e+00
1.168632267074224407e+00
1.167606552457769897e+00
1.166589680896253034e+00
1.165581555857667206e+00
1.164582082063507329e+00
1.163591165470215127e+00
1.162608713250920411e+00
1.161634633777484993e+00
1.160668836602834153e+00
1.159711232443580986e+00
1.158761733162926522e+00
1.157820251753836516e+00
1.156886702322498239e+00
1.155961000072035061e+00
1.155043061286490147e+00
1.154132803315067513e+00
1.153230144556626202e+00
1.152335004444422717e+00
1.151447303431104352e+00
1.150566962973933904e+00
1.149693905520263959e+00
1.148828054493232775e+00
1.147969334277695763e+00
1.147117670206378115e+00
1.146272988546253480e+00
1.145435216485134466e+00
1.144604282118480532e+00
1.143780114436412809e+00
1.142962643310940773e+00
1.142151799483381414e+00
1.141347514551994458e+00
1.140549720959793234e+00
1.139758351982564921e+00
1.138973341717070653e+00
1.138194625069438581e+00
1.137422137743728801e+00
1.136655816230694782e+00
1.135895597796702905e+00
1.135141420472842277e+00
1.134393223044194432e+00
1.133650945039272884e+00
1.132914526719634773e+00
1.132183909069643502e+00
1.131459033786400781e+00
1.130739843269828349e+00
1.130026280612909551e+00
1.129318289592077473e+00
1.128615814657756067e+00
1.127918800925046261e+00
1.127227194164552859e+00
1.126540940793359313e+00
1.125859987866136169e+00
1.125184283066392066e+00
1.124513774697847968e+00
1.123848411675961279e+00
1.123188143519563420e+00
1.122532920342635077e+00
1.121882692846202900e+00
1.121237412310361670e+00
1.120597030586418796e+00
1.119961500089155404e+00
1.119330773789206868e+00
1.118704805205561037e+00
1.118083548398167038e+00
1.117466957960654428e+00
1.116854989013168931e+00
1.116247597195308749e+00
1.115644738659173685e+00
1.115046370062513281e+00
1.114452448561982001e+00
1.113862931806492540e+00
1.113277777930672174e+00
1.112696945548413474e+00
1.112120393746522717e+00
1.111548082078464228e+00
1.110979970558194641e+00
1.110416019654091979e+00
1.109856190282975330e+00
1.109300443804208669e+00
1.108748742013896393e+00
1.108201047139161233e+00
1.107657321832511643e+00
1.107117529166287140e+00
1.106581632627184009e+00
1.106049596110868505e+00
1.105521383916665545e+00
1.104996960742321122e+00
1.104476291678845978e+00
1.103959342205435679e+00
1.103446078184459278e+00
1.102936465856526160e+00
1.102430471835620152e+00
1.101928063104310240e+00
1.101429207009023248e+00
1.100933871255391105e+00
1.100442023903661859e+00
1.099953633364176175e+00
1.099468668392915127e+00
1.098987098087102376e+00
1.098508891880878302e+00
1.098034019541030304e+00
1.097562451162787278e+00
1.097094157165673378e+00
1.096629108289420396e+00
1.096167275589938983e+00
1.095708630435346054e+00
1.095253144502051690e+00
1.094800789770896454e+00
1.094351538523350209e+00
1.093905363337755343e+00
1.093462237085634392e+00
1.093022132928039625e+00
1.092585024311959252e+00
1.092150884966774482e+00
1.091719688900762542e+00
1.091291410397651651e+00
1.090866024013224855e+00
1.090443504571967148e+00
1.090023827163767001e+00
1.089606967140651861e+00
1.089192900113583384e+00
1.088781601949282640e+00
1.088373048767114160e+00
1.087967216935999293e+00
1.087564083071381971e+00
1.087163624032229325e+00
1.086765816918080718e+00
1.086370639066132293e+00
1.085978068048361944e+00
1.085588081668694693e+00
1.085200657960209369e+00
1.084815775182377484e+00
1.084433411818344961e+00
1.084053546572250504e+00
1.083676158366576381e+00
1.083301226339539181e+00
1.082928729842516535e+00
1.082558648437503823e+00
1.082190961894609282e+00
1.081825650189583765e+00
1.081462693501380024e+00
1.081102072209748410e+00
1.080743766892859892e+00
1.080387758324970360e+00
1.080034027474104708e+00
1.079682555499780428e+00
1.079333323750757190e+00
1.078986313762819282e+00
1.078641507256584919e+00
1.078298886135347301e+00
1.077958432482941653e+00
1.077620128561642021e+00
1.077283956810087151e+00
1.076949899841231018e+00
1.076617940440321997e+00
1.076288061562909792e+00
1.075960246332873904e+00
1.075634478040486064e+00
1.075310740140489552e+00
1.074989016250209151e+00
1.074669290147683753e+00
1.074351545769823613e+00
1.074035767210592240e+00
1.073721938719211177e+00
1.073410044698388521e+00
1.073100069702569659e+00
1.072791998436213090e+00
1.072485815752084015e+00
1.072181506649576344e+00
1.071879056273048914e+00
1.071578449910190800e+00
1.071279672990401055e+00
1.070982711083192207e+00
1.070687549896616630e+00
1.070394175275707793e+00
1.070102573200945484e+00
1.069812729786738803e+00
1.069524631279929139e+00
1.069238264058312238e+00
1.068953614629179150e+00
1.068670669627874714e+00
1.068389415816375587e+00
1.068109840081884476e+00
1.067831929435446581e+00
1.067555671010574914e+00
1.067281052061903601e+00
1.067008059963850952e+00
1.066736682209299625e+00
1.066466906408295445e+00
1.066198720286764878e+00
1.065932111685241379e+00
1.065667068557614394e+00
1.065403578969891685e+00
1.065141631098974973e+00
1.064881213231454238e+00
1.064622313762415340e+00
1.064364921194260738e+00
1.064109024135549308e+00
1.063854611299845931e+00
1.063601671504585955e+00
1.063350193669958310e+00
1.063100166817795289e+00
1.062851580070481416e+00
1.062604422649873426e+00
1.062358683876233334e+00
1.062114353167175729e+00
1.061871420036626379e+00
1.061629874093795500e+00
1.061389705042161680e+00
1.061150902678468677e+00
1.060913456891735551e+00
1.060677357662277442e+00
1.060442595060737014e+00
1.060209159247133215e+00
1.059977040469912701e+00
1.059746229065021250e+00
1.059516715454980051e+00
1.059288490147978212e+00
1.059061543736971256e+00
1.058835866898793610e+00
1.058611450393282194e+00
1.058388285062406231e+00
1.058166361829413260e+00
1.057945671697981149e+00
1.057726205751381876e+00
1.057507955151653745e+00
1.057290911138786260e+00
1.057075065029911443e+00
1.056860408218507352e+00
1.056646932173608944e+00
1.056434628439030243e+00
1.056223488632593188e+00
1.056013504445367346e+00
1.055804667640919403e+00
1.055596970054569317e+00
1.055390403592655346e+00
1.055184960231809521e+00
1.054980632018240216e+00
