3.564026521123807373e+11
2.393408109595568156e+00
2.380827973765647698e+00
2.374826701144993280e+00
2.370424712273526247e+00
2.366547164078338206e+00
2.362782066130799219e+00
2.358917899164432619e+00
2.354833780012524080e+00
2.350458979445678054e+00
2.345753108290782762e+00
2.340694967346905742e+00
2.335275846245432163e+00
2.329495342643277844e+00
2.323358682143306986e+00
2.316874959199897610e+00
2.310055955467788635e+00
2.302915326509846317e+00
2.295468027251277299e+00
2.287729894770377470e+00
2.279717336778503967e+00
2.271447092738725360e+00
2.262936046284934832e+00
2.254201075020531686e+00
2.245258928489473949e+00
2.236126128119835688e+00
2.226818884863316583e+00
2.217353031490285176e+00
2.207743967299008236e+00
2.198006613518700192e+00
2.188155378031187759e+00
2.178204128269597195e+00
2.168166171314946045e+00
2.158054240330953277e+00
2.147880486567689040e+00
2.137656476238441350e+00
2.127393191636567593e+00
2.117101035914346063e+00
2.106789840996436070e+00
2.096468878147446979e+00
2.086146870757547234e+00
2.075832008951794094e+00
2.065531965668423453e+00
2.055253913888756223e+00
2.045004544736374275e+00
2.034790086195969572e+00
2.024616322232920318e+00
2.014488612122394606e+00
2.004411909823176074e+00
1.994390783254522015e+00
1.984429433356049266e+00
1.974531712830069452e+00
1.964701144482875250e+00
1.954940939097287167e+00
1.945254012782319908e+00
1.935643003758034109e+00
1.926110288544265803e+00
1.916657997531135305e+00
1.907288029917377115e+00
1.898002068009241761e+00
1.888801590878693482e+00
1.879687887384590361e+00
1.870662068564619140e+00
1.861725079409132899e+00
1.852877710031022307e+00
1.844120606247665162e+00
1.835454279593086602e+00
1.826879116779415391e+00
1.818395388628024634e+00
1.810003258491082789e+00
1.801702790184839031e+00
1.793493955455882194e+00
1.785376641001843456e+00
1.777350655067541974e+00
1.769415733637363708e+00
1.761571546244312891e+00
1.753817701415378849e+00
1.746153751772602902e+00
1.738579198808371196e+00
1.731093497352783839e+00
1.723696059750444931e+00
1.716386259763057254e+00
1.709163436213661402e+00
1.702026896387568655e+00
1.694975919204340542e+00
1.688009758174449759e+00
1.681127644153595835e+00
1.674328787906967042e+00
1.667612382495095247e+00
1.660977605492312659e+00
1.654423621048185966e+00
1.647949581801859908e+00
1.641554630658465408e+00
1.635237902436406543e+00
1.628998525393754004e+00
1.622835622641457975e+00
1.616748313450730334e+00
1.610735714461392742e+00
1.604796940797695193e+00
1.598931107097594673e+00
1.593137328461223579e+00
1.587414721323865407e+00
1.581762404258415744e+00
1.576179498712067861e+00
1.570665129681560357e+00
1.565218426331172363e+00
1.559838522557275287e+00
1.554524557503085269e+00
1.549275676026984350e+00
1.544091029127620640e+00
1.538969774328691642e+00
1.533911076026263531e+00
1.528914105801142398e+00
1.523978042698824087e+00
1.519102073479194015e+00
1.514285392838213173e+00
1.509527203603465040e+00
1.504826716905522499e+00
1.500183152326805214e+00
1.495595738029605659e+00
1.491063710864728442e+00
1.486586316462251700e+00
1.482162809305662243e+00
1.477792452790646971e+00
1.473474519269663219e+00
1.469208290083400925e+00
1.464993055580127157e+00
1.460828115123830706e+00
1.456712777092104893e+00
1.452646358864538190e+00
1.448628186802387807e+00
1.444657596220249030e+00
1.440733931350413499e+00
1.436856545300502663e+00
1.433024800004958799e+00
1.429238066170957389e+00
1.425495723219221800e+00
1.421797159220204776e+00
1.418141770826101489e+00
1.414528963199074063e+00
1.410958149936059502e+00
1.407428752990550036e+00
1.403940202591631436e+00
1.400491937160616152e+00
1.397083403225521936e+00
1.393714055333698632e+00
1.390383355962802270e+00
1.387090775430388945e+00
1.383835791802296766e+00
1.380617890800033054e+00
1.377436565707358396e+00
1.374291317276202351e+00
1.371181653632081998e+00
1.368107090179184304e+00
1.365067149505215571e+00
1.362061361286153627e+00
1.359089262191010228e+00
1.356150395786706930e+00
1.353244312443177000e+00
1.350370569238760421e+00
1.347528729865963060e+00
1.344718364537689226e+00
1.341939049893980496e+00
1.339190368909345841e+00
1.336471910800715035e+00
1.333783270936098164e+00
1.331124050743964116e+00
1.328493857623394447e+00
1.325892304855062154e+00
1.323319011513046650e+00
1.320773602377522060e+00
1.318255707848358771e+00
1.315764963859642034e+00
1.313301011795144690e+00
1.310863498404757355e+00
1.308452075721906915e+00
1.306066400981960696e+00
1.303706136541640026e+00
1.301370949799452115e+00
1.299060513117130888e+00
1.296774503742114337e+00
1.294512603731047706e+00
1.292274499874322746e+00
1.290059883621644587e+00
1.287868451008645332e+00
1.285699902584508170e+00
1.283553943340653980e+00
1.281430282640418472e+00
1.279328634149779598e+00
1.277248715769095933e+00
1.275190249565845590e+00
1.273152961708390984e+00
1.271136582400722581e+00
1.269140845818204522e+00
1.267165490044307230e+00
1.265210257008301920e+00
1.263274892423930762e+00
1.261359145729028519e+00
1.259462770026090750e+00
1.257585522023781266e+00
1.255727161979368400e+00
1.253887453642061001e+00
1.252066164197268794e+00
1.250263064211753372e+00
1.248477927579646041e+00
1.246710531469357841e+00
1.244960656271343780e+00
1.243228085546706829e+00
1.241512605976656358e+00
1.239814007312779465e+00
1.238132082328131878e+00
1.236466626769138433e+00
1.234817439308282694e+00
1.233184321497564184e+00
1.231567077722750980e+00
1.229965515158360390e+00
1.228379443723422115e+00
1.226808676037933310e+00
1.225253027380078574e+00
1.223712315644140514e+00
1.222186361299110180e+00
1.220674987348007834e+00
1.219178019287860071e+00
1.217695285070363953e+00
1.216226615063202177e+00
1.214771842012008385e+00
1.213330801002968418e+00
1.211903329426046394e+00
1.210489266938835851e+00
1.209088455431010178e+00
1.207700738989373690e+00
1.206325963863497774e+00
1.204963978431930816e+00
1.203614633168986092e+00
1.202277780612077906e+00
1.200953275329606385e+00
1.199640973889389839e+00
1.198340734827619380e+00
1.197052418618337111e+00
1.195775887643429236e+00
1.194511006163117228e+00
1.193257640286949917e+00
1.192015657945279639e+00
1.190784928861214453e+00
1.189565324523042644e+00
1.188356718157117742e+00
1.187158984701204956e+00
1.185972000778253266e+00
1.184795644670631587e+00
1.183629796294780157e+00
1.182474337176281809e+00
1.181329150425367791e+00
1.180194120712805494e+00
1.179069134246215844e+00
1.177954078746758615e+00
1.176848843426230085e+00
1.175753318964519734e+00
1.174667397487456411e+00
1.173590972545015543e+00
1.172523939089886502e+00
1.171466193456400795e+00
1.170417633339802421e+00
1.169378157775862404e+00
1.168347667120833266e+00
1.167326063031732364e+00
1.166313248446946504e+00
1.165309127567162317e+00
1.164313605836604815e+00
1.163326589924586374e+00
1.162347987707356811e+00
1.161377708250256768e+00
1.160415661790151542e+00
1.159461759718166007e+00
1.158515914562690208e+00
1.157578039972668726e+00
1.156648050701159169e+00
1.155725862589160879e+00
1.154811392549702997e+00
1.153904558552194537e+00
1.153005279607024480e+00
1.152113475750413230e+00
1.151229068029511859e+00
1.150351978487734517e+00
1.149482130150336845e+00
1.148619447010216899e+00
1.147763854013953866e+00
1.146915277048062842e+00
1.146073642925477420e+00
1.145238879372245000e+00
1.144410915014431485e+00
1.143589679365245360e+00
1.142775102812356280e+00
1.141967116605423271e+00
1.141165652843819434e+00
1.140370644464548944e+00
1.139582025230355899e+00
1.138799729718033449e+00
1.138023693306896567e+00
1.137253852167455115e+00
1.136490143250259655e+00
1.135732504274920007e+00
1.134980873719301453e+00
1.134235190808886351e+00
1.133495395506308068e+00
1.132761428501043222e+00
1.132033231199269796e+00
1.131310745713879129e+00
1.130593914854649107e+00
1.129882682118567461e+00
1.129176991680303610e+00
1.128476788382832607e+00
1.127782017728202080e+00
1.127092625868444387e+00
1.126408559596624226e+00
1.125729766338031901e+00
1.125056194141505372e+00
1.124387791670891978e+00
1.123724508196633831e+00
1.123066293587492215e+00
1.122413098302392109e+00
1.121764873382390393e+00
1.121121570442771054e+00
1.120483141665261417e+00
1.119849539790363169e+00
1.119220718109799506e+00
1.118596630459084862e+00
1.117977231210195876e+00
1.117362475264363830e+00
1.116752318044968550e+00
1.116146715490545560e+00
1.115545624047890927e+00
1.114949000665278245e+00
1.114356802785775535e+00
1.113768988340655186e+00
1.113185515742912912e+00
1.112606343880877091e+00
1.112031432111916240e+00
1.111460740256238644e+00
1.110894228590785460e+00
1.110331857843215309e+00
1.109773589185976572e+00
1.109219384230468508e+00
1.108669205021287185e+00
1.108123014030558684e+00
1.107580774152355563e+00
1.107042448697195258e+00
1.106508001386617313e+00
1.105977396347842534e+00
1.105450598108511873e+00
1.104927571591497681e+00
1.104408282109794914e+00
1.103892695361486709e+00
1.103380777424779025e+00
1.102872494753115440e+00
1.102367814170351679e+00
1.101866702866012293e+00
1.101369128390607299e+00
1.100875058651021199e+00
1.100384461905965949e+00
1.099897306761498994e+00
1.099413562166611236e+00
1.098933197408869855e+00
1.098456182110132184e+00
1.097982486222313536e+00
1.097512080023222758e+00
1.097044934112448855e+00
1.096581019407315782e+00
1.096120307138886307e+00
1.095662768848028712e+00
1.095208376381535675e+00
1.094757101888300443e+00
1.094308917815543403e+00
1.093863796905099495e+00
1.093421712189747819e+00
1.092982636989603185e+00
1.092546544908548967e+00
1.092113409830727688e+00
1.091683205917076460e+00
1.091255907601911046e+00
1.090831489589562553e+00
1.090409926851051203e+00
1.089991194620818504e+00
1.089575268393494056e+00
1.089162123920714986e+00
1.088751737207985570e+00
1.088344084511581489e+00
1.087939142335495157e+00
1.087536887428426580e+00
1.087137296780812390e+00
1.086740347621899971e+00
1.086346017416854659e+00
1.085954283863914460e+00
1.085565124891577860e+00
1.085178518655835145e+00
1.084794443537432374e+00
1.084412878139175085e+00
1.084033801283270426e+00
1.083657192008702141e+00
1.083283029568645084e+00
1.082911293427909039e+00
1.082541963260422069e+00
1.082175018946747835e+00
1.081810440571631116e+00
1.081448208421585289e+00
1.081088302982501137e+00
1.080730704937299169e+00
1.080375395163602814e+00
1.080022354731452250e+00
1.079671564901041769e+00
1.079323007120491340e+00
1.078976663023644589e+00
1.078632514427900091e+00
1.078290543332067974e+00
1.077950731914256721e+00
1.077613062529788168e+00
1.077277517709137600e+00
1.076944080155903816e+00
1.076612732744806067e+00
1.076283458519704750e+00
1.075956240691650301e+00
1.075631062636957402e+00
1.075307907895301618e+00
1.074986760167847555e+00
1.074667603315393904e+00
1.074350421356546237e+00
1.074035198465915331e+00
1.073721918972335265e+00
1.073410567357106826e+00
1.073101128252263559e+00
1.072793586438859359e+00
1.072487926845278494e+00
1.072184134545568712e+00
1.071882194757794116e+00
1.071582092842409573e+00
1.071283814300656889e+00
1.070987344772981631e+00
1.070692670037467487e+00
1.070399776008294390e+00
1.070108648734214629e+00
1.069819274397048270e+00
1.069531639310197013e+00
1.069245729917179588e+00
1.068961532790181801e+00
1.068679034628629676e+00
1.068398222257775032e+00
1.068119082627305261e+00
1.067841602809964874e+00
1.067565770000198366e+00
1.067291571512807735e+00
1.067018994781629093e+00
1.066748027358222828e+00
1.066478656910583744e+00
1.066210871221864753e+00
1.065944658189117433e+00
1.065680005822047693e+00
1.065416902241787867e+00
1.065155335679684123e+00
1.064895294476096987e+00
1.064636767079218727e+00
1.064379742043905619e+00
1.064124208030523322e+00
1.063870153803806007e+00
1.063617568231732369e+00
1.063366440284411407e+00
1.063116759032986414e+00
1.062868513648548285e+00
1.062621693401065048e+00
1.062376287658322260e+00
1.062132285884879179e+00
1.061889677641034035e+00
1.061648452581805957e+00
1.061408600455924001e+00
1.061170111104836167e+00
1.060932974461721079e+00
1.060697180550519647e+00
1.060462719484973615e+00
1.060229581467678539e+00
1.059997756789145429e+00
1.059767235826876375e+00
1.059538009044450391e+00
1.059310066990617916e+00
1.059083400298410860e+00
1.058857999684257978e+00
1.058633855947117119e+00
1.058410959967609255e+00
1.058189302707172486e+00
1.057968875207217607e+00
1.057749668588300995e+00
1.057531674049300596e+00
1.057314882866606798e+00
1.057099286393320403e+00
1.056884876058459932e+00
1.056671643366181135e+00
1.056459579895000722e+00
1.056248677297034089e+00
1.056038927297239027e+00
1.055830321692669216e+00
1.055622852351737029e+00
1.055416511213483233e+00
1.055211290286858228e+00
