3.921826300127636108e+11
2.438043848471367792e+00
2.450644959110901855e+00
2.456210900373370087e+00
2.457490372045918470e+00
2.456296893094030764e+00
2.453530955812133207e+00
2.449647060957499178e+00
2.444887835757262540e+00
2.439392411412833361e+00
2.433248022749352035e+00
2.426515444263192656e+00
2.419241821818356897e+00
2.411467206311438183e+00
2.403227863699890055e+00
2.394557913267826521e+00
2.385490096306952967e+00
2.376056096395140926e+00
2.366286634468589334e+00
2.356211457318176272e+00
2.345859282247712230e+00
2.335257730497477535e+00
2.324433265710466490e+00
2.313411144872067116e+00
2.302215384394973530e+00
2.290868741513557794e+00
2.279392709886727708e+00
2.267807527732833783e+00
2.256132196622705699e+00
2.244384509064873079e+00
2.232581083132068933e+00
2.220737402544133765e+00
2.208867860808279016e+00
2.196985808205039525e+00
2.185103600587179784e+00
2.173232649124596794e+00
2.161383470277800978e+00
2.149565735415418288e+00
2.137788319607847320e+00
2.126059349229746598e+00
2.114386248090577958e+00
2.102775781885452666e+00
2.091234100820048791e+00
2.079766780314101560e+00
2.068378859730112040e+00
2.057074879107567256e+00
2.045858913910309163e+00
2.034734607816158558e+00
2.023705203594248658e+00
2.012773572128300437e+00
2.001942239652827027e+00
1.991213413275922273e+00
1.980589004866204039e+00
1.970070653383638959e+00
1.959659745734935399e+00
1.949357436233687846e+00
1.939164664744232880e+00
1.929082173586184945e+00
1.919110523274326852e+00
1.909250107165472610e+00
1.899501165081070253e+00
1.889863795971069793e+00
1.880337969681218802e+00
1.870923537882780652e+00
1.861620244220246079e+00
1.852427733729582471e+00
1.843345561576333669e+00
1.834373201159841926e+00
1.825510051627175834e+00
1.816755444837277800e+00
1.808108651813530088e+00
1.799568888720244342e+00
1.791135322396322227e+00
1.782807075477019998e+00
1.774583231132871308e+00
1.766462837452547063e+00
1.758444911494866814e+00
1.750528443033317672e+00
1.742712398014865549e+00
1.734995721753257669e+00
1.727377341875774519e+00
1.719856171040884618e+00
1.712431109443182109e+00
1.705101047120701541e+00
1.697864866078841573e+00
1.690721442243902528e+00
1.683669647258464019e+00
1.676708350130042824e+00
1.669836418743410267e+00
1.663052721246535803e+00
1.656356127319097205e+00
1.649745509332213977e+00
1.643219743407111855e+00
1.636777710380145301e+00
1.630418296680927970e+00
1.624140395129898717e+00
1.617942905661239994e+00
1.611824735976571610e+00
1.605784802134489819e+00
1.599822029080745889e+00
1.593935351123366040e+00
1.588123712356847239e+00
1.582386067039216027e+00
1.576721379925447808e+00
1.571128626560586383e+00
1.565606793535522012e+00
1.560154878708359449e+00
1.554771891393936567e+00
1.549456852523969363e+00
1.544208794780118188e+00
1.539026762702057738e+00
1.533909812772514369e+00
1.528857013481166316e+00
1.523867445369002205e+00
1.518940201054807204e+00
1.514074385245182341e+00
1.509269114729505645e+00
1.504523518361079670e+00
1.499836737025614708e+00
1.495207923598222299e+00
1.490636242889826324e+00
1.486120871584035497e+00
1.481660998165277299e+00
1.477255822839042887e+00
1.472904557445001039e+00
1.468606425363643053e+00
1.464360661417160481e+00
1.460166511765101482e+00
1.456023233795425975e+00
1.451930096011385452e+00
1.447886377914822997e+00
1.443891369886236120e+00
1.439944373062058247e+00
1.436044699209539699e+00
1.432191670599554767e+00
1.428384619877695716e+00
1.424622889933913950e+00
1.420905833770993887e+00
1.417232814372158201e+00
1.413603204567957849e+00
1.410016386902739782e+00
1.406471753500845967e+00
1.402968705932743143e+00
1.399506655081242279e+00
1.396085021007961835e+00
1.392703232820204695e+00
1.389360728538307388e+00
1.386056954963674093e+00
1.382791367547498762e+00
1.379563430260378087e+00
1.376372615462801541e+00
1.373218403776680585e+00
1.370100283957937037e+00
1.367017752770236960e+00
1.363970314859931809e+00
1.360957482632239701e+00
1.357978776128719645e+00
1.355033722906108906e+00
1.352121857916495751e+00
1.349242723388929921e+00
1.346395868712441102e+00
1.343580850320519549e+00
1.340797231577068427e+00
1.338044582663843185e+00
1.335322480469385953e+00
1.332630508479482057e+00
1.329968256669122217e+00
1.327335321395991086e+00
1.324731305295483885e+00
1.322155817177231629e+00
1.319608471923170434e+00
1.317088890387122735e+00
1.314596699295877968e+00
1.312131531151806696e+00
1.309693024136951101e+00
1.307280822018630939e+00
1.304894574056503220e+00
1.302533934911123792e+00
1.300198564553934677e+00
1.297888128178727563e+00
1.295602296114512608e+00
1.293340743739831877e+00
1.291103151398452331e+00
1.288889204316461257e+00
1.286698592520733264e+00
1.284531010758745317e+00
1.282386158419743127e+00
1.280263739457225158e+00
1.278163462312728260e+00
1.276085039840913371e+00
1.274028189235915764e+00
1.271992631958950737e+00
1.269978093667154528e+00
1.267984304143653596e+00
1.266010997228817603e+00
1.264057910752716563e+00
1.262124786468724169e+00
1.260211369988288643e+00
1.258317410716816909e+00
1.256442661790679871e+00
1.254586880015319483e+00
1.252749825804412964e+00
1.250931263120124814e+00
1.249130959414379349e+00
1.247348685571172400e+00
1.245584215849887766e+00
1.243837327829607764e+00
1.242107802354398993e+00
1.240395423479558668e+00
1.238699978418802417e+00
1.237021257492380233e+00
1.235359054076105467e+00
1.233713164551282215e+00
1.232083388255498457e+00
1.230469527434303600e+00
1.228871387193725573e+00
1.227288775453616143e+00
1.225721502901836901e+00
1.224169382949229057e+00
1.222632231685385928e+00
1.221109867835201257e+00
1.219602112716179132e+00
1.218108790196501090e+00
1.216629726653813082e+00
1.215164750934757620e+00
1.213713694315198710e+00
1.212276390461147546e+00
1.210852675390383437e+00
1.209442387434733535e+00
1.208045367203022469e+00
1.206661457544663252e+00
1.205290503513888334e+00
1.203932352334607714e+00
1.202586853365873676e+00
1.201253858067955926e+00
1.199933219969003151e+00
1.198624794632282775e+00
1.197328439623994933e+00
1.196044014481648876e+00
1.194771380682980499e+00
1.193510401615412775e+00
1.192260942546045754e+00
1.191022870592168825e+00
1.189796054692276339e+00
1.188580365577588616e+00
1.187375675744064552e+00
1.186181859424895180e+00
1.184998792563474623e+00
1.183826352786820912e+00
1.182664419379481968e+00
1.181512873257856810e+00
1.180371596944984391e+00
1.179240474545744988e+00
1.178119391722494580e+00
1.177008235671112901e+00
1.175906895097461824e+00
1.174815260194240096e+00
1.173733222618239536e+00
1.172660675467977143e+00
1.171597513261717127e+00
1.170543631915859306e+00
1.169498928723690989e+00
1.168463302334505460e+00
1.167436652733067737e+00
1.166418881219427384e+00
1.165409890389067726e+00
1.164409584113396789e+00
1.163417867520555316e+00
1.162434646976556074e+00
1.161459830066730481e+00
1.160493325577492518e+00
1.159535043478399752e+00
1.158584894904520102e+00
1.157642792139086385e+00
1.156708648596441957e+00
1.155782378805268795e+00
1.154863898392091581e+00
1.153953124065060010e+00
1.153049973597989331e+00
1.152154365814672676e+00
1.151266220573452070e+00
1.150385458752031909e+00
1.149512002232555785e+00
1.148645773886920018e+00
1.147786697562325431e+00
1.146934698067075598e+00
1.146089701156594032e+00
1.145251633519676515e+00
1.144420422764968359e+00
1.143595997407655496e+00
1.142778286856374503e+00
1.141967221400335131e+00
1.141162732196651763e+00
1.140364751257872733e+00
1.139573211439722344e+00
1.138788046429027645e+00
1.138009190731847031e+00
1.137236579661788038e+00
1.136470149328507873e+00
1.135709836626405345e+00
1.134955579223484001e+00
1.134207315550402217e+00
1.133464984789689822e+00
1.132728526865140584e+00
1.131997882431371671e+00
1.131272992863546323e+00
1.130553800247263041e+00
1.129840247368600448e+00
1.129132277704322007e+00
1.128429835412235072e+00
1.127732865321694478e+00
1.127041312924267125e+00
1.126355124364531113e+00
1.125674246431026759e+00
1.124998626547344616e+00
1.124328212763351820e+00
1.123662953746559445e+00
1.123002798773620192e+00
1.122347697721958637e+00
1.121697601061528937e+00
1.121052459846707761e+00
1.120412225708300236e+00
1.119776850845680682e+00
1.119146288019045699e+00
1.118520490541792922e+00
1.117899412273010373e+00
1.117283007610084589e+00
1.116671231481423110e+00
1.116064039339281999e+00
1.115461387152710815e+00
1.114863231400594179e+00
1.114269529064813025e+00
1.113680237623495994e+00
1.113095315044380973e+00
1.112514719778272765e+00
1.111938410752606243e+00
1.111366347365094764e+00
1.110798489477485829e+00
1.110234797409404672e+00
1.109675231932289341e+00
1.109119754263419466e+00
1.108568326060033415e+00
1.108020909413530042e+00
1.107477466843763247e+00
1.106937961293415817e+00
1.106402356122456077e+00
1.105870615102682697e+00
1.105342702412345668e+00
1.104818582630846757e+00
1.104298220733518354e+00
1.103781582086482249e+00
1.103268632441579911e+00
1.102759337931379591e+00
1.102253665064253152e+00
1.101751580719531720e+00
1.101253052142726174e+00
1.100758046940817136e+00
1.100266533077617570e+00
1.099778478869199994e+00
1.099293852979390751e+00
1.098812624415330674e+00
1.098334762523095920e+00
1.097860236983387194e+00
1.097389017807278044e+00
1.096921075332024653e+00
1.096456380216936921e+00
1.095994903439308388e+00
1.095536616290404330e+00
1.095081490371503596e+00
1.094629497590007494e+00
1.094180610155589539e+00
1.093734800576412258e+00
1.093292041655392399e+00
1.092852306486518765e+00
1.092415568451221564e+00
1.091981801214800374e+00
1.091550978722889198e+00
1.091123075197986125e+00
1.090698065136020301e+00
1.090275923302973071e+00
1.089856624731544432e+00
1.089440144717868320e+00
1.089026458818268761e+00
1.088615542846069539e+00
1.088207372868440270e+00
1.087801925203289999e+00
1.087399176416204094e+00
1.086999103317424664e+00
1.086601682958868720e+00
1.086206892631192078e+00
1.085814709860889904e+00
1.085425112407442327e+00
1.085038078260492256e+00
1.084653585637069151e+00
1.084271612978846555e+00
1.083892138949437811e+00
1.083515142431729750e+00
1.083140602525251239e+00
1.082768498543582147e+00
1.082398810011787393e+00
1.082031516663900073e+00
1.081666598440425453e+00
1.081304035485887605e+00
1.080943808146405560e+00
1.080585896967301895e+00
1.080230282690743726e+00
1.079876946253419678e+00
1.079525868784240616e+00
1.079177031602077230e+00
1.078830416213525156e+00
1.078486004310701851e+00
1.078143777769069667e+00
1.077803718645291342e+00
1.077465809175113698e+00
1.077130031771276197e+00
1.076796369021451705e+00
1.076464803686210780e+00
1.076135318697015952e+00
1.075807897154239523e+00
1.075482522325211354e+00
1.075159177642287300e+00
1.074837846700947841e+00
1.074518513257918917e+00
1.074201161229318746e+00
1.073885774688827288e+00
1.073572337865881021e+00
1.073260835143891923e+00
1.072951251058487321e+00
1.072643570295774174e+00
1.072337777690625771e+00
1.072033858224991532e+00
1.071731797026226785e+00
1.071431579365444753e+00
1.071133190655890521e+00
1.070836616451336321e+00
1.070541842444495462e+00
1.070248854465458477e+00
1.069957638480149020e+00
1.069668180588799533e+00
1.069380467024444892e+00
1.069094484151438040e+00
1.068810218463981832e+00
1.068527656584681962e+00
1.068246785263116783e+00
1.067967591374424430e+00
1.067690061917911049e+00
1.067414184015673673e+00
1.067139944911241534e+00
1.066867331968234467e+00
1.066596332669037972e+00
1.066326934613496036e+00
1.066059125517618833e+00
1.065792893212307302e+00
1.065528225642094151e+00
1.065265110863900189e+00
1.065003537045805526e+00
1.064743492465837882e+00
1.064484965510774206e+00
1.064227944674956738e+00
1.063972418559126831e+00
1.063718375869270982e+00
1.063465805415479526e+00
1.063214696110823532e+00
1.062965036970242361e+00
1.062716817109445655e+00
1.062470025743829760e+00
1.062224652187406360e+00
1.061980685851744877e+00
1.061738116244927532e+00
1.061496932970517726e+00
1.061257125726539297e+00
1.061018684304471327e+00
1.060781598588251606e+00
1.060545858553294973e+00
1.060311454265523423e+00
1.060078375880403989e+00
1.059846613642005275e+00
1.059616157882058651e+00
1.059386999019034992e+00
1.059159127557231184e+00
1.058932534085866628e+00
1.058707209278192396e+00
1.058483143890610156e+00
1.058260328761801983e+00
1.058038754811869486e+00
1.057818413041485162e+00
1.057599294531052170e+00
1.057381390439874780e+00
1.057164692005339024e+00
1.056949190542102235e+00
1.056734877441292575e+00
1.056521744169719446e+00
1.056309782269089448e+00
1.056098983355235887e+00
1.055889339117356274e+00
1.055680841317255814e+00
1.055473481788603562e+00
1.055267252436195013e+00
1.055062145235225124e+00
1.054858152230567336e+00
