1.202007400683007265e+00
1.539734721888941504e-01
1.548079869566984512e-01
1.550542501898836689e-01
1.550335449965870305e-01
1.548409968570201578e-01
1.545264880167182275e-01
1.541191032519291515e-01
1.536361535367748998e-01
1.530881211789980323e-01
1.524815637826869297e-01
1.518208116655529460e-01
1.511089500940333286e-01
1.503483843335833847e-01
1.495411632870300156e-01
1.486891634229874082e-01
1.477941914942543233e-01
1.468580398036679335e-01
1.458825136554519064e-01
1.448694425318018120e-01
1.438206818447708979e-01
1.427381093662141442e-01
1.416236188097240722e-01
1.404791120616168953e-01
1.393064909657992512e-01
1.381076492047692006e-01
1.368844645951165229e-01
1.356387919765059957e-01
1.343724567858373131e-01
1.330872493534165646e-01
1.317849199233714907e-01
1.304671743789420080e-01
1.291356706399096610e-01
1.277920156914849892e-01
1.264377631995845519e-01
1.250744116654188554e-01
1.237034030719064426e-01
1.223261219751195228e-01
1.209438949954436959e-01
1.195579906650497404e-01
1.181696195906039304e-01
1.167799348926348152e-01
1.153900328855916174e-01
1.140009539653039222e-01
1.126136836732228447e-01
1.112291539094023562e-01
1.098482442687556127e-01
1.084717834775013739e-01
1.071005509090658392e-01
1.057352781608521947e-01
1.043766506753404238e-01
1.030253093908835849e-01
1.016818524093063142e-01
1.003468366690545704e-01
9.902077961408507767e-02
9.770416085008980234e-02
9.639742378080426444e-02
9.510097721832715123e-02
9.381519696230804228e-02
9.254042734380284185e-02
9.127698273034257070e-02
9.002514898951166633e-02
8.878518490891522397e-02
8.755732357097914531e-02
8.634177368152269605e-02
8.513872085140961055e-02
8.394832883101391308e-02
8.277074069747999974e-02
8.160607999507088484e-02
8.045445182909753690e-02
7.931594391412624678e-02
7.819062757729079716e-02
7.707855871771614187e-02
7.597977872309494285e-02
7.489431534461628293e-02
7.382218353143273071e-02
7.276338622596154049e-02
7.171791512131502067e-02
7.068575138216513787e-02
6.966686633039645415e-02
6.866122209685313060e-02
6.766877224051416617e-02
6.668946233639172494e-02
6.572323053344610033e-02
6.477000808377174346e-02
6.382971984428621737e-02
6.290228475212795989e-02
6.198761627492246906e-02
6.108562283705867152e-02
6.019620822306018942e-02
5.931927195912305162e-02
5.845470967382957600e-02
5.760241343903255151e-02
5.676227209184874639e-02
5.593417153867719788e-02
5.511799504210614098e-02
5.431362349155566260e-02
5.352093565845111867e-02
5.273980843669225094e-02
5.197011706915709989e-02
5.121173536093687889e-02
5.046453587997217632e-02
4.972839014572919686e-02
4.900316880652694912e-02
4.828874180609028094e-02
4.758497853989412940e-02
4.689174800180884867e-02
4.620891892156996777e-02
4.553635989353059521e-02
4.487393949716595581e-02
4.422152640975675342e-02
4.357898951166223195e-02
4.294619798457730703e-02
4.232302140314954386e-02
4.170932982029896402e-02
4.110499384658836824e-02
4.050988472395959661e-02
3.992387439413897648e-02
3.934683556199862486e-02
3.877864175415339509e-02
3.821916737304836137e-02
3.766828774678641217e-02
3.712587917493066769e-02
3.659181897050310661e-02
3.606598549839139245e-02
3.554825821036781269e-02
3.503851767690416980e-02
3.453664561596998112e-02
3.404252491898321353e-02
3.355603967407232158e-02
3.307707518681297920e-02
3.260551799857785288e-02
3.214125590263987309e-02
3.168417795816731025e-02
3.123417450222462644e-02
3.079113715990925912e-02
3.035495885272748717e-02
2.992553380532249341e-02
2.950275755065038044e-02
2.908652693370522568e-02
2.867674011388064714e-02
2.827329656605239230e-02
2.787609708047029955e-02
2.748504376152871229e-02
2.710004002549292607e-02
2.672099059725349668e-02
2.634780150616686592e-02
2.598038008105102090e-02
2.561863494439335989e-02
2.526247600582407285e-02
2.491181445491089802e-02
2.456656275332462502e-02
2.422663462642041590e-02
2.389194505428288151e-02
2.356241026227331309e-02
2.323794771112482060e-02
2.291847608661610677e-02
2.260391528886485785e-02
2.229418642127182007e-02
2.198921177914957281e-02
2.168891483806442005e-02
2.139322024191802479e-02
2.110205379080115629e-02
2.081534242863865639e-02
2.053301423065351933e-02
2.025499839067142899e-02
1.998122520828351720e-02
1.971162607589537971e-02
1.944613346567146406e-02
1.918468091639971909e-02
1.892720302028819829e-02
1.867363540971389568e-02
1.842391474393311607e-02
1.817797869577096603e-02
1.793576593830232060e-02
1.769721613153364681e-02
1.746226990910051957e-02
1.723086886498889289e-02
1.700295554029009407e-02
1.677847341000158685e-02
1.655736686987608133e-02
1.633958122333462742e-02
1.612506266844431976e-02
1.591375828497124806e-02
1.570561602151441735e-02
1.550058468272555098e-02
1.529861391662100736e-02
1.509965420199117260e-02
1.490365683591084872e-02
1.471057392135563871e-02
1.452035835492836505e-02
1.433296381469809956e-02
1.414834474815642590e-02
1.396645636029222697e-02
1.378725460178911386e-02
1.361069615734659434e-02
1.343673843412804270e-02
1.326533955033694367e-02
1.309645832392261969e-02
1.293005426141815434e-02
1.276608754690872552e-02
1.260451903113643524e-02
1.244531022073656380e-02
1.228842326761121241e-02
1.213382095843640839e-02
1.198146670430682778e-02
1.183132453051506140e-02
1.168335906646817898e-02
1.153753553574019854e-02
1.139381974625996996e-02
1.125217808063528821e-02
1.111257748661236694e-02
1.097498546766991281e-02
1.083937007374814049e-02
1.070569989211077495e-02
1.057394403834088954e-02
1.044407214746820647e-02
1.031605436522869436e-02
1.018986133945415894e-02
1.006546421159150093e-02
9.942834608351188222e-03
9.821944633482137393e-03
9.702766859674291644e-03
9.585274320585734573e-03
9.469440502994332792e-03
9.355239339071827476e-03
9.242645198781099941e-03
9.131632882391636091e-03
9.022177613116445782e-03
8.914255029865623264e-03
8.807841180116475835e-03
8.702912512899483449e-03
8.599445871897756083e-03
8.497418488659126690e-03
8.396807975919177991e-03
8.297592321034439819e-03
8.199749879523663201e-03
8.103259368715649835e-03
8.008099861504146960e-03
7.914250780204546212e-03
7.821691890515731008e-03
7.730403295581470165e-03
7.640365430153187032e-03
7.551559054849909559e-03
7.463965250516539293e-03
7.377565412677153725e-03
7.292341246083335060e-03
7.208274759354430655e-03
7.125348259711095610e-03
7.043544347797183955e-03
6.962845912592178534e-03
6.883236126410170568e-03
6.804698439985793108e-03
6.727216577644323271e-03
6.650774532555987946e-03
6.575356562072186620e-03
6.500947183143150794e-03
6.427531167814608780e-03
6.355093538803604190e-03
6.283619565151113244e-03
6.213094757950943930e-03
6.143504866153053946e-03
6.074835872440285597e-03
6.007073989177771738e-03
5.940205654433619760e-03
5.874217528068821463e-03
5.809096487896622113e-03
5.744829625909458719e-03
5.681404244571805658e-03
5.618807853179626742e-03
5.557028164282693666e-03
5.496053090171483003e-03
5.435870739425406953e-03
5.376469413522017016e-03
5.317837603507142435e-03
5.259963986723068148e-03
5.202837423595552818e-03
5.146446954477068396e-03
5.090781796546719161e-03
5.035831340764988437e-03
4.981585148882569647e-03
4.928032950502331082e-03
4.875164640193507988e-03
4.822970274657585946e-03
4.771440069943816420e-03
4.720564398715274348e-03
4.670333787562726442e-03
4.620738914366818474e-03
4.571770605707087959e-03
4.523419834316920983e-03
4.475677716584408952e-03
4.428535510096775520e-03
4.381984611229605350e-03
4.336016552778134726e-03
4.290623001631303952e-03
4.245795756486834237e-03
4.201526745607363743e-03
4.157808024616234215e-03
4.114631774332590773e-03
4.071990298645287477e-03
4.029876022424186584e-03
3.988281489468964262e-03
3.947199360494350710e-03
3.906622411151096028e-03
3.866543530082241619e-03
3.826955717013903486e-03
3.787852080880035281e-03
3.749225837980451649e-03
3.711070310171484324e-03
3.673378923089032876e-03
3.636145204402945873e-03
3.599362782102531223e-03
3.563025382812026916e-03
3.527126830136687475e-03
3.491661043037533243e-03
3.456622034235203554e-03
3.422003908641975747e-03
3.387800861821547993e-03
3.354007178476073325e-03
3.320617230959940942e-03
3.287625477819747927e-03
3.255026462360120082e-03
3.222814811234985932e-03
3.190985233063350652e-03
3.159532517069787213e-03
3.128451531748734863e-03
3.097737223552313093e-03
3.067384615601380891e-03
3.037388806419000827e-03
3.007744968686389044e-03
2.978448348020541498e-03
2.949494261773564184e-03
2.920878097852683004e-03
2.892595313561340930e-03
2.864641434460280488e-03
2.837012053248674000e-03
2.809702828664985882e-03
2.782709484406585554e-03
2.756027808068883811e-03
2.729653650102337702e-03
2.703582922787995703e-03
2.677811599230919219e-03
2.652335712370971696e-03
2.627151354010778903e-03
2.602254673860790977e-03
2.577641878600812637e-03
2.553309230957737444e-03
2.529253048799428444e-03
2.505469704244177483e-03
2.481955622785594895e-03
2.458707282432803787e-03
2.435721212865142680e-03
2.412993994601767694e-03
2.390522258185568370e-03
2.368302683380841579e-03
2.346331998385162414e-03
2.324606979054504897e-03
2.303124448142013659e-03
2.281881274549368410e-03
2.260874372591575605e-03
2.240100701273789550e-03
2.219557263580915814e-03
2.199241105779240618e-03
2.179149316729897101e-03
2.159279027214235265e-03
2.139627409270548290e-03
2.120191675542214185e-03
2.100969078636790062e-03
2.081956910496129270e-03
2.063152501777279837e-03
2.044553221243538849e-03
2.026156475166306786e-03
2.007959706736718759e-03
1.989960395487337576e-03
1.972156056723712182e-03
1.954544240965351305e-03
1.937122533396391181e-03
1.919888553325200782e-03
1.902839953653333305e-03
1.885974420353381991e-03
1.869289671955380117e-03
1.852783459042166899e-03
1.836453563752964493e-03
1.820297799295324823e-03
1.804314009465331952e-03
1.788500068175607029e-03
1.772853878991525415e-03
1.757373374674842809e-03
1.742056516735094240e-03
1.726901294988416376e-03
1.711905727123747174e-03
1.697067858276139415e-03
1.682385760607206992e-03
1.667857532892573838e-03
1.653481300115995254e-03
1.639255213070382137e-03
1.625177447965281191e-03
1.611246206040794441e-03
1.597459713188053394e-03
1.583816219575721364e-03
1.570313999282796314e-03
1.556951349937306123e-03
1.543726592361070607e-03
1.530638070220159729e-03
1.517684149681153803e-03
1.504863219072985828e-03
1.492173688554292643e-03
1.479613989786263432e-03
1.467182575610705619e-03
1.454877919733446557e-03
1.442698516412841813e-03
1.430642880153316313e-03
1.418709545403936843e-03
1.406897066261766308e-03
1.395204016180169766e-03
1.383628987681662613e-03
1.372170592075518418e-03
1.360827459179860368e-03
1.349598237048295736e-03
1.338481591700835553e-03
1.327476206859260150e-03
1.316580783686672551e-03
1.305794040531186575e-03
1.295114712673815349e-03
1.284541552080285505e-03
1.274073327156912154e-03
1.263708822510278091e-03
1.253446838710817017e-03
1.243286192060076741e-03
1.233225714361823287e-03
1.223264252696596452e-03
1.213400669199957062e-03
1.203633840844216913e-03
1.193962659223684990e-03
1.184386030343106445e-03
1.174902874409752525e-03
1.165512125628445639e-03
1.156212732000102671e-03
1.147003655123257464e-03
1.137883869998782124e-03
1.128852364837677497e-03
1.119908140871782526e-03
1.111050212167617604e-03
1.102277605442916319e-03
1.093589359886254324e-03
1.084984526979267724e-03
1.076462170321835880e-03
1.068021365459842238e-03
1.059661199715664949e-03
1.051380772021312093e-03
1.043179192754112999e-03
1.035055583574988683e-03
1.027009077269133968e-03
1.019038817589312763e-03
1.011143959101422135e-03
1.003323667032475237e-03
9.955771171210080813e-04
9.879034954696601367e-04
9.803019984001002697e-04
9.727718323101406089e-04
9.653122135330496033e-04
9.579223681989999838e-04
9.506015320986568309e-04
9.433489505488711633e-04
9.361638782602808547e-04
9.290455792071352498e-04
9.219933264989411308e-04
9.150064022540779210e-04
9.080840974754408879e-04
9.012257119277513077e-04
8.944305540169992554e-04
8.876979406714329002e-04
8.810271972245542265e-04
8.744176572997500565e-04
8.678686626966950922e-04
8.613795632795029095e-04
8.549497168664951232e-04
8.485784891216503062e-04
8.422652534476625158e-04
8.360093908806301346e-04
8.298102899863161542e-04
8.236673467578880690e-04
8.175799645152704133e-04
8.115475538059418884e-04
8.055695323072116672e-04
7.996453247299736833e-04
7.937743627238340620e-04
7.879560847837420142e-04
7.821899361578508666e-04
7.764753687568838559e-04
7.708118410647749443e-04
7.651988180505758753e-04
7.596357710817879796e-04
7.541221778388321759e-04
7.486575222308608892e-04
7.432412943127782038e-04
7.378729902034426641e-04
7.325521120051308940e-04
7.272781677241107893e-04
7.220506711924649023e-04
