1.202007400874471665e+00
1.543837985323116835e-01
1.549815964955585657e-01
1.547389497068582531e-01
1.543876852728538196e-01
1.540092069310209089e-01
1.536013545981989026e-01
1.531553228474575867e-01
1.526650451660837016e-01
1.521271408434567152e-01
1.515400247991438576e-01
1.509032595007889499e-01
1.502171542455452702e-01
1.494825202849777157e-01
1.487005172177245649e-01
1.478725530377285879e-01
1.470002164839484815e-01
1.460852293672755542e-01
1.451294115799953988e-01
1.441346543715061046e-01
1.431028991706530806e-01
1.420361202592650418e-01
1.409363102296259662e-01
1.398054675474295627e-01
1.386455857830924676e-01
1.374586442240998962e-01
1.362465996734418816e-01
1.350113792959433401e-01
1.337548744087627417e-01
1.324789351330895038e-01
1.311853658365562947e-01
1.298759213034055837e-01
1.285523035741705788e-01
1.272161593997581386e-01
1.258690782572862155e-01
1.245125908770884776e-01
1.231481682323754684e-01
1.217772209451704751e-01
1.204010990643710199e-01
1.190210921741752803e-01
1.176384297935969547e-01
1.162542820303196778e-01
1.148697604547583018e-01
1.134859191627884539e-01
1.121037559981224591e-01
1.107242139078991605e-01
1.093481824073582326e-01
1.079764991319060452e-01
1.066099514569839035e-01
1.052492781682903139e-01
1.038951711668250899e-01
1.025482771950338434e-01
1.012091995720181686e-01
9.987849992730074566e-02
9.855669992406689006e-02
9.724428296406603667e-02
9.594169586753015233e-02
9.464935052253235781e-02
9.336762549912411280e-02
9.209686762446153696e-02
9.083739351586145316e-02
8.958949106941220542e-02
8.835342090234360457e-02
8.712941774786951699e-02
8.591769180168379316e-02
8.471843001966612718e-02
8.353179736670970912e-02
8.235793801683606585e-02
8.119697650507427811e-02
8.004901883170609245e-02
7.891415351972995429e-02
7.779245262648259995e-02
7.668397271051363706e-02
7.558875575486741216e-02
7.450683004802888254e-02
7.343821102382157295e-02
7.238290206159511686e-02
7.134089524805857507e-02
7.031217210213544511e-02
6.929670426421306872e-02
6.829445415115398266e-02
6.730537557842569685e-02
6.632941435068773206e-02
6.536650882214746494e-02
6.441659042797248658e-02
6.347958418800742075e-02
6.255540918402947848e-02
6.164397901170936417e-02
6.074520220844127627e-02
5.985898265814722230e-02
5.898521997411866613e-02
5.812380986094724949e-02
5.727464445651463815e-02
5.643761265501685137e-02
5.561260041192956499e-02
5.479949103179378167e-02
5.399816543967128624e-02
5.320850243706790744e-02
5.243037894310349778e-02
5.166367022166212103e-02
5.090825009522630812e-02
5.016399114607097975e-02
4.943076490546030599e-02
4.870844203145143630e-02
4.799689247589623148e-02
4.729598564119760068e-02
4.660559052734076363e-02
4.592557586971639932e-02
4.525581026820448688e-02
4.459616230798182229e-02
4.394650067248661446e-02
4.330669424895119274e-02
4.267661222689954348e-02
4.205612418998015689e-02
4.144510020148803320e-02
4.084341088392014207e-02
4.025092749287570437e-02
3.966752198561445536e-02
3.909306708455528162e-02
3.852743633599423762e-02
3.797050416430475250e-02
3.742214592185896110e-02
3.688223793491732239e-02
3.635065754570229041e-02
3.582728315086874255e-02
3.531199423657596648e-02
3.480467141034899320e-02
3.430519642991093632e-02
3.381345222916237736e-02
3.332932294146414426e-02
3.285269392038400738e-02
3.238345175805493192e-02
3.192148430127529635e-02
3.146668066549830611e-02
3.101893124682059827e-02
3.057812773210051571e-02
3.014416310731095686e-02
2.971693166424104610e-02
2.929632900564167058e-02
2.888225204891263498e-02
2.847459902842695845e-02
2.807326949657200366e-02
2.767816432359383738e-02
2.728918569632203875e-02
2.690623711584380628e-02
2.652922339420726860e-02
2.615805065020472206e-02
2.579262630431443729e-02
2.543285907284862160e-02
2.507865896136696193e-02
2.472993725741220311e-02
2.438660652261145576e-02
2.404858058419639955e-02
2.371577452598377239e-02
2.338810467885942337e-02
2.306548861080789936e-02
2.274784511652206201e-02
2.243509420663096152e-02
2.212715709658035629e-02
2.182395619519440083e-02
2.152541509295303676e-02
2.123145855001086491e-02
2.094201248398449428e-02
2.065700395753538796e-02
2.037636116576974424e-02
2.010001342347927239e-02
1.982789115224535548e-02
1.955992586742262909e-02
1.929605016502563067e-02
1.903619770853210921e-02
1.878030321562211558e-02
1.852830244486744146e-02
1.828013218238613499e-02
1.803573022847534610e-02
1.779503538423722955e-02
1.755798743820715171e-02
1.732452715299800591e-02
1.709459625196965010e-02
1.686813740593379532e-02
1.664509421990353552e-02
1.642541121989668507e-02
1.620903383979847845e-02
1.599590840829532082e-02
1.578598213588223304e-02
1.557920310195199352e-02
1.537552024197341369e-02
1.517488333476114948e-02
1.497724298984471313e-02
1.478255063493968610e-02
1.459075850352655607e-02
1.440181962253871302e-02
1.421568780016772143e-02
1.403231761378324373e-02
1.385166439797503278e-02
1.367368423271768038e-02
1.349833393166067000e-02
1.332557103054590221e-02
1.315535377575441887e-02
1.298764111298457945e-02
1.282239267606168076e-02
1.265956877588222430e-02
1.249913038949104771e-02
1.234103914929571451e-02
1.218525733241525646e-02
1.203174785016649685e-02
1.188047423768612276e-02
1.173140064369051008e-02
1.158449182037287611e-02
1.143971311343612747e-02
1.129703045226387523e-02
1.115641034022797629e-02
1.101781984513038569e-02
1.088122658978370356e-02
1.074659874272475626e-02
1.061390500906272266e-02
1.048311462146253072e-02
1.035419733125962985e-02
1.022712339970809590e-02
1.010186358935933996e-02
9.978389155571148680e-03
9.856671838146445486e-03
9.736683853100105632e-03
9.618397884551911636e-03
9.501787076747394284e-03
9.386825026201080918e-03
9.273485773965485165e-03
9.161743798021072804e-03
9.051574005787217658e-03
8.942951726753786690e-03
8.835852705230202303e-03
8.730253093212235124e-03
8.626129443363704866e-03
8.523458702113552443e-03
8.422218202865263195e-03
8.322385659317678430e-03
8.223939158896251614e-03
8.126857156293564380e-03
8.031118467115905268e-03
7.936702261637069988e-03
7.843588058656311007e-03
7.751755719458554295e-03
7.661185441877686395e-03
7.571857754459281921e-03
7.483753510721981306e-03
7.396853883517348800e-03
7.311140359484283313e-03
7.226594733599539869e-03
7.143199103820796828e-03
7.060935865821614012e-03
6.979787707816822832e-03
6.899737605477743868e-03
6.820768816933948063e-03
6.742864877863092438e-03
6.666009596663958342e-03
6.590187049715281326e-03
6.515381576715326313e-03
6.441577776103680000e-03
6.368760500562789355e-03
6.296914852597363180e-03
6.226026180192451194e-03
6.156080072546221173e-03
6.087062355878807181e-03
6.018959089313758587e-03
5.951756560832878289e-03
5.885441283301367545e-03
5.819999990564051102e-03
5.755419633609430013e-03
5.691687376802470263e-03
5.628790594183251915e-03
5.566716865831756317e-03
5.505453974296374911e-03
5.444989901086032084e-03
5.385312823224950619e-03
5.326411109867778583e-03
5.268273318975403782e-03
5.210888194049568406e-03
5.154244660925750426e-03
5.098331824622941329e-03
5.043138966249459745e-03
4.988655539964206853e-03
4.934871169991441459e-03
4.881775647689461615e-03
4.829358928671010492e-03
4.777611129975237354e-03
4.726522527290055731e-03
4.676083552224190136e-03
4.626284789627793312e-03
4.577116974960599230e-03
4.528570991707771450e-03
4.480637868841099748e-03
4.433308778326061107e-03
4.386575032673146503e-03
4.340428082532971250e-03
4.294859514334287663e-03
4.249861047964213073e-03
4.205424534489822334e-03
4.161541953920605205e-03
4.118205413010352263e-03
4.075407143099050479e-03
4.033139497992666890e-03
3.991394951880655566e-03
3.950166097291559104e-03
3.909445643083799861e-03
3.869226412473278105e-03
3.829501341095660743e-03
3.790263475103257829e-03
3.751505969295908325e-03
3.713222085285117040e-03
3.675405189690777053e-03
3.638048752370118526e-03
3.601146344678039096e-03
3.564691637758534825e-03
3.528678400866309267e-03
3.493100499718371135e-03
3.457951894874712866e-03
3.423226640148064465e-03
3.388918881041466657e-03
3.355022853213731910e-03
3.321532880972323173e-03
3.288443375792503287e-03
3.255748834862921565e-03
3.223443839657212130e-03
3.191523054530292103e-03
3.159981225339804616e-03
3.128813178092069557e-03
3.098013817611583193e-03
3.067578126234140820e-03
3.037501162523157869e-03
3.007778060008231905e-03
2.978404025946495854e-03
2.949374340105103635e-03
2.920684353565671312e-03
2.892329487549384886e-03
2.864305232263012358e-03
2.836607145764791400e-03
2.809230852850651012e-03
2.782172043959685141e-03
2.755426474098713469e-03
2.728989961786010016e-03
2.702858388013017372e-03
2.677027695224664956e-03
2.651493886317142935e-03
2.626253023653390712e-03
2.601301228095565313e-03
2.576634678054397741e-03
2.552249608555351868e-03
2.528142310320510757e-03
2.504309128866832272e-03
2.480746463619955180e-03
2.457450767043169344e-03
2.434418543781858776e-03
2.411646349822308202e-03
2.389130791665454272e-03
2.366868525514694097e-03
2.344856256477670896e-03
2.323090737782070991e-03
2.301568770004624662e-03
2.280287200313783555e-03
2.259242921724775345e-03
2.238432872368310237e-03
2.217854034771059302e-03
2.197503435148992317e-03
2.177378142712601931e-03
2.157475268984021966e-03
2.137791967125877209e-03
2.118325431281566779e-03
2.099072895926974106e-03
2.080031635232847207e-03
2.061198962438484574e-03
2.042572229235745714e-03
2.024148825163670819e-03
2.005926177013539133e-03
1.987901748243591470e-03
1.970073038404159763e-03
1.952437582572172587e-03
1.934992950795421307e-03
1.917736747546192879e-03
1.900666611183969177e-03
1.883780213427443950e-03
1.867075258835183696e-03
1.850549484295176605e-03
1.834200658522982912e-03
1.818026581568197176e-03
1.802025084329165246e-03
1.786194028076091211e-03
1.770531303981782555e-03
1.755034832660514257e-03
1.739702563714408141e-03
1.724532475287479704e-03
1.709522573627132768e-03
1.694670892652845422e-03
1.679975493532133565e-03
1.665434464263525335e-03
1.651045919266438651e-03
1.636807998977851284e-03
1.622718869455659586e-03
1.608776721988685113e-03
1.594979772712877900e-03
1.581326262234158519e-03
1.567814455257242117e-03
1.554442640220673848e-03
1.541209128937901136e-03
1.528112256244098079e-03
1.515150379648980486e-03
1.502321878995104823e-03
1.489625156121927949e-03
1.477058634535285270e-03
1.464620759082234163e-03
1.452309995631294792e-03
1.440124830757797715e-03
1.428063771434436762e-03
1.416125344726795136e-03
1.404308097493851696e-03
1.392610596093290251e-03
1.381031426091734390e-03
1.369569191979350554e-03
1.358222516889512387e-03
1.346990042322574214e-03
1.335870427874334991e-03
1.324862350968812174e-03
1.313964506595318143e-03
1.303175607049697135e-03
1.292494381679877092e-03
1.281919576635305114e-03
1.271449954620563387e-03
1.261084294652722784e-03
1.250821391822869557e-03
1.240660057061120569e-03
1.230599116905539908e-03
1.220637413274809884e-03
1.210773803244326145e-03
1.201007158825967381e-03
1.191336366751369379e-03
1.181760328258539289e-03
1.172277958881927850e-03
1.162888188245811459e-03
1.153589959860881970e-03
1.144382230924075212e-03
1.135263972121570595e-03
1.126234167434836441e-03
1.117291813949803031e-03
1.108435921668912911e-03
1.099665513326229067e-03
1.090979624205363997e-03
1.082377301960270625e-03
1.073857606438892486e-03
1.065419609509402976e-03
1.057062394889335963e-03
1.048785057977285294e-03
1.040586705687182980e-03
1.032466456285206129e-03
1.024423439229259301e-03
1.016456795010755362e-03
1.008565674999044402e-03
1.000749241288152215e-03
9.930066665458819105e-04
9.853371338652515410e-04
9.777398366181948991e-04
9.702139783115471591e-04
9.627587724452473872e-04
9.553734423726230459e-04
9.480572211629347337e-04
9.408093514659380836e-04
9.336290853785350272e-04
9.265156843134981623e-04
9.194684188701024484e-04
9.124865687068221994e-04
9.055694224159214177e-04
8.987162773999272805e-04
8.919264397499953407e-04
8.851992241261344603e-04
8.785339536391936809e-04
8.719299597346884430e-04
8.653865820783369174e-04
8.589031684433030877e-04
8.524790745992195506e-04
8.461136642028013830e-04
8.398063086900947691e-04
8.335563871703937809e-04
8.273632863217323958e-04
8.212264002878878928e-04
8.151451305769940713e-04
8.091188859616254073e-04
8.031470823803252583e-04
7.972291428407409647e-04
7.913644973240301778e-04
7.855525826907707593e-04
7.797928425882832883e-04
7.740847273592854020e-04
7.684276939518879445e-04
7.628212058309565610e-04
7.572647328907731405e-04
7.517577513689240347e-04
7.462997437615703084e-04
7.408901987398363448e-04
7.355286110675323449e-04
7.302144815199867241e-04
7.249473168041684935e-04
7.197266294798638098e-04
7.145519378821046713e-04
