1.202007400644828250e+00
1.691790614402378379e-01
1.673714242356425241e-01
1.661545203320514696e-01
1.652219122807576379e-01
1.644259438791533523e-01
1.636907934812781296e-01
1.629754144692116269e-01
1.622562170255112124e-01
1.615188815572702330e-01
1.607543842292272485e-01
1.599569547390935209e-01
1.591229496688201239e-01
1.582501854148425091e-01
1.573375181963562186e-01
1.563845660821215344e-01
1.553915174365587681e-01
1.543589943780790952e-01
1.532879525149321298e-01
1.521796053084937261e-01
1.510353655940420980e-01
1.498567993570352197e-01
1.486455884861064558e-01
1.474035002710017972e-01
1.461323620991445138e-01
1.448340402588041698e-01
1.435104220613611370e-01
1.421634007015912249e-01
1.407948624166064366e-01
1.394066756027523835e-01
1.380006816195885055e-01
1.365786870603812042e-01
1.351424573055790834e-01
1.336937112036081787e-01
1.322341167448790322e-01
1.307652876118698959e-01
1.292887805019946601e-01
1.278060931314470572e-01
1.263186628379129595e-01
1.248278657084968546e-01
1.233350161665927869e-01
1.218413669579847119e-01
1.203481094824127573e-01
1.188563744221425161e-01
1.173672326239443009e-01
1.158816961953509084e-01
1.144007197800635395e-01
1.129252019811369107e-01
1.114559869039251638e-01
1.099938657939070197e-01
1.085395787473318607e-01
1.070938164751981669e-01
1.056572221034661890e-01
1.042303929945184171e-01
1.028138825768308007e-01
1.014082021715712184e-01
1.000138228064197943e-01
9.863117700834361790e-02
9.726066056830451334e-02
9.590263427205646118e-02
9.455742559217800158e-02
9.322533033740089403e-02
9.190661425610063828e-02
9.060151459151140341e-02
8.931024158685109404e-02
8.803297993909689478e-02
8.676989020060375812e-02
8.552111012818898461e-02
8.428675597964647992e-02
8.306692375796283223e-02
8.186169040375906869e-02
8.067111493671313971e-02
7.949523954686520122e-02
7.833409063691144925e-02
7.718767981665514144e-02
7.605600485091447427e-02
7.493905056225874661e-02
7.383678968998295955e-02
7.274918370678912227e-02
7.167618359465445510e-02
7.061773058137922610e-02
6.957375683932444377e-02
6.854418614781893071e-02
6.752893452071555280e-02
6.652791080055892037e-02
6.554101722077787517e-02
6.456814993731881114e-02
6.360919953107097014e-02
6.266405148241351031e-02
6.173258661917455786e-02
6.081468153924795422e-02
5.991020900906959129e-02
5.901903833912244129e-02
5.814103573758006016e-02
5.727606464318209245e-02
5.642398603835504373e-02
5.558465874359435482e-02
5.475793969403640327e-02
5.394368419915255425e-02
5.314174618641633735e-02
5.235197842979519983e-02
5.157423276384528327e-02
5.080836028417867051e-02
5.005421153502132708e-02
4.931163668455271210e-02
4.858048568868223588e-02
4.786060844388678043e-02
4.715185492970614539e-02
4.645407534146078071e-02
4.576712021372355416e-02
4.509084053506814266e-02
4.442508785456368570e-02
4.376971438048826019e-02
4.312457307169252629e-02
4.248951772202740756e-02
4.186440303823384806e-02
4.124908471165844581e-02
4.064341948416146794e-02
4.004726520853733179e-02
3.946048090378011935e-02
3.888292680548233876e-02
3.831446441165776290e-02
3.775495652426162640e-02
3.720426728665297833e-02
3.666226221725474299e-02
3.612880823962705962e-02
3.560377370918198919e-02
3.508702843673581345e-02
3.457844370909850251e-02
3.407789230688205995e-02
3.358524851969916375e-02
3.310038815891978847e-02
3.262318856813831158e-02
3.215352863149908286e-02
3.169128878001785388e-02
3.123635099603230825e-02
3.078859881589965375e-02
3.034791733106863287e-02
2.991419318762376933e-02
2.948731458441596412e-02
2.906717126987532276e-02
2.865365453759238443e-02
2.824665722076848476e-02
2.784607368560504045e-02
2.745179982371942148e-02
2.706373304365428806e-02
2.668177226155361847e-02
2.630581789107156593e-02
2.593577183257296179e-02
2.557153746168401229e-02
2.521301961725184657e-02
2.486012458875905967e-02
2.451276010324627067e-02
2.417083531178569958e-02
2.383426077555041503e-02
2.350294845151852663e-02
2.317681167785221041e-02
2.285576515898384009e-02
2.253972495044873764e-02
2.222860844348923184e-02
2.192233434946339043e-02
2.162082268408937330e-02
2.132399475154271584e-02
2.103177312843989080e-02
2.074408164772596416e-02
2.046084538248994777e-02
2.018199062972542493e-02
1.990744489405910783e-02
1.963713687146099313e-02
1.937099643295478804e-02
1.910895460834214493e-02
1.885094356995689613e-02
1.859689661646095338e-02
1.834674815669418493e-02
1.810043369359115931e-02
1.785788980817227048e-02
1.761905414362303912e-02
1.738386538946778970e-02
1.715226326584531544e-02
1.692418850789810872e-02
1.669958285027823425e-02
1.647838901177824111e-02
1.626055068009281054e-02
1.604601249671563229e-02
1.583472004197841732e-02
1.562661982023408683e-02
1.542165924519031152e-02
1.521978662539493279e-02
1.502095114987833657e-02
1.482510287395469306e-02
1.463219270518492307e-02
1.444217238950273527e-02
1.425499449750709975e-02
1.407061241092167486e-02
1.388898030922274852e-02
1.371005315643738891e-02
1.353378668811156156e-02
1.336013739844980029e-02
1.318906252762706843e-02
1.302052004927173323e-02
1.285446865812128747e-02
1.269086775784977576e-02
1.252967744906702784e-02
1.237085851748947508e-02
1.221437242228141061e-02
1.206018128456703108e-02
1.190824787611088377e-02
1.175853560816898444e-02
1.161100852050513110e-02
1.146563127057557453e-02
1.132236912287818385e-02
1.118118793846651325e-02
1.104205416462661002e-02
1.090493482471504259e-02
1.076979750815760042e-02
1.063661036060652328e-02
1.050534207425514628e-02
1.037596187830778886e-02
1.024843952960374782e-02
1.012274530339436589e-02
9.998849984269496394e-03
9.876724857234822977e-03
9.756341698934229908e-03
9.637672769020100977e-03
9.520690801665026085e-03
9.405368997217795207e-03
9.291681013997557873e-03
9.179600960227886353e-03
9.069103386106653827e-03
8.960163276010327596e-03
8.852756040832313045e-03
8.746857510451467796e-03
8.642443926329807652e-03
8.539491934238562995e-03
8.437978577108663433e-03
8.337881288005983757e-03
8.239177883227968499e-03
8.141846555520556097e-03
8.045865867413553446e-03
7.951214744672668866e-03
7.857872469866265808e-03
7.765818676044682761e-03
7.675033340531785438e-03
7.585496778825117845e-03
7.497189638604637510e-03
7.410092893846576684e-03
7.324187839042988098e-03
7.239456083522833631e-03
7.155879545874669657e-03
7.073440448469008740e-03
6.992121312077429450e-03
6.911904950589258315e-03
6.832774465821649275e-03
6.754713242423074533e-03
6.677704942868659468e-03
6.601733502544221768e-03
6.526783124920361792e-03
6.452838276811915207e-03
6.379883683723308260e-03
6.307904325278457409e-03
6.236885430732172324e-03
6.166812474563070946e-03
6.097671172146231118e-03
6.029447475503795471e-03
5.962127569133015247e-03
5.895697865909030333e-03
5.830145003062681304e-03
5.765455838230875395e-03
5.701617445578325942e-03
5.638617111990291454e-03
5.576442333333826717e-03
5.515080810787153023e-03
5.454520447236019948e-03
5.394749343734873796e-03
5.335755796032974098e-03
5.277528291163189993e-03
5.220055504093117429e-03
5.163326294437095565e-03
5.107329703227731985e-03
5.052054949746431940e-03
4.997491428411609746e-03
4.943628705723137305e-03
4.890456517262831149e-03
4.837964764749180802e-03
4.786143513145818887e-03
4.734982987822521257e-03
4.684473571767876730e-03
4.634605802852419937e-03
4.585370371142076344e-03
4.536758116259698159e-03
4.488760024795194169e-03
4.441367227762405175e-03
4.394570998102153431e-03
4.348362748230858062e-03
4.302734027633474401e-03
4.257676520500106726e-03
4.213182043405699385e-03
4.169242543031694351e-03
4.125850093928872843e-03
4.082996896320961223e-03
4.040675273948059198e-03
3.998877671948780112e-03
3.957596654781158838e-03
3.916824904180991537e-03
3.876555217156849205e-03
3.836780504021944545e-03
3.797493786460984753e-03
3.758688195632220105e-03
3.720356970303591998e-03
3.682493455022696829e-03
3.645091098319694876e-03
3.608143450942360997e-03
3.571644164123287998e-03
3.535586987878034868e-03
3.499965769333917166e-03
3.464774451088912209e-03
3.430007069599916650e-03
3.395657753600203350e-03
3.361720722544946950e-03
3.328190285084720122e-03
3.295060837566459160e-03
3.262326862561152566e-03
3.229982927418017982e-03
3.198023682844037315e-03
3.166443861509724792e-03
3.135238276678959952e-03
3.104401820863575152e-03
3.073929464502234837e-03
3.043816254662153747e-03
3.014057313764530090e-03
2.984647838332475482e-03
2.955583097760901279e-03
2.926858433108647968e-03
2.898469255911816349e-03
2.870411047018046370e-03
2.842679355441835552e-03
2.815269797239512272e-03
2.788178054404579463e-03
2.761399873782475513e-03
2.734931066004156908e-03
2.708767504439021315e-03
2.682905124165722160e-03
2.657339920961596796e-03
2.632067950309417183e-03
2.607085326421887221e-03
2.582388221283198493e-03
2.557972863707204652e-03
2.533835538412452550e-03
2.509972585112933436e-03
2.486380397625167441e-03
2.463055422990657710e-03
2.439994160613691634e-03
2.417193161414093235e-03
2.394649026994927557e-03
2.372358408824529977e-03
2.350318007432750274e-03
2.328524571621218894e-03
2.306974897687280677e-03
2.285665828661412151e-03
2.264594253557703895e-03
2.243757106637532008e-03
2.223151366685718281e-03
2.202774056299291409e-03
2.182622241188615034e-03
2.162693029490259881e-03
2.142983571091993354e-03
2.123491056969177559e-03
2.104212718532746593e-03
2.085145826987985090e-03
2.066287692704882589e-03
2.047635664598642085e-03
2.029187129521303843e-03
2.010939511663266659e-03
1.992890271965433013e-03
1.975036907541220452e-03
1.957376951108217179e-03
1.939907970429899679e-03
1.922627567766343158e-03
1.905533379334779353e-03
1.888623074778772015e-03
1.871894356646848804e-03
1.855344959879502145e-03
1.838972651305286529e-03
1.822775229145040836e-03
1.806750522524686476e-03
1.790896390996182417e-03
1.775210724066470349e-03
1.759691440734421040e-03
1.744336489035440375e-03
1.729143845593795331e-03
1.714111515182417927e-03
1.699237530289956838e-03
1.684519950695250378e-03
1.669956863048793023e-03
1.655546380460994451e-03
1.641286642097654824e-03
1.627175812781963497e-03
1.613212082602958480e-03
1.599393666530770633e-03
1.585718804038046279e-03
1.572185758727689649e-03
1.558792817966694411e-03
1.545538292526197656e-03
1.532420516227173905e-03
1.519437845592269817e-03
1.506588659503149685e-03
1.493871358863471839e-03
1.481284366267661412e-03
1.468826125674655694e-03
1.456495102087408764e-03
1.444289781237420101e-03
1.432208669274449364e-03
1.420250292461255155e-03
1.408413196873460962e-03
1.396695948104037001e-03
1.385097130972884946e-03
1.373615349240872889e-03
1.362249225328671575e-03
1.350997400040055601e-03
1.339858532289739824e-03
1.328831298835553678e-03
1.317914394014979389e-03
1.307106529485912083e-03
1.296406433971560024e-03
1.285812853009502118e-03
1.275324548704771061e-03
1.264940299486854358e-03
1.254658899870536451e-03
1.244479160220737009e-03
1.234399906520954179e-03
1.224419980145389142e-03
1.214538237634844560e-03
1.204753550476049973e-03
1.195064804884563535e-03
1.185470901591084876e-03
1.175970755631162382e-03
1.166563296138303351e-03
1.157247466140169786e-03
1.148022222358243858e-03
1.138886535010436539e-03
1.129839387616925856e-03
1.120879776809024630e-03
1.112006712140989860e-03
1.103219215904945733e-03
1.094516322948452724e-03
1.085897080495227835e-03
1.077360547968428959e-03
1.068905796816848382e-03
1.060531910343703171e-03
1.052237983538202191e-03
1.044023122909639540e-03
1.035886446324153385e-03
1.027827082843940079e-03
1.019844172569009649e-03
1.011936866481329134e-03
1.004104326291540682e-03
9.963457242877686929e-04
9.886602431870164607e-04
9.810470759887526988e-04
9.735054258307043002e-04
9.660345058469451155e-04
9.586335390281189826e-04
9.513017580837984178e-04
9.440384053070053141e-04
9.368427324406880833e-04
9.297140005464158818e-04
9.226514798748781422e-04
9.156544497385064310e-04
9.087221983859376058e-04
9.018540228784463183e-04
8.950492289682410434e-04
8.883071309785813517e-04
8.816270516856595033e-04
8.750083222024643975e-04
8.684502818641138579e-04
8.619522781151488884e-04
8.555136663984564023e-04
8.491338100457679469e-04
8.428120801699535416e-04
8.365478555587971873e-04
8.303405225705147961e-04
8.241894750306363740e-04
8.180941141306092646e-04
8.120538483278343838e-04
8.060680932472058090e-04
8.001362715840669871e-04
7.942578130087182180e-04
7.884321540722399272e-04
7.826587381137625884e-04
7.769370151691002476e-04
7.712664418807366976e-04
7.656464814091388247e-04
7.600766033453721900e-04
7.545562836250070292e-04
7.490850044433319073e-04
7.436622541717315907e-04
7.382875272753605406e-04
7.329603242319982946e-04
7.276801514521179627e-04
7.224465212000426122e-04
