1.202007400701303297e+00
1.545050558265486096e-01
1.536808948064603553e-01
1.535816899057606544e-01
1.534906761589945046e-01
1.533304590329686579e-01
1.530899019830533336e-01
1.527703383962012440e-01
1.523758761347066837e-01
1.519109295189397246e-01
1.513795924429030271e-01
1.507855487173350439e-01
1.501321278661857939e-01
1.494223852254318863e-01
1.486591721951670275e-01
1.478451900980909950e-01
1.469830290806127260e-01
1.460751951765612011e-01
1.451241284875361415e-01
1.441322148546834436e-01
1.431017928295824082e-01
1.420351572943815144e-01
1.409345607343020779e-01
1.398022129073376585e-01
1.386402794640982372e-01
1.374508799275865611e-01
1.362360853352529433e-01
1.349979157644224659e-01
1.337383379005449013e-01
1.324592627606817341e-01
1.311625436487629803e-01
1.298499743917508886e-01
1.285232878849958404e-01
1.271841549592943599e-01
1.258341835703788436e-01
1.244749183028466682e-01
1.231078401742728007e-01
1.217343667208982405e-01
1.203558523434290622e-01
1.189735888897889005e-01
1.175888064509020559e-01
1.162026743454688260e-01
1.148163022702044234e-01
1.134307415927560542e-01
1.120469867657116897e-01
1.106659768413666978e-01
1.092885970683505764e-01
1.079156805527184265e-01
1.065480099676153480e-01
1.051863192971049937e-01
1.038312956012440308e-01
1.024835807908633101e-01
1.011437734018548612e-01
9.981243036001928581e-02
9.849006872869971174e-02
9.717716743249542322e-02
9.587416895134927286e-02
9.458148098021608441e-02
9.329947805031771346e-02
9.202850310875602957e-02
9.076886905389923432e-02
8.952086022455463254e-02
8.828473384148993741e-02
8.706072140026105410e-02
8.584903001480063967e-02
8.464984371150509335e-02
8.346332467388095644e-02
8.228961443809479359e-02
8.112883503996827506e-02
7.998109011416358605e-02
7.884646594644906248e-02
7.772503248007817112e-02
7.661684427740862724e-02
7.552194143797734405e-02
7.444035047430361263e-02
7.337208514674888049e-02
7.231714725878521377e-02
7.127552741405107639e-02
7.024720573656904887e-02
6.923215255552588043e-02
6.823032905597178899e-02
6.724168789680513847e-02
6.626617379738841684e-02
6.530372409409447576e-02
6.435426926807719106e-02
6.341773344551543401e-02
6.249403487155008596e-02
6.158308635908919804e-02
6.068479571363208369e-02
5.979906613521165926e-02
5.892579659852638374e-02
5.806488221228865015e-02
5.721621455876996915e-02
5.637968201450484912e-02
5.555517005306032791e-02
5.474256153073835118e-02
5.394173695606051255e-02
5.315257474382600184e-02
5.237495145451809969e-02
5.160874201978312564e-02
5.085381995469102218e-02
5.011005755743840051e-02
4.937732609713310628e-02
4.865549599027345351e-02
4.794443696649099140e-02
4.724401822412274687e-02
4.655410857612414521e-02
4.587457658683392892e-02
4.520529070006532035e-02
4.454611935897351271e-02
4.389693111813270515e-02
4.325759474823698963e-02
4.262797933380819970e-02
4.200795436428756552e-02
4.139738981885875829e-02
4.079615624534640994e-02
4.020412483349312255e-02
3.962116748293615515e-02
3.904715686615422426e-02
3.848196648666957209e-02
3.792547073275866903e-02
3.737754492691653524e-02
3.683806537131409375e-02
3.630690938946617291e-02
3.578395536431913659e-02
3.526908277296690597e-02
3.476217221817102382e-02
3.426310545687905745e-02
3.377176542590332869e-02
3.328803626492616435e-02
3.281180333698427432e-02
3.234295324657582987e-02
3.188137385553549419e-02
3.142695429680072289e-02
3.097958498620136808e-02
3.053915763238395156e-02
3.010556524498709044e-02
2.967870214117440328e-02
2.925846395062320707e-02
2.884474761906585458e-02
2.843745141047538880e-02
2.803647490797770911e-02
2.764171901357728722e-02
2.725308594676751489e-02
2.687047924210316310e-02
2.649380374580160430e-02
2.612296561143907445e-02
2.575787229480490034e-02
2.539843254797129538e-02
2.504455641263282975e-02
2.469615521277421233e-02
2.435314154670772252e-02
2.401542927853405826e-02
2.368293352906898630e-02
2.335557066627669265e-02
2.303325829525156368e-02
2.271591524778628773e-02
2.240346157155862286e-02
2.209581851897491830e-02
2.179290853569947756e-02
2.149465524890069312e-02
2.120098345524030689e-02
2.091181910863662216e-02
2.062708930782183869e-02
2.034672228372217187e-02
2.007064738667901915e-02
1.979879507353334359e-02
1.953109689459721007e-02
1.926748548052241092e-02
1.900789452909382171e-02
1.875225879195632078e-02
1.850051406129362905e-02
1.825259715647548769e-02
1.800844591068241976e-02
1.776799915752493714e-02
1.753119671766660559e-02
1.729797938546457498e-02
1.706828891563383355e-02
1.684206800995092027e-02
1.661926030400044316e-02
1.639981035397698739e-02
1.618366362354840132e-02
1.597076647078702130e-02
1.576106613517988878e-02
1.555451072471756950e-02
1.535104920307326162e-02
1.515063137687612700e-02
1.495320788308052325e-02
1.475873017644107298e-02
1.456715051709336732e-02
1.437842195824593633e-02
1.419249833398776237e-02
1.400933424721307469e-02
1.382888505766602556e-02
1.365110687011007046e-02
1.347595652262177993e-02
1.330339157501298809e-02
1.313337029738173393e-02
1.296585165879484726e-02
1.280079531610279174e-02
1.263816160288732532e-02
1.247791151854538497e-02
1.232000671750605771e-02
1.216440949858628093e-02
1.201108279448050327e-02
1.185999016138813630e-02
1.171109576877895318e-02
1.156436438929402642e-02
1.141976138878467509e-02
1.127725271648765543e-02
1.113680489533724026e-02
1.099838501241349326e-02
1.086196070952575449e-02
1.072750017393219596e-02
1.059497212919254146e-02
1.046434582615612258e-02
1.033559103408078841e-02
1.020867803188665705e-02
1.008357759953844995e-02
9.960261009559726042e-03
9.838700018675627587e-03
9.718866859584229800e-03
9.600734232853949321e-03
9.484275298948328242e-03
9.369463670374363409e-03
9.256273403953995879e-03
9.144678993219820459e-03
9.034655360928931650e-03
8.926177851699091878e-03
8.819222224761049875e-03
8.713764646829439547e-03
8.609781685088675404e-03
8.507250300292673595e-03
8.406147839978488773e-03
8.306452031790452842e-03
8.208140976915103554e-03
8.111193143624514240e-03
8.015587360926961294e-03
7.921302812323231107e-03
7.828319029667889922e-03
7.736615887133153902e-03
7.646173595274523282e-03
7.556972695196542168e-03
7.468994052817877309e-03
7.382218853232579495e-03
7.296628595168854620e-03
7.212205085541192363e-03
7.128930434096565454e-03
7.046787048151734872e-03
6.965757627421556922e-03
6.885825158936135018e-03
6.806972912045745894e-03
6.729184433512261712e-03
6.652443542685186791e-03
6.576734326762224796e-03
6.502041136131292073e-03
6.428348579794797638e-03
6.355641520872414192e-03
6.283905072183828579e-03
6.213124591907601482e-03
6.143285679316666352e-03
6.074374170588807409e-03
6.006376134690218083e-03
5.939277869331812884e-03
5.873065896996750544e-03
5.807726961037680026e-03
5.743248021843300015e-03
5.679616253072268181e-03
5.616819037953727292e-03
5.554843965653432497e-03
5.493678827704270677e-03
5.433311614499716433e-03
5.373730511849839596e-03
5.314923897598407103e-03
5.256880338299623791e-03
5.199588585954509519e-03
5.143037574805026969e-03
5.087216418185104908e-03
5.032114405428030415e-03
4.977720998828536088e-03
4.924025830659491988e-03
4.871018700241147581e-03
4.818689571063065891e-03
4.767028567957339556e-03
4.716025974321929118e-03
4.665672229393883277e-03
4.615957925571007384e-03
4.566873805781331355e-03
4.518410760899682285e-03
4.470559827210215074e-03
4.423312183914228021e-03
4.376659150682773308e-03
4.330592185252397051e-03
4.285102881064430450e-03
4.240182964946000166e-03
4.195824294832562786e-03
4.152018857531167111e-03
4.108758766523504941e-03
4.066036259808296707e-03
4.023843697782089959e-03
3.982173561157950278e-03
3.941018448921109613e-03
3.900371076321323960e-03
3.860224272900826710e-03
3.820570980557497741e-03
3.781404251642591242e-03
3.742717247092117172e-03
3.704503234592087125e-03
3.666755586775555503e-03
3.629467779452692864e-03
3.592633389871434206e-03
3.556246095009683601e-03
3.520299669897926365e-03
3.484787985970987188e-03
3.449705009449721780e-03
3.415044799751249926e-03
3.380801507927131896e-03
3.346969375129681644e-03
3.313542731105116167e-03
3.280515992713560133e-03
3.247883662475269106e-03
3.215640327142371864e-03
3.183780656296253224e-03
3.152299400969458491e-03
3.121191392291889667e-03
3.090451540161109987e-03
3.060074831936118386e-03
3.030056331153807223e-03
3.000391176268581584e-03
2.971074579413608436e-03
2.942101825184419844e-03
2.913468269443421355e-03
2.885169338145708411e-03
2.857200526185469606e-03
2.829557396262455914e-03
2.802235577768596563e-03
2.775230765693905907e-03
2.748538719551708170e-03
2.722155262322491394e-03
2.696076279416497693e-03
2.670297717654016370e-03
2.644815584264071599e-03
2.619625945899920882e-03
2.594724927672239882e-03
2.570108712198889041e-03
2.545773538671171343e-03
2.521715701936559553e-03
2.497931551597188174e-03
2.474417491123873363e-03
2.451169976985924023e-03
2.428185517795427000e-03
2.405460673466956571e-03
2.382992054391377696e-03
2.360776320624107319e-03
2.338810181087449484e-03
2.317090392786458689e-03
2.295613760038655877e-03
2.274377133716704111e-03
2.253377410504221311e-03
2.232611532164418666e-03
2.212076484821327502e-03
2.191769298253223863e-03
2.171687045198238651e-03
2.151826840671930419e-03
2.132185841296373695e-03
2.112761244640862148e-03
2.093550288573717451e-03
2.074550250625377748e-03
2.055758447362044956e-03
2.037172233770197065e-03
2.018789002651632820e-03
2.000606184028485852e-03
1.982621244558622868e-03
1.964831686960952315e-03
1.947235049450082552e-03
1.929828905181157645e-03
1.912610861703557819e-03
1.895578560424087539e-03
1.878729676079093957e-03
1.862061916215559292e-03
1.845573020680890252e-03
1.829260761121326859e-03
1.813122940488672962e-03
1.797157392555413053e-03
1.781361981437938049e-03
1.765734601127631970e-03
1.750273175030021182e-03
1.734975655511407019e-03
1.719840023453145066e-03
1.704864287813464413e-03
1.690046485196338572e-03
1.675384679427794656e-03
1.660876961139051309e-03
1.646521447356653423e-03
1.632316281099539454e-03
1.618259630982460872e-03
1.604349690826244006e-03
1.590584679274437184e-03
1.576962839416136972e-03
1.563482438415241113e-03
1.550141767145600622e-03
1.536939139832388477e-03
1.523872893699135863e-03
1.510941388620728933e-03
1.498143006782039080e-03
1.485476152342143138e-03
1.472939251103987145e-03
1.460530750189534439e-03
1.448249117720132881e-03
1.436092842502165179e-03
1.424060433717770462e-03
1.412150420620558820e-03
1.400361352236379094e-03
1.388691797068840241e-03
1.377140342809653499e-03
1.365705596053585005e-03
1.354386182018197781e-03
1.343180744267860474e-03
1.332087944442479112e-03
1.321106461990380690e-03
1.310234993905575861e-03
1.299472254469287956e-03
1.288816974995624521e-03
1.278267903581162832e-03
1.267823804858821905e-03
1.257483459755436841e-03
1.247245665253305042e-03
1.237109234155547724e-03
1.227072994855179849e-03
1.217135791107839442e-03
1.207296481808224024e-03
1.197553940769941188e-03
1.187907056508931414e-03
1.178354732030327144e-03
1.168895884618682867e-03
1.159529445631451950e-03
1.150254360295811058e-03
1.141069587508655421e-03
1.131974099639738735e-03
1.122966882337899123e-03
1.114046934340309379e-03
1.105213267284852309e-03
1.096464905525205069e-03
1.087800885949057484e-03
1.079220257799015734e-03
1.070722082496312812e-03
1.062305433467385834e-03
1.053969395972989944e-03
1.045713066940132671e-03
1.037535554796447084e-03
1.029435979307344838e-03
1.021413471415434995e-03
1.013467173082721650e-03
1.005596237134954996e-03
9.977998271086161407e-04
9.900771171001058850e-04
9.824272916173560407e-04
9.748495454336714985e-04
9.673430834438285185e-04
9.599071205223548694e-04
9.525408813840665180e-04
9.452436004466818666e-04
9.380145216954789526e-04
9.308528985501108612e-04
9.237579937334797122e-04
9.167290791424529241e-04
9.097654357206799020e-04
9.028663533333715656e-04
8.960311306437947600e-04
8.892590749918406366e-04
8.825495022743378402e-04
8.759017368271752304e-04
8.693151113091930442e-04
8.627889665878857610e-04
8.563226516267813610e-04
8.499155233744931821e-04
8.435669466554982605e-04
8.372762940625444678e-04
8.310429458505962401e-04
8.248662898324421715e-04
8.187457212758807732e-04
8.126806428023682777e-04
8.066704642871948445e-04
8.007146027612293887e-04
7.948124823140424299e-04
7.889635339984483802e-04
7.831671957365464150e-04
7.774229122271247286e-04
7.717301348543922869e-04
7.660883215981231873e-04
7.604969369450551150e-04
7.549554518017026830e-04
7.494633434083116785e-04
7.440200952542523703e-04
7.386251969944514825e-04
7.332781443672493514e-04
7.279784391133198177e-04
7.227255888958673087e-04
7.175191072218939196e-04
7.123585133647596232e-04
