1.202007400501683865e+00
1.857051561109851756e-01
1.846836966715338646e-01
1.840415019692666354e-01
1.833924813809820753e-01
1.826974172648964667e-01
1.819443523662304940e-01
1.811268255548375283e-01
1.802413128265504261e-01
1.792863659159176504e-01
1.782620504263083550e-01
1.771695407898102315e-01
1.760108246923052511e-01
1.747884833213093347e-01
1.735055244674346409e-01
1.721652535700829434e-01
1.707711729020880975e-01
1.693269021701140631e-01
1.678361157271181792e-01
1.663024928608132780e-01
1.647296785027111687e-01
1.631212523333973319e-01
1.614807047187006295e-01
1.598114182479679346e-01
1.581166538940809441e-01
1.563995410001988717e-01
1.546630704385181521e-01
1.529100903948348023e-01
1.511433043184624014e-01
1.493652706465919966e-01
1.475784039698623540e-01
1.457849773546215366e-01
1.439871255791800864e-01
1.421868490776047045e-01
1.403860184161183911e-01
1.385863791547902457e-01
1.367895569712321846e-01
1.349970629439634640e-01
1.332102989112942670e-01
1.314305628372504364e-01
1.296590541295024879e-01
1.278968788657707800e-01
1.261450548948744865e-01
1.244045167868048779e-01
1.226761206129993315e-01
1.209606485437229734e-01
1.192588132540487733e-01
1.175712621337902525e-01
1.158985812997429116e-01
1.142412994110664493e-01
1.125998912905200322e-01
1.109747813557663831e-01
1.093663468660365928e-01
1.077749209903001715e-01
1.062007957036256445e-01
1.046442245187808318e-01
1.031054250603840455e-01
1.015845814889124177e-01
1.000818467819508117e-01
9.859734487990268192e-02
9.713117270326027120e-02
9.568340204831904394e-02
9.425408136801238790e-02
9.284323744425442004e-02
9.145087695794118510e-02
9.007698796247766426e-02
8.872154126640874328e-02
8.738449173046311524e-02
8.606577948405592926e-02
8.476533106599890011e-02
8.348306049394861594e-02
8.221887026682762889e-02
8.097265230425704230e-02
7.974428882677035701e-02
7.853365318038715848e-02
7.734061060890060069e-02
7.616501897703895074e-02
7.500672944747877047e-02
7.386558711449245362e-02
7.274143159688001292e-02
7.163409759262261145e-02
7.054341539761681268e-02
6.946921139062538220e-02
6.841130848653764751e-02
6.736952655982238192e-02
6.634368284001060379e-02
6.533359228088611581e-02
6.433906790498802875e-02
6.335992112491790895e-02
6.239596204285852848e-02
6.144699972963094114e-02
6.051284248451835324e-02
5.959329807704139004e-02
5.868817397176042533e-02
5.779727753715144939e-02
5.692041623951355628e-02
5.605739782282104927e-02
5.520803047537108099e-02
5.437212298403775596e-02
5.354948487688029196e-02
5.273992655481887781e-02
5.194325941304930166e-02
5.115929595281484138e-02
5.038784988413982924e-02
4.962873622006724883e-02
4.888177136293034297e-02
4.814677318315134513e-02
4.742356109102227602e-02
4.671195610190965325e-02
4.601178089529371629e-02
4.532285986801994765e-02
4.464501918213324011e-02
4.397808680763495154e-02
4.332189256047978138e-02
4.267626813611834213e-02
4.204104713887359818e-02
4.141606510741287217e-02
4.080115953657024314e-02
4.019616989575982430e-02
3.960093764419998774e-02
3.901530624316200402e-02
3.843912116543934249e-02
3.787222990222582214e-02
3.731448196757741059e-02
3.676572890062506510e-02
3.622582426569358888e-02
3.569462365047067903e-02
3.517198466236990534e-02
3.465776692321209662e-02
3.415183206235177654e-02
3.365404370836131559e-02
3.316426747938155950e-02
3.268237097224381549e-02
3.220822375045253455e-02
3.174169733112972708e-02
3.128266517099342892e-02
3.083100265146010779e-02
3.038658706294339665e-02
2.994929758841456680e-02
2.951901528630038879e-02
2.909562307277324678e-02
2.867900570349560946e-02
2.826904975487104163e-02
2.786564360485981051e-02
2.746867741339859004e-02
2.707804310247772378e-02
2.669363433591225715e-02
2.631534649885435354e-02
2.594307667707545367e-02
2.557672363606128610e-02
2.521618779994686324e-02
2.486137123032693130e-02
2.451217760496731193e-02
2.416851219644406898e-02
2.383028185073773203e-02
2.349739496580573531e-02
2.316976147015123097e-02
2.284729280141418323e-02
2.252990188499887081e-02
2.221750311275904818e-02
2.191001232175320695e-02
2.160734677309030655e-02
2.130942513087485252e-02
2.101616744126583169e-02
2.072749511166549485e-02
2.044333089004201492e-02
2.016359884440303840e-02
1.988822434242310672e-02
1.961713403123996335e-02
1.935025581742247022e-02
1.908751884711996222e-02
1.882885348639782436e-02
1.857419130176769101e-02
1.832346504091389439e-02
1.807660861362545002e-02
1.783355707293326348e-02
1.759424659645889358e-02
1.735861446797855312e-02
1.712659905920354067e-02
1.689813981178073243e-02
1.667317721951452544e-02
1.645165281081330949e-02
1.623350913135959347e-02
1.601868972700761645e-02
1.580713912690734010e-02
1.559880282685583743e-02
1.539362727287753307e-02
1.519155984503080606e-02
1.499254884144350652e-02
1.479654346257679338e-02
1.460349379571338445e-02
1.441335079967514740e-02
1.422606628976341193e-02
1.404159292292491042e-02
1.385988418314133136e-02
1.368089436703964594e-02
1.350457856972359615e-02
1.333089267082365748e-02
1.315979332076497484e-02
1.299123792725034518e-02
1.282518464195661276e-02
1.266159234744393403e-02
1.250042064427411316e-02
1.234162983833718766e-02
1.218518092838301141e-02
1.203103559375805903e-02
1.187915618234178586e-02
1.172950569868358613e-02
1.158204779233578535e-02
1.143674674638205623e-02
1.129356746615698889e-02
1.115247546815673584e-02
1.101343686913657492e-02
1.087641837539372186e-02
1.074138727223307790e-02
1.060831141361231328e-02
1.047715921196691255e-02
1.034789962820809386e-02
1.022050216189594046e-02
1.009493684158143355e-02
9.971174215318035286e-03
9.849185341337829414e-03
9.728941778891615766e-03
9.610415579249673157e-03
9.493579276860841798e-03
9.378405880668211347e-03
9.264868865577891369e-03
9.152942164079139881e-03
9.042600158014096196e-03
8.933817670493619106e-03
8.826569957957287535e-03
8.720832702376227902e-03
8.616582003594754069e-03
8.513794371810158926e-03
8.412446720187601035e-03
8.312516357607855483e-03
8.213980981546249727e-03
8.116818671079977648e-03
8.021007880022180264e-03
7.926527430180310696e-03
7.833356504737232565e-03
7.741474641751767104e-03
7.650861727778375011e-03
7.561497991602320577e-03
7.473363998089834100e-03
7.386440642149535996e-03
7.300709142804874541e-03
7.216151037374759179e-03
7.132748175760710192e-03
7.050482714838528057e-03
6.969337112952776400e-03
6.889294124512551111e-03
6.810336794685823390e-03
6.732448454191783394e-03
6.655612714188643975e-03
6.579813461255855020e-03
6.505034852467371682e-03
6.431261310557476185e-03
6.358477519174003667e-03
6.286668418219728410e-03
6.215819199279603267e-03
6.145915301132088074e-03
6.076942405343234779e-03
6.008886431942216978e-03
5.941733535176405186e-03
5.875470099344995596e-03
5.810082734709212139e-03
5.745558273478209264e-03
5.681883765869166249e-03
5.619046476239814882e-03
5.557033879292332806e-03
5.495833656347825363e-03
5.435433691688825938e-03
5.375822068969962272e-03
5.316987067694537057e-03
5.258917159756040967e-03
5.201601006043847855e-03
5.145027453111059891e-03
5.089185529904296200e-03
5.034064444553635644e-03
4.979653581221362389e-03
4.925942497009427531e-03
4.872920918923506067e-03
4.820578740893105389e-03
4.768906020846659308e-03
4.717892977840205948e-03
4.667529989239283493e-03
4.617807587952276957e-03
4.568716459715255890e-03
4.520247440425900418e-03
4.472391513527317931e-03
4.425139807439111908e-03
4.378483593036467010e-03
4.332414281174636235e-03
4.286923420259515331e-03
4.242002693862449193e-03
4.197643918378876453e-03
4.153839040729798322e-03
4.110580136105330094e-03
4.067859405749649215e-03
4.025669174786267006e-03
3.984001890083289227e-03
3.942850118157474604e-03
3.902206543116656760e-03
3.862063964639647021e-03
3.822415295993099836e-03
3.783253562084329912e-03
3.744571897549693780e-03
3.706363544877802878e-03
3.668621852566796189e-03
3.631340273315074394e-03
3.594512362244959517e-03
3.558131775158515468e-03
3.522192266825143088e-03
3.486687689300031149e-03
3.451611990273178825e-03
3.416959211448095373e-03
3.382723486950122392e-03
3.348899041763296613e-03
3.315480190195398916e-03
3.282461334370911574e-03
3.249836962750727101e-03
3.217601648679097471e-03
3.185750048956095901e-03
3.154276902436266468e-03
3.123177028652027350e-03
3.092445326462105269e-03
3.062076772724120315e-03
3.032066420990657627e-03
3.002409400229153359e-03
2.973100913564384086e-03
2.944136237043310737e-03
2.915510718422437489e-03
2.887219775976262743e-03
2.859258897327272755e-03
2.831623638296689501e-03
2.804309621775677875e-03
2.777312536616496561e-03
2.750628136543553995e-03
2.724252239083557996e-03
2.698180724514718295e-03
2.672409534834494123e-03
2.646934672745786254e-03
2.621752200660749064e-03
2.596858239722288093e-03
2.572248968842992447e-03
2.547920623760765654e-03
2.523869496111128940e-03
2.500091932515922412e-03
2.476584333687789630e-03
2.453343153550774716e-03
2.430364898375807735e-03
2.407646125931773087e-03
2.385183444651125303e-03
2.362973512810287707e-03
2.341013037724231152e-03
2.319298774955076692e-03
2.297827527534514018e-03
2.276596145199881720e-03
2.255601523643313479e-03
2.234840603773926779e-03
2.214310370993039390e-03
2.194007854481601783e-03
2.173930126500262655e-03
2.154074301701407092e-03
2.134437536452941844e-03
2.115017028173976459e-03
2.095810014681801382e-03
2.076813773550114858e-03
2.058025621478381997e-03
2.039442913671786917e-03
2.021063043232200398e-03
2.002883440559067099e-03
1.984901572761136983e-03
1.967114943077643598e-03
1.949521090309873144e-03
1.932117588262134223e-03
1.914902045192383700e-03
1.897872103271998475e-03
1.881025438055092779e-03
1.864359757956430587e-03
1.847872803738491746e-03
1.831562348007065560e-03
1.815426194715514955e-03
1.799462178677216188e-03
1.783668165086351679e-03
1.768042049046879022e-03
1.752581755109206517e-03
1.737285236814835624e-03
1.722150476248560970e-03
1.707175483598142663e-03
1.692358296721623761e-03
1.677696980721479292e-03
1.663189627526231312e-03
1.648834355478860604e-03
1.634629308932137324e-03
1.620572657850688231e-03
1.606662597419774479e-03
1.592897347660329147e-03
1.579275153050699061e-03
1.565794282154386137e-03
1.552453027254168403e-03
1.539249703992006313e-03
1.526182651015266060e-03
1.513250229628406839e-03
1.500450823450651594e-03
1.487782838079243584e-03
1.475244700758119405e-03
1.462834860052151555e-03
1.450551785526728744e-03
1.438393967432528668e-03
1.426359916395423177e-03
1.414448163111538823e-03
1.402657258047258987e-03
1.390985771144034660e-03
1.379432291528158265e-03
1.367995427225098719e-03
1.356673804878599831e-03
1.345466069474202673e-03
1.334370884067368878e-03
1.323386929516007313e-03
1.312512904217116600e-03
1.301747523848048073e-03
1.291089521111487767e-03
1.280537645484962350e-03
1.270090662974062128e-03
1.259747355869869027e-03
1.249506522510002117e-03
1.239366977043846428e-03
1.229327549201141056e-03
1.219387084064568402e-03
1.209544441845861878e-03
1.199798497665470649e-03
1.190148141335688409e-03
1.180592277147391464e-03
1.171129823659973045e-03
1.161759713494757039e-03
1.152480893131564146e-03
1.143292322708567513e-03
1.134192975825348273e-03
1.125181839348921801e-03
1.116257913222965621e-03
1.107420210279978562e-03
1.098667756056346222e-03
1.089999588610462153e-03
1.081414758343521602e-03
1.072912327823238041e-03
1.064491371610296446e-03
1.056150976087480648e-03
1.047890239291483869e-03
1.039708270747380110e-03
1.031604191305577701e-03
1.023577132981442388e-03
1.015626238797259035e-03
1.007750662626772428e-03
9.999495690420380761e-04
9.922221331627079262e-04
9.845675405075909360e-04
9.769849868485802526e-04
9.694736780667316620e-04
9.620328300105823261e-04
9.546616683567748585e-04
9.473594284725882957e-04
9.401253552807757076e-04
9.329587031263852481e-04
9.258587356455995560e-04
9.188247256366312374e-04
9.118559549325585276e-04
9.049517142761049271e-04
8.981113031962968934e-04
8.913340298870341735e-04
8.846192110874607790e-04
8.779661719642351588e-04
8.713742459954329630e-04
8.648427748563620142e-04
8.583711083069717066e-04
8.519586040810784439e-04
8.456046277771266323e-04
8.393085527507329700e-04
8.330697600087138156e-04
8.268876381048015280e-04
8.207615830368815077e-04
8.146909981457347606e-04
8.086752940153491952e-04
8.027138883747195284e-04
7.968062060010281398e-04
7.909516786244012720e-04
7.851497448339155331e-04
7.793998499851925374e-04
7.737014461091471385e-04
7.680539918223188139e-04
7.624569522382954913e-04
7.569097988806597040e-04
7.514120095970424750e-04
7.459630684745749548e-04
7.405624657565011313e-04
7.352096977600447447e-04
7.299042667955092656e-04
7.246456810865127074e-04
7.194334546913680071e-04
