1.202007400619718336e+00
1.623012101874281854e-01
1.626967871541657729e-01
1.627523911570917803e-01
1.625958727832792494e-01
1.622986823218310337e-01
1.619057452231614791e-01
1.614402933478436275e-01
1.609131465955453977e-01
1.603290646246905982e-01
1.596901623477615662e-01
1.589975738037930908e-01
1.582522080147383270e-01
1.574550629444081973e-01
1.566073338765563427e-01
1.557104309993282421e-01
1.547659602217249242e-01
1.537756917752367558e-01
1.527415271838691302e-01
1.516654687301325355e-01
1.505495926703675769e-01
1.493960262535427019e-01
1.482069281610141898e-01
1.469844718793537897e-01
1.457308315449143965e-01
1.444481698676936821e-01
1.431386278157811831e-01
1.418043158061842446e-01
1.404473061996422412e-01
1.390696269367986682e-01
1.376732561828955537e-01
1.362601178701744187e-01
1.348320780435276478e-01
1.333909419270825070e-01
1.319384516386561956e-01
1.304762844862285553e-01
1.290060517863883538e-01
1.275292981495784461e-01
1.260475011811781620e-01
1.245620715512460869e-01
1.230743533892405678e-01
1.215856249632688568e-01
1.200970996065302554e-01
1.186099268565562886e-01
1.171251937756613987e-01
1.156439264237268255e-01
1.141670914570022677e-01
1.126955978290543059e-01
1.112302985723070820e-01
1.097719926408067537e-01
1.083214267968750089e-01
1.068792975262526507e-01
1.054462529680900290e-01
1.040228948478068016e-01
1.026097804023465704e-01
1.012074242887566755e-01
9.981630046829427505e-02
9.843684405939490123e-02
9.706945315393065987e-02
9.571449059208969601e-02
9.437228569207278817e-02
9.304313593158773654e-02
9.172730857873566401e-02
9.042504227056741284e-02
8.913654853803301692e-02
8.786201327657680582e-02
8.660159816199243521e-02
8.535544201152958643e-02
8.412366209053598332e-02
8.290635536516952064e-02
8.170359970195884003e-02
8.051545501514274783e-02
7.934196436290320842e-02
7.818315499370491473e-02
7.703903934407374532e-02
7.590961598921386333e-02
7.479487054791790490e-02
7.369477654328962513e-02
7.260929622078936274e-02
7.153838132516252002e-02
7.048197383779497560e-02
6.944000667603229815e-02
6.841240435599987846e-02
6.739908362042866530e-02
6.639995403297183074e-02
6.541491854045972110e-02
6.444387400451649650e-02
6.348671170391533003e-02
6.254331780901055404e-02
6.161357382955430506e-02
6.069735703714743830e-02
5.979454086353626352e-02
5.890499527593401341e-02
5.802858713047853723e-02
5.716518050492570835e-02
5.631463701159708513e-02
5.547681609159409860e-02
5.465157529122008362e-02
5.383877052153118042e-02
5.303825630188547385e-02
5.224988598831686870e-02
5.147351198754405305e-02
5.070898595735689324e-02
4.995615899411486732e-02
4.921488180803833962e-02
4.848500488696010774e-02
4.776637864914493742e-02
4.705885358578582728e-02
4.636228039373522375e-02
4.567651009900489112e-02
4.500139417155089860e-02
4.433678463182349344e-02
4.368253414953950087e-02
4.303849613512179817e-02
4.240452482420650065e-02
4.178047535562478404e-02
4.116620384321977022e-02
4.056156744185853563e-02
3.996642440797014417e-02
3.938063415492643049e-02
3.880405730357053967e-02
3.823655572816885700e-02
3.767799259806464685e-02
3.712823241528286772e-02
3.658714104832925390e-02
3.605458576241162005e-02
3.553043524629958400e-02
3.501455963602914667e-02
3.450683053564273378e-02
3.400712103514919732e-02
3.351530572587826939e-02
3.303126071338886860e-02
3.255486362809360823e-02
3.208599363373669522e-02
3.162453143387013860e-02
3.117035927645759805e-02
3.072336095672735176e-02
3.028342181839319136e-02
2.985042875335140039e-02
2.942427019996282644e-02
2.900483614000877799e-02
2.859201809442483630e-02
2.818570911789272312e-02
2.778580379237328979e-02
2.739219821966450835e-02
2.700479001304877461e-02
2.662347828810759584e-02
2.624816365276336910e-02
2.587874819661476616e-02
2.551513547961600098e-02
2.515723052016493808e-02
2.480493978264415242e-02
2.445817116446609082e-02
2.411683398266725037e-02
2.378083896009622680e-02
2.345009821123427568e-02
2.312452522768691440e-02
2.280403486338237334e-02
2.248854331951103541e-02
2.217796812923772398e-02
2.187222814221380374e-02
2.157124350892011821e-02
2.127493566486750309e-02
2.098322731467364491e-02
2.069604241604645206e-02
2.041330616368969980e-02
2.013494497315555798e-02
1.986088646465777527e-02
1.959105944686852230e-02
1.932539390071113389e-02
1.906382096316432476e-02
1.880627291109629798e-02
1.855268314513517161e-02
1.830298617359495117e-02
1.805711759646241518e-02
1.781501408946128268e-02
1.757661338819678162e-02
1.734185427239751456e-02
1.711067655025549222e-02
1.688302104287778618e-02
1.665882956885325963e-02
1.643804492894192226e-02
1.622061089089517349e-02
1.600647217440790901e-02
1.579557443621117455e-02
1.558786425530863523e-02
1.538328911836005231e-02
1.518179740521723164e-02
1.498333837461308070e-02
1.478786215001072490e-02
1.459531970561045791e-02
1.440566285251959101e-02
1.421884422508788021e-02
1.403481726740747094e-02
1.385353621998102434e-02
1.367495610655786176e-02
1.349903272113998041e-02
1.332572261515832003e-02
1.315498308481824648e-02
1.298677215861817648e-02
1.282104858503723896e-02
1.265777182039488045e-02
1.249690201688095220e-02
1.233840001075645759e-02
1.218222731072391221e-02
1.202834608646689493e-02
1.187671915735864607e-02
1.172730998133821034e-02
1.158008264395330236e-02
1.143500184756909843e-02
1.129203290074127369e-02
1.115114170775350494e-02
1.101229475831604770e-02
1.087545911742586122e-02
1.074060241538622902e-02
1.060769283798421170e-02
1.047669911682472949e-02
1.034759051981958868e-02
1.022033684183023053e-02
1.009490839546155379e-02
9.971276002007362430e-03
9.849410982542319490e-03
9.729285149162176377e-03
9.610870796368287811e-03
9.494140692596212891e-03
9.379068071884349989e-03
9.265626625683528322e-03
9.153790494804714753e-03
9.043534261501751451e-03
8.934832941688860761e-03
8.827661977291430609e-03
8.721997228726316095e-03
8.617814967511638197e-03
8.515091869003824435e-03
8.413805005259256467e-03
8.313931838020224493e-03
8.215450211821425860e-03
8.118338347217356546e-03
8.022574834127100055e-03
7.928138625295719222e-03
7.835009029870169256e-03
7.743165707087358920e-03
7.652588660074262708e-03
7.563258229756225984e-03
7.475155088873794429e-03
7.388260236104628696e-03
7.302554990290012482e-03
7.218020984763474229e-03
7.134640161781109595e-03
7.052394767049979980e-03
6.971267344354493446e-03
6.891240730279205029e-03
6.812298049025331155e-03
6.734422707320641618e-03
6.657598389420061984e-03
6.581809052196339362e-03
6.507038920318782699e-03
6.433272481518904039e-03
6.360494481940880823e-03
6.288689921576249425e-03
6.217844049780592991e-03
6.147942360871436890e-03
6.078970589805265771e-03
6.010914707933088033e-03
5.943760918832799098e-03
5.877495654215972136e-03
5.812105569910611461e-03
5.747577541914910756e-03
5.683898662523522750e-03
5.621056236524039212e-03
5.559037777461910135e-03
5.497831003973788211e-03
5.437423836187285468e-03
5.377804392185665805e-03
5.318960984537607004e-03
5.260882116889210695e-03
5.203556480618346143e-03
5.146972951549831643e-03
5.091120586730315568e-03
5.035988621261618461e-03
4.981566465191821468e-03
4.927843700462982215e-03
4.874810077914043527e-03
4.822455514338730258e-03
4.770770089596293624e-03
4.719744043775485516e-03
4.669367774409597001e-03
4.619631833742355448e-03
4.570526926043591738e-03
4.522043904973318401e-03
4.474173770994357459e-03
4.426907668831122321e-03
4.380236884975402881e-03
4.334152845236951580e-03
4.288647112338610234e-03
4.243711383555157958e-03
4.199337488394968600e-03
4.155517386323825425e-03
4.112243164529675275e-03
4.069507035728312655e-03
4.027301336008596438e-03
3.985618522716652748e-03
3.944451172378506294e-03
3.903791978660229017e-03
3.863633750365020984e-03
3.823969409466428191e-03
3.784791989177158610e-03
3.746094632052841648e-03
3.707870588129773878e-03
3.670113213096524822e-03
3.632815966498482985e-03
3.595972409974505096e-03
3.559576205525617851e-03
3.523621113814628079e-03
3.488100992496704234e-03
3.453009794579378795e-03
3.418341566812704499e-03
3.384090448107587249e-03
3.350250667983218147e-03
3.316816545041672160e-03
3.283782485470481804e-03
3.251142981571388674e-03
3.218892610315889514e-03
3.187026031926425834e-03
3.155537988483015852e-03
3.124423302554431032e-03
3.093676875854324028e-03
3.063293687920870360e-03
3.033268794820165835e-03
3.003597327872527950e-03
2.974274492401714296e-03
2.945295566506038812e-03
2.916655899851412336e-03
2.888350912486107973e-03
2.860376093675985349e-03
2.832727000760848143e-03
2.805399258030575292e-03
2.778388555621616549e-03
2.751690648432576075e-03
2.725301355059162045e-03
2.699216556747741167e-03
2.673432196367531502e-03
2.647944277400760080e-03
2.622748862950568041e-03
2.597842074766351910e-03
2.573220092286410913e-03
2.548879151696986992e-03
2.524815545008096945e-03
2.501025619145633670e-03
2.477505775058834459e-03
2.454252466844013183e-03
2.431262200883007717e-03
2.408531534997036903e-03
2.386057077615136128e-03
2.363835486956936474e-03
2.341863470230016835e-03
2.320137782840819840e-03
2.298655227619482867e-03
2.277412654057984782e-03
2.256406957561562891e-03
2.235635078713078729e-03
2.215094002549984013e-03
2.194780757853891529e-03
2.174692416452465599e-03
2.154826092533011078e-03
2.135178941968215831e-03
2.115748161653351923e-03
2.096530988854932494e-03
2.077524700570245776e-03
2.058726612898324846e-03
2.040134080421364751e-03
2.021744495596794738e-03
2.003555288159679457e-03
1.985563924535496422e-03
1.967767907262695133e-03
1.950164774425314565e-03
1.932752099094988112e-03
1.915527488782623518e-03
1.898488584899377237e-03
1.881633062226638949e-03
1.864958628395123157e-03
1.848463023372674948e-03
1.832144018960794266e-03
1.815999418299615214e-03
1.800027055381255622e-03
1.784224794571337164e-03
1.768590530138518593e-03
1.753122185792038192e-03
1.737817714226950376e-03
1.722675096676908133e-03
1.707692342474601216e-03
1.692867488619333605e-03
1.678198599352112965e-03
1.663683765737469962e-03
1.649321105252528948e-03
1.635108761382836687e-03
1.621044903224783031e-03
1.607127725094861185e-03
1.593355446145220669e-03
1.579726309985643104e-03
1.566238584311765601e-03
1.552890560539485617e-03
1.539680553445388345e-03
1.526606900813043096e-03
1.513667963085227244e-03
1.500862123021717322e-03
1.488187785362941320e-03
1.475643376498892833e-03
1.463227344143620389e-03
1.450938157015019400e-03
1.438774304519866007e-03
1.426734296443917622e-03
1.414816662647234340e-03
1.403019952764245678e-03
1.391342735908924566e-03
1.379783600384533633e-03
1.368341153398272949e-03
1.357014020780461039e-03
1.345800846708193870e-03
1.334700293433702112e-03
1.323711041016799967e-03
1.312831787061863580e-03
1.302061246459038698e-03
1.291398151129428441e-03
1.280841249774657999e-03
1.270389307630170276e-03
1.260041106222692039e-03
1.249795443131527508e-03
1.239651131753594831e-03
1.229607001072332943e-03
1.219661895430169387e-03
1.209814674304733389e-03
1.200064212088590432e-03
1.190409397872412012e-03
1.180849135231689002e-03
1.171382342016795853e-03
1.162007950146298069e-03
1.152724905403706371e-03
1.143532167237228461e-03
1.134428708562848411e-03
1.125413515570431204e-03
1.116485587532925266e-03
1.107643936618470451e-03
1.098887587705602064e-03
1.090215578201201825e-03
1.081626957861416081e-03
1.073120788615366476e-03
1.064696144391443205e-03
1.056352110946604970e-03
1.048087785698089119e-03
1.039902277557857874e-03
1.031794706769578567e-03
1.023764204748166479e-03
1.015809913921787754e-03
1.007930987576313459e-03
1.000126589702225038e-03
9.923958948437625396e-04
9.847380879505788706e-04
9.771523642315355692e-04
9.696379290107885176e-04
9.621939975861278213e-04
9.548197950894349176e-04
9.475145563493218587e-04
9.402775257558410949e-04
9.331079571273065247e-04
9.260051135790592792e-04
9.189682673944002834e-04
9.119966998972761901e-04
9.050897013271120336e-04
8.982465707153660306e-04
8.914666157640947081e-04
8.847491527262922205e-04
8.780935062880512341e-04
8.714990094524949649e-04
8.649650034254967399e-04
8.584908375030756269e-04
8.520758689605428338e-04
8.457194629432812421e-04
8.394209923591577482e-04
8.331798377725729669e-04
8.269953873000954973e-04
8.208670365076638350e-04
8.147941883092547780e-04
8.087762528672499084e-04
8.028126474940015279e-04
7.969027965551867682e-04
7.910461313742970764e-04
7.852420901388035539e-04
7.794901178075315041e-04
7.737896660194682960e-04
7.681401930040061702e-04
7.625411634923445975e-04
7.569920486303352786e-04
7.514923258925569529e-04
7.460414789976683742e-04
7.406389978249897955e-04
7.352843783323587167e-04
7.299771224750953129e-04
7.247167381262591482e-04
7.195027389980218581e-04
