1.202007400648863689e+00
1.586931352378506688e-01
1.577660817497918977e-01
1.572930718145966189e-01
1.569727966676101871e-01
1.566662099070031122e-01
1.563247107041782491e-01
1.559316170401978119e-01
1.554815220556715061e-01
1.549732602517679969e-01
1.544073715731914542e-01
1.537851280484068828e-01
1.531081403590687506e-01
1.523781922622083063e-01
1.515971682368470741e-01
1.507670200297747676e-01
1.498897493249856661e-01
1.489673968156768613e-01
1.480020335712044499e-01
1.469957530576208038e-01
1.459506632533255355e-01
1.448688787612777695e-01
1.437525129965761816e-01
1.426036705793096715e-01
1.414244400600020712e-01
1.402168870822827207e-01
1.389830480597459839e-01
1.377249244176841081e-01
1.364444774278278094e-01
1.351436236458551654e-01
1.338242309470653868e-01
1.324881151446172245e-01
1.311370371665980805e-01
1.297727007623975803e-01
1.283967507049413037e-01
1.270107714528640741e-01
1.256162862355078846e-01
1.242147565232695483e-01
1.228075818462650015e-01
1.213960999252055861e-01
1.199815870798145584e-01
1.185652588817343311e-01
1.171482710208020250e-01
1.157317203555798951e-01
1.143166461211283930e-01
1.129040312691015624e-01
1.114948039173609129e-01
1.100898388883311541e-01
1.086899593173159678e-01
1.072959383138485240e-01
1.059085006609621626e-01
1.045283245389347915e-01
1.031560432615990092e-01
1.017922470148128339e-01
1.004374845879491551e-01
9.909226509055479859e-02
9.775705964739501985e-02
9.643230306613591318e-02
9.511839547282922858e-02
9.381570391118131125e-02
9.252456390232416394e-02
9.124528096247823405e-02
8.997813207645180555e-02
8.872336712546885495e-02
8.748121026824996760e-02
8.625186127466365205e-02
8.503549681163245777e-02
8.383227168126197726e-02
8.264232001140679740e-02
8.146575639913718192e-02
8.030267700772647510e-02
7.915316061795305003e-02
7.801726963462930764e-02
7.689505104938368363e-02
7.578653736079764280e-02
7.469174745308242158e-02
7.361068743449988849e-02
7.254335143680670783e-02
7.148972237699768861e-02
7.044977268263778736e-02
6.942346498210988370e-02
6.841075276104353897e-02
6.741158098624328021e-02
6.642588669837705406e-02
6.545359957468008250e-02
6.449464246290340097e-02
6.354893188772504919e-02
6.261637853076329474e-02
6.169688768538580947e-02
6.079035968737147438e-02
5.989669032253875508e-02
5.901577121236325357e-02
5.814749017860022101e-02
5.729173158786786402e-02
5.644837667714502211e-02
5.561730386107005542e-02
5.479838902191081634e-02
5.399150578303677644e-02
5.319652576669098298e-02
5.241331883682614351e-02
5.164175332773579541e-02
5.088169625918741862e-02
5.013301353872211263e-02
4.939557015176673782e-02
4.866923034017390376e-02
4.795385776976876513e-02
4.724931568746919275e-02
4.655546706850923616e-02
4.587217475427833591e-02
4.519930158125760877e-02
4.453671050152029076e-02
4.388426469523624279e-02
4.324182767559768548e-02
4.260926338657235191e-02
4.198643629385961223e-02
4.137321146941613792e-02
4.076945466989062572e-02
4.017503240930295205e-02
3.958981202627634421e-02
3.901366174611538978e-02
3.844645073802107488e-02
3.788804916770179693e-02
3.733832824564314173e-02
3.679716027127057781e-02
3.626441867324353696e-02
3.573997804609061607e-02
3.522371418340289329e-02
3.471550410777129309e-02
3.421522609766630696e-02
3.372275971142815049e-02
3.323798580854153695e-02
3.276078656835199748e-02
3.229104550637663246e-02
3.182864748835181889e-02
3.137347874215656862e-02
3.092542686773768271e-02
3.048438084516122068e-02
3.005023104090614322e-02
2.962286921251045674e-02
2.920218851167200383e-02
2.878808348590767424e-02
2.838045007885848375e-02
2.797918562933335990e-02
2.758418886917539739e-02
2.719535992002692498e-02
2.681260028907306997e-02
2.643581286383127685e-02
2.606490190605561738e-02
2.569977304482016361e-02
2.534033326884000542e-02
2.498649091809048567e-02
2.463815567477155299e-02
2.429523855367747565e-02
2.395765189201030584e-02
2.362530933869122496e-02
2.329812584320520991e-02
2.297601764402578892e-02
2.265890225665238150e-02
2.234669846130078741e-02
2.203932629027887530e-02
2.173670701507806127e-02
2.143876313321380414e-02
2.114541835484163093e-02
2.085659758917389472e-02
2.057222693072688000e-02
2.029223364541838520e-02
2.001654615653639460e-02
1.974509403060588711e-02
1.947780796316773977e-02
1.921461976448950518e-02
1.895546234522779358e-02
1.870026970205376435e-02
1.844897690326252268e-02
1.820152007437570232e-02
1.795783638375226393e-02
1.771786402822175116e-02
1.748154221874772749e-02
1.724881116613539295e-02
1.701961206679181160e-02
1.679388708854861675e-02
1.657157935655468109e-02
1.635263293924949651e-02
1.613699283442063606e-02
1.592460495535634804e-02
1.571541611709600939e-02
1.550937402278723329e-02
1.530642725015189838e-02
1.510652523807010095e-02
1.490961827328086617e-02
1.471565747721033379e-02
1.452459479292403030e-02
1.433638297221396032e-02
1.415097556281656906e-02
1.396832689576856142e-02
1.378839207290280880e-02
1.361112695448333382e-02
1.343648814698517047e-02
1.326443299101804328e-02
1.309491954939573030e-02
1.292790659535300937e-02
1.276335360091038554e-02
1.260122072538772536e-02
1.244146880406662124e-02
1.228405933700338348e-02
1.212895447799136259e-02
1.197611702367275092e-02
1.182551040280096707e-02
1.167709866565317355e-02
1.153084647359071784e-02
1.138671908877005728e-02
1.124468236400062715e-02
1.110470273275197470e-02
1.096674719930657710e-02
1.083078332905995991e-02
1.069677923896506302e-02
1.056470358812219672e-02
1.043452556851135783e-02
1.030621489586691988e-02
1.017974180069369447e-02
1.005507701942287384e-02
9.932191785706175405e-03
9.811057821847959243e-03
9.691647330372506544e-03
9.573932985726542333e-03
9.457887926115144533e-03
9.343485745468492823e-03
9.230700485539955133e-03
9.119506628132576648e-03
9.009879087452809035e-03
8.901793202590319379e-03
8.795224730122156234e-03
8.690149836839376751e-03
8.586545092594965664e-03
8.484387463271892554e-03
8.383654303868262950e-03
8.284323351700248472e-03
8.186372719718545965e-03
8.089780889939513983e-03
7.994526706987376691e-03
7.900589371746388409e-03
7.807948435122837386e-03
7.716583791912435750e-03
7.626475674774725426e-03
7.537604648310682748e-03
7.449951603242852168e-03
7.363497750696381891e-03
7.278224616579817390e-03
7.194114036062906718e-03
7.111148148151528667e-03
7.029309390357214513e-03
6.948580493459488756e-03
6.868944476361177158e-03
6.790384641033094665e-03
6.712884567548242469e-03
6.636428109203568702e-03
6.560999387727727179e-03
6.486582788573661516e-03
6.413162956294050920e-03
6.340724789999937702e-03
6.269253438898429558e-03
6.198734297911114195e-03
6.129153003369254560e-03
6.060495428786584309e-03
5.992747680706743234e-03
5.925896094625467125e-03
5.859927230984871005e-03
5.794827871240038238e-03
5.730585013995520734e-03
5.667185871211075435e-03
5.604617864475595380e-03
5.542868621347472879e-03
5.481925971761020082e-03
5.421777944497009269e-03
5.362412763716671929e-03
5.303818845558252830e-03
5.245984794794284617e-03
5.188899401549327932e-03
5.132551638076461413e-03
5.076930655592002892e-03
5.022025781167110438e-03
4.967826514675227623e-03
4.914322525794580232e-03
4.861503651064831046e-03
4.809359890996359188e-03
4.757881407231982773e-03
4.707058519759533231e-03
4.656881704174874528e-03
4.607341588994120010e-03
4.558428953014207266e-03
4.510134722721335747e-03
4.462449969745496854e-03
4.415365908361609977e-03
4.368873893035108216e-03
4.322965416011985938e-03
4.277632104952106863e-03
4.232865720605281760e-03
4.188658154528968232e-03
4.145001426847400895e-03
4.101887684050713884e-03
4.059309196833497946e-03
4.017258357973089652e-03
3.975727680244783326e-03
3.934709794375561634e-03
3.894197447033955276e-03
3.854183498856406445e-03
3.814660922508665043e-03
3.775622800782341224e-03
3.737062324725451586e-03
3.698972791806436414e-03
3.661347604111125399e-03
3.624180266572190820e-03
3.587464385229840493e-03
3.551193665524207156e-03
3.515361910617903832e-03
3.479963019748656683e-03
3.444990986611360956e-03
3.410439897769303261e-03
3.376303931093118608e-03
3.342577354228310968e-03
3.309254523089709323e-03
3.276329880382597686e-03
3.243797954150649636e-03
3.211653356349253568e-03
3.179890781444467181e-03
3.148505005036796728e-03
3.117490882509356062e-03
3.086843347700221618e-03
3.056557411597868312e-03
3.026628161060418865e-03
2.997050757556955335e-03
2.967820435931347364e-03
2.938932503188022502e-03
2.910382337299049788e-03
2.882165386032386079e-03
2.854277165800619444e-03
2.826713260530191833e-03
2.799469320550563699e-03
2.772541061502719045e-03
2.745924263266995725e-03
2.719614768909856765e-03
2.693608483648893617e-03
2.667901373836166750e-03
2.642489465959432533e-03
2.617368845660612408e-03
2.592535656771611900e-03
2.567986100367008508e-03
2.543716433833248958e-03
2.519722969953905670e-03
2.496002076011202310e-03
2.472550172903033045e-03
2.449363734275253855e-03
2.426439285669209928e-03
2.403773403683972642e-03
2.381362715153194625e-03
2.359203896336190421e-03
2.337293672122948279e-03
2.315628815253057901e-03
2.294206145548109612e-03
2.273022529157110467e-03
2.252074877815360941e-03
2.231360148115659435e-03
2.210875340792266535e-03
2.190617500017313750e-03
2.170583712709045227e-03
2.150771107852016053e-03
2.131176855829077562e-03
2.111798167764641822e-03
2.092632294879314628e-03
2.073676527855444676e-03
2.054928196213632718e-03
2.036384667699709782e-03
2.018043347682382631e-03
1.999901678560977482e-03
1.981957139183230816e-03
1.964207244273162827e-03
1.946649543868414446e-03
1.929281622767351932e-03
1.912101099985373531e-03
1.895105628220468061e-03
1.878292893327820510e-03
1.861660613803261264e-03
1.845206540275486301e-03
1.828928455006738080e-03
1.812824171401860576e-03
1.796891533525847096e-03
1.781128415629183075e-03
1.765532721681296099e-03
1.750102384911905425e-03
1.734835367359776172e-03
1.719729659429340262e-03
1.704783279454571542e-03
1.689994273269908222e-03
1.675360713788842789e-03
1.660880700589027542e-03
1.646552359504499649e-03
1.632373842224721719e-03
1.618343325900102646e-03
1.604459012754225113e-03
1.590719129702341302e-03
1.577121927976275588e-03
1.563665682755435845e-03
1.550348692804085372e-03
1.537169280114280634e-03
1.524125789554976393e-03
1.511216588526715764e-03
1.498440066622130744e-03
1.485794635291778085e-03
1.473278727515757664e-03
1.460890797480422039e-03
1.448629320260554727e-03
1.436492791506542533e-03
1.424479727136928340e-03
1.412588663035629867e-03
1.400818154754388412e-03
1.389166777219788150e-03
1.377633124445269046e-03
1.366215809247573083e-03
1.354913462967982001e-03
1.343724735197891849e-03
1.332648293508937503e-03
1.321682823187402597e-03
1.310827026972945881e-03
1.300079624801434323e-03
1.289439353552099135e-03
1.278904966798518174e-03
1.268475234563799401e-03
1.258148943079439577e-03
1.247924894548341950e-03
1.237801906911358690e-03
1.227778813617638005e-03
1.217854463398745360e-03
1.208027720046158521e-03
1.198297462192468403e-03
1.188662583096014450e-03
1.179121990428868031e-03
1.169674606068274447e-03
1.160319365891283134e-03
1.151055219572734564e-03
1.141881130386305674e-03
1.132796075008826557e-03
1.123799043327566990e-03
1.114889038250597335e-03
1.106065075520098464e-03
1.097326183528678396e-03
1.088671403138433266e-03
1.080099787502950383e-03
1.071610401892079045e-03
1.063202323519276109e-03
1.054874641371953943e-03
1.046626456044129913e-03
1.038456879571898273e-03
1.030365035271392461e-03
1.022350057579215262e-03
1.014411091895400362e-03
1.006547294428810540e-03
9.987578320448037891e-04
9.910418821154282423e-04
9.833986323717935126e-04
9.758272807587506327e-04
9.683270352918091350e-04
9.608971139162582071e-04
9.535367443684269768e-04
9.462451640391069145e-04
9.390216198389664563e-04
9.318653680661691599e-04
9.247756742758872625e-04
9.177518131518471421e-04
9.107930683798460755e-04
9.038987325231404371e-04
8.970681068997895819e-04
8.903005014618231398e-04
8.835952346762181685e-04
8.769516334077026446e-04
8.703690328033533100e-04
8.638467761788686103e-04
8.573842149065966306e-04
8.509807083052640378e-04
8.446356235313092061e-04
8.383483354718856669e-04
8.321182266394605261e-04
8.259446870680160931e-04
8.198271142106869922e-04
8.137649128391392624e-04
8.077574949441986745e-04
8.018042796381899193e-04
7.959046930585395420e-04
7.900581682729674498e-04
7.842641451859241669e-04
7.785220704466069060e-04
7.728313973581302058e-04
7.671915857882144517e-04
7.616021020810752589e-04
7.560624189706966229e-04
7.505720154952665512e-04
7.451303769130425414e-04
7.397369946192613619e-04
7.343913660644305411e-04
7.290929946737135982e-04
7.238413897675085489e-04
7.186360664832764939e-04
