1.202007400732012732e+00
1.572296028789237632e-01
1.576753971417605982e-01
1.577143339750426698e-01
1.576219435157449333e-01
1.574387072662989939e-01
1.571740732226684090e-01
1.568322148835690488e-01
1.564167270185617409e-01
1.559312795564615217e-01
1.553794987636205882e-01
1.547648265739292872e-01
1.540904679100210672e-01
1.533593998742902587e-01
1.525744079672754494e-01
1.517381278586503734e-01
1.508530826658503465e-01
1.499217123332827750e-01
1.489463949189049341e-01
1.479294608881212003e-01
1.468732018614049284e-01
1.457798751958035155e-01
1.446517055672624508e-01
1.434908844814858087e-01
1.422995684245616788e-01
1.410798761854693550e-01
1.398338857412191882e-01
1.385636309865971305e-01
1.372710985080221324e-01
1.359582245391320054e-01
1.346268921894678283e-01
1.332789290032376228e-01
1.319161048797353464e-01
1.305401303683117742e-01
1.291526553371861175e-01
1.277552680056739942e-01
1.263494943226178835e-01
1.249367976691908716e-01
1.235185788614212160e-01
1.220961764261436627e-01
1.206708671234976854e-01
1.192438666891911941e-01
1.178163307703722906e-01
1.163893560300382213e-01
1.149639813961372548e-01
1.135411894330893012e-01
1.121219078149469223e-01
1.107070108811341463e-01
1.092973212573045277e-01
1.078936115254682110e-01
1.064966059291539285e-01
1.051069821008278060e-01
1.037253728002345970e-01
1.023523676536566424e-01
1.009885148853426756e-01
9.963432303346586583e-02
9.829026264409479463e-02
9.695676793754459677e-02
9.563423844243197636e-02
9.432304059348130265e-02
9.302350928988657730e-02
9.173594941164987804e-02
9.046063729189790514e-02
8.919782214366232809e-02
8.794772744008218235e-02
8.671055224733752176e-02
8.548647251001158243e-02
8.427564228882396258e-02
8.307819495096598061e-02
8.189424431347967770e-02
8.072388574028800667e-02
7.956719719366345256e-02
7.842424024104162339e-02
7.729506101818063579e-02
7.617969114977159173e-02
7.507814862866225847e-02
7.399043865489422778e-02
7.291655443582524543e-02
7.185647794859169324e-02
7.081018066621375118e-02
6.977762424863022395e-02
6.875876119995995295e-02
6.775353549326953995e-02
6.676188316411726942e-02
6.578373287411994064e-02
6.481900644577565096e-02
6.386761936972859544e-02
6.292948128565832577e-02
6.200449643792857457e-02
6.109256410710220409e-02
6.019357901839334640e-02
5.930743172809822827e-02
5.843400898901318641e-02
5.757319409579578912e-02
5.672486721121919317e-02
5.588890567420254363e-02
5.506518429049539476e-02
5.425357560683886915e-02
5.345395016940202026e-02
5.266617676726020186e-02
5.189012266164284154e-02
5.112565380166033541e-02
5.037263502717214542e-02
4.963093025944351894e-02
4.890040268020624109e-02
4.818091489970095093e-02
4.747232911427176627e-02
4.677450725403888010e-02
4.608731112116581929e-02
4.541060251919928209e-02
4.474424337395434964e-02
4.408809584637816970e-02
4.344202243781911110e-02
4.280588608809840490e-02
4.217955026676823566e-02
4.156287905791612031e-02
4.095573723886621054e-02
4.035799035310170396e-02
3.976950477772007997e-02
3.919014778572907365e-02
3.861978760344677436e-02
3.805829346329810819e-02
3.750553565224112179e-02
3.696138555608221438e-02
3.642571569990071118e-02
3.589839978480624527e-02
3.537931272123701065e-02
3.486833065899436201e-02
3.436533101420206210e-02
3.387019249336809673e-02
3.338279511471999722e-02
3.290302022696815071e-02
3.243075052565895511e-02
3.196587006724782576e-02
3.150826428104563925e-02
3.105781997915206885e-02
3.061442536451271235e-02
3.017797003720635446e-02
2.974834499907688667e-02
2.932544265681653189e-02
2.890915682359687308e-02
2.849938271934009462e-02
2.809601696972474985e-02
2.769895760400499507e-02
2.730810405172657759e-02
2.692335713841329317e-02
2.654461908029617095e-02
2.617179347815230470e-02
2.580478531031926356e-02
2.544350092494186005e-02
2.508784803151360709e-02
2.473773569176273765e-02
2.439307430993288214e-02
2.405377562251561838e-02
2.371975268746650406e-02
2.339091987296099476e-02
2.306719284572236392e-02
2.274848855896260263e-02
2.243472523997409526e-02
2.212582237740495783e-02
2.182170070824658581e-02
2.152228220457172089e-02
2.122749006004474165e-02
2.093724867623248873e-02
2.065148364874374101e-02
2.037012175321765636e-02
2.009309093118608405e-02
1.982032027582837294e-02
1.955174001764109840e-02
1.928728151003876110e-02
1.902687721490522663e-02
1.877046068810850343e-02
1.851796656499899232e-02
1.826933054590137301e-02
1.802448938161517120e-02
1.778338085893644768e-02
1.754594378621153819e-02
1.731211797893498008e-02
1.708184424539975141e-02
1.685506437241062611e-02
1.663172111106961393e-02
1.641175816263986537e-02
1.619512016449712113e-02
1.598175267617508305e-02
1.577160216551035110e-02
1.556461599489388122e-02
1.536074240763454259e-02
1.515993051443709910e-02
1.496213028000344981e-02
1.476729250975673813e-02
1.457536883669548547e-02
1.438631170837900881e-02
1.420007437404845023e-02
1.401661087188463273e-02
1.383587601640762915e-02
1.365782538601626080e-02
1.348241531067444036e-02
1.330960285974106851e-02
1.313934582994742695e-02
1.297160273352405448e-02
1.280633278647529127e-02
1.264349589700445621e-02
1.248305265408895456e-02
1.232496431620712200e-02
1.216919280021529735e-02
1.201570067037635754e-02
1.186445112753910062e-02
1.171540799846919161e-02
1.156853572532926845e-02
1.142379935531126316e-02
1.128116453041591583e-02
1.114059747738316113e-02
1.100206499776971818e-02
1.086553445817395498e-02
1.073097378060797712e-02
1.059835143301470807e-02
1.046763641992926562e-02
1.033879827328460822e-02
1.021180704335751185e-02
1.008663328985817675e-02
9.963248073157252027e-03
9.841622945652319862e-03
9.721729943271407298e-03
9.603541577112174182e-03
9.487030825215158822e-03
9.372171124470226114e-03
9.258936362654096586e-03
9.147300870597561626e-03
9.037239414482116026e-03
8.928727188261880929e-03
8.821739806212413118e-03
8.716253295602008344e-03
8.612244089485640922e-03
8.509689019620307951e-03
8.408565309497921872e-03
8.308850567496485137e-03
8.210522780147671770e-03
8.113560305517335952e-03
8.017941866700167147e-03
7.923646545424045673e-03
7.830653775765228017e-03
7.738943337970365967e-03
7.648495352385820990e-03
7.559290273491009980e-03
7.471308884035727724e-03
7.384532289278340940e-03
7.298941911325108022e-03
7.214519483567150698e-03
7.131247045215324820e-03
7.049106935930278886e-03
6.968081790546706324e-03
6.888154533890012560e-03
6.809308375684822688e-03
6.731526805552239326e-03
6.654793588096043211e-03
6.579092758075549309e-03
6.504408615663747131e-03
6.430725721789515292e-03
6.358028893562537275e-03
6.286303199779550571e-03
6.215533956510153717e-03
6.145706722761805178e-03
6.076807296221298400e-03
6.008821709073288928e-03
5.941736223892089309e-03
5.875537329608250536e-03
5.810211737546337393e-03
5.745746377534409477e-03
5.682128394082044606e-03
5.619345142628481490e-03
5.557384185856746942e-03
5.496233290074203047e-03
5.435880421658972200e-03
5.376313743568878964e-03
5.317521611914260114e-03
5.259492572591711185e-03
5.202215357978927368e-03
5.145678883688583997e-03
5.089872245381044102e-03
5.034784715634111479e-03
4.980405740869538710e-03
4.926724938334773977e-03
4.873732093138799168e-03
4.821417155341979448e-03
4.769770237098024807e-03
4.718781609847452069e-03
4.668441701561794506e-03
4.618741094037460103e-03
4.569670520238371114e-03
4.521220861686508878e-03
4.473383145899669996e-03
4.426148543875092940e-03
4.379508367618813701e-03
4.333454067719190970e-03
4.287977230964625137e-03
4.243069578003756323e-03
4.198722961048037376e-03
4.154929361615838750e-03
4.111680888316677530e-03
4.068969774676085838e-03
4.026788376998814006e-03
3.985129172271281023e-03
3.943984756100930335e-03
3.903347840693475925e-03
3.863211252865946573e-03
3.823567932095533074e-03
3.784410928603645571e-03
3.745733401474324493e-03
3.707528616806176312e-03
3.669789945897825902e-03
3.632510863465708041e-03
3.595684945893795181e-03
3.559305869514792654e-03
3.523367408921822957e-03
3.487863435310817675e-03
3.452787914852073568e-03
3.418134907091122023e-03
3.383898563378253972e-03
3.350073125325825525e-03
3.316652923293400296e-03
3.283632374899667604e-03
3.251005983561117921e-03
3.218768337056216160e-03
3.186914106116094970e-03
3.155438043039088779e-03
3.124334980331021968e-03
3.093599829368998654e-03
3.063227579088928683e-03
3.033213294696712661e-03
3.003552116401882535e-03
2.974239258173798795e-03
2.945270006520048656e-03
2.916639719286083770e-03
2.888343824476437890e-03
2.860377819096427722e-03
2.832737268014534279e-03
2.805417802844809017e-03
2.778415120848816856e-03
2.751724983857007246e-03
2.725343217209058762e-03
2.699265708712914481e-03
2.673488407621883636e-03
2.648007323629873733e-03
2.622818525884109981e-03
2.597918142015356348e-03
2.573302357184760469e-03
2.548967413147695382e-03
2.524909607333670862e-03
2.501125291942559413e-03
2.477610873056425647e-03
2.454362809766711014e-03
2.431377613316952537e-03
2.408651846260081910e-03
2.386182121630453252e-03
2.363965102130313745e-03
2.341997499330286062e-03
2.320276072883793641e-03
2.298797629754952172e-03
2.277559023459905206e-03
2.256557153321155865e-03
2.235788963735052537e-03
2.215251443451315711e-03
2.194941624865727903e-03
2.174856583324261041e-03
2.154993436439703834e-03
2.135349343419763908e-03
2.115921504406678092e-03
2.096707159828188182e-03
2.077703589759703501e-03
2.058908113297296810e-03
2.040318087941225215e-03
2.021930908990393280e-03
2.003744008946675009e-03
1.985754856929691000e-03
1.967960958101376383e-03
1.950359853100491758e-03
1.932949117486398860e-03
1.915726361192703758e-03
1.898689227989769270e-03
1.881835394956563653e-03
1.865162571961308897e-03
1.848668501150924071e-03
1.832350956449118858e-03
1.816207743062846301e-03
1.800236696997102809e-03
1.784435684578000204e-03
1.768802601983620812e-03
1.753335374782870283e-03
1.738031957482050150e-03
1.722890333078990312e-03
1.707908512624624342e-03
1.693084534791950172e-03
1.678416465452023561e-03
1.663902397257230456e-03
1.649540449231197935e-03
1.635328766365909230e-03
1.621265519225076768e-03
1.607348903554468638e-03
1.593577139898386596e-03
1.579948473222700031e-03
1.566461172544016947e-03
1.553113530564913464e-03
1.539903863315298174e-03
1.526830509799643977e-03
1.513891831649948408e-03
1.501086212784473418e-03
1.488412059072007640e-03
1.475867798001803590e-03
1.463451878358600425e-03
1.451162769903305587e-03
1.438998963058701506e-03
1.426958968600173464e-03
1.415041317351826370e-03
1.403244559887156708e-03
1.391567266234849725e-03
1.380008025589203125e-03
1.368565446025318214e-03
1.357238154218969603e-03
1.346024795170774413e-03
1.334924031935069092e-03
1.323934545353027412e-03
1.313055033790109421e-03
1.302284212877724253e-03
1.291620815259063868e-03
1.281063590339043528e-03
1.270611304038104204e-03
1.260262738550191981e-03
1.250016692104454104e-03
1.239871978730732556e-03
1.229827428028906983e-03
1.219881884941776459e-03
1.210034209531715785e-03
1.200283276760728607e-03
1.190627976274090958e-03
1.181067212187398132e-03
1.171599902877004445e-03
1.162224980773684168e-03
1.152941392159719837e-03
1.143748096969058421e-03
1.134644068590629461e-03
1.125628293674863986e-03
1.116699771943107386e-03
1.107857516000144808e-03
1.099100551149641541e-03
1.090427915212375653e-03
1.081838658347489268e-03
1.073331842876356669e-03
1.064906543109371941e-03
1.056561845175262590e-03
1.048296846853182191e-03
1.040110657407410317e-03
1.032002397424558937e-03
1.023971198653293073e-03
1.016016203846665253e-03
1.008136566606725702e-03
1.000331451231631190e-03
9.926000325650911980e-04
9.849414958481548816e-04
9.773550365731824806e-04
9.698398603402607395e-04
9.623951827155718432e-04
9.550202290921899892e-04
9.477142345527524376e-04
9.404764437344647395e-04
9.333061106960413751e-04
9.262024987866772103e-04
9.191648805170785043e-04
9.121925374323718635e-04
9.052847599870652651e-04
8.984408474217771973e-04
8.916601076419373127e-04
8.849418570982581266e-04
8.782854206690128866e-04
8.716901315442075445e-04
8.651553311113213511e-04
8.586803688428869090e-04
8.522646021857935641e-04
8.459073964520958874e-04
8.396081247116322314e-04
8.333661676861746142e-04
8.271809136451851747e-04
8.210517583030629710e-04
8.149781047180549220e-04
8.089593631925447691e-04
8.029949511749316952e-04
7.970842931629110346e-04
7.912268206081731186e-04
7.854219718226203295e-04
7.796691918858119057e-04
7.739679325539656606e-04
7.683176521701398556e-04
7.627178155758438348e-04
7.571678940239019977e-04
7.516673650926833242e-04
7.462157126014545665e-04
7.408124265270841407e-04
7.354570029219365803e-04
7.301489438329868261e-04
7.248877572221053452e-04
7.196729568874770007e-04
