1.202007400547967730e+00
1.683168770969594719e-01
1.682871939224730440e-01
1.681654821286472923e-01
1.679927846091592569e-01
1.677603411505494413e-01
1.674540157334009627e-01
1.670667609673348319e-01
1.665969818611273412e-01
1.660460978943198163e-01
1.654169887029678654e-01
1.647131489907804891e-01
1.639382639641956685e-01
1.630960123933726524e-01
1.621899862984534646e-01
1.612236669220113161e-01
1.602004254140831641e-01
1.591235323843681326e-01
1.579961688509631534e-01
1.568214354490332918e-01
1.556023589176520339e-01
1.543418958855713452e-01
1.530429343859330271e-01
1.517082936456114473e-01
1.503407226751241610e-01
1.489428981109864325e-01
1.475174216738251998e-01
1.460668175209655639e-01
1.445935296986425311e-01
1.430999198383807736e-01
1.415882651937841186e-01
1.400607570763539311e-01
1.385194997202781886e-01
1.369665095846516745e-01
1.354037150857999583e-01
1.338329567411824517e-01
1.322559876985590910e-01
1.306744746191419448e-01
1.290899988804815324e-01
1.275040580635213028e-01
1.259180676881353766e-01
1.243333631621549584e-01
1.227512019103318003e-01
1.211727656514987872e-01
1.195991627942950553e-01
1.180314309241875387e-01
1.164705393568191971e-01
1.149173917352238894e-01
1.133728286507177385e-01
1.118376302696089952e-01
1.103125189500362424e-01
1.087981618352708846e-01
1.072951734117564837e-01
1.058041180218835392e-01
1.043255123231491138e-01
1.028598276867759426e-01
1.014074925302195784e-01
9.996889457916169341e-02
9.854438305563754941e-02
9.713427078990369279e-02
9.573883625442640433e-02
9.435832551914681565e-02
9.299295412773633807e-02
9.164290889512566318e-02
9.030834962703335189e-02
8.898941076259661576e-02
8.768620294152537631e-02
8.639881449746381059e-02
8.512731287945232705e-02
8.387174600354858900e-02
8.263214353678814683e-02
8.140851811576456376e-02
8.020086650218086199e-02
7.900917067772648961e-02
7.783339888070590906e-02
7.667350658678757924e-02
7.552943743625682715e-02
7.440112411013352633e-02
7.328848915742222636e-02
7.219144577579654498e-02
7.110989854786331499e-02
7.004374413518546505e-02
6.899287193210279501e-02
6.795716468135633292e-02
6.693649905344462026e-02
6.593074619156592819e-02
6.493977222391539295e-02
6.396343874505948379e-02
6.300160326799966737e-02
6.205411964851273443e-02
6.112083848322882873e-02
6.020160748289555414e-02
5.929627182216451464e-02
5.840467446719307260e-02
5.752665648229970258e-02
5.666205731681623475e-02
5.581071507326591796e-02
5.497246675789999037e-02
5.414714851460091655e-02
5.333459584308711948e-02
5.253464380232695380e-02
5.174712719998803001e-02
5.097188076875074775e-02
5.020873933022308722e-02
4.945753794718529134e-02
4.871811206484531059e-02
4.799029764173978752e-02
4.727393127089263986e-02
4.656885029180914820e-02
4.587489289383384072e-02
4.519189821140300739e-02
4.451970641165693687e-02
4.385815877488190989e-02
4.320709776820711584e-02
4.256636711296418046e-02
4.193581184609403850e-02
4.131527837596293828e-02
4.070461453293156007e-02
4.010366961499725602e-02
3.951229442881511178e-02
3.893034132638754224e-02
3.835766423768759148e-02
3.779411869947969793e-02
3.723956188056950362e-02
3.669385260371792884e-02
3.615685136443010095e-02
3.562842034682155157e-02
3.510842343675159988e-02
3.459672623240786504e-02
3.409319605250192564e-02
3.359770194224775269e-02
3.311011467726105578e-02
3.263030676553326653e-02
3.215815244760151376e-02
3.169352769505134199e-02
3.123631020746224160e-02
3.078637940791234193e-02
3.034361643714706194e-02
2.990790414650731921e-02
2.947912708971601320e-02
2.905717151360307296e-02
2.864192534785953495e-02
2.823327819389328391e-02
2.783112131285936722e-02
2.743534761293735247e-02
2.704585163591674904e-02
2.666252954315275966e-02
2.628527910094933043e-02
2.591399966542424702e-02
2.554859216690175822e-02
2.518895909388912946e-02
2.483500447667253558e-02
2.448663387057946686e-02
2.414375433894445228e-02
2.380627443581394276e-02
2.347410418843142582e-02
2.314715507952198187e-02
2.282534002942042395e-02
2.250857337806416378e-02
2.219677086687383422e-02
2.188984962055683797e-02
2.158772812884542092e-02
2.129032622819900314e-02
2.099756508348732051e-02
2.070936716967226171e-02
2.042565625350980726e-02
2.014635737528263845e-02
1.987139683058438550e-02
1.960070215216377573e-02
1.933420209184731620e-02
1.907182660254722051e-02
1.881350682037037994e-02
1.855917504683375976e-02
1.830876473120132686e-02
1.806221045294531188e-02
1.781944790434425094e-02
1.758041387322322943e-02
1.734504622584287503e-02
1.711328388994344529e-02
1.688506683795000865e-02
1.666033607034305905e-02
1.643903359919868939e-02
1.622110243190422879e-02
1.600648655505025955e-02
1.579513091850410708e-02
1.558698141966711331e-02
1.538198488791745616e-02
1.518008906924254477e-02
1.498124261105898518e-02
1.478539504722600068e-02
1.459249678325084086e-02
1.440249908168719610e-02
1.421535404772847865e-02
1.403101461499481860e-02
1.384943453151645659e-02
1.367056834590994752e-02
1.349437139375114607e-02
1.332079978414072059e-02
1.314981038646552414e-02
1.298136081735130898e-02
1.281540942780948385e-02
1.265191529057427267e-02
1.249083818763146482e-02
1.233213859793585825e-02
1.217577768531691654e-02
1.202171728657230355e-02
1.186991989974467594e-02
1.172034867258525855e-02
1.157296739119682664e-02
1.142774046886009878e-02
1.128463293503697250e-02
1.114361042455240362e-02
1.100463916695118387e-02
1.086768597602822545e-02
1.073271823953091293e-02
1.059970390903116309e-02
1.046861148996531231e-02
1.033941003183934046e-02
1.021206911859910520e-02
1.008655885916114048e-02
9.962849878104463458e-03
9.840913306518915896e-03
9.720720773010092103e-03
9.602244394857481144e-03
9.485456769324260295e-03
9.370330965116541871e-03
9.256840513989332553e-03
9.144959402499076850e-03
9.034662063898277889e-03
8.925923370171640406e-03
8.818718624211149479e-03
8.713023552128190685e-03
8.608814295700687250e-03
8.506067404953103137e-03
8.404759830866725609e-03
8.304868918220065926e-03
8.206372398554871370e-03
8.109248383267307972e-03
8.013475356822324230e-03
7.919032170088671774e-03
7.825898033793059899e-03
7.734052512091033581e-03
7.643475516253249620e-03
7.554147298465204580e-03
7.466048445737770781e-03
7.379159873927909792e-03
7.293462821866792192e-03
7.208938845593629643e-03
7.125569812694270387e-03
7.043337896741356727e-03
6.962225571836097408e-03
6.882215607247796872e-03
6.803291062152071189e-03
6.725435280462675747e-03
6.648631885759260542e-03
6.572864776306118657e-03
6.498118120161790884e-03
6.424376350378285284e-03
6.351624160286849924e-03
6.279846498871140964e-03
6.209028566223037324e-03
6.139155809083050863e-03
6.070213916461642337e-03
6.002188815339972068e-03
5.935066666450107900e-03
5.868833860132294765e-03
5.803477012267462681e-03
5.738982960285057312e-03
5.675338759243214563e-03
5.612531677981156923e-03
5.550549195342156621e-03
5.489378996465137453e-03
5.429008969145058400e-03
5.369427200259382395e-03
5.310621972260346629e-03
5.252581759731463594e-03
5.195295226007179065e-03
5.138751219854287115e-03
5.082938772214837600e-03
5.027847093007897609e-03
4.973465567990441837e-03
4.919783755675869591e-03
4.866791384308642721e-03
4.814478348894665402e-03
4.762834708285848886e-03
4.711850682318275731e-03
4.661516649002701504e-03
4.611823141766382625e-03
4.562760846745727260e-03
4.514320600127998996e-03
4.466493385542146151e-03
4.419270331496995968e-03
4.372642708866425997e-03
4.326601928420705130e-03
4.281139538402436127e-03
4.236247222147285219e-03
4.191916795747765816e-03
4.148140205759906322e-03
4.104909526951643246e-03
4.062216960092172001e-03
4.020054829781807837e-03
3.978415582321164282e-03
3.937291783619114791e-03
3.896676117139145998e-03
3.856561381882573844e-03
3.816940490408632109e-03
3.777806466890664891e-03
3.739152445207510542e-03
3.700971667069207546e-03
3.663257480177338488e-03
3.626003336417847178e-03
3.589202790087591376e-03
3.552849496151959212e-03
3.516937208534672531e-03
3.481459778438513418e-03
3.446411152695722305e-03
3.411785372149012639e-03
3.377576570061151685e-03
3.343778970553544158e-03
3.310386887072725402e-03
3.277394720884583244e-03
3.244796959595658888e-03
3.212588175700826446e-03
3.180763025157283888e-03
3.149316245984121188e-03
3.118242656886581823e-03
3.087537155905561905e-03
3.057194719090827739e-03
3.027210399198221585e-03
2.997579324409887624e-03
2.968296697077629602e-03
2.939357792488393999e-03
2.910757957651971106e-03
2.882492610110264347e-03
2.854557236767490350e-03
2.826947392741457638e-03
2.799658700235216173e-03
2.772686847428452832e-03
2.746027587388843137e-03
2.719676737002586862e-03
2.693630175923706401e-03
2.667883845542194220e-03
2.642433747970146778e-03
2.617275945045841566e-03
2.592406557355485339e-03
2.567821763271996034e-03
2.543517798010897727e-03
2.519490952702554964e-03
2.495737573480983663e-03
2.472254060588406806e-03
2.449036867495649021e-03
2.426082500037729517e-03
2.403387515564918333e-03
2.380948522108249782e-03
2.358762177559788845e-03
2.336825188867239830e-03
2.315134311242349977e-03
2.293686347383382552e-03
2.272478146710850584e-03
2.251506604616631407e-03
2.230768661726100291e-03
2.210261303173092790e-03
2.189981557887230902e-03
2.169926497893848952e-03
2.150093237625710398e-03
2.130478933246809144e-03
2.111080781987744077e-03
2.091896021492617355e-03
2.072921929176908297e-03
2.054155821596740945e-03
2.035595053828710439e-03
2.017237018860364509e-03
1.999079146991294530e-03
1.981118905244230732e-03
1.963353796786280331e-03
1.945781360360289078e-03
1.928399169725359980e-03
1.911204833107454882e-03
1.894195992658949173e-03
1.877370323927586527e-03
1.860725535334335160e-03
1.844259367660090309e-03
1.827969593541170241e-03
1.811854016973161704e-03
1.795910472823391288e-03
1.780136826351349415e-03
1.764530972737403912e-03
1.749090836619339147e-03
1.733814371636692312e-03
1.718699559982827217e-03
1.703744411964423170e-03
1.688946965568283078e-03
1.674305286035682617e-03
1.659817465443446651e-03
1.645481622292305213e-03
1.631295901101942683e-03
1.617258472012999540e-03
1.603367530395328859e-03
1.589621296463165044e-03
1.576018014896523028e-03
1.562555954468643205e-03
1.549233407680055200e-03
1.536048690398279055e-03
1.523000141503738462e-03
1.510086122541343502e-03
1.497305017378029561e-03
1.484655231865605798e-03
1.472135193509450067e-03
1.459743351142561534e-03
1.447478174604804012e-03
1.435338154427632769e-03
1.423321801523794996e-03
1.411427646882167878e-03
1.399654241267642108e-03
1.388000154925789339e-03
1.376463977292345002e-03
1.365044316707515401e-03
1.353739800134839532e-03
1.342549072884595017e-03
1.331470798341743370e-03
1.320503657698223572e-03
1.309646349689661156e-03
1.298897590336176456e-03
1.288256112687533560e-03
1.277720666572255926e-03
1.267290018350853082e-03
1.256962950673039562e-03
1.246738262238682214e-03
1.236614767562845343e-03
1.226591296744300973e-03
1.216666695238006633e-03
1.206839823630983643e-03
1.197109557421913335e-03
1.187474786804220079e-03
1.177934416452543513e-03
1.168487365312691076e-03
1.159132566394829693e-03
1.149868966569999457e-03
1.140695526369872549e-03
1.131611219789610805e-03
1.122615034093885902e-03
1.113705969625961760e-03
1.104883039619691939e-03
1.096145270014643215e-03
1.087491699273931403e-03
1.078921378205066270e-03
1.070433369783472480e-03
1.062026748978894732e-03
1.053700602584448347e-03
1.045454029048324641e-03
1.037286138308166680e-03
1.029196051627954316e-03
1.021182901437516031e-03
1.013245831174473723e-03
1.005383995128615680e-03
9.975965582887436935e-04
9.898826961918505678e-04
9.822415947746353758e-04
9.746724502272750531e-04
9.671744688495410120e-04
9.597468669090311426e-04
9.523888705016008999e-04
9.450997154140241630e-04
9.378786469886141132e-04
9.307249199900345269e-04
9.236377984741017720e-04
9.166165556585886744e-04
9.096604737960147522e-04
9.027688440483533187e-04
8.959409663636719355e-04
8.891761493545797959e-04
8.824737101786767632e-04
8.758329744205715743e-04
8.692532759759564499e-04
8.627339569371917814e-04
8.562743674808071448e-04
8.498738657565648672e-04
8.435318177782717610e-04
8.372475973161910313e-04
8.310205857911305777e-04
8.248501721700344331e-04
8.187357528632010486e-04
8.126767316229947411e-04
8.066725194441573153e-04
8.007225344654771062e-04
7.948262018730486555e-04
7.889829538048815684e-04
7.831922292569780310e-04
7.774534739907920352e-04
7.717661404420728035e-04
7.661296876309934287e-04
7.605435810737535933e-04
7.550072926953151726e-04
7.495203007435351575e-04
7.440820897045312063e-04
7.386921502193240620e-04
7.333499790016336688e-04
7.280550787569577912e-04
7.228069581028032488e-04
7.176051314900934019e-04
