1.202007400215713728e+00
1.724035565101913470e-01
1.719493432246794740e-01
1.713292832917799324e-01
1.707057673186484770e-01
1.700816425788855279e-01
1.694432014272923559e-01
1.687790903675649989e-01
1.680808908640035459e-01
1.673425161882470535e-01
1.665597426841816386e-01
1.657298424936053116e-01
1.648512788456212297e-01
1.639234540248542815e-01
1.629465051023694100e-01
1.619211411259548483e-01
1.608485144979784065e-01
1.597301195392194784e-01
1.585677122140922435e-01
1.573632461669909333e-01
1.561188213150681292e-01
1.548366421547126559e-01
1.535189836530525265e-01
1.521681631354778463e-01
1.507865169798567329e-01
1.493763812207692387e-01
1.479400753803249424e-01
1.464798889973957796e-01
1.449980704404396081e-01
1.434968176723604161e-01
1.419782706975042108e-01
1.404445054671213666e-01
1.388975290546822505e-01
1.373392759396570295e-01
1.357716052596983913e-01
1.341962989084589386e-01
1.326150603704380482e-01
1.310295141962038445e-01
1.294412060315930091e-01
1.278516031234841754e-01
1.262620952326452273e-01
1.246739958913734569e-01
1.230885439500445933e-01
1.215069053626414985e-01
1.199301751666767557e-01
1.183593796179055468e-01
1.167954784446877253e-01
1.152393671910510314e-01
1.136918796212623567e-01
1.121537901621537242e-01
1.106258163626181040e-01
1.091086213524701809e-01
1.076028162855078713e-01
1.061089627538430030e-01
1.046275751626925821e-01
1.031591230566323153e-01
1.017040333899840721e-01
1.002626927354347969e-01
9.883544942628151586e-02
9.742261562882244263e-02
9.602446934237549026e-02
9.464125632526926291e-02
9.327319194589471507e-02
9.192046295850178628e-02
9.058322920400127543e-02
8.926162523643429991e-02
8.795576187620632314e-02
8.666572769144903488e-02
8.539159040912179532e-02
8.413339825772941927e-02
8.289118124360249362e-02
8.166495236288220938e-02
8.045470875139167088e-02
7.926043277465812109e-02
7.808209306036567598e-02
7.691964547554855369e-02
7.577303405081838028e-02
7.464219185389388278e-02
7.352704181469357780e-02
7.242749750417194765e-02
7.134346386907168547e-02
7.027483792467298374e-02
6.922150940757700044e-02
6.818336139049278877e-02
6.716027086092903053e-02
6.615210926561447546e-02
6.515874302241804472e-02
6.418003400143827697e-02
6.321583997690605194e-02
6.226601505142543430e-02
6.133041005404121782e-02
6.040887291354569977e-02
5.950124900836931824e-02
5.860738149433449007e-02
5.772711161149134823e-02
5.686027897119763641e-02
5.600672182454443510e-02
5.516627731316826877e-02
5.433878170344717123e-02
5.352407060501664093e-02
5.272197917450248406e-02
5.193234230531068585e-02
5.115499480427346257e-02
5.038977155591628510e-02
4.963650767504953348e-02
4.889503864837595193e-02
4.816520046574478825e-02
4.744682974166448269e-02
4.673976382764109122e-02
4.604384091589023426e-02
4.535890013492648032e-02
4.468478163751979371e-02
4.402132668146995637e-02
4.336837770363474037e-02
4.272577838760721614e-02
4.209337372544635913e-02
4.147101007379742910e-02
4.085853520476880052e-02
4.025579835186755134e-02
3.966265025131258254e-02
3.907894317900428849e-02
3.850453098342332403e-02
3.793926911471823954e-02
3.738301465021536679e-02
3.683562631658591352e-02
3.629696450887802406e-02
3.576689130662308314e-02
3.524527048719856143e-02
3.473196753663339298e-02
3.422684965802271634e-02
3.372978577771421071e-02
3.324064654940939167e-02
3.275930435633163385e-02
3.228563331158654931e-02
3.181950925684478432e-02
3.136080975946420324e-02
3.090941410816405721e-02
3.046520330735572740e-02
3.002806007022856133e-02
2.959786881068519546e-02
2.917451563421621930e-02
2.875788832779133802e-02
2.834787634884818400e-02
2.794437081345513968e-02
2.754726448371019182e-02
2.715645175444541745e-02
2.677182863929834788e-02
2.639329275620233561e-02
2.602074331235552582e-02
2.565408108871873941e-02
2.529320842408244729e-02
2.493802919875724375e-02
2.458844881792244738e-02
2.424437419467687094e-02
2.390571373282447676e-02
2.357237730943209653e-02
2.324427625719112031e-02
2.292132334661341198e-02
2.260343276808738158e-02
2.229052011382594636e-02
2.198250235972689509e-02
2.167929784716764868e-02
2.138082626476366099e-02
2.108700863009945262e-02
2.079776727146123369e-02
2.051302580958322755e-02
2.023270913942413346e-02
1.995674341199163426e-02
1.968505601622609277e-02
1.941757556095799128e-02
1.915423185695170824e-02
1.889495589904511760e-02
1.863967984839589795e-02
1.838833701484576116e-02
1.814086183940930713e-02
1.789718987689569232e-02
1.765725777867199059e-02
1.742100327557303402e-02
1.718836516096608480e-02
1.695928327397317262e-02
1.673369848285877551e-02
1.651155266858617132e-02
1.629278870854524927e-02
1.607735046045915411e-02
1.586518274646803173e-02
1.565623133739769621e-02
1.545044293721065456e-02
1.524776516764729528e-02
1.504814655305295595e-02
1.485153650539737004e-02
1.465788530948579881e-02
1.446714410836076603e-02
1.427926488890044962e-02
1.409420046760670800e-02
1.391190447659160050e-02
1.373233134975436996e-02
1.355543630915466945e-02
1.338117535157871789e-02
1.320950523529897808e-02
1.304038346702570891e-02
1.287376828905209721e-02
1.270961866658885941e-02
1.254789427528927963e-02
1.238855548896397596e-02
1.223156336748213932e-02
1.207687964486038081e-02
1.192446671753544761e-02
1.177428763282167834e-02
1.162630607754903955e-02
1.148048636688334297e-02
1.133679343332285108e-02
1.119519281587416648e-02
1.105565064940164377e-02
1.091813365415078042e-02
1.078260912544315962e-02
1.064904492354046446e-02
1.051740946367695807e-02
1.038767170625650403e-02
1.025980114721427097e-02
1.013376780853974569e-02
1.000954222895887070e-02
9.887095454774423239e-03
9.766399030862068370e-03
9.647424991818849202e-03
9.530145853264532230e-03
9.414534603290617559e-03
9.300564694058377491e-03
9.188210033540812963e-03
9.077444977408049079e-03
8.968244321053949267e-03
8.860583291761802219e-03
8.754437541006325138e-03
8.649783136891233890e-03
8.546596556719463986e-03
8.444854679694283398e-03
8.344534779748623982e-03
8.245614518502064269e-03
8.148071938342330706e-03
8.051885455629516700e-03
7.957033854021291694e-03
7.863496277916983898e-03
7.771252226019364009e-03
7.680281545010524298e-03
7.590564423341747240e-03
7.502081385135054778e-03
7.414813284193352144e-03
7.328741298119297205e-03
7.243846922539552528e-03
7.160111965433652546e-03
7.077518541564692921e-03
6.996049067011453522e-03
6.915686253798849874e-03
6.836413104625856975e-03
6.758212907689435320e-03
6.681069231601764226e-03
6.604965920400274193e-03
6.529887088648277799e-03
6.455817116624463538e-03
6.382740645600590811e-03
6.310642573204702441e-03
6.239508048868979556e-03
6.169322469360674979e-03
6.100071474394769440e-03
6.031740942326562979e-03
5.964316985922872745e-03
5.897785948210614200e-03
5.832134398401423066e-03
5.767349127890765426e-03
5.703417146329946980e-03
5.640325677770232152e-03
5.578062156877588995e-03
5.516614225216817831e-03
5.455969727603220479e-03
5.396116708521734619e-03
5.337043408611044822e-03
5.278738261212727496e-03
5.221189888982988997e-03
5.164387100566793058e-03
5.108318887332896109e-03
5.052974420168679370e-03
4.998343046333677923e-03
4.944414286370428513e-03
4.891177831072517253e-03
4.838623538507526127e-03
4.786741431094880019e-03
4.735521692737072047e-03
4.684954666003032960e-03
4.635030849363834526e-03
4.585740894477982610e-03
4.537075603527195890e-03
4.489025926600246838e-03
4.441582959125113007e-03
4.394737939347590286e-03
4.348482245856342097e-03
4.302807395153005442e-03
4.257705039266223603e-03
4.213166963410031399e-03
4.169185083684254570e-03
4.125751444816940644e-03
4.082858217948230617e-03
4.040497698454127533e-03
3.998662303810410039e-03
3.957344571494618782e-03
3.916537156927264035e-03
3.876232831449243944e-03
3.836424480337012090e-03
3.797105100853167235e-03
3.758267800332578887e-03
3.719905794303226838e-03
3.682012404641074686e-03
3.644581057758490734e-03
3.607605282824936921e-03
3.571078710020572818e-03
3.534995068820870421e-03
3.499348186312449625e-03
3.464131985539109591e-03
3.429340483878035202e-03
3.394967791444852400e-03
3.361008109527638225e-03
3.327455729049205550e-03
3.294305029056718379e-03
3.261550475238814660e-03
3.229186618468927322e-03
3.197208093375294904e-03
3.165609616935967808e-03
3.134385987099612501e-03
3.103532081430427497e-03
3.073042855777675941e-03
3.042913342968911906e-03
3.013138651526408186e-03
2.983713964406622086e-03
2.954634537762088585e-03
2.925895699725146720e-03
2.897492849213873477e-03
2.869421454758550732e-03
2.841677053349404240e-03
2.814255249304776357e-03
2.787151713159096312e-03
2.760362180570881310e-03
2.733882451249777107e-03
2.707708387902786791e-03
2.681835915198984340e-03
2.656261018752572884e-03
2.630979744123685283e-03
2.605988195837191136e-03
2.581282536418241270e-03
2.556858985445218443e-03
2.532713818619092457e-03
2.508843366849063464e-03
2.485244015354478274e-03
2.461912202782165320e-03
2.438844420339458460e-03
2.416037210942148517e-03
2.393487168377611465e-03
2.371190936482220346e-03
2.349145208333258596e-03
2.327346725454806572e-03
2.305792277037583930e-03
2.284478699172235675e-03
2.263402874095818591e-03
2.242561729451601239e-03
2.221952237561463685e-03
2.201571414710965478e-03
2.181416320446795225e-03
2.161484056886243954e-03
2.141771768038749999e-03
2.122276639138886544e-03
2.102995895991117969e-03
2.083926804325581233e-03
2.065066669164909198e-03
2.046412834202239028e-03
2.027962681189466720e-03
2.009713629336230475e-03
1.991663134718973244e-03
1.973808689700396260e-03
1.956147822358417134e-03
1.938678095925189119e-03
1.921397108235453404e-03
1.904302491184376020e-03
1.887391910194591987e-03
1.870663063692223427e-03
1.854113682591756454e-03
1.837741529789736544e-03
1.821544399667019559e-03
1.805520117599190280e-03
1.789666539475654339e-03
1.773981551226257560e-03
1.758463068356642218e-03
1.743109035490543078e-03
1.727917425920413559e-03
1.712886241165382639e-03
1.698013510536420167e-03
1.683297290709116984e-03
1.668735665303408468e-03
1.654326744470117948e-03
1.640068664484956593e-03
1.625959587348659030e-03
1.611997700394068259e-03
1.598181215899907061e-03
1.584508370710506226e-03
1.570977425862243567e-03
1.557586666216011304e-03
1.544334400095665654e-03
1.531218958932591091e-03
1.518238696916137526e-03
1.505391990649588858e-03
1.492677238812086839e-03
1.480092861825906773e-03
1.467637301529262864e-03
1.455309020854480152e-03
1.443106503511428287e-03
1.431028253676090104e-03
1.419072795684278403e-03
1.407238673730324243e-03
1.395524451570699436e-03
1.383928712232354022e-03
1.372450057725899467e-03
1.361087108763495580e-03
1.349838504481135158e-03
1.338702902165521099e-03
1.327678976985509525e-03
1.316765421727531275e-03
1.305960946535654000e-03
1.295264278655575141e-03
1.284674162182922446e-03
1.274189357815401448e-03
1.263808642609151383e-03
1.253530809738727988e-03
1.243354668261233142e-03
1.233279042883984877e-03
1.223302773736018294e-03
1.213424716143151130e-03
1.203643740406744496e-03
1.193958731585834402e-03
1.184368589282869992e-03
1.174872227432790465e-03
1.165468574095396672e-03
1.156156571251097187e-03
1.146935174599841498e-03
1.137803353363253537e-03
1.128760090089784510e-03
1.119804380463160394e-03
1.110935233113539066e-03
1.102151669431943254e-03
1.093452723387333507e-03
1.084837441346783726e-03
1.076304881898283066e-03
1.067854115676440023e-03
1.059484225190796859e-03
1.051194304656979635e-03
1.042983459830281638e-03
1.034850807841989836e-03
1.026795477038188950e-03
1.018816606821059192e-03
1.010913347492676997e-03
1.003084860101222456e-03
9.953303162894928599e-04
9.876488981458756387e-04
9.800397980575337262e-04
9.725022185658264420e-04
9.650353722241225563e-04
9.576384814575647020e-04
9.503107784251301274e-04
9.430515048838156167e-04
9.358599120548153922e-04
9.287352604918113668e-04
9.216768199512235258e-04
9.146838692645054393e-04
9.077556962123291056e-04
9.008915974006865548e-04
8.940908781389022512e-04
8.873528523194648947e-04
8.806768422997126667e-04
8.740621787852966744e-04
8.675082007153446430e-04
8.610142551495013601e-04
8.545796971565252764e-04
8.482038897045841592e-04
8.418862035533480285e-04
8.356260171474886277e-04
8.294227165119029931e-04
8.232756951485367637e-04
8.171843539346041602e-04
8.111481010225018128e-04
8.051663517410750232e-04
7.992385284984538426e-04
7.933640606862805067e-04
7.875423845853404782e-04
7.817729432727289372e-04
7.760551865301773674e-04
7.703885707539229622e-04
7.647725588658429692e-04
7.592066202258549498e-04
7.536902305457176101e-04
7.482228718039826221e-04
7.428040321622911800e-04
7.374332058828677325e-04
7.321098932471790163e-04
7.268336004758779766e-04
7.216038396498137848e-04
