.015259	0
.030518	0
.045777	0
.061036	.0000789
.076295	0
.091554	.0001403
.10681	.0000515
.12207	.0001579
.13733	.0000935
.15259	.0002021
.16784	.0001357
.1831	.0002368
.19836	.0001644
.21362	.0002706
.22888	.0001965
.24414	.0003059
.2594	.0002316
.27466	.0003392
.28992	.0002624
.30518	.0003695
.32044	.000295
.33569	.0004019
.35095	.0003271
.36621	.0004342
.38147	.0003577
.39673	.0004653
.41199	.0003881
.42725	.0004962
.44251	.000419
.45777	.0005263
.47303	.0004495
.48828	.0005563
.50354	.0004802
.5188	.0005868
.53406	.0005104
.54932	.000617
.56458	.0005407
.57984	.0006473
.5951	.0005697
.61036	.0006766
.62562	.0005996
.64088	.0007061
.65613	.0006285
.67139	.0007353
.68665	.0006581
.70191	.0007641
.71717	.0006868
.73243	.0007933
.74769	.0007155
.76295	.0008216
.77821	.000744
.79347	.0008502
.80873	.0007721
.82398	.0008781
.83924	.0008001
.8545	.0009059
.86976	.0008277
.88502	.0009339
.90028	.0008553
.91554	.0009611
.9308	.0008826
.94606	.0009885
.96132	.0009096
.97657	.0010152
.99183	.0009364
1.007	.0010419
1.0223	.0009629
1.0376	.0010684
1.0528	.0009891
1.0681	.0010949
1.0833	.0010151
1.0986	.0011207
1.1139	.0010409
1.1291	.0011465
1.1444	.0010665
1.1596	.0011718
1.1749	.0010917
1.1902	.001197
1.2054	.0011165
1.2207	.0012218
1.2359	.0011411
1.2512	.0012465
1.2665	.0011655
1.2817	.0012707
1.297	.0011896
1.3122	.0012948
1.3275	.0012133
1.3427	.0013185
1.358	.0012369
1.3733	.0013418
1.3885	.00126
1.4038	.001365
1.419	.0012829
1.4343	.0013877
1.4496	.0013055
1.4648	.0014103
1.4801	.0013277
1.4953	.0014324
1.5106	.0013496
1.5259	.0014542
1.5411	.0013711
1.5564	.0014757
1.5716	.0013923
1.5869	.0014969
1.6022	.0014132
1.6174	.0015178
1.6327	.0014338
1.6479	.0015382
1.6632	.001454
1.6784	.0015584
1.6937	.0014738
1.709	.0015781
1.7242	.0014933
1.7395	.0015975
1.7547	.0015124
1.77	.0016166
1.7853	.0015311
1.8005	.0016352
1.8158	.0015495
1.831	.0016535
1.8463	.0015675
1.8616	.0016715
1.8768	.0015851
1.8921	.001689
1.9073	.0016023
1.9226	.0017062
1.9379	.0016191
1.9531	.0017229
1.9684	.0016356
1.9836	.0017393
1.9989	.0016516
2.0141	.0017552
2.0294	.0016672
2.0447	.0017708
2.0599	.0016824
2.0752	.001786
2.0904	.0016972
2.1057	.0018007
2.121	.0017116
2.1362	.001815
2.1515	.0017255
2.1667	.0018289
2.182	.0017391
2.1973	.0018423
2.2125	.0017522
2.2278	.0018554
2.243	.0017648
2.2583	.001868
2.2736	.001777
2.2888	.0018801
2.3041	.0017888
2.3193	.0018918
2.3346	.0018001
2.3498	.0019032
2.3651	.001811
2.3804	.001914
2.3956	.0018214
2.4109	.0019243
2.4261	.0018314
2.4414	.0019342
2.4567	.0018409
2.4719	.0019437
2.4872	.0018499
2.5024	.0019527
2.5177	.0018585
2.533	.0019612
2.5482	.0018666
2.5635	.0019692
2.5787	.0018742
2.594	.0019768
2.6093	.0018813
2.6245	.0019839
2.6398	.001888
2.655	.0019905
2.6703	.0018942
2.6855	.0019966
2.7008	.0018999
2.7161	.0020023
2.7313	.0019051
2.7466	.0020075
2.7618	.0019098
2.7771	.0020122
2.7924	.001914
2.8076	.0020163
2.8229	.0019177
2.8381	.0020201
2.8534	.0019209
2.8687	.0020233
2.8839	.0019237
2.8992	.002026
2.9144	.0019259
2.9297	.0020282
2.9449	.0019276
2.9602	.0020299
2.9755	.0019289
2.9907	.0020311
3.006	.0019296
3.0212	.0020318
3.0365	.0019298
3.0518	.002032
3.067	.0019295
3.0823	.0020318
3.0975	.0019287
3.1128	.002031
3.1281	.0019274
3.1433	.0020297
3.1586	.0019256
3.1738	.0020279
3.1891	.0019233
3.2044	.0020256
3.2196	.0019205
3.2349	.0020228
3.2501	.0019172
3.2654	.0020195
3.2806	.0019133
3.2959	.0020157
3.3112	.001909
3.3264	.0020114
3.3417	.0019042
3.3569	.0020066
3.3722	.0018988
3.3875	.0020014
3.4027	.001893
3.418	.0019956
3.4332	.0018867
3.4485	.0019893
3.4638	.0018799
3.479	.0019826
3.4943	.0018726
3.5095	.0019753
3.5248	.0018648
3.5401	.0019676
3.5553	.0018565
3.5706	.0019594
3.5858	.0018477
3.6011	.0019508
3.6163	.0018385
3.6316	.0019416
3.6469	.0018288
3.6621	.001932
3.6774	.0018186
3.6926	.001922
3.7079	.001808
3.7232	.0019115
3.7384	.0017969
3.7537	.0019005
3.7689	.0017853
3.7842	.0018892
3.7995	.0017733
3.8147	.0018773
3.83	.0017609
3.8452	.0018651
3.8605	.001748
3.8758	.0018524
3.891	.0017347
3.9063	.0018394
3.9215	.001721
3.9368	.0018259
3.952	.0017069
3.9673	.001812
3.9826	.0016924
3.9978	.0017978
4.0131	.0016775
4.0283	.0017831
4.0436	.0016622
4.0589	.0017682
4.0741	.0016466
4.0894	.0017529
4.1046	.0016306
4.1199	.0017372
4.1352	.0016142
4.1504	.0017213
4.1657	.0015976
4.1809	.001705
4.1962	.0015805
4.2115	.0016885
4.2267	.0015632
4.242	.0016717
4.2572	.0015456
4.2725	.0016546
4.2877	.0015277
4.303	.0016374
4.3183	.0015096
4.3335	.00162
4.3488	.0014912
4.364	.0016024
4.3793	.0014725
4.3946	.0015848
4.4098	.0014536
4.4251	.0015672
4.4403	.0014344
4.4556	.0015497
4.4709	.001415
4.4861	.0015327
4.5014	.0013952
4.5166	.0015168
4.5319	.0013748
4.5472	.0015045
4.5624	.0013526
4.5777	.0015125
4.5929	.001292
4.6082	.0013682
4.6234	.0013272
4.6387	.0014086
4.654	.0013033
4.6692	.0013985
4.6845	.0012824
4.6997	.001383
4.715	.0012622
4.7303	.0013659
4.7455	.0012423
4.7608	.0013482
4.776	.0012226
4.7913	.0013302
4.8066	.001203
4.8218	.0013121
4.8371	.0011837
4.8523	.001294
4.8676	.0011646
4.8829	.001276
4.8981	.0011457
4.9134	.0012583
4.9286	.0011271
4.9439	.0012407
4.9591	.0011088
4.9744	.0012234
4.9897	.0010908
5.0049	.0012065
5.0202	.0010732
5.0354	.0011899
5.0507	.0010561
5.066	.0011738
5.0812	.0010393
5.0965	.0011582
5.1117	.0010231
5.127	.001143
5.1423	.0010075
5.1575	.0011285
5.1728	.0009925
5.188	.0011146
5.2033	.0009781
5.2186	.0011013
5.2338	.0009644
5.2491	.0010888
5.2643	.0009515
5.2796	.0010771
5.2948	.0009393
5.3101	.0010662
5.3254	.0009281
5.3406	.0010563
5.3559	.0009178
5.3711	.0010473
5.3864	.0009085
5.4017	.0010394
5.4169	.0009002
5.4322	.0010326
5.4474	.0008931
5.4627	.0010269
5.478	.0008872
5.4932	.0010225
5.5085	.0008826
5.5237	.0010194
5.539	.0008793
5.5543	.0010177
5.5695	.0008774
5.5848	.0010175
5.6	.000877
5.6153	.0010189
5.6305	.0008782
5.6458	.0010219
5.6611	.0008811
5.6763	.0010266
5.6916	.0008857
5.7068	.0010331
5.7221	.0008922
5.7374	.0010416
5.7526	.0009006
5.7679	.0010521
5.7831	.0009111
5.7984	.0010646
5.8137	.0009237
5.8289	.0010794
5.8442	.0009385
5.8594	.0010965
5.8747	.0009557
5.8899	.001116
5.9052	.0009753
5.9205	.0011381
5.9357	.0009975
5.951	.0011628
5.9662	.0010224
5.9815	.0011903
5.9968	.0010501
6.012	.0012207
6.0273	.0010808
6.0425	.0012541
6.0578	.0011145
6.0731	.0012907
6.0883	.0011513
6.1036	.0013306
6.1188	.0011916
6.1341	.0013739
6.1494	.0012352
6.1646	.0014207
6.1799	.0012825
6.1951	.0014713
6.2104	.0013336
6.2256	.0015258
6.2409	.0013885
6.2562	.0015843
6.2714	.0014475
6.2867	.0016469
6.3019	.0015107
6.3172	.0017139
6.3325	.0015783
6.3477	.0017854
6.363	.0016504
6.3782	.0018616
6.3935	.0017273
6.4088	.0019426
6.424	.001809
6.4393	.0020287
6.4545	.0018958
6.4698	.00212
6.4851	.0019879
6.5003	.0022166
6.5156	.0020853
6.5308	.0023189
6.5461	.0021884
6.5613	.0024269
6.5766	.0022972
6.5919	.0025409
6.6071	.0024121
6.6224	.0026611
6.6376	.0025331
6.6529	.0027877
6.6682	.0026605
6.6834	.0029208
6.6987	.0027944
6.7139	.0030607
6.7292	.0029351
6.7445	.0032075
6.7597	.0030828
6.775	.0033616
6.7902	.0032376
6.8055	.003523
6.8208	.0033997
6.836	.003692
6.8513	.0035694
6.8665	.0038689
6.8818	.0037467
6.897	.0040537
6.9123	.003932
6.9276	.0042467
6.9428	.0041253
6.9581	.0044482
6.9733	.0043268
6.9886	.0046583
7.0039	.0045367
7.0191	.0048772
7.0344	.0047552
7.0496	.0051051
7.0649	.0049824
7.0802	.0053424
7.0954	.0052184
7.1107	.0055892
7.1259	.0054635
7.1412	.0058458
7.1565	.0057178
7.1717	.0061127
7.187	.0059815
7.2022	.0063904
7.2175	.006255
7.2327	.0066795
7.248	.0065386
7.2633	.0069812
7.2785	.0068332
7.2938	.0072972
7.309	.0071399
7.3243	.0076304
7.3396	.0074607
7.3548	.0079859
7.3701	.0077995
7.3853	.0083737
7.4006	.008164
7.4159	.0088146
7.4311	.008571
7.4464	.0093618
7.4616	.0090638
7.4769	.010196
7.4921	.0097933
7.5074	.012723
7.5227	.011951
7.5379	.0087667
7.5532	.0084915
7.5684	.0077679
7.5837	.0077063
7.599	.0075652
7.6142	.0076237
7.6295	.0077671
7.6447	.0079021
7.66	.0082165
7.6753	.0083982
7.6905	.0088218
7.7058	.0090255
7.721	.0095165
7.7363	.0097178
7.7516	.010242
7.7668	.010413
7.7821	.010937
7.7973	.011041
7.8126	.011521
7.8278	.011461
7.8431	.011802
7.8584	.010774
7.8736	.010162
7.8889	.016063
7.9041	.022406
7.9194	.013678
7.9347	.0051785
7.9499	.006821
7.9652	.0089936
7.9804	.011499
7.9957	.014474
8.011	.010665
8.0262	.0073111
8.0415	-.0055321
8.0567	-.018153
8.072	-.011876
8.0873	-.005011
8.1025	-.0058329
8.1178	-.0062185
8.133	-.0096803
8.1483	-.012659
8.1636	-.010996
8.1788	-.0087512
8.1941	-.010557
8.2093	-.011837
8.2246	-.0099314
8.2398	-.0073903
8.2551	.0023471
8.2704	.01268
8.2856	.012488
8.3009	.012803
8.3161	.013424
8.3314	.014675
8.3467	.016466
8.3619	.018921
8.3772	.025618
8.3924	.033009
8.4077	.037502
8.423	.042648
8.4382	.046536
8.4535	.051102
8.4687	.053024
8.484	.055629
8.4993	.050129
8.5145	.045234
8.5298	.050041
8.545	.055676
8.5603	.055718
8.5755	.056497
8.5908	.068197
8.6061	.080676
8.6213	.075706
8.6366	.07132
8.6518	.074289
8.6671	.078174
8.6824	.090244
8.6976	.10313
8.7129	.10178
8.7281	.10114
8.7434	.1015
8.7587	.10277
8.7739	.099755
8.7892	.097594
8.8044	.11071
8.8197	.12486
8.835	.12938
8.8502	.1348
8.8655	.14405
8.8807	.15436
8.896	.16589
8.9112	.1784
8.9265	.17654
8.9418	.17557
8.957	.18311
8.9723	.1918
8.9875	.18715
9.0028	.18343
9.0181	.19625
9.0333	.21036
9.0486	.21507
9.0638	.22091
9.0791	.22654
9.0944	.23347
9.1096	.24061
9.1249	.24913
9.1401	.25779
9.1554	.26792
9.1707	.27961
9.1859	.29294
9.2012	.31716
9.2164	.34278
9.2317	.34528
9.2469	.34915
9.2622	.37297
9.2775	.39852
9.2927	.40992
9.308	.42299
9.3232	.44192
9.3385	.46257
9.3538	.458
9.369	.45487
9.3843	.48203
9.3995	.5116
9.4148	.53411
9.4301	.55884
9.4453	.57473
9.4606	.59312
9.4758	.60388
9.4911	.61773
9.5064	.69312
9.5216	.76844
9.5369	.7707
9.5521	.77417
9.5674	.8734
9.5826	.96935
9.5979	.9821
9.6132	.99554
9.6284	1.1173
9.6437	1.2323
9.6589	1.2616
9.6742	1.2912
9.6895	1.3358
9.7047	1.3829
9.72	1.4443
9.7352	1.5069
9.7505	1.5442
9.7658	1.5832
9.781	1.6364
9.7963	1.6947
9.8115	1.7666
9.8268	1.8273
9.8421	1.844
9.8573	1.8573
9.8726	1.9366
9.8878	2.0094
9.9031	2.035
9.9183	2.0614
9.9336	2.1481
9.9489	2.2401
9.9641	2.334
9.9794	2.4216
9.9946	2.4857
10.009	2.5515
10.025	2.6184
10.04	2.6855
10.055	2.7992
10.07	2.9188
10.086	3.0278
10.101	3.1309
10.116	3.2414
10.132	3.3527
10.147	3.4606
10.162	3.564
10.177	3.5814
10.193	3.5904
10.208	3.6421
10.223	3.6941
10.238	3.8026
10.254	3.911
10.269	4.0155
10.284	4.1118
10.299	4.1092
10.315	4.0931
10.33	4.0761
10.345	4.0514
10.36	3.9011
10.376	3.7496
10.391	3.6983
10.406	3.6473
10.421	3.5241
10.437	3.4017
10.452	3.3051
10.467	3.2101
10.482	3.1523
10.498	3.0945
10.513	2.9169
10.528	2.7439
10.544	2.6658
10.559	2.5893
10.574	2.4582
10.589	2.3284
10.605	2.2793
10.62	2.2297
10.635	2.1502
10.65	2.07
10.666	2.0066
10.681	1.9413
10.696	1.9135
10.711	1.8834
10.727	1.8549
10.742	1.8247
10.757	1.7886
10.772	1.7508
10.788	1.7695
10.803	1.7861
10.818	1.7525
10.833	1.7183
10.849	1.7313
10.864	1.7421
10.879	1.7322
10.894	1.7217
10.91	1.7424
10.925	1.7619
10.94	1.7861
10.956	1.8102
10.971	1.8182
10.986	1.8259
11.001	1.8587
11.017	1.8916
11.032	1.9148
11.047	1.9379
11.062	1.9829
11.078	2.0287
11.093	2.047
11.108	2.0644
11.123	2.1109
11.139	2.1584
11.154	2.135
11.169	2.1101
11.184	2.2016
11.2	2.2944
11.215	2.3832
11.23	2.4697
11.245	2.4995
11.261	2.524
11.276	2.5061
11.291	2.4862
11.306	2.488
11.322	2.4899
11.337	2.5296
11.352	2.5698
11.368	2.5702
11.383	2.5689
11.398	2.576
11.413	2.5828
11.429	2.5941
11.444	2.6049
11.459	2.5938
11.474	2.5821
11.49	2.5988
11.505	2.6158
11.52	2.5888
11.535	2.5611
11.551	2.5579
11.566	2.555
11.581	2.5934
11.596	2.6325
11.612	2.6309
11.627	2.628
11.642	2.5998
11.657	2.5712
11.673	2.577
11.688	2.5831
11.703	2.5677
11.718	2.5519
11.734	2.5449
11.749	2.538
11.764	2.5019
11.779	2.4657
11.795	2.4577
11.81	2.4502
11.825	2.4352
11.841	2.4202
11.856	2.4331
11.871	2.4463
11.886	2.458
11.902	2.4693
11.917	2.4195
11.932	2.3696
11.947	2.3915
11.963	2.4144
11.978	2.3937
11.993	2.3725
12.008	2.3828
12.024	2.3932
12.039	2.3402
12.054	2.2871
12.069	2.3178
12.085	2.3499
12.1	2.3128
12.115	2.2752
12.13	2.244
12.146	2.2131
12.161	2.208
12.176	2.2033
12.191	2.1871
12.207	2.1709
12.222	2.1722
12.237	2.1737
12.253	2.1543
12.268	2.1348
12.283	2.1246
12.298	2.1144
12.314	2.1135
12.329	2.1126
12.344	2.1091
12.359	2.1053
12.375	2.0684
12.39	2.0313
12.405	2.0277
12.42	2.0245
12.436	2.0297
12.451	2.0349
12.466	1.9887
12.481	1.9423
12.497	1.9361
12.512	1.9302
12.527	1.9691
12.542	2.0089
12.558	1.972
12.573	1.9345
12.588	1.9237
12.603	1.9133
12.619	1.9345
12.634	1.9562
12.649	1.9191
12.665	1.8816
12.68	1.8744
12.695	1.8675
12.71	1.8639
12.726	1.8603
12.741	1.8571
12.756	1.8537
12.771	1.8564
12.787	1.8591
12.802	1.8509
12.817	1.8425
12.832	1.8304
12.848	1.8182
12.863	1.7993
12.878	1.7801
12.893	1.799
12.909	1.8185
12.924	1.8193
12.939	1.8198
12.954	1.8056
12.97	1.7912
12.985	1.7963
13	1.8017
13.015	1.7887
13.031	1.7754
13.046	1.7815
13.061	1.7878
13.077	1.7807
13.092	1.7734
13.107	1.779
13.122	1.7847
13.138	1.7848
13.153	1.7848
13.168	1.7979
13.183	1.8113
13.199	1.814
13.214	1.8165
13.229	1.8192
13.244	1.8218
13.26	1.8195
13.275	1.8171
13.29	1.8376
13.305	1.8584
13.321	1.8501
13.336	1.8414
13.351	1.8257
13.366	1.8099
13.382	1.8428
13.397	1.8766
13.412	1.8709
13.427	1.8646
13.443	1.8437
13.458	1.8226
13.473	1.8534
13.489	1.885
13.504	1.8647
13.519	1.8437
13.534	1.8506
13.55	1.8579
13.565	1.8566
13.58	1.8552
13.595	1.8578
13.611	1.8603
13.626	1.8558
13.641	1.8511
13.656	1.8814
13.672	1.9122
13.687	1.9208
13.702	1.9289
13.717	1.915
13.733	1.9008
13.748	1.9122
13.763	1.9239
13.778	1.944
13.794	1.9639
13.809	1.9413
13.824	1.9181
13.839	1.9226
13.855	1.9273
13.87	1.909
13.885	1.8902
13.901	1.909
13.916	1.9282
13.931	1.9313
13.946	1.9338
13.962	1.9192
13.977	1.9041
13.992	1.939
14.007	1.9738
14.023	1.9059
14.038	1.8383
14.053	1.8543
14.068	1.8719
14.084	1.8534
14.099	1.8346
14.114	1.8276
14.129	1.8209
14.145	1.8132
14.16	1.8055
14.175	1.7978
14.19	1.7899
14.206	1.7816
14.221	1.7732
14.236	1.7766
14.251	1.78
14.267	1.7688
14.282	1.7573
14.297	1.7673
14.313	1.7774
14.328	1.7569
14.343	1.7361
14.358	1.7364
14.374	1.7368
14.389	1.7015
14.404	1.666
14.419	1.6729
14.435	1.6804
14.45	1.6652
14.465	1.6495
14.48	1.6358
14.496	1.6219
14.511	1.5935
14.526	1.5648
14.541	1.5743
14.557	1.5843
14.572	1.588
14.587	1.5913
14.602	1.5664
14.618	1.5409
14.633	1.5535
14.648	1.5664
14.663	1.5236
14.679	1.4801
14.694	1.5064
14.709	1.5344
14.724	1.5076
14.74	1.4802
14.755	1.5014
14.77	1.5237
14.786	1.5195
14.801	1.5149
14.816	1.5109
14.831	1.5068
14.847	1.4949
14.862	1.4827
14.877	1.4579
14.892	1.4324
14.908	1.4675
14.923	1.5041
14.938	1.4732
14.953	1.4418
14.969	1.4668
14.984	1.4931
14.999	1.4679
15.014	1.4423
15.03	1.4501
15.045	1.4586
15.06	1.4328
15.075	1.4066
15.091	1.4209
15.106	1.436
15.121	1.4508
15.136	1.4655
15.152	1.439
15.167	1.4123
15.182	1.402
15.198	1.392
15.213	1.3927
15.228	1.3934
15.243	1.412
15.259	1.4308
15.274	1.4148
15.289	1.3984
15.304	1.4171
15.32	1.4365
15.335	1.4072
15.35	1.3776
15.365	1.3806
15.381	1.3843
15.396	1.3961
15.411	1.4082
15.426	1.4079
15.442	1.4073
15.457	1.4175
15.472	1.4278
15.487	1.4032
15.503	1.3783
15.518	1.3692
15.533	1.3602
15.548	1.3766
15.564	1.3935
15.579	1.3956
15.594	1.3974
15.61	1.3852
15.625	1.3728
15.64	1.3822
15.655	1.392
15.671	1.4039
15.686	1.4158
15.701	1.411
15.716	1.406
15.732	1.402
15.747	1.398
15.762	1.3908
15.777	1.3834
15.793	1.4016
15.808	1.4203
15.823	1.4118
15.838	1.4028
15.854	1.4033
15.869	1.4039
15.884	1.3961
15.899	1.388
15.915	1.4141
15.93	1.4409
15.945	1.4385
15.96	1.4357
15.976	1.446
15.991	1.4565
16.006	1.4504
16.022	1.4438
16.037	1.4196
16.052	1.3951
16.067	1.4054
16.083	1.4163
16.098	1.42
16.113	1.4235
16.128	1.4301
16.144	1.4367
16.159	1.4457
16.174	1.4546
16.189	1.4586
16.205	1.4625
16.22	1.4601
16.235	1.4575
16.25	1.4749
16.266	1.4925
16.281	1.4894
16.296	1.4858
16.311	1.4551
16.327	1.424
16.342	1.4611
16.357	1.4999
16.372	1.4698
16.388	1.4392
16.403	1.4645
16.418	1.4912
16.434	1.4786
16.449	1.4655
16.464	1.4781
16.479	1.4911
16.495	1.4826
16.51	1.4739
16.525	1.476
16.54	1.4782
16.556	1.5118
16.571	1.5457
16.586	1.507
16.601	1.468
16.617	1.4832
16.632	1.4997
16.647	1.5084
16.662	1.5171
16.678	1.5163
16.693	1.5153
16.708	1.5111
16.723	1.5069
16.739	1.5229
16.754	1.5393
16.769	1.5335
16.784	1.5274
16.8	1.5256
16.815	1.524
16.83	1.5291
16.846	1.5344
16.861	1.5497
16.876	1.5648
16.891	1.5414
16.907	1.5177
16.922	1.5342
16.937	1.5515
16.952	1.5411
16.968	1.5303
16.983	1.5492
16.998	1.5683
17.013	1.547
17.029	1.5254
17.044	1.5243
17.059	1.5236
17.074	1.5105
17.09	1.4971
17.105	1.5173
17.12	1.5381
17.135	1.5133
17.151	1.4882
17.166	1.4867
17.181	1.4857
17.196	1.4859
17.212	1.4861
17.227	1.4903
17.242	1.4944
17.258	1.4972
17.273	1.4999
17.288	1.5003
17.303	1.5003
17.319	1.473
17.334	1.4457
17.349	1.4475
17.364	1.4499
17.38	1.4412
17.395	1.4323
17.41	1.4335
17.425	1.4348
17.441	1.4342
17.456	1.4334
17.471	1.413
17.486	1.3924
17.502	1.3829
17.517	1.3735
17.532	1.3812
17.547	1.3892
17.563	1.3685
17.578	1.3475
17.593	1.3477
17.608	1.3482
17.624	1.3423
17.639	1.3363
17.654	1.3246
17.67	1.3129
17.685	1.3085
17.7	1.3042
17.715	1.3117
17.731	1.3193
17.746	1.3045
17.761	1.2895
17.776	1.2818
17.792	1.2742
17.807	1.2613
17.822	1.2483
17.837	1.2569
17.853	1.266
17.868	1.2523
17.883	1.2383
17.898	1.2334
17.914	1.2285
17.929	1.2231
17.944	1.2177
17.959	1.2186
17.975	1.2195
17.99	1.2115
18.005	1.2033
18.02	1.2023
18.036	1.2014
18.051	1.1947
18.066	1.188
18.081	1.1778
18.097	1.1676
18.112	1.1665
18.127	1.1655
18.143	1.1662
18.158	1.1669
18.173	1.1631
18.188	1.1591
18.204	1.1511
18.219	1.1429
18.234	1.1345
18.249	1.1261
18.265	1.1201
18.28	1.114
18.295	1.1184
18.31	1.123
18.326	1.1177
18.341	1.1122
18.356	1.112
18.371	1.1118
18.387	1.0987
18.402	1.0854
18.417	1.0794
18.432	1.0735
18.448	1.0846
18.463	1.0961
18.478	1.088
18.493	1.0796
18.509	1.0789
18.524	1.0782
18.539	1.0613
18.555	1.044
18.57	1.0513
18.585	1.0592
18.6	1.0536
18.616	1.0478
18.631	1.0443
18.646	1.0408
18.661	1.0432
18.677	1.0457
18.692	1.0442
18.707	1.0426
18.722	1.0312
18.738	1.0195
18.753	1.0235
18.768	1.0278
18.783	1.0189
18.799	1.0096
18.814	1.0166
18.829	1.024
18.844	1.0256
18.86	1.027
18.875	1.025
18.89	1.0228
18.905	1.0086
18.921	.99417
18.936	.99558
18.951	.99732
18.967	.99196
18.982	.98639
18.997	.9932
19.012	1.0002
19.028	.99509
19.043	.98969
19.058	.9887
19.073	.9877
19.089	.97505
19.104	.96206
19.119	.96901
19.134	.97644
19.15	.97632
19.165	.97602
19.18	.97279
19.195	.96943
19.211	.96249
19.226	.95533
19.241	.96627
19.256	.97751
19.272	.96036
19.287	.94276
19.302	.95312
19.317	.96421
19.333	.95727
19.348	.95005
19.363	.94595
19.379	.94188
19.394	.94438
19.409	.947
19.424	.93914
19.44	.93105
19.455	.9355
19.47	.94021
19.485	.93498
19.501	.92953
19.516	.92502
19.531	.92043
19.546	.92707
19.562	.93395
19.577	.93266
19.592	.93116
19.607	.92189
19.623	.91239
19.638	.9168
19.653	.92151
19.668	.92465
19.684	.9277
19.699	.92798
19.714	.92809
19.729	.91228
19.745	.89608
19.76	.90562
19.775	.9159
19.791	.91683
19.806	.91758
19.821	.91546
19.836	.91327
19.852	.91067
19.867	.908
19.882	.91624
19.897	.92467
19.913	.91863
19.928	.91232
19.943	.91927
19.958	.92644
19.974	.91914
19.989	.9116
20.004	.91192
20.019	.91237
20.035	.90733
20.05	.90214
20.065	.89902
20.08	.89588
20.096	.89794
20.111	.90006
20.126	.90417
20.141	.90824
20.157	.90634
20.172	.90426
20.187	.89422
20.203	.884
20.218	.88423
20.233	.88466
20.248	.88603
20.264	.88738
20.279	.88504
20.294	.88258
20.309	.88031
20.325	.87796
20.34	.88433
20.355	.89084
20.37	.89346
20.386	.89592
20.401	.89383
20.416	.89159
20.431	.88985
20.447	.88804
20.462	.87919
20.477	.87013
20.492	.87254
20.508	.87516
20.523	.87808
20.538	.88092
20.553	.8733
20.569	.86538
20.584	.87682
20.599	.88868
20.615	.88305
20.63	.8771
20.645	.8822
20.66	.88746
20.676	.87987
20.691	.87204
20.706	.86936
20.721	.86675
20.737	.86853
20.752	.87033
20.767	.86645
20.782	.86237
20.798	.8554
20.813	.84823
20.828	.85993
20.843	.87208
20.859	.86825
20.874	.86412
20.889	.8633
20.904	.86251
20.92	.86011
20.935	.85761
20.95	.8517
20.965	.84567
20.981	.84536
20.996	.8451
21.011	.84592
21.026	.84666
21.042	.83981
21.057	.83267
21.072	.84424
21.088	.85622
21.103	.85044
21.118	.84432
21.133	.84795
21.149	.8517
21.164	.84853
21.179	.84514
21.194	.83344
21.21	.82155
21.225	.82148
21.24	.82163
21.255	.82656
21.271	.83155
21.286	.83476
21.301	.83783
21.316	.8397
21.332	.84134
21.347	.82506
21.362	.80848
21.377	.81529
21.393	.82274
21.408	.82182
21.423	.82068
21.438	.81199
21.454	.8031
21.469	.81057
21.484	.81841
21.5	.81141
21.515	.80414
21.53	.80342
21.545	.80284
21.561	.802
21.576	.80112
21.591	.8039
21.606	.80666
21.622	.80048
21.637	.79408
21.652	.7842
21.667	.77415
21.683	.77939
21.698	.78502
21.713	.78529
21.728	.78539
21.744	.77885
21.759	.77214
21.774	.77376
21.789	.77555
21.805	.77188
21.82	.76803
21.835	.77214
21.85	.77638
21.866	.77157
21.881	.76651
21.896	.77089
21.912	.77542
21.927	.78051
21.942	.78543
21.957	.77901
21.973	.77234
21.988	.7609
22.003	.74929
22.018	.75552
22.034	.7622
22.049	.755
22.064	.7475
22.079	.75322
22.095	.75924
22.11	.75629
22.125	.75312
22.14	.75289
22.156	.75265
22.171	.74438
22.186	.7359
22.201	.73938
22.217	.74311
22.232	.73823
22.247	.7331
22.262	.7419
22.278	.7509
22.293	.74144
22.308	.73171
22.324	.72542
22.339	.7192
22.354	.71739
22.369	.71566
22.385	.71554
22.4	.71543
22.415	.71246
22.43	.70939
22.446	.71287
22.461	.71644
22.476	.71061
22.491	.70457
22.507	.70183
22.522	.6991
22.537	.70344
22.552	.70788
22.568	.70403
22.583	.69997
22.598	.6926
22.613	.68512
22.629	.68349
22.644	.68195
22.659	.68508
22.674	.68826
22.69	.68351
22.705	.67856
22.72	.67498
22.736	.67137
22.751	.66814
22.766	.66484
22.781	.66095
22.797	.65694
22.812	.66155
22.827	.66635
22.842	.66173
22.858	.65687
22.873	.65721
22.888	.65761
22.903	.65397
22.919	.65013
22.934	.65691
22.949	.66388
22.964	.65632
22.98	.64846
22.995	.64915
23.01	.65001
23.025	.64587
23.041	.64156
23.056	.64445
23.071	.64746
23.086	.64458
23.102	.64151
23.117	.63765
23.132	.63371
23.148	.63193
23.163	.63013
23.178	.63195
23.193	.63378
23.209	.63818
23.224	.6425
23.239	.63685
23.254	.63095
23.27	.62576
23.285	.62052
23.3	.61822
23.315	.61589
23.331	.61203
23.346	.60795
23.361	.611
23.376	.61413
23.392	.6251
23.407	.6361
23.422	.63702
23.437	.63746
23.453	.62034
23.468	.60301
23.483	.6055
23.498	.60863
23.514	.60084
23.529	.59276
23.544	.59576
23.559	.59913
23.575	.59875
23.59	.59828
23.605	.60267
23.621	.60715
23.636	.60119
23.651	.59503
23.666	.59215
23.682	.58934
23.697	.58887
23.712	.58843
23.727	.59112
23.743	.59387
23.758	.59088
23.773	.58774
23.788	.58762
23.804	.58754
23.819	.58428
23.834	.5809
23.849	.58263
23.865	.58446
23.88	.58507
23.895	.58559
23.91	.58145
23.926	.57717
23.941	.5742
23.956	.5712
23.971	.57381
23.987	.57653
24.002	.57323
24.017	.56975
24.033	.56971
24.048	.5697
24.063	.5672
24.078	.56458
24.094	.56205
24.109	.55946
24.124	.55544
24.139	.55126
24.155	.55642
24.17	.5618
24.185	.56349
24.2	.56498
24.216	.55523
24.231	.54519
24.246	.54454
24.261	.54409
24.277	.5478
24.292	.5516
24.307	.55865
24.322	.56561
24.338	.55584
24.353	.54581
24.368	.54201
24.383	.53836
24.399	.53949
24.414	.54075
24.429	.54491
24.445	.54912
24.46	.54533
24.475	.54136
24.49	.53814
24.506	.53492
24.521	.53631
24.536	.53781
24.551	.53528
24.567	.53261
24.582	.53447
24.597	.53642
24.612	.53413
24.628	.5317
24.643	.53056
24.658	.52942
24.673	.52949
24.689	.52955
24.704	.52763
24.719	.52562
24.734	.52514
24.75	.52465
24.765	.52516
24.78	.52564
24.795	.52512
24.811	.52451
24.826	.52024
24.841	.51581
24.857	.51969
24.872	.52372
24.887	.52039
24.902	.51683
24.918	.51389
24.933	.5109
24.948	.50527
24.963	.49942
24.979	.50658
24.994	.51412
25.009	.51151
25.024	.50865
25.04	.50795
25.055	.50726
25.07	.5039
25.085	.50043
25.101	.4969
25.116	.49332
25.131	.49236
25.146	.49142
25.162	.48947
25.177	.48743
25.192	.48615
25.207	.48481
25.223	.48875
25.238	.4928
25.253	.49199
25.269	.49098
25.284	.49469
25.299	.49836
25.314	.48716
25.33	.47558
25.345	.47923
25.36	.48338
25.375	.48147
25.391	.47941
25.406	.4775
25.421	.47556
25.436	.474
25.452	.4724
25.467	.4719
25.482	.47138
25.497	.47126
25.513	.47109
25.528	.47654
25.543	.48206
25.558	.477
25.574	.4717
25.589	.46903
25.604	.4664
25.619	.4672
25.635	.46807
25.65	.46463
25.665	.46102
25.681	.46347
25.696	.46606
25.711	.46764
25.726	.46914
25.742	.46598
25.757	.46267
25.772	.46163
25.787	.46059
25.803	.46301
25.818	.46545
25.833	.46082
25.848	.456
25.864	.4524
25.879	.44878
25.894	.44632
25.909	.44384
25.925	.4449
25.94	.44602
25.955	.44781
25.97	.44956
25.986	.44501
26.001	.44025
26.016	.44119
26.031	.44224
26.047	.44
26.062	.43762
26.077	.43772
26.092	.43783
26.108	.43414
26.123	.43027
26.138	.43338
26.154	.43665
26.169	.43139
26.184	.42583
26.199	.42838
26.215	.43116
26.23	.43343
26.245	.43564
26.26	.43346
26.276	.43114
26.291	.42961
26.306	.42804
26.321	.43
26.337	.43202
26.352	.43232
26.367	.43252
26.382	.4283
26.398	.42393
26.413	.4236
26.428	.42334
26.443	.42158
26.459	.41972
26.474	.4199
26.489	.42008
26.504	.41832
26.52	.41642
26.535	.41409
26.55	.41165
26.566	.41542
26.581	.41933
26.596	.41855
26.611	.41759
26.627	.41473
26.642	.41173
26.657	.4161
26.672	.4206
26.688	.41749
26.703	.41415
26.718	.41184
26.733	.40948
26.749	.41134
26.764	.41324
26.779	.41272
26.794	.41201
26.81	.40336
26.825	.39437
26.84	.39839
26.855	.40282
26.871	.3985
26.886	.3939
26.901	.39152
26.916	.38911
26.932	.39182
26.947	.39466
26.962	.39429
26.978	.39378
26.993	.39345
27.008	.39307
27.023	.39114
27.039	.38907
27.054	.39223
27.069	.39548
27.084	.39265
27.1	.38955
27.115	.39663
27.13	.4039
27.145	.39989
27.161	.39559
27.176	.39012
27.191	.38451
27.206	.38871
27.222	.3932
27.237	.39456
27.252	.39578
27.267	.3947
27.283	.39349
27.298	.38848
27.313	.38332
27.328	.3809
27.344	.37849
27.359	.37618
27.374	.37377
27.39	.37168
27.405	.36948
27.42	.37337
27.435	.3774
27.451	.37807
27.466	.37855
27.481	.3736
27.496	.36837
27.512	.37194
27.527	.37571
27.542	.37794
27.557	.37998
27.573	.37528
27.588	.37028
27.603	.36275
27.618	.35485
27.634	.36319
27.649	.37211
27.664	.37761
27.679	.38277
27.695	.37058
27.71	.35806
27.725	.35387
27.74	.34987
27.756	.35323
27.771	.35691
27.786	.36054
27.802	.3642
27.817	.36407
27.832	.36383
27.847	.36848
27.863	.37318
27.878	.36733
27.893	.36125
27.908	.35861
27.924	.35606
27.939	.35373
27.954	.35134
27.969	.35655
27.985	.36201
28	.36212
28.015	.36207
28.03	.36124
28.046	.36034
28.061	.3571
28.076	.35376
28.091	.35274
28.107	.35174
28.122	.35051
28.137	.3492
28.152	.3479
28.168	.34652
28.183	.34432
28.198	.34194
28.214	.35009
28.229	.35846
28.244	.35423
28.259	.34967
28.275	.34114
28.29	.33234
28.305	.3354
28.32	.33892
28.336	.34324
28.351	.34759
28.366	.34827
28.381	.34883
28.397	.34915
28.412	.34943
28.427	.34509
28.442	.34061
28.458	.33891
28.473	.33726
28.488	.33578
28.503	.33424
28.519	.33775
28.534	.34138
28.549	.34166
28.564	.34178
28.58	.33904
28.595	.33615
28.61	.33224
28.626	.32818
28.641	.3291
28.656	.33008
28.671	.33804
28.687	.346
28.702	.33863
28.717	.33096
28.732	.32398
28.748	.31696
28.763	.31453
28.778	.31221
28.793	.31276
28.809	.31341
28.824	.31509
28.839	.3168
28.854	.32058
28.87	.32442
28.885	.32793
28.9	.33138
28.915	.3284
28.931	.32524
28.946	.32307
28.961	.3209
28.976	.32177
28.992	.32272
29.007	.32531
29.022	.32792
29.037	.32794
29.053	.32783
29.068	.32659
29.083	.32526
29.099	.32184
29.114	.3183
29.129	.31448
29.144	.31056
29.16	.31257
29.175	.31476
29.19	.31856
29.205	.32236
29.221	.32002
29.236	.31748
29.251	.31562
29.266	.31372
29.282	.3137
29.297	.31367
29.312	.31562
29.327	.31756
29.343	.31474
29.358	.31171
29.373	.31383
29.388	.31603
29.404	.31087
29.419	.30541
29.434	.30463
29.449	.30391
29.465	.30693
29.48	.30999
29.495	.30766
29.511	.30506
29.526	.30879
29.541	.31258
29.556	.31242
29.572	.31195
29.587	.30179
29.602	.29117
29.617	.28645
29.633	.28167
29.648	.28257
29.663	.28351
29.678	.29398
29.694	.30482
29.709	.31415
29.724	.32315
29.739	.31406
29.755	.30476
29.77	.3033
29.785	.30216
29.8	.30027
29.816	.29835
29.831	.2928
29.846	.28699
29.861	.29097
29.877	.29537
29.892	.30094
29.907	.30656
29.923	.31221
29.938	.31777
29.953	.3149
29.968	.31185
29.984	.30655
29.999	.30119
30.014	.30396
30.029	.30702
30.045	.30676
30.06	.30639
30.075	.30157
30.09	.29658
30.106	.29544
30.121	.29439
30.136	.29861
30.151	.303
30.167	.30236
30.182	.30155
30.197	.30694
30.212	.31244
30.228	.31075
30.243	.30885
30.258	.30648
30.273	.30406
30.289	.29725
30.304	.29026
30.319	.28747
30.335	.28475
30.35	.28581
30.365	.28697
30.38	.29221
30.396	.29753
30.411	.29086
30.426	.28381
30.441	.28509
30.457	.28666
30.472	.2897
30.487	.29277
30.502	.29552
30.518	.29814
30.533	.29062
30.548	.28275
30.563	.28289
30.579	.28326
30.594	.29265
30.609	.30223
30.624	.298
30.64	.29348
30.655	.28804
30.67	.28257
30.685	.27858
30.701	.27453
30.716	.28041
30.731	.28673
30.747	.29017
30.762	.29351
30.777	.28893
30.792	.28416
30.808	.28537
30.823	.28682
30.838	.28674
30.853	.28661
30.869	.2844
30.884	.28211
30.899	.28319
30.914	.28438
30.93	.28568
30.945	.28697
30.96	.28709
30.975	.28715
30.991	.28933
31.006	.29152
31.021	.2896
31.036	.28753
31.052	.28426
31.067	.28092
31.082	.27782
31.097	.27467
31.113	.27179
31.128	.2688
31.143	.27404
31.159	.27957
31.174	.28108
31.189	.28241
31.204	.27893
31.22	.27529
31.235	.26956
31.25	.26366
31.265	.26399
31.281	.26452
31.296	.26581
31.311	.26711
31.326	.26738
31.342	.26758
31.357	.26954
31.372	.27152
31.387	.27296
31.403	.27433
31.418	.27394
31.433	.27342
31.448	.27247
31.464	.2714
31.479	.26936
31.494	.26712
31.509	.26174
31.525	.25584
31.54	.2687
31.555	.28231
31.57	.28791
31.586	.29317
31.601	.28693
31.616	.28057
31.632	.28061
31.647	.28093
31.662	.2806
31.677	.28025
31.693	.27463
31.708	.26886
31.723	.26587
31.738	.26295
31.754	.26365
31.769	.26447
31.784	.26176
31.799	.25887
31.815	.25921
31.83	.25957
31.845	.26898
31.86	.27861
31.876	.28066
31.891	.28242
31.906	.27625
31.921	.26997
31.937	.26693
31.952	.26404
31.967	.26089
31.982	.25773
31.998	.25297
32.013	.24809
32.028	.24602
32.044	.24399
32.059	.24538
32.074	.2469
32.089	.2518
32.105	.25682
32.12	.25886
32.135	.26076
32.15	.25643
32.166	.25185
32.181	.25185
32.196	.25194
32.211	.25984
32.227	.26788
32.242	.26964
32.257	.27102
32.272	.25961
32.288	.24788
32.303	.24349
32.318	.2393
32.333	.24669
32.349	.25471
32.364	.25379
32.379	.25273
32.395	.25071
32.41	.24874
32.425	.24886
32.44	.2491
32.456	.2493
32.471	.24953
32.486	.25245
32.501	.25548
32.517	.25544
32.532	.25533
32.547	.25103
32.562	.24661
32.578	.2468
32.593	.24718
32.608	.2498
32.623	.25252
32.639	.25127
32.654	.24991
32.669	.24886
32.684	.24784
32.7	.24648
32.715	.24512
32.73	.24306
32.745	.24096
32.761	.24262
32.776	.24442
32.791	.24517
32.807	.24589
32.822	.24457
32.837	.24318
32.852	.24236
32.868	.24154
32.883	.23941
32.898	.23721
32.913	.23573
32.929	.23425
32.944	.23476
32.959	.23532
32.974	.2371
32.99	.23891
33.005	.24198
33.02	.24505
33.035	.24412
33.051	.24303
33.066	.23945
33.081	.23577
33.096	.23468
33.112	.23365
33.127	.23227
33.142	.23082
33.157	.23367
33.173	.23666
33.188	.24166
33.203	.24662
33.219	.24409
33.234	.24134
33.249	.23824
33.264	.23512
33.28	.23291
33.295	.23072
33.31	.23035
33.325	.23001
33.341	.23177
33.356	.23356
33.371	.23155
33.386	.22938
33.402	.22385
33.417	.21814
33.432	.21778
33.447	.21761
33.463	.21957
33.478	.22159
33.493	.22258
33.508	.22348
33.524	.21934
33.539	.21498
33.554	.21426
33.569	.21362
33.585	.21532
33.6	.21709
33.615	.21745
33.631	.21771
33.646	.21915
33.661	.22056
33.676	.2258
33.692	.23105
33.707	.23183
33.722	.23235
33.737	.22718
33.753	.2218
33.768	.21708
33.783	.21227
33.798	.21398
33.814	.2159
33.829	.22159
33.844	.22725
33.859	.2243
33.875	.221
33.89	.20996
33.905	.19852
33.92	.19699
33.936	.19585
33.951	.20187
33.966	.20834
33.981	.20985
33.997	.21127
34.012	.21017
34.027	.20902
34.042	.2097
34.058	.21047
34.073	.21225
34.088	.21405
34.104	.21478
34.119	.21543
34.134	.21424
34.149	.21295
34.165	.20822
34.18	.20333
34.195	.1979
34.21	.19231
34.226	.19457
34.241	.1972
34.256	.20169
34.271	.20628
34.287	.20499
34.302	.20351
34.317	.20441
34.332	.20538
34.348	.20954
34.363	.21378
34.378	.21657
34.393	.21923
34.409	.21818
34.424	.21699
34.439	.21504
34.454	.21302
34.47	.2068
34.485	.20037
34.5	.2043
34.516	.20864
34.531	.20344
34.546	.19795
34.561	.19728
34.577	.1968
34.592	.1994
34.607	.20212
34.622	.20171
34.638	.20118
34.653	.19749
34.668	.19367
34.683	.19282
34.699	.19207
34.714	.19352
34.729	.19503
34.744	.19456
34.76	.19396
34.775	.18896
34.79	.18373
34.805	.18149
34.821	.17928
34.836	.18227
34.851	.18547
34.866	.18938
34.882	.19324
34.897	.19133
34.912	.1892
34.928	.1841
34.943	.17881
34.958	.17665
34.973	.17446
34.989	.18026
35.004	.18641
35.019	.19187
35.034	.1972
35.05	.19591
35.065	.1944
35.08	.18813
35.095	.18174
35.111	.18123
35.126	.18093
35.141	.17491
35.156	.16864
35.172	.16631
35.187	.1641
35.202	.16374
35.217	.16345
35.233	.16159
35.248	.15959
35.263	.15676
35.278	.15367
35.294	.16028
35.309	.16743
35.324	.17234
35.34	.1772
35.355	.17794
35.37	.17858
35.385	.17717
35.401	.17573
35.416	.17428
35.431	.17284
35.446	.17168
35.462	.17051
35.477	.16606
35.492	.16138
35.507	.16321
35.523	.16532
35.538	.16981
35.553	.1744
35.568	.17541
35.584	.17629
35.599	.17351
35.614	.1706
35.629	.16716
35.645	.16363
35.66	.16544
35.675	.16745
35.69	.17163
35.706	.17584
35.721	.17715
35.736	.17829
35.752	.17512
35.767	.17178
35.782	.16559
35.797	.15923
35.813	.15485
35.828	.15042
35.843	.14894
35.858	.14744
35.874	.15358
35.889	.16019
35.904	.16419
35.919	.16814
35.935	.16762
35.95	.16698
35.965	.16624
35.98	.16548
35.996	.17173
36.011	.17817
36.026	.17495
36.041	.17149
36.057	.167
36.072	.16248
36.087	.15995
36.102	.15746
36.118	.15807
36.133	.1588
36.148	.16239
36.164	.16612
36.179	.17201
36.194	.17796
36.209	.18141
36.225	.18472
36.24	.18381
36.255	.18277
36.27	.17715
36.286	.17143
36.301	.16847
36.316	.16561
36.331	.16708
36.347	.16876
36.362	.173
36.377	.17738
36.392	.18173
36.408	.18604
36.423	.18455
36.438	.18291
36.453	.17807
36.469	.17316
36.484	.17335
36.499	.1738
36.514	.17624
36.53	.17879
36.545	.17962
36.56	.18041
36.575	.18058
36.591	.18073
36.606	.17853
36.621	.17627
36.637	.17554
36.652	.17489
36.667	.17582
36.682	.1768
36.698	.17604
36.713	.17519
36.728	.17176
36.743	.16824
36.759	.16491
36.774	.16158
36.789	.15877
36.804	.15596
36.82	.15392
36.835	.15188
36.85	.15251
36.865	.15326
36.881	.15477
36.896	.15632
36.911	.15695
36.926	.15752
36.942	.15619
36.957	.15476
36.972	.15189
36.987	.14891
37.003	.14767
37.018	.14642
37.033	.14424
37.049	.14189
37.064	.13955
37.079	.13691
37.094	.14698
37.11	.15773
37.125	.15991
37.14	.16189
37.155	.16207
37.171	.16224
37.186	.16143
37.201	.1606
37.216	.15609
37.232	.15148
37.247	.14758
37.262	.14369
37.277	.14363
37.293	.14376
37.308	.14707
37.323	.15058
37.338	.15059
37.354	.15048
37.369	.15398
37.384	.15763
37.399	.15948
37.415	.16125
37.43	.16043
37.445	.15953
37.461	.15735
37.476	.15514
37.491	.1539
37.506	.15268
37.522	.14982
37.537	.14688
37.552	.14185
37.567	.13669
37.583	.13306
37.598	.12944
37.613	.12778
37.628	.1262
37.644	.12599
37.659	.12584
37.674	.12691
37.689	.12805
37.705	.12695
37.72	.1257
37.735	.12767
37.75	.12979
37.766	.13356
37.781	.13742
37.796	.14111
37.811	.14478
37.827	.14362
37.842	.14232
37.857	.14086
37.873	.13937
37.888	.13867
37.903	.13795
37.918	.1406
37.934	.14335
37.949	.14936
37.964	.15541
37.979	.15847
37.995	.16129
38.01	.15727
38.025	.15306
38.04	.14526
38.056	.13731
38.071	.13599
38.086	.13502
38.101	.13815
38.117	.14157
38.132	.14362
38.147	.14568
38.162	.146
38.178	.14629
38.193	.14663
38.208	.14698
38.223	.14822
38.239	.14947
38.254	.15487
38.269	.16032
38.285	.16033
38.3	.16012
38.315	.15631
38.33	.15241
38.346	.14612
38.361	.13975
38.376	.13573
38.391	.13179
38.407	.13024
38.422	.12878
38.437	.13126
38.452	.13401
38.468	.1379
38.483	.14192
38.498	.14327
38.513	.14459
38.529	.1435
38.544	.14237
38.559	.14053
38.574	.13866
38.59	.1413
38.605	.14418
38.62	.14839
38.635	.15266
38.651	.15393
38.666	.15511
38.681	.15167
38.697	.14814
38.712	.14464
38.727	.14116
38.742	.14013
38.758	.13923
38.773	.14249
38.788	.14601
38.803	.14863
38.819	.15126
38.834	.1523
38.849	.15333
38.864	.15346
38.88	.15359
38.895	.15139
38.91	.14915
38.925	.14551
38.941	.14184
38.956	.14239
38.971	.1432
38.986	.14323
39.002	.14327
39.017	.14329
39.032	.14333
39.047	.14499
39.063	.14673
39.078	.1458
39.093	.14479
39.108	.14339
39.124	.14202
39.139	.14267
39.154	.14344
39.17	.14244
39.185	.14138
39.2	.14021
39.215	.13904
39.231	.13865
39.246	.13831
39.261	.13643
39.276	.13449
39.292	.13375
39.307	.13305
39.322	.13587
39.337	.13887
39.353	.14079
39.368	.14267
39.383	.14349
39.398	.14428
39.414	.1435
39.429	.14267
39.444	.14206
39.459	.14147
39.475	.14096
39.49	.14044
39.505	.13999
39.52	.1395
39.536	.13431
39.551	.12889
39.566	.12534
39.582	.1218
39.597	.1228
39.612	.12407
39.627	.12481
39.643	.12557
39.658	.12644
39.673	.12732
39.688	.12865
39.704	.13001
39.719	.13401
39.734	.13813
39.749	.1409
39.765	.14362
39.78	.14231
39.795	.14091
39.81	.14174
39.826	.14268
39.841	.14326
39.856	.14382
39.871	.14217
39.887	.14044
39.902	.1365
39.917	.13248
39.932	.12887
39.948	.12522
39.963	.12681
39.978	.12873
39.994	.12994
40.009	.13117
40.024	.13229
40.039	.13346
40.055	.13408
40.07	.13472
40.085	.13381
40.1	.13287
40.116	.13116
40.131	.12943
40.146	.13059
40.161	.13192
40.177	.13337
40.192	.13484
40.207	.13659
40.222	.13837
40.238	.13872
40.253	.13903
40.268	.13927
40.283	.13954
40.299	.13995
40.314	.14039
40.329	.14091
40.344	.14144
40.36	.14136
40.375	.14126
40.39	.13889
40.406	.13645
40.421	.13541
40.436	.13444
40.451	.13406
40.467	.13372
40.482	.13453
40.497	.13541
40.512	.13577
40.528	.13612
40.543	.13636
40.558	.13659
40.573	.1386
40.589	.14068
40.604	.14246
40.619	.14421
40.634	.14579
40.65	.14732
40.665	.14524
40.68	.14303
40.695	.1401
40.711	.13715
40.726	.13376
40.741	.13035
40.756	.1294
40.772	.12857
40.787	.12908
40.802	.12966
40.818	.1304
40.833	.13115
40.848	.13028
40.863	.12933
40.879	.12595
40.894	.12243
40.909	.12244
40.924	.12263
40.94	.12349
40.955	.12441
40.97	.12422
40.985	.12398
41.001	.12509
41.016	.12626
41.031	.12834
41.046	.13047
41.062	.13172
41.077	.13294
41.092	.13351
41.107	.13406
41.123	.1335
41.138	.13288
41.153	.13175
41.168	.13057
41.184	.12984
41.199	.12904
41.214	.13573
41.23	.14272
41.245	.14546
41.26	.14801
41.275	.14669
41.291	.14528
41.306	.14337
41.321	.14148
41.336	.13948
41.352	.1375
41.367	.13506
41.382	.1326
41.397	.13099
41.413	.12941
41.428	.12848
41.443	.12757
41.458	.13096
41.474	.13457
41.489	.13724
41.504	.13984
41.519	.1368
41.535	.13358
41.55	.13082
41.565	.12809
41.58	.12512
41.596	.12206
41.611	.12522
41.626	.12877
41.641	.1322
41.657	.13566
41.672	.13734
41.687	.13898
41.703	.13936
41.718	.13973
41.733	.13908
41.748	.13844
41.764	.13794
41.779	.13749
41.794	.13731
41.809	.13717
41.825	.13844
41.84	.13979
41.855	.14061
41.87	.1414
41.886	.14187
41.901	.14231
41.916	.13883
41.931	.13522
41.947	.13156
41.962	.12791
41.977	.12601
41.992	.1242
42.008	.12398
42.023	.12387
42.038	.12585
42.053	.12797
42.069	.12785
42.084	.12767
42.099	.12692
42.115	.12616
42.13	.12564
42.145	.12514
42.16	.12494
42.176	.12477
42.191	.12524
42.206	.12574
42.221	.12435
42.237	.12288
42.252	.12073
42.267	.1185
42.282	.11977
42.298	.12121
42.313	.12311
42.328	.12503
42.343	.12916
42.359	.13336
42.374	.13532
42.389	.13718
42.404	.13766
42.42	.13808
42.435	.13782
42.45	.13751
42.465	.13634
42.481	.13509
42.496	.12907
42.511	.12282
42.527	.11893
42.542	.11508
42.557	.11543
42.572	.11602
42.588	.11824
42.603	.12058
42.618	.12539
42.633	.13034
42.649	.13339
42.664	.13637
42.679	.138
42.694	.13958
42.71	.13712
42.725	.13458
42.74	.13207
42.755	.12962
42.771	.12534
42.786	.12101
42.801	.11924
42.816	.11764
42.832	.11779
42.847	.11811
42.862	.11923
42.877	.12047
42.893	.12193
42.908	.12346
42.923	.12465
42.939	.12588
42.954	.12655
42.969	.12725
42.984	.12684
43	.12643
