6.493776540752025980e-08
2.754505530655006890e-02
2.678606958832661228e-02
2.672837364571856861e-02
2.672474866736752191e-02
2.667807900764056564e-02
2.657235646570800178e-02
2.640932390646154315e-02
2.619436559635872352e-02
2.593315433869895076e-02
2.563096546148328422e-02
2.529261697524493729e-02
2.492252607868108288e-02
2.452476759173423740e-02
2.410311644939399506e-02
2.366107655421576320e-02
2.320190054131318624e-02
2.272860394041407647e-02
2.224397603390024236e-02
2.175058888364574117e-02
2.125080546888368643e-02
2.074678753184507410e-02
2.024050349451296874e-02
1.973373664699195132e-02
1.922809369334102861e-02
1.872501366109695364e-02
1.822577712739987046e-02
1.773151568184514609e-02
1.724322152841325367e-02
1.676175712279549465e-02
1.628786474330665146e-02
1.582217590111284489e-02
1.536522050643036180e-02
1.491743572015122483e-02
1.447917443381360920e-02
1.405071333410791087e-02
1.363226052057120441e-02
1.322396265647031964e-02
1.282591164284479016e-02
1.243815081423948338e-02
1.206068066179941979e-02
1.169346409511321828e-02
1.133643125883073040e-02
1.098948392340375751e-02
1.065249947180533716e-02
1.032533450566263701e-02
1.000782809517048767e-02
9.699804697467237849e-03
9.401076768025876801e-03
9.111447089118049694e-03
8.830710838621771280e-03
8.558657421452649586e-03
8.295072084769383042e-03
8.039737336901747744e-03
7.792434188595326848e-03
7.552943234014138259e-03
7.321045587461383342e-03
7.096523690715604918e-03
6.879162004521276012e-03
6.668747596684184743e-03
6.465070638099572158e-03
6.267924817000485732e-03
6.077107680776280829e-03
5.892420913774805598e-03
5.713670558711279185e-03
5.540667188506674667e-03
5.373226034732022857e-03
5.211167078112612788e-03
5.054315106065190681e-03
4.902499741626590267e-03
4.755555447692965884e-03
4.613321510065825602e-03
4.475642002368803232e-03
4.342365735592796684e-03
4.213346194669061011e-03
4.088441464225905063e-03
3.967514145400172915e-03
3.850431265351326928e-03
3.737064180944559260e-03
3.627288477853757645e-03
3.520983866206730574e-03
3.418034073725500881e-03
3.318326737204019099e-03
3.221753293047734459e-03
3.128208867483492101e-03
3.037592166993321064e-03
2.949805369415264226e-03
2.864754016092853784e-03
2.782346905410976873e-03
2.702495987975342667e-03
2.625116263672139065e-03
2.550125680783416060e-03
2.477445037300534617e-03
2.406997884562108586e-03
2.338710433291803833e-03
2.272511462114883748e-03
2.208332228572808167e-03
2.146106382689226717e-03
2.085769883073664878e-03
2.027260915575397962e-03
1.970519814463623284e-03
1.915488986112504717e-03
1.862112835165182423e-03
1.810337693127477042e-03
1.760111749356173001e-03
1.711384984390704189e-03
1.664109105574870231e-03
1.618237484917265647e-03
1.573725099126743483e-03
1.530528471775907369e-03
1.488605617520329409e-03
1.447915988321856568e-03
1.408420421615442283e-03
1.370081090353027350e-03
1.332861454872609052e-03
1.296726216526857423e-03
1.261641273015914324e-03
1.227573675367688889e-03
1.194491586505349060e-03
1.162364241350862188e-03
1.131161908406572505e-03
1.100855852765053209e-03
1.071418300497264204e-03
1.042822404361837740e-03
1.015042210794184696e-03
9.880526281285937403e-04
9.618293959980865181e-04
9.363490558825703297e-04
9.115889227485239263e-04
8.875270577477112777e-04
8.641422419331617989e-04
8.414139509495469202e-04
8.193223306690125031e-04
7.978481737279246059e-04
7.769728969341115239e-04
7.566785195147043624e-04
7.369476421645818759e-04
7.177634268704327246e-04
6.991095774806124329e-04
6.809703209874252592e-04
6.633303895014078591e-04
6.461750028851499360e-04
6.294898520219165648e-04
6.132610826994404308e-04
5.974752800811425043e-04
5.821194537415079907e-04
5.671810232462995687e-04
5.526478042585181508e-04
5.385079951420914789e-04
5.247501640554890715e-04
5.113632365068501587e-04
4.983364833582180822e-04
4.856595092601218044e-04
4.733222415006621119e-04
4.613149192528963999e-04
4.496280832059613118e-04
4.382525655648318694e-04
4.271794804036247828e-04
4.164002143645290414e-04
4.059064176799251919e-04
3.956899955156169485e-04
3.857430996156447495e-04
3.760581202416815442e-04
3.666276783934811052e-04
3.574446183013313600e-04
3.485020001811496289e-04
3.397930932386778640e-04
3.313113689192925078e-04
3.230504943885755616e-04
3.150043262406991367e-04
3.071669044193642089e-04
2.995324463518838709e-04
2.920953412811267053e-04
2.848501447922506839e-04
2.777915735262826151e-04
2.709145000726322040e-04
2.642139480365612685e-04
2.576850872707897805e-04
2.513232292717819177e-04
2.451238227275185223e-04
2.390824492178947878e-04
2.331948190578775012e-04
2.274567672788285115e-04
2.218642497464527145e-04
2.164133394059798189e-04
2.111002226522918214e-04
2.059211958218584802e-04
2.008726617985472486e-04
1.959511267331771292e-04
1.911531968702448827e-04
1.864755754786842569e-04
1.819150598839588170e-04
1.774685385966277352e-04
1.731329885345145217e-04
1.689054723356623461e-04
1.647831357583036036e-04
1.607632051652849539e-04
1.568429850890971542e-04
1.530198558770304686e-04
1.492912714100164411e-04
1.456547568966445340e-04
1.421079067366826586e-04
1.386483824530518718e-04
1.352739106904379276e-04
1.319822812771919113e-04
1.287713453483903107e-04
1.256390135290207663e-04
1.225832541745771665e-04
1.196020916664187838e-04
1.166936047618854155e-04
1.138559249959396260e-04
1.110872351323691031e-04
1.083857676638537356e-04
1.057498033593920510e-04
1.031776698556736743e-04
1.006677402941235998e-04
9.821843199803627497e-05
9.582820519289008201e-05
9.349556176433391520e-05
9.121904405585092219e-05
8.899723370239141166e-05
8.682875050123668075e-05
8.471225131525767849e-05
8.264642901247369318e-05
8.063001143483782343e-05
7.866176040206092259e-05
7.674047074217196871e-05
7.486496935398292659e-05
7.303411429733334959e-05
7.124679390971549054e-05
6.950192595100534824e-05
6.779845677364636279e-05
6.613536051671155248e-05
6.451163832521079682e-05
6.292631759352996634e-05
6.137845122831422885e-05
5.986711693749027763e-05
5.839141653685764240e-05
5.695047527978156350e-05
5.554344120525613374e-05
5.416948450587453053e-05
5.282779691424284153e-05
5.151759110830589312e-05
5.023810013212236345e-05
4.898857683596871308e-05
4.776829333183297237e-05
4.657654046425944934e-05
4.541262729793936692e-05
4.427588061885538945e-05
4.316564445115371457e-05
4.208127958725248479e-05
4.102216313184327403e-05
3.998768805912465192e-05
3.897726278256673303e-05
3.799031073740416492e-05
3.702626997521316592e-05
3.608459276928878190e-05
3.516474523277568097e-05
3.426620694599727195e-05
3.338847059633428686e-05
3.253104162632262545e-05
3.169343789370847255e-05
3.087518933957662191e-05
3.007583766709675112e-05
2.929493602853919441e-05
2.853204872143031283e-05
2.778675089340550700e-05
2.705862825526320290e-05
2.634727680190384022e-05
2.565230254129082857e-05
2.497332123117579055e-05
2.430995812264769528e-05
2.366184771143299746e-05
2.302863349567187511e-05
2.240996774085733713e-05
2.180551125078431757e-05
2.121493314518218515e-05
2.063791064362391936e-05
2.007412885509750531e-05
1.952328057321422783e-05
1.898506607792073520e-05
1.845919294162636724e-05
1.794537584121261214e-05
1.744333637505763535e-05
1.695280288531099991e-05
1.647351028423091595e-05
1.600519988642008207e-05
1.554761924477749741e-05
1.510052199095002117e-05
1.466366768052011504e-05
1.423682164218674636e-05
1.381975483081294586e-05
1.341224368472731729e-05
1.301406998692563571e-05
1.262502072933550843e-05
1.224488798183321423e-05
1.187346876385962260e-05
1.151056491958309734e-05
1.115598299709872216e-05
1.080953412980489056e-05
1.047103392181458302e-05
1.014030233604696812e-05
9.817163585025050302e-06
9.501446025169010790e-06
9.192982053468249048e-06
8.891608006900314869e-06
8.597164064591213448e-06
8.309494152650459241e-06
8.028445851424966236e-06
7.753870304841397907e-06
7.485622132838246022e-06
7.223559345385931059e-06
6.967543259382255914e-06
6.717438416892088180e-06
6.473112506686063822e-06
6.234436286368103255e-06
6.001283507993497681e-06
5.773530844426292566e-06
5.551057818417576414e-06
5.333746733071926941e-06
5.121482604097786574e-06
4.914153094144506145e-06
4.711648448498702833e-06
4.513861432640898964e-06
4.320687271102491066e-06
4.132023588285921064e-06
3.947770350677605121e-06
3.767829810120965288e-06
3.592106449289744010e-06
3.420506927822662477e-06
3.252940030152716189e-06
3.089316614951429895e-06
2.929549565145876631e-06
2.773553739914225968e-06
2.621245927348456482e-06
2.472544798666732797e-06
2.327370863372046327e-06
2.185646425761089638e-06
2.047295542253034573e-06
1.912243979837522948e-06
1.780419175847607582e-06
1.651750198337738275e-06
1.526167707778497772e-06
1.403603919517475215e-06
1.283992567136025384e-06
1.167268866969125294e-06
1.053369483207649802e-06
9.422324940175717860e-07
8.337973585246029870e-07
7.280048845975854393e-07
6.247971971571389380e-07
5.241177078725288022e-07
4.259110849040905639e-07
3.301232239036683088e-07
2.367012194722112034e-07
1.455933372822593867e-07
5.674898735657023860e-08
-2.988130297081384066e-08
-1.143459142917517928e-07
-1.966921605374894385e-07
-2.769663136808755138e-07
-3.552136273244076801e-07
-4.314783603813717436e-07
-5.058037997786238197e-07
-5.782322826908672064e-07
-6.488052182865601551e-07
-7.175631090593707921e-07
-7.845455712151792922e-07
-8.497913551875248159e-07
-9.133383651348514002e-07
-9.752236782575688703e-07
-1.035483563562285523e-06
-1.094153500238766654e-06
-1.151268195340246387e-06
-1.206861601538239866e-06
-1.260966934041083629e-06
-1.313616687159766381e-06
-1.364842650607248047e-06
-1.414675925490909168e-06
-1.463146939509461872e-06
-1.510285462312696992e-06
-1.556120620255294102e-06
-1.600680910758811477e-06
-1.643994216185361130e-06
-1.686087818045822052e-06
-1.726988409903751260e-06
-1.766722110868272627e-06
-1.805314478282362141e-06
-1.842790519983157683e-06
-1.879174706947961670e-06
-1.914490984887309320e-06
-1.948762786004312439e-06
-1.982013040294360586e-06
-2.014264186786913755e-06
-2.045538184297032606e-06
-2.075856522069933943e-06
-2.105240230063956292e-06
-2.133709889142173826e-06
-2.161285640977050346e-06
-2.187987197592373858e-06
-2.213833850907206652e-06
-2.238844481843796386e-06
-2.263037569419567172e-06
-2.286431199541499721e-06
-2.309043073548907961e-06
-2.330890516597324142e-06
-2.351990485917664264e-06
-2.372359578834104313e-06
-2.392014040561328556e-06
-2.410969771894995353e-06
-2.429242336641030528e-06
-2.446846969037637949e-06
-2.463798580727853675e-06
-2.480111767948446715e-06
-2.495800818175514647e-06
-2.510879716928377833e-06
-2.525362154230956802e-06
-2.539261530920653643e-06
-2.552590965049683216e-06
-2.565363297817552163e-06
-2.577591099608906685e-06
-2.589286675751577816e-06
-2.600462072291573707e-06
-2.611129081442004037e-06
-2.621299247142608289e-06
-2.630983870305769604e-06
-2.640194013998669134e-06
-2.648940508547562058e-06
-2.657233956514332893e-06
-2.665084737591199474e-06
-2.672503013248781259e-06
-2.679498731452462641e-06
-2.686081631222254208e-06
-2.692261247010738861e-06
-2.698046913045364618e-06
-2.703447767706277649e-06
-2.708472757485654971e-06
-2.713130641172285646e-06
-2.717429993834024932e-06
-2.721379210588592687e-06
-2.724986510515668725e-06
-2.728259940373048286e-06
-2.731207378107228522e-06
-2.733836536555843304e-06
-2.736154966842177398e-06
-2.738170061817837439e-06
-2.739889059326930187e-06
-2.741319045546742683e-06
-2.742466958098320827e-06
-2.743339589215073515e-06
-2.743943588719088870e-06
-2.744285467090356008e-06
-2.744371598312979127e-06
-2.744208222788832350e-06
-2.743801450045482557e-06
-2.743157261552636612e-06
-2.742281513335490002e-06
-2.741179938618486067e-06
-2.739858150400605751e-06
-2.738321643853007444e-06
-2.736575798931396014e-06
-2.734625882662148221e-06
-2.732477051495269869e-06
-2.730134353626510795e-06
-2.727602731243929183e-06
-2.724887022688007687e-06
-2.721991964685383924e-06
-2.718922194306766708e-06
-2.715682251209209715e-06
-2.712276579497196604e-06
-2.708709529811136272e-06
-2.704985361139542839e-06
-2.701108242838992381e-06
-2.697082256349507379e-06
-2.692911397160878903e-06
-2.688599576440217976e-06
-2.684150622824458980e-06
-2.679568284147660158e-06
-2.674856229080376164e-06
-2.670018048701126958e-06
-2.665057258182202156e-06
-2.659977298316340090e-06
-2.654781537001841684e-06
-2.649473270776216358e-06
-2.644055726301904917e-06
-2.638532061716231117e-06
-2.632905368119989644e-06
-2.627178670877850061e-06
-2.621354931086449133e-06
-2.615437046715108311e-06
-2.609427854015242766e-06
-2.603330128762064683e-06
-2.597146587454095838e-06
-2.590879888580654149e-06
-2.584532633725993307e-06
-2.578107368805394055e-06
-2.571606585196458423e-06
-2.565032720761760136e-06
-2.558388161049036935e-06
-2.551675240297111240e-06
