-3.076529700896265074e-08
6.735000674451595282e-02
6.634542304804996737e-02
6.575534506056653072e-02
6.496784431062355147e-02
6.397324301631737709e-02
6.280175241741131620e-02
6.148335960918823589e-02
6.004424947661020362e-02
5.850745826555925344e-02
5.689369146214959261e-02
5.522178622217970012e-02
5.350890058425000761e-02
5.177056396904587687e-02
5.002068046894397879e-02
4.827153392291713696e-02
4.653381598751071824e-02
4.481668272849789053e-02
4.312783731937549353e-02
4.147363301697985782e-02
3.985918966126306140e-02
3.828851730920670299e-02
3.676464156521068449e-02
3.528972631934067239e-02
3.386519073803158364e-02
3.249181836328015466e-02
3.116985702256886565e-02
2.989910892465346207e-02
2.867901082756969464e-02
2.750870453518966183e-02
2.638709823147721359e-02
2.531291932059034910e-02
2.428475952794939205e-02
2.330111305045394141e-02
2.236040853873935003e-02
2.146103566279988772e-02
2.060136696404403153e-02
1.977977563889379495e-02
1.899464983686501712e-02
1.824440399322017556e-02
1.752748765532211039e-02
1.684239220436426626e-02
1.618765582128106617e-02
1.556186699745519889e-02
1.496366684796863328e-02
1.439175044695982508e-02
1.384486737125302513e-02
1.332182160935396764e-02
1.282147096763917860e-02
1.234272608397556960e-02
1.188454914039674751e-02
1.144595235070809160e-02
1.102599628544125195e-02
1.062378808526903001e-02
1.023847960443407396e-02
9.869265517751144370e-03
9.515381417996892147e-03
9.176101924991797443e-03
8.850738822972702494e-03
8.538639239063098088e-03
8.239183872476315770e-03
7.951785281490347801e-03
7.675886233134777796e-03
7.410958118801081428e-03
7.156499437610040412e-03
6.912034348266957867e-03
6.677111289261815352e-03
6.451301666567637455e-03
6.234198607499334514e-03
6.025415778947337299e-03
5.824586267945430253e-03
5.631361522307174600e-03
5.445410348915762956e-03
5.266417967204224497e-03
5.094085115270844885e-03
4.928127206125323435e-03
4.768273531568830575e-03
4.614266511213379468e-03
4.465860984307805717e-03
4.322823541998421781e-03
4.184931897824814735e-03
4.051974294291903200e-03
3.923748943477588062e-03
3.800063499712860293e-03
3.680734562467755707e-03
3.565587207703334403e-03
3.454454545979079253e-03
3.347177305768153643e-03
3.243603440458722731e-03
3.143587757645641741e-03
3.046991569378290372e-03
2.953682362109283973e-03
2.863533485174744701e-03
2.776423856688965078e-03
2.692237685807527189e-03
2.610864210407461920e-03
2.532197449225436717e-03
2.456135967624613597e-03
2.382582656168251520e-03
2.311444521236371945e-03
2.242632486980547513e-03
2.176061207944556507e-03
2.111648891725874822e-03
2.049317131083035204e-03
1.988990744952756542e-03
1.930597627836673101e-03
1.874068607093140083e-03
1.819337307669310899e-03
1.766340023838167041e-03
1.715015597563208406e-03
1.665305303080149039e-03
1.617152737377812411e-03
1.570503716217677183e-03
1.525306175400899461e-03
1.481510076974375343e-03
1.439067320114613456e-03
1.397931656420294683e-03
1.358058609376490335e-03
1.319405397762623893e-03
1.281930862784960365e-03
1.245595398737235019e-03
1.210360886992447324e-03
1.176190633158904347e-03
1.143049307217356304e-03
1.110902886491828712e-03
1.079718601301685220e-03
1.049464883152533478e-03
1.020111315336229545e-03
9.916285858105325021e-04
9.639884422506787192e-04
9.371636491464746099e-04
9.111279468567853260e-04
8.858560125078638551e-04
8.613234226523665488e-04
8.375066175970847073e-04
8.143828673146439288e-04
7.919302388616648652e-04
7.701275652329170112e-04
7.489544155739858398e-04
7.283910666898633750e-04
7.084184757897136640e-04
6.890182544003886763e-04
6.701726433984106328e-04
6.518644891074008938e-04
6.340772204064706700e-04
6.167948268025507308e-04
6.000018374265647962e-04
5.836833009008277886e-04
5.678247660476758987e-04
5.524122633912936483e-04
5.374322874221528238e-04
5.228717795880238580e-04
5.087181119737232797e-04
4.949590716482093946e-04
4.815828456365656932e-04
4.685780065007563527e-04
4.559334984931261723e-04
4.436386242619462235e-04
4.316830320833800949e-04
4.200567035958084378e-04
4.087499420166755743e-04
3.977533608180667613e-04
3.870578728434731215e-04
3.766546798470302637e-04
3.665352624325124344e-04
3.566913703831057678e-04
3.471150133571808665e-04
3.377984519394135123e-04
3.287341890310466349e-04
3.199149615657716412e-04
3.113337325353610465e-04
3.029836833150917341e-04
2.948582062745453520e-04
2.869508976640694963e-04
2.792555507621906916e-04
2.717661492773312186e-04
2.644768609913118631e-04
2.573820316338828605e-04
2.504761789828227224e-04
2.437539871750917886e-04
2.372103012262516387e-04
2.308401217462478273e-04
2.246385998428929534e-04
2.186010322117419168e-04
2.127228563968878538e-04
2.069996462217532749e-04
2.014271073812591659e-04
1.960010731892711949e-04
1.907175004756711837e-04
1.855724656259424301e-04
1.805621607608865874e-04
1.756828900464979591e-04
1.709310661348033972e-04
1.663032067236949621e-04
1.617959312399624267e-04
1.574059576313009462e-04
1.531300992718859244e-04
1.489652619700010383e-04
1.449084410810734828e-04
1.409567187152119348e-04
1.371072610404311875e-04
1.333573156769597690e-04
1.297042091781131347e-04
1.261453445964384127e-04
1.226781991295796943e-04
1.193003218463446324e-04
1.160093314863985993e-04
1.128029143339294600e-04
1.096788221604025457e-04
1.066348702358052472e-04
1.036689354045917943e-04
1.007789542245808513e-04
9.796292116648516702e-05
9.521888687196122759e-05
9.254495646866509365e-05
8.993928793797922622e-05
8.740009053781197187e-05
8.492562327465770586e-05
8.251419342416519689e-05
8.016415510053609308e-05
7.787390786995710020e-05
7.564189540931017723e-05
7.346660420711579481e-05
7.134656230499238148e-05
6.928033807925380188e-05
6.726653906149512440e-05
6.530381079497785016e-05
6.339083572749938536e-05
6.152633213946602964e-05
5.970905310346966073e-05
5.793778547884397977e-05
5.621134893478047802e-05
5.452859500556001031e-05
5.288840617386628205e-05
5.128969498353522878e-05
4.973140317743618172e-05
4.821250086420771216e-05
4.673198570841666759e-05
4.528888214737643151e-05
4.388224062972595431e-05
4.251113687875929009e-05
4.117467117714314242e-05
3.987196767414841696e-05
3.860217371196841482e-05
3.736445917532532938e-05
3.615801585694150761e-05
3.498205684524613939e-05
3.383581592858119999e-05
3.271854701718447954e-05
3.162952358373647804e-05
3.056803811864322731e-05
2.953340160320156420e-05
2.852494299690977263e-05
2.754200874121222681e-05
2.658396227630954807e-05
2.565018357396035080e-05
2.474006868299708504e-05
2.385302928718473469e-05
2.298849227832848737e-05
2.214589934006992654e-05
2.132470654380590173e-05
2.052438395733496309e-05
1.974441526400262379e-05
1.898429739338171692e-05
1.824354016201726222e-05
1.752166592532517113e-05
1.681820923846755967e-05
1.613271652818438844e-05
1.546474577280596704e-05
1.481386619213884726e-05
1.417965794622903482e-05
1.356171184212428734e-05
1.295962904991736908e-05
1.237302082540448237e-05
1.180150824229191174e-05
1.124472193076802915e-05
1.070230182370737622e-05
1.017389691025853576e-05
9.659164996217669112e-06
9.157772471096476625e-06
8.669394081807887720e-06
8.193712712448114686e-06
7.730419170513077085e-06
7.279211978846167861e-06
6.839797173698189722e-06
6.411888107506962480e-06
5.995205258694827074e-06
5.589476045093375900e-06
5.194434643433047468e-06
4.809821813729022118e-06
4.435384728274240894e-06
4.070876805370156672e-06
3.716057547752367843e-06
3.370692385476870217e-06
3.034552522506419891e-06
2.707414788471300116e-06
2.389061493894708722e-06
2.079280288921017259e-06
1.777864026890699513e-06
1.484610630819177805e-06
1.199322963694344323e-06
9.218087026012838310e-07
6.518802156037366798e-07
3.893544425412650074e-07
1.340527786757366320e-07
-1.141990383338103455e-07
-3.555710387007460231e-07
-5.902291275734690140e-07
-8.183351890763435288e-07
-1.040047188339301350e-06
-1.255519270023741388e-06
-1.464901854374983706e-06
-1.668341731152639838e-06
-1.865982150590389641e-06
-2.057962912121804358e-06
-2.244420451133947909e-06
-2.425487922552769389e-06
-2.601295283221718836e-06
-2.771969371456139796e-06
-2.937633984653521574e-06
-3.098409955131789497e-06
-3.254415223631308456e-06
-3.405764911023347986e-06
-3.552571388370200468e-06
-3.694944344756518907e-06
-3.832990853724535192e-06
-3.966815437599432365e-06
-4.096520130725808602e-06
-4.222204540397027159e-06
-4.343965906638418928e-06
-4.461899160494308868e-06
-4.576096980373492149e-06
-4.686649847418651357e-06
-4.793646099198081809e-06
-4.897171982169713745e-06
-4.997311702569875177e-06
-5.094147476286502880e-06
-5.187759577261784765e-06
-5.278226384663718627e-06
-5.365624428965307567e-06
-5.450028436795952351e-06
-5.531511374682548750e-06
-5.610144491578285917e-06
-5.685997360418778191e-06
-5.759137918611159852e-06
-5.829632507477283080e-06
-5.897545910610806217e-06
-5.962941391603084091e-06
-6.025880730344836812e-06
-6.086424258654824637e-06
-6.144630895315599767e-06
-6.200558179505412273e-06
-6.254262304143240089e-06
-6.305798147913969719e-06
-6.355219306639721730e-06
-6.402578124076441507e-06
-6.447925721418150676e-06
-6.491312026745303662e-06
-6.532785803162149010e-06
-6.572394676592393370e-06
-6.610185162702273328e-06
-6.646202693254258456e-06
-6.680491641750765420e-06
-6.713095348503826849e-06
-6.744056145057341582e-06
-6.773415377862376530e-06
-6.801213431825731244e-06
-6.827489752618553804e-06
-6.852282869020347456e-06
-6.875630414400967053e-06
-6.897569147762907996e-06
-6.918134974260016153e-06
-6.937362965257700536e-06
-6.955287377824993554e-06
-6.971941673814555143e-06
-6.987358538501767447e-06
-7.001569898666181972e-06
-7.014606940260424423e-06
-7.026500125939873592e-06
-7.037279211482624575e-06
-7.046973262673659946e-06
-7.055610671105167723e-06
-7.063219170026456506e-06
-7.069825849335856731e-06
-7.075457170877120955e-06
-7.080138982752629791e-06
-7.083896533597181178e-06
-7.086754486561005936e-06
-7.088736932616547793e-06
-7.089867404009880220e-06
-7.090168887115315707e-06
-7.089663834917035094e-06
-7.088374179393745181e-06
-7.086321343580894610e-06
-7.083526253109263301e-06
-7.080009347843883786e-06
-7.075790592893319748e-06
-7.070889489635837797e-06
-7.065325086261615952e-06
-7.059115988264606179e-06
-7.052280368494780904e-06
-7.044835977135644957e-06
-7.036800151365731388e-06
-7.028189824783046636e-06
-7.019021536652335048e-06
-7.009311440883268969e-06
-6.999075314910997975e-06
-6.988328568148681331e-06
-6.977086250524833862e-06
-6.965363060553342576e-06
-6.953173353423189504e-06
-6.940531148786887461e-06
-6.927450138347077177e-06
-6.913943693392025469e-06
-6.900024871995302798e-06
-6.885706426224208146e-06
-6.871000808996869175e-06
-6.855920180869338516e-06
-6.840476416768856870e-06
-6.824681112341163855e-06
-6.808545590364204375e-06
-6.792080906836397317e-06
-6.775297857156625195e-06
-6.758206981850129446e-06
-6.740818572488070483e-06
-6.723142677196763813e-06
-6.705189106192721869e-06
-6.686967437151505425e-06
-6.668487020515695372e-06
-6.649756984539382191e-06
-6.630786240342724100e-06
-6.611583486788027746e-06
-6.592157215296022430e-06
-6.572515714467131263e-06
-6.552667074682748106e-06
-6.532619192601490048e-06
-6.512379775459861503e-06
-6.491956345351193613e-06
-6.471356243412196914e-06
-6.450586633890645637e-06
-6.429654508062270660e-06
-6.408566688242421896e-06
-6.387329831439938884e-06
-6.365950433185873539e-06
-6.344434831091914525e-06
-6.322789208439424255e-06
-6.301019597647478912e-06
-6.279131883602218700e-06
-6.257131807032873835e-06
-6.235024967724127680e-06
-6.212816827648640248e-06
-6.190512714155180269e-06
-6.168117822877309220e-06
-6.145637220767271236e-06
-6.123075848907790125e-06
-6.100438525462446062e-06
-6.077729948307925340e-06
-6.054954697774082166e-06
-6.032117239319430295e-06
-6.009221926065064959e-06
-5.986273001313454252e-06
-5.963274601083947551e-06
-5.940230756413536385e-06
-5.917145395787514576e-06
-5.894022347433997325e-06
-5.870865341530397991e-06
-5.847678012500937195e-06
-5.824463901036104899e-06
-5.801226456300461938e-06
-5.777969037953354862e-06
-5.754694918212016292e-06
-5.731407283681657532e-06
-5.708109237417295840e-06
-5.684803800747117361e-06
-5.661493915165632186e-06
-5.638182444005102445e-06
-5.614872174331783953e-06
-5.591565818603362167e-06
-5.568266016342469058e-06
-5.544975335771144146e-06
-5.521696275503479076e-06
-5.498431265988079145e-06
-5.475182671185449430e-06
-5.451952789925388800e-06
-5.428743857498786747e-06
-5.405558047039736362e-06
-5.382397470926819906e-06
-5.359264182168016149e-06
-5.336160175798496158e-06
-5.313087390068437086e-06
-5.290047707874927131e-06
-5.267042957920391512e-06
-5.244074915980289932e-06
-5.221145306086870531e-06
-5.198255801768940669e-06
-5.175408027082392624e-06
-5.152603557893260301e-06
-5.129843922809427518e-06
-5.107130604398995121e-06
-5.084465040167967911e-06
