7.342745720992211068e-08
6.876974659600839333e-03
7.028331740330314922e-03
7.370269292789325376e-03
7.568256426246994066e-03
7.646247366362439631e-03
7.654391320372155860e-03
7.626222892252737182e-03
7.580202665904596515e-03
7.525691869122707982e-03
7.467159122309581856e-03
7.406581375190584952e-03
7.344717702325424986e-03
7.281761463037341418e-03
7.217665741663108377e-03
7.152301122381369593e-03
7.085528827805664086e-03
7.017231870762262284e-03
6.947325893577812293e-03
6.875760588694719566e-03
6.802517090712150577e-03
6.727603939323052035e-03
6.651052812238537025e-03
6.572914535996375769e-03
6.493255551345108317e-03
6.412154858804684256e-03
6.329701407697516449e-03
6.245991871701173266e-03
6.161128752577804853e-03
6.075218759880057599e-03
5.988371422601371577e-03
5.900697896768594165e-03
5.812309939904757201e-03
5.723319028923757636e-03
5.633835602468671537e-03
5.543968412162091595e-03
5.453823969901882771e-03
5.363506080347356028e-03
5.273115449340213569e-03
5.182749360191584408e-03
5.092501410788222160e-03
5.002461305145576922e-03
4.912714693779987769e-03
4.823343057707248603e-03
4.734423631379996653e-03
4.646029360240211230e-03
4.558228888930275849e-03
4.471086576518248056e-03
4.384662535374670919e-03
4.299012690628160188e-03
4.214188857345497335e-03
4.130238832863444495e-03
4.047206501872381568e-03
3.965131952107558803e-03
3.884051598655052957e-03
3.803998315120476429e-03
3.725001570032061837e-03
3.647087567033434341e-03
3.570279387598943380e-03
3.494597135107875736e-03
3.420058079265778962e-03
3.346676800003516809e-03
3.274465330051822085e-03
3.203433295554434981e-03
3.133588054118132370e-03
3.064934829833705719e-03
2.997476844863940747e-03
2.931215447248433636e-03
2.866150234684300240e-03
2.802279174051985899e-03
2.739598716548399381e-03
2.678103908302045810e-03
2.617788496417892269e-03
2.558645030410419425e-03
2.500664959025641551e-03
2.443838722483616596e-03
2.388155840191977502e-03
2.333604993997022686e-03
2.280174107067431139e-03
2.227850418504370017e-03
2.176620553807113220e-03
2.126470591295303181e-03
2.077386124638751653e-03
2.029352321623887137e-03
1.982353979287363073e-03
1.936375575580989283e-03
1.891401317688462796e-03
1.847415187153457266e-03
1.804400981955957143e-03
1.762342355679695407e-03
1.721222853914038337e-03
1.681025948021262675e-03
1.641735066409062129e-03
1.603333623431648725e-03
1.565805046056509709e-03
1.529132798411776684e-03
1.493300404331216868e-03
1.458291468016103534e-03
1.424089692923442277e-03
1.390678898983502883e-03
1.358043038243990841e-03
1.326166209046072053e-03
1.295032668818066899e-03
1.264626845572986010e-03
1.234933348197179113e-03
1.205936975612954039e-03
1.177622724876299957e-03
1.149975798300669838e-03
1.122981609654962257e-03
1.096625789516129717e-03
1.070894189824487044e-03
1.045772887707585109e-03
1.021248188617937015e-03
9.973066288480390666e-04
9.739349774516143071e-04
9.511202376375669197e-04
9.288496476612987610e-04
9.071106812617032262e-04
8.858910476811133767e-04
8.651786912984928178e-04
8.449617909137557966e-04
8.252287587077836726e-04
8.059682389158204013e-04
7.871691062305743569e-04
7.688204639675423656e-04
7.509116420133758870e-04
7.334321945763850681e-04
7.163718977668264180e-04
6.997207470156644165e-04
6.834689543589885473e-04
6.676069455980584641e-04
6.521253573512807633e-04
6.370150340173506755e-04
6.222670246531682029e-04
6.078725797858529779e-04
5.938231481689488405e-04
5.801103734902747326e-04
5.667260910437063549e-04
5.536623243710803556e-04
5.409112818870412008e-04
5.284653534862056821e-04
5.163171071477455068e-04
5.044592855392974638e-04
4.928848026239358122e-04
4.815867402843467828e-04
4.705583449540729456e-04
4.597930242757883638e-04
4.492843437794414273e-04
4.390260235897141335e-04
4.290119351619544686e-04
4.192360980525236969e-04
4.096926767261154867e-04
4.003759773984572144e-04
3.912804449210201458e-04
3.824006597068172484e-04
3.737313346995720163e-04
3.652673123883122238e-04
3.570035618654208856e-04
3.489351759345526039e-04
3.410573682642573296e-04
3.333654705893793310e-04
3.258549299621904126e-04
3.185213060525413239e-04
3.113602684966041280e-04
3.043675942957146854e-04
2.975391652641180221e-04
2.908709655272187630e-04
2.843590790679574555e-04
2.779996873232140966e-04
2.717890668303989989e-04
2.657235869183851391e-04
2.597997074524236935e-04
2.540139766222264850e-04
2.483630287803605076e-04
2.428435823257233056e-04
2.374524376349090274e-04
2.321864750374459598e-04
2.270426528378138636e-04
2.220180053813253912e-04
2.171096411641569481e-04
2.123147409862656597e-04
2.076305561467315481e-04
2.030544066814291037e-04
1.985836796421115843e-04
1.942158274147780738e-04
1.899483660788822464e-04
1.857788738047231540e-04
1.817049892901634680e-04
1.777244102329705400e-04
1.738348918426471125e-04
1.700342453863315127e-04
1.663203367697418879e-04
1.626910851552138449e-04
1.591444616106997036e-04
1.556784877945087203e-04
1.522912346703303779e-04
1.489808212559317767e-04
1.457454134019343971e-04
1.425832226009957960e-04
1.394925048274810457e-04
1.364715594052574291e-04
1.335187279048757837e-04
1.306323930672672576e-04
1.278109777563114736e-04
1.250529439364611215e-04
1.223567916765132778e-04
1.197210581792777215e-04
1.171443168354341792e-04
1.146251763014854898e-04
1.121622796015146176e-04
1.097543032512801863e-04
1.073999564057853988e-04
1.050979800273916777e-04
1.028471460762952382e-04
1.006462567211375376e-04
9.849414357039084191e-05
9.638966692310146282e-05
9.433171503913500026e-05
9.231920342818200923e-05
9.035107415683123189e-05
8.842629517459384332e-05
8.654385965553774204e-05
8.470278535855724298e-05
8.290211400325808711e-05
8.114091066241032062e-05
7.941826317008054005e-05
7.773328154423179894e-05
7.608509742612845845e-05
7.447286353267532587e-05
7.289575312283147219e-05
7.135295947929987538e-05
6.984369540241137020e-05
6.836719271720585918e-05
6.692270179395609913e-05
6.550949108085568032e-05
6.412684664818885582e-05
6.277407174514715543e-05
6.145048636741720941e-05
6.015542683698324813e-05
5.888824539167760916e-05
5.764830978604757074e-05
5.643500290206222115e-05
5.524772237092775187e-05
5.408588020287323587e-05
5.294890242862264844e-05
5.183622874852539405e-05
5.074731219158607327e-05
4.968161878265501928e-05
4.863862721947213809e-05
4.761782855658338448e-05
4.661872589766918309e-05
4.564083409718766403e-05
4.468367946781518852e-05
4.374679949684426148e-05
4.282974256883361798e-05
4.193206769657247326e-05
4.105334425767764368e-05
4.019315173895282996e-05
3.935107948675993039e-05
3.852672646424486983e-05
3.771970101409075234e-05
3.692962062823056183e-05
3.615611172285751847e-05
3.539880941921985690e-05
3.465735733073559518e-05
3.393140735390214681e-05
3.322061946696566937e-05
3.252466153135441041e-05
3.184320909963239097e-05
3.117594522805955924e-05
3.052256029346641833e-05
2.988275181535994307e-05
2.925622428231668966e-05
2.864268898246311723e-05
2.804186383919745755e-05
2.745347324988788924e-05
2.687724792938117800e-05
2.631292475749894138e-05
2.576024663005352510e-05
2.521896231375760517e-05
2.468882630496915516e-05
2.416959869174248475e-05
2.366104501946188205e-05
2.316293616005922842e-05
2.267504818409542169e-05
2.219716223621577537e-05
2.172906441414897014e-05
2.127054565017422546e-05
2.082140159578572237e-05
2.038143250914224339e-05
1.995044314583384776e-05
1.952824265134191109e-05
1.911464445727365573e-05
1.870946617970705355e-05
1.831252951967795632e-05
1.792366016700980784e-05
1.754268770589451545e-05
1.716944552281221656e-05
1.680377071719389042e-05
1.644550401374333110e-05
1.609448967739219696e-05
1.575057543019546348e-05
1.541361236992558041e-05
1.508345489137194364e-05
1.475996060901499658e-05
1.444299028179179649e-05
1.413240773967171217e-05
1.382807981218818683e-05
1.352987625861422584e-05
1.323766969953964448e-05
1.295133555086500231e-05
1.267075195863146930e-05
1.239579973599029879e-05
1.212636230120557574e-05
1.186232561794055553e-05
1.160357813590590105e-05
1.135001073415130120e-05
1.110151666461407922e-05
1.085799149802954401e-05
1.061933307030932036e-05
1.038544143084616586e-05
1.015621879165528537e-05
9.931569477946768584e-06
9.711399879954331671e-06
9.495618405663789163e-06
9.284135434802225935e-06
9.076863274217792337e-06
8.873716113722082626e-06
8.674609983636620041e-06
8.479462712875080041e-06
8.288193888248729073e-06
8.100724814829080738e-06
7.916978476908325126e-06
7.736879500318488787e-06
7.560354115355745537e-06
7.387330120705057071e-06
7.217736848070008324e-06
7.051505127948443777e-06
6.888567255932781385e-06
6.728856959924186958e-06
6.572309368034723108e-06
6.418860977413344319e-06
6.268449623699155501e-06
6.121014451122167074e-06
5.976495883413269779e-06
5.834835595507317755e-06
5.695976485619079767e-06
5.559862648040625336e-06
5.426439347026028420e-06
5.295652990551868974e-06
5.167451105185291055e-06
5.041782311518786979e-06
4.918596299916153409e-06
4.797843807114832495e-06
4.679476593080188557e-06
4.563447418683815695e-06
4.449710023780483663e-06
4.338219105629815987e-06
4.228930298137623239e-06
4.121800151286751452e-06
4.016786111194713749e-06
3.913846500623656198e-06
3.812940499821244611e-06
3.714028128101140291e-06
3.617070225359519268e-06
3.522028434504024338e-06
3.428865183890732986e-06
3.337543670642459282e-06
3.248027843648067408e-06
3.160282387678031454e-06
3.074272707381884525e-06
2.989964911902683483e-06
2.907325799559874149e-06
2.826322843279044743e-06
2.746924175977672149e-06
2.669098576529247269e-06
2.592815455891250850e-06
2.518044843670970802e-06
2.444757374810268791e-06
2.372924276908465860e-06
2.302517357414094657e-06
2.233508991364565508e-06
2.165872109287096979e-06
2.099580185692336138e-06
2.034607227102223356e-06
1.970927761261190085e-06
1.908516825778914098e-06
1.847349957510843173e-06
1.787403182191008609e-06
1.728653003872363202e-06
1.671076394991405585e-06
1.614650786554929786e-06
1.559354058606711754e-06
1.505164530618344303e-06
1.452060952439070387e-06
1.400022495303513832e-06
1.349028742946948523e-06
1.299059683155090411e-06
1.250095699207318374e-06
1.202117561738677912e-06
1.155106420654396011e-06
1.109043797282780089e-06
1.063911576721403510e-06
1.019692000188685214e-06
9.763676578050942001e-07
9.339214812534005602e-07
8.923367368768967617e-07
8.515970186846184143e-07
8.116862416131648812e-07
7.725886350003767013e-07
7.342887360872328661e-07
6.967713836416101983e-07
6.600217119571952098e-07
6.240251446099338378e-07
5.887673887165994540e-07
5.542344289950086262e-07
5.204125222112303526e-07
4.872881916858505384e-07
4.548482216622544356e-07
4.230796522570280274e-07
3.919697741003152860e-07
3.615061233255388797e-07
3.316764765800620236e-07
3.024688461906454417e-07
2.738714753697650932e-07
2.458728335361397449e-07
2.184616118207271275e-07
1.916267185861064682e-07
1.653572750033907072e-07
1.396426108599952412e-07
1.144722602896153723e-07
8.983595774386339534e-08
6.572363397057888884e-08
4.212541203507540339e-08
1.903160356183583272e-08
-3.567295091973868135e-09
-2.568060650976278803e-08
-4.731747575291999197e-08
-6.848687401764968107e-08
-8.919760196744473990e-08
-1.094582931665203153e-07
-1.292774174168723512e-07
-1.486632839455754965e-07
-1.676240446245700869e-07
-1.861676970706669952e-07
-2.043020876898008384e-07
-2.220349146051558286e-07
-2.393737307157832167e-07
-2.563259463750633083e-07
-2.728988323243594750e-07
-2.890995223717724232e-07
-3.049350161094083364e-07
-3.204121815278775160e-07
-3.355377575832584853e-07
-3.503183567437524151e-07
-3.647604674107081627e-07
-3.788704564333800303e-07
-3.926545713680301743e-07
-4.061189428653658238e-07
-4.192695869229810996e-07
-4.321124071222839950e-07
-4.446531968434649278e-07
-4.568976412981019043e-07
-4.688513197420823753e-07
-4.805197074430295849e-07
-4.919081777575567477e-07
-5.030220040430206750e-07
-5.138663616094237046e-07
-5.244463295970691162e-07
-5.347668928691461374e-07
-5.448329437937630691e-07
-5.546492839738242503e-07
-5.642206260807828030e-07
-5.735515954866902683e-07
-5.826467320132367393e-07
-5.915104914755963093e-07
-6.001472473621313109e-07
-6.085612923722118661e-07
-6.167568399610758685e-07
-6.247380258489855735e-07
-6.325089095314863905e-07
-6.400734756763640068e-07
-6.474356356313215291e-07
-6.545992286816015932e-07
-6.615680235745311083e-07
-6.683457197179986557e-07
-6.749359485975918552e-07
-6.813422749776179806e-07
-6.875681982602556739e-07
-6.936171536308040529e-07
-6.994925132851634711e-07
-7.051975876618547864e-07
-7.107356265743094998e-07
-7.161098203377869524e-07
-7.213233009253746105e-07
-7.263791430262612886e-07
-7.312803651511123932e-07
-7.360299306581121659e-07
-7.406307488261638509e-07
-7.450856758044953675e-07
