8.127264975038153797e-08
7.103953163427359496e-02
6.944590138113088118e-02
6.825179791797025830e-02
6.701966695107403060e-02
6.570318390506270367e-02
6.429565098951317559e-02
6.279925068308175873e-02
6.122141039302714943e-02
5.957308628582966975e-02
5.786727194236374744e-02
5.611780460293907397e-02
5.433849864747599540e-02
5.254255795177921462e-02
5.074220167862667635e-02
4.894844646502188173e-02
4.717100114288594326e-02
4.541824141642029911e-02
4.369724030995140313e-02
4.201383625868106153e-02
4.037272516186479060e-02
3.877756608557597628e-02
3.723109292481900645e-02
3.573522641080132539e-02
3.429118249931555062e-02
3.289957447888605668e-02
3.156050715128228684e-02
3.027366220967910027e-02
2.903837451317083443e-02
2.785369936740326319e-02
2.671847120273910040e-02
2.563135422193083685e-02
2.459088569284220011e-02
2.359551260840820827e-02
2.264362244177080957e-02
2.173356870217332121e-02
2.086369195662574061e-02
2.003233693090832393e-02
1.923786624666627351e-02
1.847867129300330077e-02
1.775318067387263513e-02
1.705986661816466868e-02
1.639724968912756320e-02
1.576390208380848423e-02
1.515844977199997182e-02
1.457957368755634711e-02
1.402601015272595363e-02
1.349655068803926224e-02
1.299004133593627090e-02
1.250538160528602387e-02
1.204152312599406603e-02
1.159746808752514652e-02
1.117226752212768966e-02
1.076501948252122157e-02
1.037486715451305802e-02
1.000099693718504469e-02
9.642636516800825661e-03
9.299052955069043308e-03
8.969550807957362218e-03
8.653470287416604317e-03
8.350185475385098893e-03
8.059102596827858248e-03
7.779658356552674597e-03
7.511318342856842210e-03
7.253575499692929349e-03
7.005948667982732185e-03
6.767981195861469575e-03
6.539239616903793316e-03
6.319312394972954189e-03
6.107808733840018427e-03
5.904357449510388815e-03
5.708605902943770377e-03
5.520218990749827144e-03
5.338878191360139566e-03
5.164280664113914295e-03
4.996138398737858498e-03
4.834177412701767124e-03
4.678136993976086608e-03
4.527768986796909534e-03
4.382837118116037455e-03
4.243116362493226310e-03
4.108392343273549116e-03
3.978460768011343393e-03
3.853126896155894838e-03
3.732205037151368511e-03
3.615518077171683397e-03
3.502897032807651169e-03
3.394180630132349625e-03
3.289214907625616965e-03
3.187852841554891879e-03
3.089953992475973250e-03
2.995384171588446817e-03
2.904015125772036257e-03
2.815724240185511588e-03
2.730394257383684381e-03
2.647913011965078670e-03
2.568173179836523694e-03
2.491072041215077783e-03
2.416511256559363691e-03
2.344396654673681045e-03
2.274638032247785005e-03
2.207148964184119620e-03
2.141846624057041487e-03
2.078651614133782827e-03
2.017487804383928489e-03
1.958282179966859982e-03
1.900964696697669603e-03
1.845468144048570446e-03
1.791728015232264479e-03
1.739682383985700648e-03
1.689271787656731073e-03
1.640439116244923239e-03
1.593129507063436364e-03
1.547290244700826869e-03
1.502870665995141748e-03
1.459822069731237003e-03
1.418097630815080184e-03
1.377652318667574576e-03
1.338442819609476876e-03
1.300427463031085962e-03
1.263566151121108070e-03
1.227820291985445064e-03
1.193152735961777039e-03
1.159527714961349929e-03
1.126910784679044245e-03
1.095268769524112987e-03
1.064569710120536177e-03
1.034782813253384056e-03
1.005878404125631594e-03
9.778278808113181030e-04
9.506036707913935197e-04
9.241791894649136092e-04
8.985288005373693590e-04
8.736277781886249514e-04
8.494522709372757593e-04
8.259792671035789610e-04
8.031865618132391638e-04
7.810527254388206298e-04
7.595570734360280974e-04
7.386796374833370666e-04
7.184011378776914911e-04
6.987029571160011934e-04
6.795671146110724304e-04
6.609762424844003656e-04
6.429135623887362230e-04
6.253628633017479805e-04
6.083084802638223133e-04
5.917352739915194941e-04
5.756286113481173241e-04
5.599743466184910461e-04
5.447588035538200590e-04
5.299687581538283648e-04
5.155914221496349413e-04
5.016144271595796792e-04
4.880258094782928308e-04
4.748139954872502861e-04
4.619677876385958146e-04
4.494763510045672399e-04
4.373292003552892442e-04
4.255161877485134827e-04
4.140274906093523231e-04
4.028536002679214694e-04
3.919853109555271917e-04
3.814137092132882374e-04
3.711301637219229063e-04
3.611263155139483806e-04
3.513940685634805126e-04
3.419255807365003687e-04
3.327132550786349695e-04
3.237497314377560864e-04
3.150278783985519253e-04
3.065407855210634000e-04
2.982817558657494526e-04
2.902442988009462199e-04
2.824221230722107892e-04
2.748091301292465076e-04
2.673994076980485855e-04
2.601872235866948342e-04
2.531670197188091564e-04
2.463334063818406147e-04
2.396811566836421869e-04
2.332052012098976754e-04
2.269006228725001456e-04
2.207626519409174276e-04
2.147866612532259897e-04
2.089681615946106807e-04
2.033027972412824709e-04
1.977863416595827394e-04
1.924146933580742611e-04
1.871838718831114170e-04
1.820900139553087373e-04
1.771293697392652101e-04
1.722982992436474219e-04
1.675932688446458789e-04
1.630108479292702273e-04
1.585477056539134606e-04
1.542006078132432119e-04
1.499664138173349389e-04
1.458420737688664805e-04
1.418246256413050420e-04
1.379111925524982801e-04
1.340989801274706963e-04
1.303852739526835424e-04
1.267674371137913851e-04
1.232429078155337075e-04
1.198091970811019849e-04
1.164638865275345147e-04
1.132046262144875410e-04
1.100291325648739812e-04
1.069351863509908097e-04
1.039206307505475304e-04
1.009833694629978801e-04
9.812136488810675424e-05
9.533263636472632347e-05
9.261525846488274981e-05
8.996735934398069289e-05
8.738711914423817183e-05
8.487276844787820242e-05
8.242258678273214965e-05
8.003490117217082163e-05
7.770808473335185425e-05
7.544055532003504216e-05
7.323077420692274847e-05
7.107724481707137067e-05
6.897851148857388312e-05
6.693315827988292486e-05
6.493980781339340341e-05
6.299712015501256050e-05
6.110379172698924047e-05
5.925855425768455594e-05
5.746017376058648786e-05
5.570744954800799790e-05
5.399921327253726062e-05
5.233432800015608576e-05
5.071168731024967830e-05
4.913021442454653103e-05
4.758886136135622320e-05
4.608660811732626935e-05
4.462246187171977171e-05
4.319545621744073319e-05
4.180465041363811752e-05
4.044912866148310445e-05
3.912799940173958794e-05
3.784039463361531328e-05
3.658546925346884202e-05
3.536240041459153693e-05
3.417038690414666690e-05
3.300864854108089843e-05
3.187642559005536222e-05
3.077297819355317261e-05
2.969758582065407194e-05
2.864954673225286093e-05
2.762817746244941261e-05
2.663281231378669908e-05
2.566280286885202450e-05
2.471751751596110901e-05
2.379634098755389099e-05
2.289867391322343327e-05
2.202393238585298612e-05
2.117154753942854557e-05
2.034096513988588678e-05
1.953164518726827908e-05
1.874306152993694788e-05
1.797470148954157914e-05
1.722606549699609921e-05
1.649666673838984628e-05
1.578603081191650256e-05
1.509369539400099783e-05
1.441920991491145077e-05
1.376213524412625986e-05
1.312204338411376472e-05
1.249851717315517834e-05
1.189114999649800206e-05
1.129954550567739955e-05
1.072331734552644625e-05
1.016208888942003211e-05
9.615492981441103781e-06
9.083171685847304220e-06
8.564776044158919961e-06
8.059965838229877832e-06
7.568409360209444461e-06
7.089783189295956887e-06
6.623771974260747433e-06
6.170068222047462369e-06
5.728372092447124189e-06
5.298391198396052705e-06
4.879840411576727378e-06
4.472441673717764310e-06
4.075923812759299600e-06
3.690022364221250144e-06
3.314479397617939652e-06
2.949043347316759260e-06
2.593468848307928556e-06
2.247516576300570983e-06
1.910953092036730831e-06
1.583550690285244728e-06
1.265087252487217261e-06
9.553461035000677513e-07
6.541158724829211089e-07
3.611903572429880686e-07
7.636839221307785314e-08
-2.005462796172420218e-07
-4.697451318422277300e-07
-7.314149761602642526e-07
-9.857380803966776072e-07
-1.232892284079439035e-06
-1.473051110055846604e-06
-1.706383873842988925e-06
-1.933055789615643237e-06
-2.153228073579573469e-06
-2.367058044720225359e-06
-2.574699222459424348e-06
-2.776301422281241906e-06
-2.972010848252859294e-06
-3.161970183680772992e-06
-3.346318678972778627e-06
-3.525192237179858385e-06
-3.698723497767543831e-06
-3.867041917528394296e-06
-4.030273849846266895e-06
-4.188542621864443844e-06
-4.341968609227577476e-06
-4.490669309413665902e-06
-4.634759412930025040e-06
-4.774350872317450227e-06
-4.909552970270931793e-06
-5.040472384845979287e-06
-5.167213253871560434e-06
-5.289877237330338052e-06
-5.408563578021816175e-06
-5.523369161236477801e-06
-5.634388571868515339e-06
-5.741714151283652485e-06
-5.845436051741513380e-06
-5.945642289868200161e-06
-6.042418798801046423e-06
-6.135849478956522009e-06
-6.226016247186533959e-06
-6.312999085131706337e-06
-6.396876086168321938e-06
-6.477723501060973938e-06
-6.555615782729273596e-06
-6.630625629423206667e-06
-6.702824027449204051e-06
-6.772280292030831600e-06
-6.839062107974001661e-06
-6.903235568645000015e-06
-6.964865214307862840e-06
-7.024014069369018485e-06
-7.080743678921206004e-06
-7.135114143841746447e-06
-7.187184155647631013e-06
-7.237011030128931869e-06
-7.284650740151429516e-06
-7.330157947713009205e-06
-7.373586035140120706e-06
-7.414987135704615127e-06
-7.454412163138275074e-06
-7.491910840742692616e-06
-7.527531729649956054e-06
-7.561322256231490060e-06
-7.593328739167920006e-06
-7.623596415482409369e-06
-7.652169466362494703e-06
-7.679091041756280878e-06
-7.704403284996910276e-06
-7.728147356443444628e-06
-7.750363456549840368e-06
-7.771090848557628747e-06
-7.790367880468468872e-06
-7.808232006558908235e-06
-7.824719808390989226e-06
-7.839867015064410491e-06
-7.853708523631903072e-06
-7.866278418082909099e-06
-7.877609988510714272e-06
-7.887735749890566913e-06
-7.896687459852768696e-06
-7.904496136529231949e-06
-7.911192075761858602e-06
-7.916804867774440666e-06
-7.921363413853220768e-06
-7.924895942047279713e-06
-7.927430023128475276e-06
-7.928992585571372338e-06
-7.929609930637698584e-06
-7.929307746717383098e-06
-7.928111123670945136e-06
-7.926044566743907632e-06
-7.923132009850106794e-06
-7.919396828838799651e-06
-7.914861854590782747e-06
-7.909549385276143046e-06
-7.903481198903152685e-06
-7.896678565009868135e-06
-7.889162256718898125e-06
-7.880952561816171074e-06
-7.872069294167167227e-06
-7.862531804403657219e-06
-7.852358990738244357e-06
-7.841569309186315875e-06
-7.830180783759830345e-06
-7.818211016429453433e-06
-7.805677196667752858e-06
-7.792596111029435790e-06
-7.778984152201309747e-06
-7.764857328168156558e-06
-7.750231270850288165e-06
-7.735121244823029140e-06
-7.719542155596983824e-06
-7.703508557859507663e-06
-7.687034663443501693e-06
-7.670134349184622299e-06
-7.652821164482342839e-06
-7.635108338771953146e-06
-7.617008788846758710e-06
-7.598535125872860262e-06
-7.579699662506416728e-06
-7.560514419435070610e-06
-7.540991132210169951e-06
-7.521141257594220639e-06
-7.500975979974201448e-06
-7.480506217464980214e-06
-7.459742627969724466e-06
-7.438695615101136905e-06
-7.417375333877744358e-06
-7.395791696449745628e-06
-7.373954377515687244e-06
-7.351872819700140119e-06
-7.329556238797281574e-06
-7.307013629028231480e-06
-7.284253767827451638e-06
-7.261285220894931395e-06
-7.238116346970465975e-06
-7.214755302477536639e-06
-7.191210046076320301e-06
-7.167488343112327737e-06
-7.143597770110702812e-06
-7.119545718815980945e-06
-7.095339400620506956e-06
-7.070985850353186333e-06
-7.046491930555578600e-06
-7.021864335062261542e-06
-6.997109593110260673e-06
-6.972234072793904353e-06
-6.947243984840915301e-06
-6.922145386113634837e-06
-6.896944183100027666e-06
-6.871646135279526539e-06
-6.846256858439658367e-06
-6.820781827938422956e-06
-6.795226381825353617e-06
-6.769595723971570718e-06
-6.743894927101642099e-06
-6.718128935709171274e-06
-6.692302568964221931e-06
-6.666420523566478104e-06
-6.640487376492292310e-06
-6.614507587631586348e-06
-6.588485502537757322e-06
-6.562425354937847071e-06
-6.536331269233840627e-06
-6.510207263066608691e-06
-6.484057249606142416e-06
-6.457885039977701414e-06
-6.431694345578121058e-06
-6.405488780277807617e-06
-6.379271862656895073e-06
-6.353047018148008079e-06
-6.326817581163043960e-06
-6.300586797103911184e-06
-6.274357824428164055e-06
-6.248133736581258498e-06
-6.221917523935020002e-06
-6.195712095669642403e-06
-6.169520281588480539e-06
-6.143344833983170214e-06
-6.117188429315479874e-06
-6.091053669994262917e-06
-6.064943086001872752e-06
-6.038859136573198949e-06
-6.012804211829465885e-06
-5.986780634319534558e-06
-5.960790660542276594e-06
-5.934836482444761232e-06
-5.908920228967358617e-06
-5.883043967403996785e-06
-5.857209704847151593e-06
-5.831419389532644502e-06
-5.805674912239557650e-06
-5.779978107509642811e-06
-5.754330755050969337e-06
-5.728734580910380388e-06
-5.703191258742509222e-06
-5.677702410978114611e-06
-5.652269610053862564e-06
-5.626894379536871835e-06
-5.601578195213778907e-06
-5.576322486248079769e-06
-5.551128636228188346e-06
