-2.226688814063721268e-05
-5.257940749379906012e-04
-5.254962523561869164e-04
-5.243627390508618551e-04
-5.224012155418303978e-04
-5.196225865925740680e-04
-5.160409680218727832e-04
-5.116735502274699556e-04
-5.065404309550164495e-04
-5.006644296915601679e-04
-4.940708857880457680e-04
-4.867874423884281632e-04
-4.788438188011605637e-04
-4.702715742730479765e-04
-4.611038662438237215e-04
-4.513752061415308818e-04
-4.411212156135531012e-04
-4.303783859127421701e-04
-4.191838429144815960e-04
-4.075751199385685983e-04
-3.955899402541432179e-04
-3.832660108945146193e-04
-3.706408290134049501e-04
-3.577515017984514347e-04
-3.446345806652693607e-04
-3.313259101573623358e-04
-3.178604917908319579e-04
-3.042723628568021850e-04
-2.905944899797547167e-04
-2.768586771258857416e-04
-2.630954875798069610e-04
-2.493341793168014063e-04
-2.356026530838859466e-04
-2.219274125038334642e-04
-2.083335353799616626e-04
-1.948446554152538147e-04
-1.814829535139664686e-04
-1.682691578511243406e-04
-1.552225518659015272e-04
-1.423609894077986231e-04
-1.297009162262036390e-04
-1.172573970789999898e-04
-1.050441477404877099e-04
-9.307357122371274832e-05
-8.135679759389775932e-05
-6.990372678590296978e-05
-5.872307384652620442e-05
-4.782241613492789836e-05
-3.720824197792984048e-05
-2.688600037893089181e-05
-1.686015137983743170e-05
-7.134216744757636232e-06
2.289169366985804135e-06
1.140821000251728976e-05
2.022189552445292774e-05
2.872995447710400478e-05
3.693280536054086168e-05
4.483150948811101365e-05
5.242772507493004687e-05
5.972366263196188479e-05
6.672204182155598649e-05
7.342604977750234914e-05
7.983930100584167707e-05
8.596579888829961047e-05
9.180989879960344360e-05
9.737627288901872533e-05
1.026698765067124007e-04
1.076959162902574595e-04
1.124598198801871404e-04
1.169672072606156728e-04
1.212238636964336152e-04
1.252357142320292762e-04
1.290087997151689327e-04
1.325492543141709939e-04
1.358632844726513915e-04
1.389571492739542725e-04
1.418371421470363740e-04
1.445095738818603763e-04
1.469807568962840441e-04
1.492569907004563591e-04
1.513445485135885872e-04
1.532496649816290294e-04
1.549785249355329275e-04
1.565372531515407141e-04
1.579319050573137510e-04
1.591684583278252414e-04
1.602528053385801892e-04
1.611907464176448894e-04
1.619879838462326383e-04
1.626501165859958178e-04
1.631826356532099700e-04
1.635909201376709423e-04
1.638802337950189176e-04
1.640557221955744752e-04
1.641224103723902289e-04
1.640852009583402854e-04
1.639488727484111343e-04
1.637180796789462008e-04
1.633973501863179802e-04
1.629910869013417255e-04
1.625035666772933730e-04
1.619389409021128486e-04
1.613012360830262627e-04
1.605943546682440882e-04
1.598220761027623592e-04
1.589880580723724483e-04
1.580958379368593543e-04
1.571488343183152206e-04
1.561503488424171389e-04
1.551035679992049843e-04
1.540115651220446595e-04
1.528773024614581079e-04
1.517036333478658731e-04
1.504933044221503540e-04
1.492489579295316687e-04
1.479731340645455988e-04
1.466682733538650146e-04
1.453367190707109127e-04
1.439807196736744279e-04
1.426024312559925065e-04
1.412039200078041615e-04
1.397871646757233293e-04
1.383540590167129140e-04
1.369064142458624727e-04
1.354459614637687774e-04
1.339743540666577220e-04
1.324931701335293284e-04
1.310039147839879862e-04
1.295080225030789298e-04
1.280068594396531327e-04
1.265017256626420100e-04
1.249938573772610938e-04
1.234844291092531071e-04
1.219745558393676781e-04
1.204652950964335014e-04
1.189576490085294337e-04
1.174525663069529778e-04
1.159509442813525323e-04
1.144536306933354852e-04
1.129614256380753273e-04
1.114750833618877179e-04
1.099953140291616083e-04
1.085227854442763934e-04
1.070581247233056348e-04
1.056019199226303072e-04
1.041547216154349066e-04
1.027170444261274354e-04
1.012893685151896759e-04
9.987214102196085479e-05
9.846577745865455682e-05
9.707066306418468487e-05
9.568715411117276442e-05
9.431557917196771684e-05
9.295624034285463627e-05
9.160941442525279198e-05
9.027535406884036715e-05
8.895428887414990433e-05
8.764642645713079257e-05
8.635195347358075649e-05
8.507103661300090605e-05
8.380382354847215815e-05
8.255044385783022454e-05
8.131100990808594288e-05
8.008561770741020897e-05
7.887434772558090442e-05
7.767726568116045715e-05
7.649442330106117141e-05
7.532585904771612836e-05
7.417159882098504529e-05
7.303165662852527449e-05
7.190603523228698976e-05
7.079472676811438556e-05
6.969771333979244798e-05
6.861496758776635622e-05
6.754645323770972637e-05
6.649212562206719161e-05
6.545193218182389946e-05
6.442581294732742348e-05
6.341370099684978461e-05
6.241552289763256016e-05
6.143119912485290668e-05
6.046064446541553653e-05
5.950376839994176814e-05
5.856047547341110634e-05
5.763066564229946088e-05
5.671423461079381795e-05
5.581107415071513429e-05
5.492107240468593692e-05
5.404411417756547315e-05
5.318008121274055513e-05
5.232885245618990397e-05
5.149030430648065897e-05
5.066431085459506371e-05
4.985074411059493772e-05
4.904947421999809957e-05
4.826036966797294503e-05
4.748329747562846640e-05
4.671812338406298548e-05
4.596471203016371405e-05
4.522292711307661231e-05
4.449263155168916005e-05
4.377368763432996560e-05
4.306595715909048680e-05
4.236930156874564308e-05
4.168358207576317969e-05
4.100865978215765070e-05
4.034439579215722574e-05
3.969065131718382865e-05
3.904728777657697620e-05
3.841416689174125974e-05
3.779115077332843110e-05
3.717810200519988223e-05
3.657488372134793655e-05
3.598135967970141432e-05
3.539739432943638648e-05
3.482285287456777622e-05
3.425760133426507091e-05
3.370150659768330579e-05
3.315443647448473039e-05
3.261625974437439306e-05
3.208684619966269271e-05
3.156606668693357908e-05
3.105379314471059670e-05
3.054989863723575930e-05
3.005425738746761902e-05
2.956674480485080444e-05
2.908723751210996316e-05
2.861561336915202525e-05
2.815175149461028638e-05
2.769553228421037927e-05
2.724683742938696011e-05
2.680554993103679618e-05
2.637155411331930765e-05
2.594473563431688715e-05
2.552498149724026480e-05
2.511218005654041333e-05
2.470622102546486462e-05
2.430699548106292563e-05
2.391439586733130470e-05
2.352831599854052509e-05
2.314865105902495909e-05
2.277529760439895386e-05
2.240815355970110422e-05
2.204711821786216319e-05
2.169209223639263494e-05
2.134297763325928283e-05
2.099967778232729264e-05
2.066209740792832814e-05
2.033014257814837777e-05
2.000372069820632867e-05
1.968274050274380186e-05
1.936711204740693560e-05
1.905674669985377544e-05
1.875155713158898498e-05
1.845145730641313883e-05
1.815636247187954827e-05
1.786618914747741980e-05
1.758085511406936110e-05
1.730027940306699789e-05
1.702438228352747728e-05
1.675308525124349034e-05
1.648631101634656879e-05
1.622398349040091514e-05
1.596602777409164670e-05
1.571237014463460282e-05
1.546293804217012947e-05
1.521766005696471288e-05
1.497646591621031332e-05
1.473928647038168311e-05
1.450605367992509647e-05
1.427670060148051162e-05
1.405116137462938116e-05
1.382937120785285328e-05
1.361126636511177985e-05
1.339678415200733309e-05
1.318586290206441827e-05
1.297844196301721931e-05
1.277446168316841923e-05
1.257386339763566869e-05
1.237658941480508125e-05
1.218258300269312537e-05
1.199178837533264167e-05
1.180415067941416938e-05
1.161961598076685497e-05
1.143813125123182507e-05
1.125964435510272372e-05
1.108410403608401225e-05
1.091145990446755613e-05
1.074166242361457551e-05
1.057466289764719938e-05
1.041041345821454138e-05
1.024886705211216977e-05
1.008997742860805343e-05
9.933699127277328939e-06
9.779987465092454616e-06
9.628798524826787353e-06
9.480089142775871043e-06
9.333816896871516210e-06
9.189940094558707014e-06
9.048417761721426432e-06
8.909209630483992684e-06
8.772276128417752066e-06
8.637578366742795994e-06
8.505078129554484567e-06
8.374737862629464026e-06
8.246520662659774650e-06
8.120390266400918748e-06
7.996311040349513978e-06
7.874247969890294072e-06
7.754166649507501330e-06
7.636033272132671429e-06
7.519814619266536885e-06
7.405478051375249757e-06
7.292991497706255499e-06
7.182323446853290365e-06
7.073442937473915055e-06
6.966319548537823445e-06
6.860923390483083395e-06
6.757225095946962876e-06
6.655195810890881386e-06
6.554807185963967145e-06
6.456031367359006937e-06
6.358840988744153205e-06
6.263209162681898378e-06
6.169109472395152299e-06
6.076515963453573186e-06
5.985403136021552596e-06
5.895745936603319464e-06
5.807519750751220550e-06
5.720700394855503780e-06
5.635264109043486884e-06
5.551187549640628742e-06
5.468447781754657677e-06
5.387022272375669861e-06
5.306888883001885046e-06
5.228025863033708600e-06
5.150411842630426537e-06
5.074025826211180898e-06
4.998847185841690563e-06
4.924855654636644707e-06
4.852031320375620561e-06
4.780354619441022766e-06
4.709806330424438979e-06
4.640367568106559027e-06
4.572019777537715652e-06
4.504744728196566576e-06
4.438524508196521289e-06
4.373341518509239766e-06
4.309178467736975516e-06
4.246018366163393087e-06
4.183844520891150870e-06
4.122640530030869679e-06
4.062390278045335690e-06
4.003077930111402658e-06
3.944687927703882306e-06
3.887204983026946444e-06
3.830614074696866105e-06
3.774900442753606241e-06
3.720049583971134218e-06
3.666047247392291558e-06
3.612879429740319484e-06
3.560532370901189211e-06
3.508992549881286283e-06
3.458246680166552208e-06
3.408281705689064335e-06
3.359084796853813512e-06
3.310643346225979515e-06
3.262944964646900001e-06
3.215977477399484172e-06
3.169728920440774553e-06
3.124187536344925138e-06
3.079341770828893319e-06
3.035180269094032589e-06
2.991691872314103783e-06
2.948865613916310855e-06
2.906690716305683861e-06
2.865156587513578809e-06
2.824252817799727907e-06
2.783969176413192349e-06
2.744295608376265461e-06
2.705222231396866931e-06
2.666739332749162288e-06
2.628837366245863543e-06
2.591506949187593862e-06
2.554738859721922696e-06
2.518524033458966861e-06
2.482853561298013695e-06
2.447718686114857775e-06
2.413110800361583149e-06
2.379021443294814870e-06
2.345442298390415632e-06
2.312365190696971129e-06
2.279782084455898953e-06
2.247685080490605479e-06
2.216066413835721962e-06
2.184918451360666787e-06
2.154233689405017038e-06
2.124004751474619126e-06
2.094224386038341314e-06
2.064885464171161343e-06
2.035980977517598959e-06
2.007504036131985176e-06
1.979447866359995191e-06
1.951805808664597290e-06
1.924571315820781265e-06
1.897737950786875053e-06
1.871299384791257174e-06
1.845249395416507764e-06
1.819581864673467615e-06
1.794290777269140293e-06
1.769370218674306747e-06
1.744814373469639693e-06
1.720617523399323756e-06
1.696774045932776374e-06
1.673278412355684774e-06
1.650125186189443975e-06
1.627309021618819269e-06
1.604824661829504090e-06
1.582666937484559309e-06
1.560830765178542743e-06
1.539311145922620800e-06
1.518103163675067108e-06
1.497201983908736048e-06
1.476602852140855805e-06
1.456301092536954383e-06
1.436292106572599853e-06
1.416571371693089509e-06
1.397134439876588706e-06
1.377976936546714409e-06
1.359094559007708526e-06
1.340483075460506648e-06
1.322138323650912855e-06
1.304056209567562689e-06
1.286232706466744078e-06
1.268663853555130657e-06
1.251345754863187713e-06
1.234274578156544272e-06
1.217446553786118549e-06
1.200857973716716849e-06
1.184505190283564216e-06
1.168384615302064121e-06
1.152492718975251956e-06
1.136826028893858875e-06
1.121381129037502191e-06
1.106154658845578960e-06
1.091143312199402579e-06
1.076343836528661804e-06
1.061753031896993199e-06
1.047367750053917914e-06
1.033184893622084349e-06
1.019201415142096836e-06
1.005414316265482771e-06
9.918206469260531910e-07
9.784175044638204130e-07
9.652020328546584140e-07
9.521714219378553687e-07
9.393229065632367052e-07
9.266537658753671011e-07
9.141613225494130511e-07
9.018429420577890469e-07
8.896960319087538374e-07
8.777180409994601107e-07
8.659064588176888328e-07
8.542588148604431862e-07
8.427726778884514737e-07
8.314456552871982851e-07
8.202753923802530985e-07
8.092595718347618889e-07
7.983959130062578264e-07
7.876821713432520652e-07
7.771161377442885150e-07
7.666956379680365324e-07
7.564185320767061009e-07
7.462827138503604409e-07
7.362861101975214740e-07
7.264266806357229507e-07
7.167024166878407625e-07
7.071113414091562253e-07
6.976515088481334229e-07
6.883210034849299597e-07
6.791179397925874136e-07
6.700404616722520011e-07
6.610867419984851737e-07
6.522549821233096277e-07
6.435434114230780178e-07
6.349502868103261754e-07
6.264738922822902541e-07
6.181125384993115385e-07
6.098645622813970122e-07
6.017283262756248830e-07
5.937022183894641889e-07
5.857846514936377574e-07
5.779740629784747237e-07
5.702689143570142907e-07
5.626676907878132013e-07
5.551689007992105731e-07
5.477710758403588266e-07
5.404727699468603933e-07
5.332725593147592714e-07
5.261690419485577551e-07
