6.884578767923680712e-08
7.232711582862830224e-03
7.623377802835533054e-03
7.749518012225432850e-03
7.793282182702970275e-03
7.814286891456837317e-03
7.825330264834831281e-03
7.828125644337468811e-03
7.822270598162640171e-03
7.807376539459460162e-03
7.783479903642516115e-03
7.750993520452092306e-03
7.710561865824873927e-03
7.662931157496199672e-03
7.608859853313709558e-03
7.549066424890699123e-03
7.484204104725683364e-03
7.414852767992723657e-03
7.341520602700962739e-03
7.264650698584750911e-03
7.184629577944735140e-03
7.101795978785851136e-03
7.016449015453744310e-03
6.928855330340911133e-03
6.839255127742718127e-03
6.747867128272046038e-03
6.654892552407381048e-03
6.560518267904113382e-03
6.464919238021202968e-03
6.368260397749249922e-03
6.270698070323193346e-03
6.172381019946004271e-03
6.073451220838780099e-03
5.974044408501811773e-03
5.874290466517824265e-03
5.774313691700846442e-03
5.674232971492173573e-03
5.574161900200466473e-03
5.474208854734249029e-03
5.374477045578753345e-03
5.275064554958853492e-03
5.176064370950914269e-03
5.077564423858480121e-03
4.979647629257628015e-03
4.882391940553934030e-03
4.785870412752690761e-03
4.690151278233626285e-03
4.595298034666913702e-03
4.501369544679259017e-03
4.408420146576753906e-03
4.316499775123317645e-03
4.225654091272005274e-03
4.135924619647807048e-03
4.047348892507973868e-03
3.959960598974492617e-03
3.873789738298781798e-03
3.788862776036631269e-03
3.705202802029826121e-03
3.622829689205142329e-03
3.541760252264235243e-03
3.462008405455171533e-03
3.383585318662734806e-03
3.306499571178597545e-03
3.230757302579336052e-03
3.156362360219233578e-03
3.083316442920331930e-03
3.011619240537172313e-03
2.941268569067028230e-03
2.872260501143485394e-03
2.804589491696831815e-03
2.738248498693562558e-03
2.673229098858369464e-03
2.609521598358371160e-03
2.547115138435614504e-03
2.485997796016713689e-03
2.426156679358422007e-03
2.367578018796705035e-03
2.310247252703329264e-03
2.254149108747225631e-03
2.199267680594107956e-03
2.145586500176405610e-03
2.093088605673774916e-03
2.041756605354071597e-03
1.991572737422622578e-03
1.942518926055263788e-03
1.894576833744865711e-03
1.847727910137793653e-03
1.801953437522748084e-03
1.757234573115778022e-03
1.713552388293543500e-03
1.670887904949812158e-03
1.629222129090477072e-03
1.588536081838936870e-03
1.548810827977815290e-03
1.510027502164832660e-03
1.472167332955564298e-03
1.435211664761181687e-03
1.399141977858609637e-03
1.363939906569831785e-03
1.329587255727928763e-03
1.296066015527752059e-03
1.263358374871447701e-03
1.231446733296705448e-03
1.200313711591144894e-03
1.169942161168389385e-03
1.140315172303429806e-03
1.111416081286861193e-03
1.083228476594536504e-03
1.055736204126327647e-03
1.028923371588076445e-03
1.002774352080286046e-03
9.772737869483797985e-04
9.524065879549241560e-04
9.281579388254341525e-04
9.045132962140986239e-04
8.814583901423911610e-04
8.589792239419637718e-04
8.370620737616033414e-04
8.156934876571849628e-04
7.948602843135965266e-04
7.745495514231690894e-04
7.547486437622055082e-04
7.354451809846793272e-04
7.166270451659542641e-04
6.982823781213303013e-04
6.803995785209540582e-04
6.629672988269606640e-04
6.459744420709150363e-04
6.294101584871219244e-04
6.132638420301743864e-04
5.975251267792216787e-04
5.821838832543568126e-04
5.672302146574895393e-04
5.526544530461633808e-04
5.384471554562111125e-04
5.245990999845335069e-04
5.111012818402494058e-04
4.979449093724805852e-04
4.851214000897657126e-04
4.726223766681788684e-04
4.604396629681339372e-04
4.485652800566833549e-04
4.369914422416532008e-04
4.257105531326342476e-04
4.147152017217308612e-04
4.039981584954458024e-04
3.935523715816162545e-04
3.833709629316984732e-04
3.734472245440827133e-04
3.637746147320528359e-04
3.543467544363736827e-04
3.451574235856196666e-04
3.362005575085988429e-04
3.274702433980984499e-04
3.189607168269559430e-04
3.106663583205687153e-04
3.025816899832801552e-04
2.947013721840144795e-04
2.870202002959877760e-04
2.795331014975054908e-04
2.722351316298075429e-04
2.651214721106404017e-04
2.581874269141355531e-04
2.514284195988558158e-04
2.448399904047257386e-04
2.384177934008851563e-04
2.321575936955153367e-04
2.260552647031371118e-04
2.201067854682956534e-04
2.143082380462741482e-04
2.086558049422980378e-04
2.031457666031144917e-04
1.977744989668034023e-04
1.925384710664731743e-04
1.874342426869709643e-04
1.824584620742963675e-04
1.776078637004258043e-04
1.728792660755051577e-04
1.682695696143535668e-04
1.637757545513882052e-04
1.593948789037805233e-04
1.551240764852228056e-04
1.509605549654866020e-04
1.469015939764831602e-04
1.429445432651611477e-04
1.390868208899018600e-04
1.353259114624241679e-04
1.316593644308194054e-04
1.280847924072700788e-04
1.245998695343593691e-04
1.212023298941220119e-04
1.178899659560095115e-04
1.146606270631443056e-04
1.115122179572573168e-04
1.084426973407703632e-04
1.054500764746454656e-04
1.025324178114029206e-04
9.968783366472328282e-05
9.691448491111028982e-05
9.421057972446912100e-05
9.157437234573363326e-05
8.900416188057775322e-05
8.649829112983677473e-05
8.405514545090189997e-05
8.167315164654741309e-05
7.935077688401183783e-05
7.708652764024807641e-05
7.487894867815500489e-05
7.272662204477847411e-05
7.062816609874980080e-05
6.858223456237329697e-05
6.658751559789301202e-05
6.464273090848410915e-05
6.274663486208184918e-05
6.089801363936373922e-05
5.909568440262264442e-05
5.733849448749732099e-05
5.562532061493118699e-05
5.395506812563969940e-05
5.232667023238804228e-05
5.073908729372232309e-05
4.919130610592990061e-05
4.768233921395820078e-05
4.621122424073625847e-05
4.477702323391494292e-05
4.337882202891124600e-05
4.201572963103807957e-05
4.068687761217058114e-05
3.939141952345145595e-05
3.812853032418955622e-05
3.689740582554754708e-05
3.569726214900436159e-05
3.452733519858448890e-05
3.338688014844164555e-05
3.227517094215695309e-05
3.119149980659727999e-05
3.013517677841481845e-05
2.910552924279931474e-05
2.810190148402698490e-05
2.712365424926910107e-05
2.617016432246787615e-05
2.524082411017930101e-05
2.433504123828422088e-05
2.345223815952818575e-05
2.259185177093897564e-05
2.175333304199422743e-05
2.093614665181065383e-05
2.013977063666189067e-05
1.936369604693163041e-05
1.860742661191277456e-05
1.787047841454559265e-05
1.715237957454251032e-05
1.645266994004847893e-05
1.577090078632036835e-05
1.510663452399039020e-05
1.445944441364975904e-05
1.382891428878031218e-05
1.321463828515556897e-05
1.261622057879776645e-05
1.203327512887119968e-05
1.146542542929708429e-05
1.091230426482710895e-05
1.037355347589317251e-05
9.848823727240022704e-06
9.337774284648159013e-06
8.840072795932093651e-06
8.355395078713436172e-06
7.883424913279226781e-06
7.423853840783103593e-06
6.976380967332730548e-06
6.540712772161876538e-06
6.116562921828735852e-06
5.703652088743907500e-06
5.301707774234627309e-06
4.910464136940915711e-06
4.529661824884318090e-06
4.159047812351616631e-06
3.798375240825630007e-06
3.447403264368798358e-06
3.105896898720083629e-06
2.773626873918300156e-06
2.450369491886297422e-06
2.135906486602620509e-06
1.830024888348186149e-06
1.532516891387851211e-06
1.243179725261500088e-06
9.618155289958185691e-07
6.882312289996276502e-07
4.222384199416435992e-07
1.636532482061493329e-07
-8.770370065494411188e-08
-3.320075122990341235e-07
-5.694290513180863185e-07
-8.001350651994082932e-07
-1.024288286789423217e-06
-1.242047533416142078e-06
-1.453567803623307124e-06
-1.659000371547086605e-06
-1.858492878828911602e-06
-2.052189423987754216e-06
-2.240230650006844204e-06
-2.422753828907797954e-06
-2.599892945167228456e-06
-2.771778775949360521e-06
-2.938538970206816670e-06
-3.100298125185919565e-06
-3.257177861222867468e-06
-3.409296894693330850e-06
-3.556771108875437133e-06
-3.699713623303254623e-06
-3.838234861281591110e-06
-3.972442615433521174e-06
-4.102442112094391842e-06
-4.228336073542188031e-06
-4.350224779041067199e-06
-4.468206124322737799e-06
-4.582375679225737593e-06
-4.692826744299161677e-06
-4.799650405804216657e-06
-4.902935589362295819e-06
-5.002769112241010901e-06
-5.099235734248309882e-06
-5.192418207531418431e-06
-5.282397325053915299e-06
-5.369251967788117069e-06
-5.453059150936357423e-06
-5.533894068623972482e-06
-5.611830137887820707e-06
-5.686939041401036414e-06
-5.759290768938387605e-06
-5.828953658366934502e-06
-5.895994434827104691e-06
-5.960478249727089821e-06
-6.022468718293411118e-06
-6.082027956137247863e-06
-6.139216615406995355e-06
-6.194093919611145476e-06
-6.246717697614934887e-06
-6.297144417045685464e-06
-6.345429216511632833e-06
-6.391625937542213204e-06
-6.435787155289262131e-06
-6.477964208428930110e-06
-6.518207228966673045e-06
-6.556565170420253394e-06
-6.593085836127970057e-06
-6.627815906244831682e-06
-6.660800964515625732e-06
-6.692085524022653322e-06
-6.721713052780242568e-06
-6.749725998099827503e-06
-6.776165810983800693e-06
-6.801072969357356083e-06
-6.824487001197573201e-06
-6.846446506902162229e-06
-6.866989180962246997e-06
-6.886151833430273576e-06
-6.903970410690416038e-06
-6.920480015604358950e-06
-6.935714927524952035e-06
-6.949708621431996510e-06
-6.962493786876533358e-06
-6.974102346308099447e-06
-6.984565473175957136e-06
-6.993913609270786050e-06
-7.002176481960627031e-06
-7.009383120724148727e-06
-7.015561873701396095e-06
-7.020740423298617402e-06
-7.024945801935839995e-06
-7.028204407042077527e-06
-7.030542015981393031e-06
-7.031983800245429775e-06
-7.032554339879790968e-06
-7.032277637052960391e-06
-7.031177129265162877e-06
-7.029275702900285838e-06
-7.026595705711832696e-06
-7.023158959368571816e-06
-7.018986771711419188e-06
-7.014099948559816487e-06
-7.008518805427695132e-06
-7.002263178791490360e-06
-6.995352437224639194e-06
-6.987805492217154103e-06
-6.979640808696631092e-06
-6.970876415255491535e-06
-6.961529914416038080e-06
-6.951618492401918215e-06
-6.941158928554475193e-06
-6.930167604942927196e-06
-6.918660515395014189e-06
-6.906653274439904014e-06
-6.894161126071984045e-06
-6.881198952272379411e-06
-6.867781281325864467e-06
-6.853922295879473270e-06
-6.839635840994702246e-06
-6.824935431856063129e-06
-6.809834261315420760e-06
-6.794345207298711767e-06
-6.778480840102264342e-06
-6.762253429273582302e-06
-6.745674950720597645e-06
-6.728757093282493910e-06
-6.711511265420068758e-06
-6.693948601466143397e-06
-6.676079968086150542e-06
-6.657915970320818325e-06
-6.639466957526320029e-06
-6.620743029361788214e-06
-6.601754041277589306e-06
-6.582509610345525916e-06
-6.563019120532932377e-06
-6.543291728096013889e-06
-6.523336366766349531e-06
-6.503161752818895369e-06
-6.482776390092453765e-06
-6.462188574757901358e-06
-6.441406400149763251e-06
-6.420437761290001683e-06
-6.399290359508161478e-06
-6.377971706804002221e-06
-6.356489130196205228e-06
-6.334849775938341969e-06
-6.313060613590132849e-06
-6.291128440138003305e-06
-6.269059883855267902e-06
-6.246861408163748456e-06
-6.224539315444603221e-06
-6.202099750626053515e-06
-6.179548704869500013e-06
-6.156892018927800006e-06
-6.134135386798809343e-06
-6.111284358845606174e-06
-6.088344345192736458e-06
-6.065320618923349150e-06
-6.042218319173526981e-06
-6.019042454168071181e-06
-5.995797904254790332e-06
-5.972489424790063796e-06
-5.949121649060140613e-06
-5.925699090876111328e-06
-5.902226147582397922e-06
-5.878707102463422598e-06
-5.855146127502166232e-06
-5.831547285853312309e-06
-5.807914534316302757e-06
-5.784251725842101463e-06
-5.760562611862745789e-06
-5.736850844562806026e-06
-5.713119979253614513e-06
-5.689373476467831576e-06
-5.665614704252484843e-06
-5.641846940191682229e-06
-5.618073373528271917e-06
-5.594297107171512890e-06
-5.570521159684621643e-06
-5.546748467200414274e-06
-5.522981885318422273e-06
-5.499224191003244124e-06
-5.475478084289739521e-06
-5.451746190166931441e-06
-5.428031060211967422e-06
-5.404335174300135942e-06
-5.380660942318579239e-06
-5.357010705692771195e-06
-5.333386739014981377e-06
-5.309791251557551914e-06
-5.286226388811742062e-06
-5.262694233957381190e-06
-5.239196809240162986e-06
-5.215736077493999985e-06
-5.192313943440380583e-06
-5.168932255022054598e-06
-5.145592804764255026e-06
-5.122297331058499293e-06
-5.099047519388619473e-06
-5.075845003610228421e-06
-5.052691367111884210e-06
-5.029588143975814104e-06
-5.006536820174002162e-06
-4.983538834696594669e-06
-4.960595580614035409e-06
-4.937708406140193657e-06
-4.914878615743401199e-06
-4.892107471109130694e-06
-4.869396192228862450e-06
-4.846745958259315499e-06
-4.824157908602630592e-06
-4.801633143764245174e-06
-4.779172726319271574e-06
-4.756777681787966548e-06
-4.734448999514125615e-06
-4.712187633523776264e-06
-4.689994503358369535e-06
-4.667870494946177023e-06
-4.645816461316736059e-06
-4.623833223446269914e-06
-4.601921571004349876e-06
