-1.292521583542200719e-08
-4.851541811860914772e-04
2.887659203964585016e-04
2.118583152515386497e-04
5.016690904130136753e-05
-8.279396060950627856e-05
-1.801176301987557934e-04
-2.499597697909918112e-04
-3.002120544754202734e-04
-3.366388132583191927e-04
-3.631993054678270619e-04
-3.825736866380666473e-04
-3.965792863917711234e-04
-4.064614593634157378e-04
-4.130887092667517076e-04
-4.170812430322584077e-04
-4.188948350440049764e-04
-4.188752354273386248e-04
-4.172933897436907212e-04
-4.143682607925833574e-04
-4.102816858506995001e-04
-4.051881357039499869e-04
-3.992212149415282313e-04
-3.924980771671533319e-04
-3.851225007575498501e-04
-3.771870973801892180e-04
-3.687749519926046917e-04
-3.599608832876256478e-04
-3.508124444600512165e-04
-3.413907409332803426e-04
-3.317511144586351448e-04
-3.219437260926408099e-04
-3.120140599505719569e-04
-3.020033629432915387e-04
-2.919490314873127092e-04
-2.818849534558778760e-04
-2.718418118389955397e-04
-2.618473553438660961e-04
-2.519266403096620359e-04
-2.421022476413127369e-04
-2.323944779162994692e-04
-2.228215274683612523e-04
-2.133996478195777338e-04
-2.041432905483184506e-04
-1.950652394342833979e-04
-1.861767314118906896e-04
-1.774875677491210624e-04
-1.690062165706749146e-04
-1.607399077804620680e-04
-1.526947212214058245e-04
-1.448756688290022841e-04
-1.372867714033954793e-04
-1.299311305364252969e-04
-1.228109961644837994e-04
-1.159278301166850840e-04
-1.092823660121618781e-04
-1.028746657757343932e-04
-9.670417301859280789e-05
-9.076976349221168422e-05
-8.506979280047931313e-05
-7.960214151419601970e-05
-7.436425784155512204e-05
-6.935319795985232544e-05
-6.456566413384979197e-05
-5.999804070553639828e-05
-5.564642806082324683e-05
-5.150667462662489288e-05
-4.757440703360989691e-05
-4.384505844353394570e-05
-4.031389518383545693e-05
-3.697604170234227626e-05
-3.382650394982570833e-05
-3.086019121442297718e-05
-2.807193650865356764e-05
-2.545651554223659491e-05
-2.300866435140838973e-05
-2.072309564006014624e-05
-1.859451389263674559e-05
-1.661762931465594250e-05
-1.478717064943319404e-05
-1.309789693193166041e-05
-1.154460823378789489e-05
-1.012215543821273547e-05
-8.825449114193943751e-06
-7.649467515151677546e-06
-6.589263778773770801e-06
-5.639972340131344565e-06
-4.796814632985738084e-06
-4.055104104042771775e-06
-3.410250587673750539e-06
-2.857764083109317466e-06
-2.393257966367367730e-06
-2.012451683502456942e-06
-1.711172952504736720e-06
-1.485359509298472573e-06
-1.331060440280557975e-06
-1.244437112411183089e-06
-1.221763754163562395e-06
-1.259427698800113949e-06
-1.353929321127174400e-06
-1.501881700238035606e-06
-1.700010021345570236e-06
-1.945150746744115351e-06
-2.234250576608490904e-06
-2.564365220706556772e-06
-2.932657991387963611e-06
-3.336398256118943296e-06
-3.772959739576235121e-06
-4.239818715875563414e-06
-4.734552091323568613e-06
-5.254835393327866999e-06
-5.798440685957575330e-06
-6.363234414346019756e-06
-6.947175194608337969e-06
-7.548311561160290096e-06
-8.164779675385404456e-06
-8.794801011524744130e-06
-9.436680018651166682e-06
-1.008880177862041030e-05
-1.074962965493503857e-05
-1.141770294559919784e-05
-1.209163454742369144e-05
-1.277010862701137903e-05
-1.345187831536448179e-05
-1.413576342407134275e-05
-1.482064818525220048e-05
-1.550547902463812007e-05
-1.618926236502294010e-05
-1.687106246491622996e-05
-1.754999929730546125e-05
-1.822524646690695821e-05
-1.889602916789639341e-05
-1.956162218899151862e-05
-2.022134795689958938e-05
-2.087457462946902182e-05
-2.152071423581874344e-05
-2.215922085983524471e-05
-2.278958887451960682e-05
-2.341135122057538915e-05
-2.402407773749682475e-05
-2.462737353763993670e-05
-2.522087743070276702e-05
-2.580426039661066874e-05
-2.637722410177237856e-05
-2.693949946754361561e-05
-2.749084527882059747e-05
-2.803104684348872995e-05
-2.855991469523739494e-05
-2.907728333844123022e-05
-2.958301003979811597e-05
-3.007697366157091232e-05
-3.055907353645121013e-05
-3.102922838468914155e-05
-3.148737526854855455e-05
-3.193346859153442464e-05
-3.236747912906424036e-05
-3.278939310246066523e-05
-3.319921128626207135e-05
-3.359694815197102757e-05
-3.398263104766577656e-05
-3.435629940687906497e-05
-3.471800399777805597e-05
-3.506780619401255063e-05
-3.540577728655853340e-05
-3.573199781725914408e-05
-3.604655694677023084e-05
-3.634955184627353922e-05
-3.664108711958546845e-05
-3.692127424920041743e-05
-3.719023106941921530e-05
-3.744808126131108673e-05
-3.769495387406320063e-05
-3.793098286746994540e-05
-3.815630667648443777e-05
-3.837106779698283327e-05
-3.857541239243591710e-05
-3.876948991914177546e-05
-3.895345277164447489e-05
-3.912745594435809466e-05
-3.929165671282244181e-05
-3.944621433011365603e-05
-3.959128974061906455e-05
-3.972704530741507435e-05
-3.985364455634061244e-05
-3.997125193391002729e-05
-4.008003257762295449e-05
-4.018015210075400053e-05
-4.027177638937439553e-05
-4.035507141064137286e-05
-4.043020303300578344e-05
-4.049733685861947146e-05
-4.055663806360880778e-05
-4.060827125028475401e-05
-4.065240030913659755e-05
-4.068918828862664330e-05
-4.071879727459855981e-05
-4.074138827831753332e-05
-4.075712113164888347e-05
-4.076615438981046134e-05
-4.076864524280530560e-05
-4.076474943114038703e-05
-4.075462117121688371e-05
-4.073841308415746503e-05
-4.071627613239079172e-05
-4.068835956045166485e-05
-4.065481084260381516e-05
-4.061577563497119814e-05
-4.057139773099706457e-05
-4.052181902405858937e-05
-4.046717947309860460e-05
-4.040761707101654573e-05
-4.034326782018483551e-05
-4.027426570852186342e-05
-4.020074269013761489e-05
-4.012282867009641589e-05
-4.004065149105065816e-05
-3.995433692316692123e-05
-3.986400865726071611e-05
-3.976978829961679072e-05
-3.967179537015631330e-05
-3.957014730243782778e-05
-3.946495944510669659e-05
-3.935634506721631074e-05
-3.924441536302277736e-05
-3.912927946072212559e-05
-3.901104443154359148e-05
-3.888981530041659530e-05
-3.876569505839799556e-05
-3.863878467676282093e-05
-3.850918312126239617e-05
-3.837698736875166662e-05
-3.824229242372459593e-05
-3.810519133681049931e-05
-3.796577522302539443e-05
-3.782413328221688990e-05
-3.768035281912757010e-05
-3.753451926452976823e-05
-3.738671619691910332e-05
-3.723702536513904876e-05
-3.708552671044748221e-05
-3.693229839074634773e-05
-3.677741680321955315e-05
-3.662095660881793468e-05
-3.646299075623252541e-05
-3.630359050645540057e-05
-3.614282545759075647e-05
-3.598076356983864201e-05
-3.581747118990429333e-05
-3.565301307654233681e-05
-3.548745242591937464e-05
-3.532085089624587232e-05
-3.515326863384458695e-05
-3.498476429715922822e-05
-3.481539508328872776e-05
-3.464521675201991514e-05
-3.447428365135187325e-05
-3.430264874260984171e-05
-3.413036362469675276e-05
-3.395747855924193757e-05
-3.378404249475860081e-05
-3.361010309130031952e-05
-3.343570674444112863e-05
-3.326089860923568420e-05
-3.308572262400867847e-05
-3.291022153392192558e-05
-3.273443691410394472e-05
-3.255840919308055162e-05
-3.238217767505248911e-05
-3.220578056308075183e-05
-3.202925498060499738e-05
-3.185263699427812487e-05
-3.167596163535377549e-05
-3.149926292098902814e-05
-3.132257387576237704e-05
-3.114592655243346572e-05
-3.096935205248712572e-05
-3.079288054662796898e-05
-3.061654129479300489e-05
-3.044036266581371782e-05
-3.026437215667885676e-05
-3.008859641231012366e-05
-2.991306124361642660e-05
-2.973779164653370327e-05
-2.956281182014091938e-05
-2.938814518475405107e-05
-2.921381439923719883e-05
-2.903984137853899517e-05
-2.886624731109949086e-05
-2.869305267483337522e-05
-2.852027725444645687e-05
-2.834794015706021300e-05
-2.817605982821591110e-05
-2.800465406763861040e-05
-2.783374004432832775e-05
-2.766333431182194845e-05
-2.749345282286822786e-05
-2.732411094369379138e-05
-2.715532346864535257e-05
-2.698710463365724558e-05
-2.681946813010403582e-05
-2.665242711858946409e-05
-2.648599424117961158e-05
-2.632018163525040792e-05
-2.615500094546580526e-05
-2.599046333631029485e-05
-2.582657950446555934e-05
-2.566335969022410956e-05
-2.550081368949118241e-05
-2.533895086498987536e-05
-2.517778015746489876e-05
-2.501731009663247902e-05
-2.485754881184577060e-05
-2.469850404258668042e-05
-2.454018314852962553e-05
-2.438259312000159385e-05
-2.422574058725984508e-05
-2.406963183045366869e-05
-2.391427278900702886e-05
-2.375966907049452108e-05
-2.360582596003518442e-05
-2.345274842897439945e-05
-2.330044114314392995e-05
-2.314890847167505678e-05
-2.299815449518432124e-05
-2.284818301345895988e-05
-2.269899755373039712e-05
-2.255060137811374239e-05
-2.240299749112757921e-05
-2.225618864722224159e-05
-2.211017735748820311e-05
-2.196496589734464589e-05
-2.182055631259605439e-05
-2.167695042684062313e-05
-2.153414984748842236e-05
-2.139215597230595750e-05
-2.125096999571752162e-05
-2.111059291475037746e-05
-2.097102553512851907e-05
-2.083226847677596011e-05
-2.069432217980869232e-05
-2.055718690987859608e-05
-2.042086276366157692e-05
-2.028534967388766392e-05
-2.015064741482804170e-05
-2.001675560702799269e-05
-1.988367372220384193e-05
-1.975140108822426302e-05
-1.961993689356932035e-05
-1.948928019184284748e-05
-1.935942990648559250e-05
-1.923038483464635854e-05
-1.910214365183148278e-05
-1.897470491571891406e-05
-1.884806707019258669e-05
-1.872222844951174707e-05
-1.859718728166376078e-05
-1.847294169247775520e-05
-1.834948970896743505e-05
-1.822682926308811057e-05
-1.810495819497782844e-05
-1.798387425637079597e-05
-1.786357511389538856e-05
-1.774405835209592964e-05
-1.762532147679065784e-05
-1.750736191785236005e-05
-1.739017703228009227e-05
-1.727376410691889409e-05
-1.715812036142068373e-05
-1.704324295077508416e-05
-1.692912896810131138e-05
-1.681577544715317276e-05
-1.670317936474571819e-05
-1.659133764328554088e-05
-1.648024715316850073e-05
-1.636990471499083258e-05
-1.626030710178752233e-05
-1.615145104128665123e-05
-1.604333321805358182e-05
-1.593595027540450367e-05
-1.582929881757168673e-05
-1.572337541161169410e-05
-1.561817658924743136e-05
-1.551369884868848475e-05
-1.540993865669189133e-05
-1.530689244990259912e-05
-1.520455663689125390e-05
-1.510292759952037863e-05
-1.500200169477008011e-05
-1.490177525628545118e-05
-1.480224459565266134e-05
-1.470340600411366831e-05
-1.460525575388941896e-05
-1.450779009956693695e-05
-1.441100527942276934e-05
-1.431489751679267952e-05
-1.421946302131172039e-05
-1.412469799001995119e-05
-1.403059860878923905e-05
-1.393716105325154614e-05
-1.384438149009037709e-05
-1.375225607800242733e-05
-1.366078096881650686e-05
-1.356995230849800105e-05
-1.347976623812344300e-05
-1.339021889488856410e-05
-1.330130641300619975e-05
-1.321302492457571956e-05
-1.312537056050363190e-05
-1.303833945130894111e-05
-1.295192772798809858e-05
-1.286613152276629900e-05
-1.278094696983891362e-05
-1.269637020619688839e-05
-1.261239737228536279e-05
-1.252902461262428080e-05
-1.244624807668960834e-05
-1.236406391927026450e-05
-1.228246830135601370e-05
-1.220145739057979638e-05
-1.212102736186834018e-05
-1.204117439794887362e-05
-1.196189468998572389e-05
-1.188318443798511221e-05
-1.180503985140492271e-05
-1.172745714953484905e-05
-1.165043256208777934e-05
-1.157396232953450118e-05
-1.149804270358967837e-05
-1.142266994767888448e-05
-1.134784033719708859e-05
-1.127355016006404457e-05
-1.119979571699848925e-05
-1.112657332181342820e-05
-1.105387930195413554e-05
-1.098170999863648458e-05
-1.091006176722981683e-05
-1.083893097757262278e-05
-1.076831401425113098e-05
-1.069820727684181527e-05
-1.062860718025180889e-05
-1.055951015485431961e-05
-1.049091264689050282e-05
-1.042281111847211612e-05
-1.035520204806620515e-05
-1.028808193049152063e-05
-1.022144727716744947e-05
-1.015529461639581759e-05
-1.008962049341713624e-05
-1.002442147066016505e-05
-9.959694127848460295e-06
-9.895435062210703337e-06
-9.831640888509808070e-06
-9.768308239302915985e-06
-9.705433765020991859e-06
-9.643014134064206437e-06
-9.581046032906329860e-06
-9.519526166234412476e-06
-9.458451257037206613e-06
-9.397818046676629050e-06
-9.337623294935957195e-06
-9.277863780194602476e-06
-9.218536299364145798e-06
-9.159637668081640628e-06
-9.101164720677857730e-06
-9.043114310214849378e-06
-8.985483308635166077e-06
-8.928268606696060727e-06
-8.871467114036048481e-06
-8.815075759212543801e-06
-8.759091489736649797e-06
-8.703511272042431263e-06
-8.648332091573334056e-06
-8.593550952709109870e-06
-8.539164878834871447e-06
-8.485170912332220752e-06
-8.431566114531854092e-06
-8.378347565756981023e-06
-8.325512365284018637e-06
-8.273057631369525511e-06
-8.220980501158828879e-06
-8.169278130709485748e-06
-8.117947694964194785e-06
-8.066986387728114469e-06
-8.016391421638405481e-06
-7.966160028073301715e-06
-7.916289457191338070e-06
-7.866776977855378369e-06
-7.817619877615505295e-06
-7.768815462589871655e-06
-7.720361057510555353e-06
-7.672254005620262029e-06
-7.624491668592629426e-06
-7.577071426585587921e-06
-7.529990678049032377e-06
-7.483246839764799559e-06
-7.436837346706147911e-06
-7.390759652087003197e-06
-7.345011227151641075e-06
-7.299589561216898133e-06
-7.254492161570262817e-06
