1.046490066077175869e-07
1.687411667414410316e-02
1.485630915337655435e-02
1.357712359321784461e-02
1.265125261268021384e-02
1.193453184645504837e-02
1.135776543772316384e-02
1.088100148247757651e-02
1.047843901914808674e-02
1.013231824761680160e-02
9.829936439192173137e-03
9.561965141356071340e-03
9.321410132149278091e-03
9.102933020066162825e-03
8.902394209909540376e-03
8.716538275858652998e-03
8.542773623482453199e-03
8.379015709502321552e-03
8.223573673727606337e-03
8.075066979029581898e-03
7.932363052937926179e-03
7.794529829159593977e-03
7.660799019336530895e-03
7.530537237408404042e-03
7.403222967596084086e-03
7.278427954960873907e-03
7.155801998706638918e-03
7.035060404872333674e-03
6.915973547840151454e-03
6.798358126235027644e-03
6.682069796361641244e-03
6.566996937222535982e-03
6.453055353569395192e-03
6.340183762665485556e-03
6.228339940345432001e-03
6.117497424941088779e-03
6.007642695682110547e-03
5.898772756414131894e-03
5.790893066823885049e-03
5.684015772595602672e-03
5.578158193376733624e-03
5.473341533561476742e-03
5.369589786040597328e-03
5.266928803244374374e-03
5.165385513359612400e-03
5.064987262641957623e-03
4.965761267202826665e-03
4.867734159875627790e-03
4.770931619572712536e-03
4.675378072142042339e-03
4.581096453131884225e-03
4.488108023999855256e-03
4.396432234402380783e-03
4.306086624059399411e-03
4.217086758495004750e-03
4.129446193651018990e-03
4.043176464966425493e-03
3.958287097066232225e-03
3.874785630679637369e-03
3.792677663807274280e-03
3.711966904561431971e-03
3.632655233394300239e-03
3.554742772762394063e-03
3.478227962493256505e-03
3.403107639381850683e-03
3.329377119730107023e-03
3.257030283731713206e-03
3.186059660756415928e-03
3.116456514731690518e-03
3.048210928952166474e-03
2.981311889742380410e-03
2.915747368511182290e-03
2.851504401794000779e-03
2.788569169002045722e-03
2.726927067596246826e-03
2.666562785531053324e-03
2.607460370799999892e-03
2.549603297997005222e-03
2.492974531838037817e-03
2.437556587594737201e-03
2.383331588456751894e-03
2.330281319824174541e-03
2.278387280583303327e-03
2.227630731404281299e-03
2.177992740148668605e-03
2.129454224433802514e-03
2.081995991466339263e-03
2.035598775229467867e-03
1.990243271110197706e-03
1.945910168078557713e-03
1.902580178518977448e-03
1.860234065812098716e-03
1.818852669776619508e-03
1.778416930068145657e-03
1.738907907646223628e-03
1.700306804396814085e-03
1.662594981025830110e-03
1.625753973299090809e-03
1.589765506740938202e-03
1.554611509866492139e-03
1.520274126045899040e-03
1.486735724077925752e-03
1.453978907552090421e-03
1.421986523084547548e-03
1.390741667492154674e-03
1.360227693979643377e-03
1.330428217407140937e-03
1.301327118701604661e-03
1.272908548471977583e-03
1.245156929883822804e-03
1.218056960853465499e-03
1.191593615605844418e-03
1.165752145650658569e-03
1.140518080219686016e-03
1.115877226208569816e-03
1.091815667667326477e-03
1.068319764867914964e-03
1.045376153001226910e-03
1.022971740518821733e-03
1.001093707167282623e-03
9.797295017311953656e-04
9.588668395224709141e-04
9.384936996385554115e-04
9.185983220076007760e-04
8.991692042581379742e-04
8.801950984143692763e-04
8.616650074558925227e-04
8.435681817437354563e-04
8.258941153420802650e-04
8.086325422451800648e-04
7.917734325216533231e-04
7.753069883973072712e-04
7.592236402805039143e-04
7.435140427478160530e-04
7.281690704975784514e-04
7.131798142808647243e-04
6.985375768185427426e-04
6.842338687168100959e-04
6.702604043796484695e-04
6.566090979360506008e-04
6.432720591820345613e-04
6.302415895386363591e-04
6.175101780445050714e-04
6.050704973717521609e-04
5.929153998832216530e-04
5.810379137252330226e-04
5.694312389619001977e-04
5.580887437598165256e-04
5.470039606151414760e-04
5.361705826336184188e-04
5.255824598641658683e-04
5.152335956824404721e-04
5.051181432373301299e-04
4.952304019469842009e-04
4.855648140565902186e-04
4.761159612571765499e-04
4.668785613587719645e-04
4.578474650290188146e-04
4.490176525896538793e-04
4.403842308757276516e-04
4.319424301512018679e-04
4.236876010945506642e-04
4.156152118360357845e-04
4.077208450592726460e-04
4.000001951662987229e-04
3.924490654975229965e-04
3.850633656139955093e-04
3.778391086390370962e-04
3.707724086568680091e-04
3.638594781703813428e-04
3.570966256157468680e-04
3.504802529322164229e-04
3.440068531900111531e-04
3.376730082717815115e-04
3.314753866075311113e-04
3.254107409640301395e-04
3.194759062865453760e-04
3.136677975913765748e-04
3.079834079094906992e-04
3.024198062795820053e-04
2.969741357910021741e-04
2.916436116732489025e-04
2.864255194335148464e-04
2.813172130393926085e-04
2.763161131476000966e-04
2.714197053764658531e-04
2.666255386223707067e-04
2.619312234171167534e-04
2.573344303287337606e-04
2.528328884013468806e-04
2.484243836360977889e-04
2.441067575092585097e-04
2.398779055298555475e-04
2.357357758337944443e-04
2.316783678135790733e-04
2.277037307848790877e-04
2.238099626862071162e-04
2.199952088133494345e-04
2.162576605862926436e-04
2.125955543479388565e-04
2.090071701957198355e-04
2.054908308415582174e-04
2.020449005039378753e-04
1.986677838273616598e-04
1.953579248313829777e-04
1.921138058867408530e-04
1.889339467181321811e-04
1.858169034352046012e-04
1.827612675865689042e-04
1.797656652401221277e-04
1.768287560885798966e-04
1.739492325769204345e-04
1.711258190546734485e-04
1.683572709494403482e-04
1.656423739627571883e-04
1.629799432881935673e-04
1.603688228488935486e-04
1.578078845565230421e-04
1.552960275887818164e-04
1.528321776876696348e-04
1.504152864747229743e-04
1.480443307867466615e-04
1.457183120258646761e-04
1.434362555313661543e-04
1.411972099634720341e-04
1.390002467077894148e-04
1.368444592922973704e-04
1.347289628225726210e-04
1.326528934299051206e-04
1.306154077351437935e-04
1.286156823271152473e-04
1.266529132541510335e-04
1.247263155294915844e-04
1.228351226502920888e-04
1.209785861279119725e-04
1.191559750333017988e-04
1.173665755516150894e-04
1.156096905505902991e-04
1.138846391595528355e-04
1.121907563599644823e-04
1.105273925864794189e-04
1.088939133386256661e-04
1.072896988035658845e-04
1.057141434870628732e-04
1.041666558564725977e-04
1.026466579908038982e-04
1.011535852423536960e-04
9.968688590515898567e-05
9.824602089393247946e-05
9.683046343015511072e-05
9.543969873686684760e-05
9.407322374199642543e-05
9.273054678886734565e-05
9.141118735422940316e-05
9.011467577427759905e-05
8.884055297693042332e-05
8.758837022246623871e-05
8.635768884956714997e-05
8.514808002856608191e-05
8.395912452127356879e-05
8.279041244713864248e-05
8.164154305471417981e-05
8.051212450002091987e-05
7.940177363014434245e-05
7.831011577253412469e-05
7.723678452976438520e-05
7.618142157962415068e-05
7.514367648049067900e-05
7.412320648129567939e-05
7.311967633704178054e-05
7.213275812840454345e-05
7.116213108629705739e-05
7.020748142133122649e-05
6.926850215668940085e-05
6.834489296631114598e-05
6.743636001620315166e-05
6.654261581076231530e-05
6.566337904242649940e-05
6.479837444534366738e-05
6.394733265255571840e-05
6.310999005735797767e-05
6.228608867734607157e-05
6.147537602269882143e-05
6.067760496710895537e-05
5.989253362277387280e-05
5.911992521768096693e-05
5.835954797655496879e-05
5.761117500440177260e-05
5.687458417364702151e-05
5.614955801305964242e-05
5.543588360052711749e-05
5.473335245779180634e-05
5.404176044797412860e-05
5.336090767595743029e-05
5.269059839076911721e-05
5.203064089093075394e-05
5.138084743129463114e-05
5.074103413352154453e-05
5.011102089725913791e-05
4.949063131463858238e-05
4.887969258649311777e-05
4.827803544039147395e-05
4.768549405111551745e-05
4.710190596289913039e-05
4.652711201337417923e-05
4.596095625967719681e-05
4.540328590638152207e-05
4.485395123483229568e-05
4.431280553444020247e-05
4.377970503566096526e-05
4.325450884466286016e-05
4.273707887919384057e-05
4.222727980664508541e-05
4.172497898275488390e-05
4.123004639276102830e-05
4.074235459309881116e-05
4.026177865496764486e-05
3.978819610931959890e-05
3.932148689277497060e-05
3.886153329510803807e-05
3.840821990801312726e-05
3.796143357479000102e-05
3.752106334174848797e-05
3.708700041003991431e-05
3.665913808952119782e-05
3.623737175275085546e-05
3.582159879075993790e-05
3.541171856983876001e-05
3.500763238871983253e-05
3.460924343743656384e-05
3.421645675699850822e-05
3.382917919966585944e-05
3.344731939049086847e-05
3.307078768983008290e-05
3.269949615614453018e-05
3.233335851055260847e-05
3.197229010134045648e-05
3.161620786990452050e-05
3.126503031719810602e-05
3.091867747084993818e-05
3.057707085344174114e-05
3.024013345103263264e-05
2.990778968286453670e-05
2.957996537133347303e-05
2.925658771288769378e-05
2.893758524972026250e-05
2.862288784156774273e-05
2.831242663901947830e-05
2.800613405632738852e-05
2.770394374589070318e-05
2.740579057268392610e-05
2.711161058946205302e-05
2.682134101238396626e-05
2.653492019739971415e-05
2.625228761712159885e-05
2.597338383794032084e-05
2.569815049801896811e-05
2.542653028554160309e-05
2.515846691764367382e-05
2.489390511942941547e-05
2.463279060405498185e-05
2.437507005263388980e-05
2.412069109494277756e-05
2.386960229058185040e-05
2.362175311027279976e-05
2.337709391783464004e-05
2.313557595235897431e-05
2.289715131113574128e-05
2.266177293219379953e-05
2.242939457823384076e-05
2.219997082003419777e-05
2.197345702080838551e-05
2.174980932045140296e-05
2.152898462047442204e-05
2.131094056918079966e-05
2.109563554689304046e-05
2.088302865203219314e-05
2.067307968681670208e-05
2.046574914396048672e-05
2.026099819310709903e-05
2.005878866794701311e-05
1.985908305319068192e-05
1.966184447237614522e-05
1.946703667529913506e-05
1.927462402628173733e-05
1.908457149230999005e-05
1.889684463162473241e-05
1.871140958240060628e-05
1.852823305177369646e-05
1.834728230509395983e-05
1.816852515542305703e-05
1.799192995296402500e-05
1.781746557525064662e-05
1.764510141719098836e-05
1.747480738107834076e-05
1.730655386745260705e-05
1.714031176570968596e-05
1.697605244481768225e-05
1.681374774459532697e-05
1.665336996693881001e-05
1.649489186717072083e-05
1.633828664571694358e-05
1.618352794000192728e-05
1.603058981621389254e-05
1.587944676154968930e-05
1.573007367651555187e-05
1.558244586724512342e-05
1.543653903824445612e-05
1.529232928501222643e-05
1.514979308699478758e-05
1.500890730061002656e-05
1.486964915241780017e-05
1.473199623239578084e-05
1.459592648745746252e-05
1.446141821491604447e-05
1.432845005636962083e-05
1.419700099131503831e-05
1.406705033122347174e-05
1.393857771362307891e-05
1.381156309623490680e-05
1.368598675128807742e-05
1.356182925998852033e-05
1.343907150699773576e-05
1.331769467505470292e-05
1.319768023971665242e-05
1.307900996428195248e-05
1.296166589465828190e-05
1.284563035441035198e-05
1.273088593989782049e-05
1.261741551558667974e-05
1.250520220923012869e-05
1.239422940742375736e-05
1.228448075106230777e-05
1.217594013088675398e-05
1.206859168325377061e-05
1.196241978578502262e-05
1.185740905333519877e-05
1.175354433378109057e-05
1.165081070414008250e-05
1.154919346656452979e-05
1.144867814452118751e-05
1.134925047906853296e-05
1.125089642501044496e-05
1.115360214745029763e-05
1.105735401803970389e-05
1.096213861161771744e-05
1.086794270272874464e-05
1.077475326224682352e-05
1.068255745407596958e-05
1.059134263193298380e-05
1.050109633609718049e-05
1.041180629040099614e-05
1.032346039904551653e-05
1.023604674370084243e-05
1.014955358043125322e-05
1.006396933696114719e-05
9.979282609672292825e-06
9.895482160887309403e-06
9.812556916159324215e-06
9.730495961536249266e-06
9.649288540910340640e-06
9.568924053489256278e-06
9.489392051175790050e-06
9.410682236164070173e-06
9.332784458354177490e-06
9.255688713102117645e-06
9.179385138736357745e-06
9.103864014305643683e-06
9.029115757239737392e-06
8.955130921150099180e-06
8.881900193692743986e-06
8.809414394288291270e-06
8.737664472053608802e-06
8.666641503775753908e-06
8.596336691809320897e-06
8.526741362053824646e-06
8.457846962074876482e-06
8.389645059027354271e-06
8.322127337904742860e-06
8.255285599535570817e-06
8.189111758854949910e-06
8.123597843061843081e-06
8.058735989791526480e-06
7.994518445503145365e-06
7.930937563653306081e-06
7.867985803054497414e-06
7.805655726280254599e-06
7.743939997940063231e-06
7.682831383171228950e-06
7.622322746052714235e-06
7.562407048046989104e-06
7.503077346521286930e-06
7.444326793237577624e-06
7.386148632880832647e-06
7.328536201676347060e-06
7.271482925946030310e-06
7.214982320707855888e-06
7.159027988362281785e-06
7.103613617317987820e-06
7.048732980669973149e-06
