1.601471020574953101e-07
1.327256946070801309e-02
1.362724422763889748e-02
1.377886796022160902e-02
1.379553754064797612e-02
1.378104704955682158e-02
1.375992917179500070e-02
1.373247684313999226e-02
1.369450551289275696e-02
1.364254235395481567e-02
1.357468736087841070e-02
1.349036317735464834e-02
1.338989025640670641e-02
1.327412986878396053e-02
1.314423232575244634e-02
1.300147372463176382e-02
1.284715612510617909e-02
1.268254994226650223e-02
1.250886318768479506e-02
1.232722717097446338e-02
1.213869191633165472e-02
1.194422703760703551e-02
1.174472545456115707e-02
1.154100838622920851e-02
1.133383072111003760e-02
1.112388627425254205e-02
1.091181268943012053e-02
1.069819589026159250e-02
1.048357406600788390e-02
1.026844122049767535e-02
1.005325033217477869e-02
9.838416179140942533e-03
9.624317881552628060e-03
9.411301208612771543e-03
9.199680690651280968e-03
8.989741569882867336e-03
8.781741616951971308e-03
8.575912834634522725e-03
8.372463065199045942e-03
8.171577513941005386e-03
7.973420198252086782e-03
7.778135328992968542e-03
7.585848629149218036e-03
7.396668593245865099e-03
7.210687690046335523e-03
7.027983510309052627e-03
6.848619860967557031e-03
6.672647806793823889e-03
6.500106660472701990e-03
6.331024922003643772e-03
6.165421168331387813e-03
6.003304894209924095e-03
5.844677305418357650e-03
5.689532065477538071e-03
5.537855997228244807e-03
5.389629740626592121e-03
5.244828368304708770e-03
5.103421960423345366e-03
4.965376140491285784e-03
4.830652573785976581e-03
4.699209430135128235e-03
4.571001812728572693e-03
4.445982154724572796e-03
4.324100585337859771e-03
4.205305267099025517e-03
4.089542705947840813e-03
3.976758035777528018e-03
3.866895278982498962e-03
3.759897584541407791e-03
3.655707445088458938e-03
3.554266894370685086e-03
3.455517686429411973e-03
3.359401457791063444e-03
3.265859873859723161e-03
3.174834760676402585e-03
3.086268223121104576e-03
3.000102750590281052e-03
2.916281311105469679e-03
2.834747434753323060e-03
2.755445287326921400e-03
2.678319734932891640e-03
2.603316400337188797e-03
2.530381711714301592e-03
2.459462944463833463e-03
2.390508256686026557e-03
2.323466718875674859e-03
2.258288338346375445e-03
2.194924078876790956e-03
2.133325876005674401e-03
2.073446648401738174e-03
2.015240305671603654e-03
1.958661752966687694e-03
1.903666892707405215e-03
1.850212623716915522e-03
1.798256838041853174e-03
1.747758415704044402e-03
1.698677217623801791e-03
1.650974076908883490e-03
1.604610788716998851e-03
1.559550098858085388e-03
1.515755691300967349e-03
1.473192174732783268e-03
1.431825068297508342e-03
1.391620786646146539e-03
1.352546624401038079e-03
1.314570740138114573e-03
1.277662139973777516e-03
1.241790660848575509e-03
1.206926953569695737e-03
1.173042465688653229e-03
1.140109424270671591e-03
1.108100818610394415e-03
1.076990382941585018e-03
1.046752579187320252e-03
1.017362579786529287e-03
9.887962506298104276e-04
9.610301341410181506e-04
9.340414325244756916e-04
9.078079912038239385e-04
8.823082824767284737e-04
8.575213893960506465e-04
8.334269898969460556e-04
8.100053411856906289e-04
7.872372643957222058e-04
7.651041295184474655e-04
7.435878406280815563e-04
7.226708213891399907e-04
7.023360008678366379e-04
6.825667996387262300e-04
6.633471161926930574e-04
6.446613136520839464e-04
6.264942067826019013e-04
6.088310493137892706e-04
5.916575215563740341e-04
5.749597183255433569e-04
5.587241371505465883e-04
5.429376667919159081e-04
5.275875760371158364e-04
5.126615027937494280e-04
4.981474434595377539e-04
4.840337425726297751e-04
4.703090827390399840e-04
4.569624748268373473e-04
4.439832484248250441e-04
4.313610425651467255e-04
4.190857966946120593e-04
4.071477419011300587e-04
3.955373923792148447e-04
3.842455371382237292e-04
3.732632319422196968e-04
3.625817914777623480e-04
3.521927817456146177e-04
3.420880126668718866e-04
3.322595309064740616e-04
3.226996128972683324e-04
3.134007580710197229e-04
3.043556822829869123e-04
2.955573114284281333e-04
2.869987752450759311e-04
2.786734012978756329e-04
2.705747091418885908e-04
2.626964046504378118e-04
2.550323745211314813e-04
2.475766809319709678e-04
2.403235563670919875e-04
2.332673985870346086e-04
2.264027657535534266e-04
2.197243716982285103e-04
2.132270813308446435e-04
2.069059061852628533e-04
2.007560000998545461e-04
1.947726550245507788e-04
1.889512969534784363e-04
1.832874819823980528e-04
1.777768924803936113e-04
1.724153333781756599e-04
1.671987285673991132e-04
1.621231174079002890e-04
1.571846513401687761e-04
1.523795905987579543e-04
1.477043010238945800e-04
1.431552509708437239e-04
1.387290083101392583e-04
1.344222375187514743e-04
1.302316968578868454e-04
1.261542356364752694e-04
1.221867915566461963e-04
1.183263881374425609e-04
1.145701322178494712e-04
1.109152115334804609e-04
1.073588923661017593e-04
1.038985172639739500e-04
1.005315028301822264e-04
9.725533757710147519e-05
9.406757984561110719e-05
9.096585578604704210e-05
8.794785739916279347e-05
8.501134063704773316e-05
8.215412355954506871e-05
7.937408454546154965e-05
7.666916055863091896e-05
7.403734546384546037e-05
7.147668839439975681e-05
6.898529216697368361e-05
6.656131174543842568e-05
6.420295274788197801e-05
6.190847000013896409e-05
5.967616613079377598e-05
5.750439020910298895e-05
5.539153642157047808e-05
5.333604278936712089e-05
5.133638992296746744e-05
4.939109981293924033e-05
4.749873465745087947e-05
4.565789572415795863e-05
4.386722224468407366e-05
4.212539034280885782e-05
4.043111199352172197e-05
3.878313401263977571e-05
3.718023707665158394e-05
3.562123476977910747e-05
3.410497266131111036e-05
3.263032740772147636e-05
3.119620588193143475e-05
2.980154432832630071e-05
2.844530754145465715e-05
2.712648806953551884e-05
2.584410544094657442e-05
2.459720541231749790e-05
2.338485923989273247e-05
2.220616297057608428e-05
2.106023675498864891e-05
1.994622417849192705e-05
1.886329161385020620e-05
1.781062759036681155e-05
1.678744218250959567e-05
1.579296641598168838e-05
1.482645169056318727e-05
1.388716921959582589e-05
1.297440948564499719e-05
1.208748171155916725e-05
1.122571334730027844e-05
1.038844957039287036e-05
9.575052801770111573e-06
8.784902234047774994e-06
8.017393375332600928e-06
7.271937603240340437e-06
6.547961734310489378e-06
5.844907603626361686e-06
5.162231657483161415e-06
4.499404557150748124e-06
3.855910793857520360e-06
3.231248314756141446e-06
2.624928159543052972e-06
2.036474106752885860e-06
1.465422330862504517e-06
9.113210684324718817e-07
3.737302933658385620e-07
-1.477785973544127828e-07
-6.536230912602991423e-07
-1.144209857190759507e-06
-1.619935035785385546e-06
-2.081184520109010007e-06
-2.528334229751141588e-06
-2.961750376655401638e-06
-3.381789723744091819e-06
-3.788799836298867403e-06
-4.183119326609918603e-06
-4.565078091346594834e-06
-4.934997542876742578e-06
-5.293190833963810504e-06
-5.639963076295304161e-06
-5.975611553002956879e-06
-6.300425925247362187e-06
-6.614688433260475582e-06
-6.918674091604380524e-06
-7.212650879726147583e-06
-7.496879926463685724e-06
-7.771615689927293452e-06
-8.037106132433143320e-06
-8.293592890963510917e-06
-8.541311442185080583e-06
-8.780491263683633734e-06
-9.011355990731138133e-06
-9.234123568553767453e-06
-9.449006400336068794e-06
-9.656211491836203892e-06
-9.855940591621499747e-06
-1.004839032721056007e-05
-1.023375233859591210e-05
-1.041221340705059418e-05
-1.058395558081805344e-05
-1.074915629801054303e-05
-1.090798850518137995e-05
-1.106062077359822835e-05
-1.120721741205035112e-05
-1.134793857643801046e-05
-1.148294037674792980e-05
-1.161237498107524169e-05
-1.173639071683785680e-05
-1.185513216934975888e-05
-1.196874027755762017e-05
-1.207735242778363009e-05
-1.218110254414015182e-05
-1.228012117729434862e-05
-1.237453559074829304e-05
-1.246446984423862541e-05
-1.255004487578195409e-05
-1.263137858083091105e-05
-1.270858589012632059e-05
-1.278177884452446256e-05
-1.285106666874048751e-05
-1.291655584262522619e-05
-1.297835017068270812e-05
-1.303655085009460347e-05
-1.309125653629297876e-05
-1.314256340758870748e-05
-1.319056522740921658e-05
-1.323535340539825097e-05
-1.327701705689532329e-05
-1.331564306049818070e-05
-1.335131611445958502e-05
-1.338411879141106380e-05
-1.341413159212913469e-05
-1.344143299712392507e-05
-1.346609951755192875e-05
-1.348820574456501964e-05
-1.350782439745965848e-05
-1.352502637041862893e-05
-1.353988077802698657e-05
-1.355245500029128243e-05
-1.356281472513533461e-05
-1.357102399153151874e-05
-1.357714522990920310e-05
-1.358123930242430944e-05
-1.358336554220398754e-05
-1.358358179135271423e-05
-1.358194443776870578e-05
-1.357850845147557167e-05
-1.357332741982866309e-05
-1.356645358176492465e-05
-1.355793786144602494e-05
-1.354782990038852359e-05
-1.353617808977732269e-05
-1.352302960093778550e-05
-1.350843041581237662e-05
-1.349242535629967926e-05
-1.347505811282465904e-05
-1.345637127232592346e-05
-1.343640634554037594e-05
-1.341520379340880224e-05
-1.339280305319750254e-05
-1.336924256336983339e-05
-1.334455978849530879e-05
-1.331879124305534764e-05
-1.329197251486127157e-05
-1.326413828769507551e-05
-1.323532236391200721e-05
-1.320555768551071170e-05
-1.317487635586542515e-05
-1.314330965978660181e-05
-1.311088808392075381e-05
-1.307764133614919974e-05
-1.304359836487803725e-05
-1.300878737734360074e-05
-1.297323585795856992e-05
-1.293697058608747457e-05
-1.290001765305086404e-05
-1.286240247914214830e-05
-1.282414982993593496e-05
-1.278528383235249871e-05
-1.274582799028148186e-05
-1.270580519968216082e-05
-1.266523776359804864e-05
-1.262414740647939544e-05
-1.258255528838779544e-05
-1.254048201873407711e-05
-1.249794766986124556e-05
-1.245497178981917765e-05
-1.241157341547099829e-05
-1.236777108479422311e-05
-1.232358284909659308e-05
-1.227902628484966694e-05
-1.223411850527956237e-05
-1.218887617166517280e-05
-1.214331550431744738e-05
-1.209745229333841026e-05
-1.205130190904605251e-05
-1.200487931243660351e-05
-1.195819906479099252e-05
-1.191127533768937851e-05
-1.186412192235948857e-05
-1.181675223907090106e-05
-1.176917934602133268e-05
-1.172141594825902432e-05
-1.167347440630688664e-05
-1.162536674439613462e-05
-1.157710465886051966e-05
-1.152869952603826601e-05
-1.148016241001214605e-05
-1.143150407035166467e-05
-1.138273496943676533e-05
-1.133386527972578946e-05
-1.128490489083262989e-05
-1.123586341646382564e-05
-1.118675020112305808e-05
-1.113757432665902904e-05
-1.108834461869919950e-05
-1.103906965295565172e-05
-1.098975776122479470e-05
-1.094041703746261146e-05
-1.089105534352015627e-05
-1.084168031487312776e-05
-1.079229936615047669e-05
-1.074291969650600940e-05
-1.069354829495795132e-05
-1.064419194547511559e-05
-1.059485723206674774e-05
-1.054555054366203687e-05
-1.049627807889815063e-05
-1.044704585077986681e-05
-1.039785969127375978e-05
-1.034872525573313787e-05
-1.029964802733568284e-05
-1.025063332116266062e-05
-1.020168628845174163e-05
-1.015281192067314349e-05
-1.010401505338110344e-05
-1.005530037013107873e-05
-1.000667240616886143e-05
-9.958135552244913439e-06
-9.909694058059115708e-06
-9.861352035740289756e-06
-9.813113463445301670e-06
-9.764982188488071261e-06
-9.716961930707639341e-06
-9.669056285628938927e-06
-9.621268727548100893e-06
-9.573602612522717442e-06
-9.526061181423058069e-06
-9.478647562707000324e-06
-9.431364775384523146e-06
-9.384215731514632943e-06
-9.337203239234145041e-06
-9.290330005044692967e-06
-9.243598636596820714e-06
-9.197011645077356968e-06
-9.150571447678517836e-06
-9.104280370011500127e-06
-9.058140648343173494e-06
-9.012154431990368136e-06
-8.966323785397746569e-06
-8.920650690381107703e-06
-8.875137048232375529e-06
-8.829784681788466923e-06
-8.784595337379113371e-06
-8.739570686847046401e-06
-8.694712329500513560e-06
-8.650021793888923750e-06
-8.605500539698058031e-06
-8.561149959515764011e-06
-8.516971380560682330e-06
-8.472966066433810847e-06
-8.429135218723821804e-06
-8.385479978611338846e-06
-8.342001428535121977e-06
-8.298700593676933257e-06
-8.255578443447085207e-06
-8.212635893013867216e-06
-8.169873804744065679e-06
-8.127292989506378288e-06
-8.084894208183720217e-06
-8.042678172904493231e-06
-8.000645548395986793e-06
-7.958796953221794937e-06
-7.917132961059946642e-06
-7.875654101934874589e-06
-7.834360863336477826e-06
-7.793253691454712944e-06
-7.752332992240999206e-06
-7.711599132536617205e-06
-7.671052441157920695e-06
-7.630693209968968303e-06
-7.590521694858018675e-06
-7.550538116751581388e-06
-7.510742662628824451e-06
-7.471135486394471403e-06
-7.431716709955362404e-06
-7.392486423931452841e-06
-7.353444688747926790e-06
-7.314591535322931864e-06
-7.275926966028988713e-06
-7.237450955487463884e-06
-7.199163451354964526e-06
-7.161064375108328715e-06
-7.123153622821794275e-06
-7.085431065976990133e-06
-7.047896552053498693e-06
-7.010549905365604962e-06
-6.973390927697805889e-06
