-3.614029120214122472e-08
2.108910390988520071e-03
1.095092126786625236e-03
9.456712742159932615e-04
8.694547127196045532e-04
7.943542309778249110e-04
7.166994610634170497e-04
6.393724546448500100e-04
5.645420081514868809e-04
4.933567366948524982e-04
4.263487755874099472e-04
3.637250325210407832e-04
3.055220244115913666e-04
2.516822612365217609e-04
2.020923077112316468e-04
1.566031742430163960e-04
1.150425793858121280e-04
7.722325259215765542e-05
4.294905037719432380e-05
1.201965179830500231e-05
-1.576580213577362114e-05
-4.060591367131148919e-05
-6.269492541154746113e-05
-8.222118308139491781e-05
-9.936605501849290524e-05
-1.143032146711804559e-04
-1.271982069122313782e-04
-1.382082327585416502e-04
-1.474820994264830736e-04
-1.551602934194751303e-04
-1.613751433525217535e-04
-1.662510466327241489e-04
-1.699047400488705103e-04
-1.724455990735063442e-04
-1.739759543576267667e-04
-1.745914167984081067e-04
-1.743812047802796843e-04
-1.734284689063292860e-04
-1.718106108425842204e-04
-1.695995938892669883e-04
-1.668622436507016815e-04
-1.636605377722286461e-04
-1.600518840600290702e-04
-1.560893867199321351e-04
-1.518221005998554834e-04
-1.472952735256594569e-04
-1.425505769484701143e-04
-1.376263251820699783e-04
-1.325576835708268397e-04
-1.273768660018061085e-04
-1.221133221257364324e-04
-1.167939147303877402e-04
-1.114430876718301738e-04
-1.060830247817574776e-04
-1.007338001494266689e-04
-9.541352017419522436e-05
-9.013845777658172054e-05
-8.492317913537553262e-05
-7.978066329252848530e-05
-7.472241498960068755e-05
-6.975857104012705479e-05
-6.489800057410292716e-05
-6.014839941631951815e-05
-5.551637894366793000e-05
-5.100754963640543487e-05
-4.662659962171717125e-05
-4.237736845292168079e-05
-3.826291635829305929e-05
-3.428558919992925815e-05
-3.044707934920260159e-05
-2.674848270118334752e-05
-2.319035202479385999e-05
-1.977274683871004939e-05
-1.649527999724211127e-05
-1.335716117534310771e-05
-1.035723739017404242e-05
-7.494030756736881316e-06
-4.765773605092671373e-06
-2.170441117759443362e-06
2.942183773901771896e-07
2.630655329833902371e-06
4.841492956526655871e-06
6.929503210655355210e-06
8.897584581861690876e-06
1.074874164181351317e-05
1.248606621228121454e-05
1.411272006703503715e-05
1.563191907277488939e-05
1.704691867130873914e-05
1.836100062219772711e-05
1.957746092775250788e-05
2.069959886124305185e-05
2.173070701709643268e-05
2.267406233050326021e-05
2.353291798843809397e-05
2.431049617281421602e-05
2.500998158310524389e-05
2.563451567539282779e-05
2.618719157205593308e-05
2.667104958961845888e-05
2.708907334039437328e-05
2.744418636695723326e-05
2.773924925832558513e-05
2.797705722764326830e-05
2.816033809430887130e-05
2.829175065475591152e-05
2.837388339834113961e-05
2.840925354468818641e-05
2.840030637366494537e-05
2.834941482146369747e-05
2.825887931470914266e-05
2.813092783079417284e-05
2.796771615093662303e-05
2.777132829389742337e-05
2.754377710857471525e-05
2.728700501529093199e-05
2.700288486482671897e-05
2.669322092178542957e-05
2.635974993878584488e-05
2.600414232254531704e-05
2.562800337323985469e-05
2.523287458927497601e-05
2.482023502709877514e-05
2.439150270682995044e-05
2.394803605553789738e-05
2.349113538254738582e-05
2.302204437359942055e-05
2.254195160458868674e-05
2.205199206634703339e-05
2.155324869555108629e-05
2.104675390491254618e-05
2.053349111026866799e-05
2.001439625199542743e-05
1.949035930317844534e-05
1.896222576828555915e-05
1.843079815936968032e-05
1.789683745768650680e-05
1.736106455237907249e-05
1.682416165504808874e-05
1.628677369159005928e-05
1.574950966684584441e-05
1.521294399978714572e-05
1.467761783426262594e-05
1.414404031562207735e-05
1.361268984097475674e-05
1.308401527764546859e-05
1.255843714877819583e-05
1.203634879185459687e-05
1.151811748125384655e-05
1.100408552109265917e-05
1.049457130880017420e-05
9.989870361566466212e-06
9.490256319329668666e-06
8.995981910184047293e-06
8.507279887187038688e-06
8.024363938050184202e-06
7.547429559476316393e-06
7.076654906916824278e-06
6.612201611521478378e-06
6.154215572811583386e-06
5.702827719232859651e-06
5.258154744936703304e-06
4.820299818430514037e-06
4.389353262655169748e-06
3.965393216307904239e-06
3.548486262832950098e-06
3.138688038968718686e-06
2.736043821211633059e-06
2.340589084344660548e-06
1.952350042886647384e-06
1.571344168818553813e-06
1.197580685905013309e-06
8.310610483944197487e-07
4.717793965217280241e-07
1.197229928048350531e-07
-2.251273581593801841e-07
-5.627969083322003306e-07
-8.933165851935871646e-07
-1.216722622208544846e-06
-1.533056210889237377e-06
-1.842363164368169572e-06
-2.144693598285014991e-06
-2.440101626502393784e-06
-2.728645068091361842e-06
-3.010385171877859128e-06
-3.285386351226198095e-06
-3.553715931045264002e-06
-3.815443910010732086e-06
-4.070642730410215764e-06
-4.319387062263397988e-06
-4.561753596856530632e-06
-4.797820850687611259e-06
-5.027668978990714371e-06
-5.251379599949017863e-06
-5.469035626983262868e-06
-5.680721110169282299e-06
-5.886521085943075079e-06
-6.086521434957412898e-06
-6.280808747913805969e-06
-6.469470198441284847e-06
-6.652593422971415197e-06
-6.830266407733259765e-06
-7.002577382336669333e-06
-7.169614718709945916e-06
-7.331466837043154533e-06
-7.488222117434633163e-06
-7.639968815407978259e-06
-7.786794984262520228e-06
-7.928788401543856103e-06
-8.066036501269987195e-06
-8.198626308520438942e-06
-8.326644380755715682e-06
-8.450176751741876401e-06
-8.569308879409420971e-06
-8.684125598793093360e-06
-8.794711075831136989e-06
-8.901148768316840382e-06
-9.003521385730374731e-06
-9.101910855982406744e-06
-9.196398292554017887e-06
-9.287063965509217604e-06
-9.373987274142026835e-06
-9.457246724285341193e-06
-9.536919904378648614e-06
-9.613083467341102472e-06
-9.685813112886500236e-06
-9.755183571143705932e-06
-9.821268589883161207e-06
-9.884140922115489502e-06
-9.943872316352294285e-06
-1.000053350760112648e-05
-1.005419421041555032e-05
-1.010492311341010022e-05
-1.015278787452017423e-05
-1.019785511891020831e-05
-1.024019043564023573e-05
-1.027985837816221616e-05
-1.031692246381028794e-05
-1.035144517557318442e-05
-1.038348796392881932e-05
-1.041311125018662278e-05
-1.044037443010292363e-05
-1.046533587837124555e-05
-1.048805295419755924e-05
-1.050858200721780194e-05
-1.052697838388822607e-05
-1.054329643466074574e-05
-1.055758952172634254e-05
-1.056991002672316874e-05
-1.058030935999968937e-05
-1.058883796896964079e-05
-1.059554534773394038e-05
-1.060048004641598574e-05
-1.060368968168566296e-05
-1.060522094664608632e-05
-1.060511962161560092e-05
-1.060343058438362034e-05
-1.060019782184531029e-05
-1.059546444037913300e-05
-1.058927267799526824e-05
-1.058166391505154568e-05
-1.057267868611610237e-05
-1.056235669162769758e-05
-1.055073680942922850e-05
-1.053785710685757722e-05
-1.052375485233878868e-05
-1.050846652735103721e-05
-1.049202783830779066e-05
-1.047447372855968616e-05
-1.045583839022235593e-05
-1.043615527605776182e-05
-1.041545711151518705e-05
-1.039377590630620407e-05
-1.037114296627726089e-05
-1.034758890526025143e-05
-1.032314365680147726e-05
-1.029783648545153802e-05
-1.027169599872184353e-05
-1.024475015811483266e-05
-1.021702629097638000e-05
-1.018855110119556183e-05
-1.015935068092164587e-05
-1.012945052134893495e-05
-1.009887552382052699e-05
-1.006765001048086559e-05
-1.003579773522766600e-05
-1.000334189427924235e-05
-9.970305136732221084e-06
-9.936709574768094858e-06
-9.902576794150998188e-06
-9.867927864204224157e-06
-9.832783347779771706e-06
-9.797163311408897091e-06
-9.761087334671023340e-06
-9.724574520119390919e-06
-9.687643502368198283e-06
-9.650312458085080056e-06
-9.612599114431792037e-06
-9.574520758737097069e-06
-9.536094247117671559e-06
-9.497336013322972589e-06
-9.458262077548414137e-06
-9.418888054775563496e-06
-9.379229163259245378e-06
-9.339300232718743546e-06
-9.299115712649531830e-06
-9.258689680148811634e-06
-9.218035847662665001e-06
-9.177167571069938859e-06
-9.136097856847957407e-06
-9.094839369924697105e-06
-9.053404440903882851e-06
-9.011805072843213284e-06
-8.970052949167920252e-06
-8.928159439844891919e-06
-8.886135608602115836e-06
-8.843992219631647067e-06
-8.801739743985071161e-06
-8.759388366226033160e-06
-8.716947990650403719e-06
-8.674428247446614202e-06
-8.631838499166598770e-06
-8.589187846288590082e-06
-8.546485133211258065e-06
-8.503738954132503120e-06
-8.460957658759644032e-06
-8.418149357524567638e-06
-8.375321927378677632e-06
-8.332483016874385825e-06
-8.289640051647995372e-06
-8.246800239232828276e-06
-8.203970574295920190e-06
-8.161157843567504836e-06
-8.118368630406633396e-06
-8.075609319936428646e-06
-8.032886103335263984e-06
-7.990204982528660189e-06
-7.947571774493371530e-06
-7.904992115841343430e-06
-7.862471466822143034e-06
-7.820015115794276740e-06
-7.777628182945768858e-06
-7.735315624628029407e-06
-7.693082237069227922e-06
-7.650932660317922998e-06
-7.608871381943330806e-06
-7.566902740801463119e-06
-7.525030930361390971e-06
-7.483260002724290629e-06
-7.441593871511418522e-06
-7.400036315695713901e-06
-7.358590982591587133e-06
-7.317261391255125094e-06
-7.276050935645839003e-06
-7.234962887516977162e-06
-7.194000399779581526e-06
-7.153166509136419663e-06
-7.112464139161618673e-06
-7.071896103074138201e-06
-7.031465106614430698e-06
-6.991173750506855137e-06
-6.951024533343243136e-06
-6.911019854110867091e-06
-6.871162014646886705e-06
-6.831453222207598966e-06
-6.791895591822963584e-06
-6.752491148803421562e-06
-6.713241830738378804e-06
-6.674149490168770396e-06
-6.635215896548532265e-06
-6.596442738363725991e-06
-6.557831625440168266e-06
-6.519384090882141923e-06
-6.481101593021539030e-06
-6.442985517654630957e-06
-6.405037179691508338e-06
-6.367257825132612973e-06
-6.329648632955679055e-06
-6.292210716896905391e-06
-6.254945127155682897e-06
-6.217852852164695257e-06
-6.180934820248705047e-06
-6.144191901235380003e-06
-6.107624908175413657e-06
-6.071234598685214853e-06
-6.035021676721295237e-06
-5.998986793824582683e-06
-5.963130550803068329e-06
-5.927453499059715382e-06
-5.891956141888049370e-06
-5.856638935954493754e-06
-5.821502292635580839e-06
-5.786546579204742345e-06
-5.751772120155852594e-06
-5.717179198419320492e-06
-5.682768056588202753e-06
-5.648538898080800664e-06
-5.614491888265236083e-06
-5.580627155636479953e-06
-5.546944792784571100e-06
-5.513444857668962904e-06
-5.480127374432997142e-06
-5.446992334557354498e-06
-5.414039697815628001e-06
-5.381269393267860491e-06
-5.348681320108462707e-06
-5.316275348688371151e-06
-5.284051321415428863e-06
-5.252009053551379891e-06
-5.220148334119549806e-06
-5.188468926725062426e-06
-5.156970570398480400e-06
-5.125652980323206609e-06
-5.094515848680151350e-06
-5.063558845346006817e-06
-5.032781618662418237e-06
-5.002183796137638011e-06
-4.971764985217907613e-06
-4.941524773795302961e-06
-4.911462731044754595e-06
-4.881578408042434243e-06
-4.851871338320325075e-06
-4.822341038499830305e-06
-4.792987009001899355e-06
-4.763808734507591852e-06
-4.734805684564305888e-06
-4.705977314187867674e-06
-4.677323064314334676e-06
-4.648842362447008510e-06
-4.620534623073365736e-06
-4.592399248189976030e-06
-4.564435627809852900e-06
-4.536643140424340748e-06
-4.509021153513294679e-06
-4.481569023874702520e-06
-4.454286098217299564e-06
-4.427171713494555357e-06
-4.400225197330823597e-06
-4.373445868439218211e-06
-4.346833037024403786e-06
-4.320386005205283640e-06
-4.294104067242661950e-06
-4.267986510121240090e-06
-4.242032613714554279e-06
-4.216241651214008771e-06
-4.190612889508399140e-06
-4.165145589386135465e-06
-4.139839006004467237e-06
-4.114692389052466059e-06
-4.089704983173060654e-06
-4.064876028169189436e-06
-4.040204759359121520e-06
-4.015690407785448545e-06
-3.991332200538835066e-06
-3.967129360989817592e-06
-3.943081109068374585e-06
-3.919186661472496467e-06
-3.895445231944410683e-06
-3.871856031482635560e-06
-3.848418268595173692e-06
-3.825131149515365590e-06
-3.801993878342504766e-06
-3.779005657378424917e-06
-3.756165687239944815e-06
-3.733473167058333981e-06
-3.710927294712489415e-06
-3.688527267006947623e-06
-3.666272279770682961e-06
-3.644161528173339760e-06
-3.622194206797455443e-06
-3.600369509765165212e-06
-3.578686631017598837e-06
-3.557144764384085361e-06
-3.535743103773405516e-06
-3.514480843237985814e-06
-3.493357177244964753e-06
-3.472371300703568927e-06
-3.451522409143922104e-06
-3.430809698819172833e-06
-3.410232366884075251e-06
-3.389789611461430767e-06
-3.369480631724902476e-06
-3.349304628159348193e-06
-3.329260802470273902e-06
-3.309348357833237526e-06
-3.289566498954495637e-06
-3.269914432136310543e-06
-3.250391365428790265e-06
-3.230996508678802144e-06
-3.211729073612832996e-06
-3.192588273987561918e-06
-3.173573325569328642e-06
-3.154683446315616688e-06
-3.135917856363047099e-06
-3.117275778192765862e-06
-3.098756436604002496e-06
-3.080359058869922431e-06
-3.062082874714256513e-06
-3.043927116491623310e-06
-3.025891019110513066e-06
