4.348542902270487173e-09
2.014068521158816905e-02
1.948918515053943770e-02
1.880999160765161465e-02
1.819330433583901674e-02
1.764734300223442728e-02
1.716570397702908007e-02
1.673840573461763889e-02
1.635493348163558069e-02
1.600580715349746164e-02
1.568314332126100746e-02
1.538066462041093665e-02
1.509348889735481931e-02
1.481786872638592677e-02
1.455095108139219974e-02
1.429057805367846441e-02
1.403512930902497784e-02
1.378340017130224096e-02
1.353450798897111451e-02
1.328782021736763484e-02
1.304289893842356871e-02
1.279945777744389418e-02
1.255732819497371901e-02
1.231643291484966346e-02
1.207676483202900497e-02
1.183837017022735215e-02
1.160133496969694214e-02
1.136577421118908221e-02
1.113182304695337251e-02
1.089962973076394163e-02
1.066934992868773940e-02
1.044114215945819192e-02
1.021516416401263387e-02
9.991570042595512152e-03
9.770508027742609222e-03
9.552118784976301041e-03
9.336534151594189090e-03
9.123876238809969577e-03
8.914256834560997309e-03
8.707777054214460924e-03
8.504527194493811254e-03
8.304586752852489637e-03
8.108024580192284975e-03
7.914899139737819819e-03
7.725258848966711639e-03
7.539142485107667123e-03
7.356579637678513535e-03
7.177591194228944219e-03
7.002189847678577314e-03
6.830380615566924302e-03
6.662161363278480859e-03
6.497523324653485359e-03
6.336451614743637828e-03
6.178925730449279230e-03
6.024920035747178236e-03
5.874404228965872041e-03
5.727343790241009973e-03
5.583700407812641764e-03
5.443432382345011339e-03
5.306495008780590453e-03
5.172840935610667663e-03
5.042420501668815579e-03
4.915182050816289255e-03
4.791072224996324909e-03
4.670036236334757125e-03
4.552018118994458074e-03
4.436960961646653143e-03
4.324807121410377368e-03
4.215498420146429615e-03
4.108976324083564099e-03
4.005182107654714496e-03
3.904057002497816464e-03
3.805542332517953142e-03
3.709579635908775899e-03
3.616110774975715182e-03
3.525078034627530076e-03
3.436424210299578522e-03
3.350092686086310854e-03
3.266027503824250888e-03
3.184173423779220694e-03
3.104475977635631941e-03
3.026881514358315418e-03
2.951337239536826196e-03
2.877791248736940102e-03
2.806192555384043764e-03
2.736491113631141139e-03
2.668637836674384034e-03
2.602584610915626481e-03
2.538284306366489062e-03
2.475690783635581347e-03
2.414758897838554293e-03
2.355444499731924185e-03
2.297704434353552063e-03
2.241496537429613339e-03
2.186779629780393874e-03
2.133513509956070937e-03
2.081658945299025374e-03
2.031177661616306775e-03
1.982032331634653657e-03
1.934186562394694031e-03
1.887604881724094970e-03
1.842252723924699652e-03
1.798096414779762732e-03
1.755103156008918719e-03
1.713241009245843136e-03
1.672478879645344658e-03
1.632786499192544942e-03
1.594134409788607650e-03
1.556493946174553359e-03
1.519837218761375995e-03
1.484137096406917345e-03
1.449367189200765314e-03
1.415501831288840931e-03
1.382516063782733085e-03
1.350385617777669035e-03
1.319086897527168819e-03
1.288596963774600633e-03
1.258893517292903252e-03
1.229954882628222146e-03
1.201759992081195133e-03
1.174288369931066360e-03
1.147520116921335208e-03
1.121435895015396485e-03
1.096016912427374762e-03
1.071244908944938255e-03
1.047102141536329807e-03
1.023571370261176349e-03
1.000635844472451538e-03
9.782792893245617887e-04
9.564858925822983032e-04
9.352402917322614464e-04
9.145275613941393402e-04
8.943332010342691782e-04
8.746431229761959933e-04
8.554436407089786041e-04
8.367214574855298334e-04
8.184636552141898299e-04
8.006576836332423295e-04
7.832913497667017997e-04
7.663528076598517423e-04
7.498305483880378288e-04
7.337133903306100515e-04
7.179904697094014214e-04
7.026512313862249507e-04
6.876854199121286686e-04
6.730830708251112852e-04
6.588345021900074211e-04
6.449303063755366418e-04
6.313613420610968835e-04
6.181187264755840828e-04
6.051938278501787800e-04
5.925782580899599571e-04
5.802638656585534360e-04
5.682427286637055982e-04
5.565071481437732122e-04
5.450496415523773362e-04
5.338629364266080958e-04
5.229399642475791778e-04
5.122738544724942181e-04
5.018579287497362731e-04
4.916856952981361840e-04
4.817508434546461608e-04
4.720472383843738883e-04
4.625689159410692540e-04
4.533100776883166715e-04
4.442650860615362639e-04
4.354284596769045245e-04
4.267948687794474510e-04
4.183591308256583412e-04
4.101162061984061431e-04
4.020611940508967688e-04
3.941893282716509950e-04
3.864959735721318129e-04
3.789766216918041006e-04
3.716268877141217300e-04
3.644425064952048045e-04
3.574193291981721818e-04
3.505533199300716685e-04
3.438405524825735669e-04
3.372772071659622581e-04
3.308595677414635674e-04
3.245840184435868758e-04
3.184470410909913092e-04
3.124452122858723197e-04
3.065752006942302891e-04
3.008337644103334504e-04
2.952177483970943130e-04
2.897240820052230260e-04
2.843497765648141194e-04
2.790919230491848042e-04
2.739476898095219741e-04
2.689143203741948727e-04
2.639891313175241928e-04
2.591695101875874470e-04
2.544529134995351938e-04
2.498368647856422640e-04
2.453189527048525742e-04
2.408968292080641567e-04
2.365682077573095002e-04
2.323308615971680349e-04
2.281826220798536175e-04
2.241213770363337720e-04
2.201450691979417429e-04
2.162516946635304068e-04
2.124393014119482467e-04
2.087059878585091881e-04
2.050499014532969995e-04
2.014692373217423277e-04
1.979622369434765440e-04
1.945271868711619394e-04
1.911624174864676889e-04
1.878663017920394586e-04
1.846372542391793521e-04
1.814737295893763291e-04
1.783742218088808838e-04
1.753372629961253034e-04
1.723614223394306249e-04
1.694453051054003914e-04
1.665875516563804302e-04
1.637868364967948664e-04
1.610418673461327195e-04
1.583513842397670814e-04
1.557141586546401731e-04
1.531289926611321278e-04
1.505947180983193215e-04
1.481101957732023809e-04
1.456743146832568980e-04
1.432859912611679238e-04
1.409441686401146743e-04
1.386478159414042204e-04
1.363959275817586201e-04
1.341875225997397631e-04
1.320216440024297414e-04
1.298973581299177500e-04
1.278137540375344830e-04
1.257699428965669986e-04
1.237650574104396479e-04
1.217982512488617917e-04
1.198686984967804199e-04
1.179755931192290997e-04
1.161181484407819528e-04
1.142955966406703980e-04
1.125071882609340488e-04
1.107521917280072222e-04
1.090298928894886942e-04
1.073395945613792800e-04
1.056806160898785674e-04
1.040522929238878088e-04
1.024539762009046070e-04
1.008850323422405060e-04
9.934484266158390565e-05
9.783280298286297619e-05
9.634832326925441654e-05
9.489082726239711572e-05
9.345975213092240432e-05
9.205454812942599969e-05
9.067467826623676092e-05
8.931961798009578320e-05
8.798885482636318982e-05
8.668188817071142147e-05
8.539822889226250928e-05
8.413739909363342326e-05
8.289893181980766666e-05
8.168237078421552739e-05
8.048727010166571456e-05
7.931319402937570071e-05
7.815971671433562078e-05
7.702642194783464093e-05
7.591290292614728992e-05
7.481876201783595789e-05
7.374361053722106908e-05
7.268706852411349780e-05
7.164876452894862870e-05
7.062833540398185262e-05
6.962542609981375635e-05
6.863968946740175482e-05
6.767078606531057468e-05
6.671838397180935199e-05
6.578215860236187671e-05
6.486179253139240212e-05
6.395697531925909399e-05
6.306740334298052697e-05
6.219277963236135871e-05
6.133281370938424429e-05
6.048722143284111032e-05
5.965572484609518462e-05
5.883805202895657044e-05
5.803393695403959385e-05
5.724311934596059147e-05
5.646534454473366122e-05
5.570036337246299081e-05
5.494793200355897197e-05
5.420781183802376562e-05
5.347976937846525536e-05
5.276357610981508923e-05
5.205900838231807112e-05
5.136584729718647379e-05
5.068387859603216614e-05
5.001289255177274727e-05
4.935268386356203574e-05
4.870305155351681075e-05
4.806379886664903094e-05
4.743473317258044085e-05
4.681566587080236952e-05
4.620641229713736705e-05
4.560679163329931494e-05
4.501662681868884270e-05
4.443574446392231604e-05
4.386397476694195804e-05
4.330115143102903654e-05
4.274711158508549380e-05
4.220169570527154722e-05
4.166474753954437789e-05
4.113611403296615540e-05
4.061564525598328489e-05
4.010319433334668179e-05
3.959861737574297224e-05
3.910177341245664760e-05
3.861252432585767007e-05
3.813073478777883571e-05
3.765627219700163269e-05
3.718900661846350755e-05
3.672881072389217198e-05
3.627555973417760784e-05
3.582913136255801661e-05
3.538940575965976134e-05
3.495626545966756907e-05
3.452959532782836288e-05
3.410928250921741692e-05
3.369521637864597319e-05
3.328728849194896621e-05
3.288539253831352087e-05
3.248942429349148164e-05
3.209928157495618728e-05
3.171486419695684265e-05
3.133607392755100393e-05
3.096281444635165455e-05
3.059499130316533283e-05
3.023251187771628791e-05
2.987528534027709311e-05
2.952322261329451617e-05
2.917623633386697278e-05
2.883424081711992646e-05
2.849715202026843205e-05
2.816488750786427515e-05
2.783736641753267288e-05
2.751450942656862830e-05
2.719623871962276247e-05
2.688247795642946750e-05
2.657315224117023312e-05
2.626818809181201281e-05
2.596751341057103248e-05
2.567105745477019836e-05
2.537875080867267659e-05
2.509052535579218960e-05
2.480631425167534033e-05
2.452605189757082736e-05
2.424967391461316474e-05
2.397711711863502229e-05
2.370831949523535294e-05
2.344322017600214446e-05
2.318175941469199973e-05
2.292387856426620951e-05
2.266952005439946632e-05
2.241862736939662109e-05
2.217114502675317816e-05
2.192701855593840403e-05
2.168619447812775679e-05
2.144862028576217521e-05
2.121424442297431965e-05
2.098301626650950390e-05
2.075488610673959053e-05
2.052980512938675758e-05
2.030772539740118116e-05
2.008859983358396819e-05
1.987238220314379699e-05
1.965902709709947606e-05
1.944848991562399664e-05
1.924072685204840694e-05
1.903569487717766566e-05
1.883335172380819084e-05
1.863365587159283805e-05
1.843656653246338880e-05
1.824204363609851110e-05
1.805004781583235672e-05
1.786054039493788245e-05
1.767348337290713893e-05
1.748883941255096908e-05
1.730657182673477027e-05
1.712664456593827051e-05
1.694902220591219840e-05
1.677366993524838300e-05
1.660055354387564706e-05
1.642963941137227026e-05
1.626089449527577579e-05
1.609428632047896213e-05
1.592978296797922523e-05
1.576735306424288416e-05
1.560696577100706368e-05
1.544859077482795478e-05
1.529219827713678003e-05
1.513775898455658579e-05
1.498524409920362343e-05
1.483462530933478938e-05
1.468587478019795485e-05
1.453896514496263159e-05
1.439386949599975250e-05
1.425056137613293934e-05
1.410901477032496751e-05
1.396920409730750340e-05
1.383110420152092178e-05
1.369469034514140321e-05
1.355993820034103839e-05
1.342682384163793980e-05
1.329532373850353983e-05
1.316541474800823899e-05
1.303707410759017049e-05
1.291027942818579011e-05
1.278500868730046572e-05
1.266124022219487307e-05
1.253895272346890247e-05
1.241812522842299575e-05
1.229873711484296236e-05
1.218076809471684145e-05
1.206419820822625341e-05
1.194900781774126664e-05
1.183517760204011088e-05
1.172268855050736234e-05
1.161152195756765824e-05
1.150165941722502107e-05
1.139308281762884748e-05
1.128577433579439089e-05
1.117971643250407373e-05
1.107489184708690326e-05
1.097128359261115977e-05
1.086887495091655678e-05
1.076764946784162889e-05
1.066759094856580947e-05
1.056868345300089207e-05
1.047091129131501194e-05
1.037425901942684238e-05
1.027871143486558903e-05
1.018425357227928432e-05
1.009087069949895739e-05
9.998548313291683726e-06
9.907272135464511415e-06
9.817028108896899563e-06
9.727802393680711206e-06
9.639581363344348802e-06
9.552351601227644651e-06
9.466099896716438606e-06
9.380813241806871833e-06
9.296478827514815840e-06
9.213084040517215741e-06
9.130616459738005378e-06
9.049063853109290498e-06
8.968414174268997689e-06
8.888655559431812695e-06
8.809776324273256221e-06
8.731764960827540956e-06
8.654610134560566221e-06
8.578300681388605932e-06
8.502825604754467764e-06
8.428174072899371125e-06
8.354335415971193612e-06
8.281299123378002973e-06
8.209054841053822885e-06
8.137592368884039048e-06
8.066901658086635891e-06
7.996972808687896085e-06
7.927796067096860717e-06
7.859361823547835271e-06
7.791660609833217862e-06
7.724683096878260944e-06
7.658420092473401479e-06
7.592862538997115352e-06
7.528001511213593591e-06
7.463828213993351293e-06
7.400333980363132472e-06
7.337510269227515941e-06
7.275348663346281954e-06
7.213840867436080074e-06
7.152978705959184450e-06
7.092754121390093402e-06
7.033159172115514517e-06
6.974186030677500582e-06
6.915826981894114707e-06
6.858074420948587532e-06
6.800920851774415871e-06
6.744358885165747408e-06
6.688381237101072849e-06
6.632980727090125077e-06
6.578150276446158102e-06
6.523882906709329904e-06
6.470171738006007242e-06
6.417009987522700272e-06
6.364390967927454017e-06
6.312308085858539999e-06
6.260754840429135614e-06
6.209724821758099741e-06
