1.423778685995104675e+11
1.823971956250352022e-01
1.773983103617395862e-01
1.769849609821778635e-01
1.769224727357943117e-01
1.765731530135168370e-01
1.758308201259919379e-01
1.747063519052889369e-01
1.732350805452895770e-01
1.714546233417104659e-01
1.694002409951078647e-01
1.671043455327216876e-01
1.645968023136488156e-01
1.619052654965011939e-01
1.590554228750411525e-01
1.560711607068503426e-01
1.529746755873748754e-01
1.497865544433540919e-01
1.465258365795047979e-01
1.432100666758913121e-01
1.398553443775600869e-01
1.364763739818810606e-01
1.330865162739272023e-01
1.296978435383255857e-01
1.263211980551486313e-01
1.229662538894356061e-01
1.196415814558671187e-01
1.163547141460714585e-01
1.131122162105273610e-01
1.099197510685669954e-01
1.067821492531173533e-01
1.037034752664336423e-01
1.006870927138407978e-01
9.773572718414946792e-02
9.485152644975780589e-02
9.203611766078267920e-02
8.929066130175122851e-02
8.661590176445743694e-02
8.401221446491202727e-02
8.147964949576280702e-02
7.901797185826309189e-02
7.662669835988689115e-02
7.430513129751803447e-02
7.205238907035216300e-02
6.986743388467431259e-02
6.774909672392537274e-02
6.569609976391110884e-02
6.370707641494877116e-02
6.178058917142936757e-02
5.991514544528819819e-02
5.810921155378734326e-02
5.636122502445495286e-02
5.466960537147924626e-02
5.303276348879015778e-02
5.144910979498629189e-02
4.991706125653627701e-02
4.843504740482340587e-02
4.700151545454978042e-02
4.561493462107168995e-02
4.427379972613398884e-02
4.297663417321118118e-02
4.172199236600904193e-02
4.050846163677501721e-02
3.933466374422822653e-02
3.819925599511142522e-02
3.710093203754993851e-02
3.603842236966237067e-02
3.501049460166427707e-02
3.401595350616415381e-02
3.305364088695039726e-02
3.212243529337688308e-02
3.122125160440747393e-02
3.034904050329600977e-02
2.950478786166677025e-02
2.868751404922242898e-02
2.789627318355836216e-02
2.713015233255688941e-02
2.638827068025317857e-02
2.566977866578845635e-02
2.497385710355803923e-02
2.429971629176419512e-02
2.364659511540700976e-02
2.301376014898348643e-02
2.240050476335486707e-02
2.180614824044679878e-02
2.123003489908104058e-02
2.067153323448378544e-02
2.013003507360644484e-02
1.960495474810808325e-02
1.909572828630645702e-02
1.860181262528337598e-02
1.812268484392332013e-02
1.765784141745285751e-02
1.720679749396047953e-02
1.676908619303674186e-02
1.634425792672411504e-02
1.593187974256071726e-02
1.553153468877011001e-02
1.514282120118792818e-02
1.476535251172483854e-02
1.439875607792306944e-02
1.404267303319839399e-02
1.369675765734679196e-02
1.336067686673914068e-02
1.303410972374829946e-02
1.271674696484903500e-02
1.240829054682945909e-02
1.210845321058129365e-02
1.181695806185545372e-02
1.153353816850732905e-02
1.125793617357562226e-02
1.098990392370469138e-02
1.072920211236216836e-02
1.047559993726743244e-02
1.022887477156464442e-02
9.988811848177459041e-03
9.755203956866465020e-03
9.527851153507072013e-03
9.306560481083359093e-03
9.091145701968450510e-03
8.881427041013800761e-03
8.677230939037938739e-03
8.478389816307885241e-03
8.284741845552279216e-03
8.096130734173589971e-03
7.912405515286380364e-03
7.733420347143304951e-03
7.559034320718360789e-03
7.389111275000415091e-03
7.223519619746099352e-03
7.062132165367884795e-03
6.904825959625604526e-03
6.751482130903152523e-03
6.601985737726412395e-03
6.456225624293487897e-03
6.314094281794302432e-03
6.175487715212923945e-03
6.040305315430094524e-03
5.908449736404142172e-03
5.779826777178032060e-03
5.654345268569116456e-03
5.531916964296446082e-03
5.412456436365120638e-03
5.295880974570454924e-03
5.182110489915681129e-03
5.071067421773323147e-03
4.962676648654795741e-03
4.856865402454113578e-03
4.753563185952769388e-03
4.652701693549143869e-03
4.554214734994177505e-03
4.458038162055144582e-03
4.364109797972304250e-03
4.272369369598738587e-03
4.182758442109024699e-03
4.095220356176820786e-03
4.009700167515450886e-03
3.926144588674462810e-03
3.844501933050414877e-03
3.764722060935810077e-03
3.686756327616169671e-03
3.610557533364033844e-03
3.536079875293030028e-03
3.463278900974309238e-03
3.392111463757840895e-03
3.322535679738169989e-03
3.254510886263162206e-03
3.187997601979075668e-03
3.122957488296274065e-03
3.059353312272916625e-03
2.997148910794500409e-03
2.936309156079675020e-03
2.876799922388206809e-03
2.818588053924431236e-03
2.761641333881792448e-03
2.705928454573180986e-03
2.651418988630194207e-03
2.598083361185388185e-03
2.545892823064610511e-03
2.494819424877947611e-03
2.444835992041261008e-03
2.395916100648820546e-03
2.348034054169501061e-03
2.301164860970539294e-03
2.255284212591135429e-03
2.210368462760570196e-03
2.166394607146626683e-03
2.123340263769257774e-03
2.081183654095264401e-03
2.039903584762026156e-03
1.999479429913408879e-03
1.959891114135414725e-03
1.921119095955603484e-03
1.883144351890742030e-03
1.845948361027582862e-03
1.809513090110570488e-03
1.773820979123152952e-03
1.738854927334498868e-03
1.704598279820279672e-03
1.671034814399785517e-03
1.638148729018906735e-03
1.605924629528798775e-03
1.574347517860674728e-03
1.543402780588731815e-03
1.513076177855232629e-03
1.483353832645084580e-03
1.454222220409473465e-03
1.425668159018567138e-03
1.397678799023527318e-03
1.370241614238265626e-03
1.343344392613854410e-03
1.316975227392491732e-03
1.291122508542574820e-03
1.265774914466888390e-03
1.240921403952599533e-03
1.216551208392813166e-03
1.192653824221734382e-03
1.169219005609178907e-03
1.146236757356478009e-03
1.123697328026196374e-03
1.101591203268581509e-03
1.079909099368059344e-03
1.058641956957817598e-03
1.037780934958210111e-03
1.017317404658379942e-03
9.972429440208152585e-04
9.775493321115824585e-04
9.582285437279569607e-04
9.392727441781545394e-04
9.206742842013948547e-04
9.024256950567188795e-04
8.845196837528046530e-04
8.669491284041264123e-04
8.497070737369938342e-04
8.327867267370336890e-04
8.161814523817145783e-04
7.998847695516175804e-04
7.838903470125391237e-04
7.681919995468078355e-04
7.527836841758617226e-04
7.376594964993987702e-04
7.228136671362239696e-04
7.082405582778950048e-04
6.939346603123119905e-04
6.798905885747608124e-04
6.661030801768941245e-04
6.525669909169806715e-04
6.392772922949596648e-04
6.262290685918880939e-04
6.134175140479758426e-04
6.008379301081223645e-04
5.884857227478335062e-04
5.763563998737453176e-04
5.644455687923155551e-04
5.527489337529001290e-04
5.412622935594413320e-04
5.299815392352247301e-04
5.189026517724570908e-04
5.080216999178155390e-04
4.973348380461484197e-04
4.868383040614876478e-04
4.765284173835482306e-04
4.664015769648699461e-04
4.564542593792353387e-04
4.466830169489455216e-04
4.370844759264969071e-04
4.276553347266620619e-04
4.183923622038676626e-04
4.092923959724270588e-04
4.003523407740683382e-04
3.915691668912035794e-04
3.829399085935047964e-04
3.744616626344399180e-04
3.661315867800052359e-04
3.579468983825329076e-04
3.499048729833642568e-04
3.420028429570454165e-04
3.342381961926044198e-04
3.266083748039161350e-04
3.191108738704873105e-04
3.117432402246489431e-04
3.045030712529595007e-04
2.973880137373541288e-04
2.903957627236053440e-04
2.835240604226463290e-04
2.767706951265491711e-04
2.701335001713545125e-04
2.636103529118916100e-04
2.571991737230217012e-04
2.508979250328557953e-04
2.447046103768446557e-04
2.386172734718527977e-04
2.326339973182101062e-04
2.267529033250781367e-04
2.209721504458084240e-04
2.152899343539349530e-04
2.097044866236075222e-04
2.042140739320075227e-04
1.988169972937381402e-04
1.935115912954366024e-04
1.882962233645812944e-04
1.831692930496231497e-04
1.781292313127735838e-04
1.731744998507700473e-04
1.683035904245233638e-04
1.635150242051963687e-04
1.588073511376020264e-04
1.541791493206989827e-04
1.496290244014097937e-04
1.451556089764327595e-04
1.407575620215872902e-04
1.364335683216033601e-04
1.321823379252240471e-04
1.280026055976435373e-04
1.238931303080281765e-04
1.198526947014944000e-04
1.158801046114987798e-04
1.119741885609037979e-04
1.081337972903551048e-04
1.043578032891012697e-04
1.006451003364716712e-04
9.699460306067386739e-05
9.340524650136572404e-05
8.987598568643839769e-05
8.640579521257407691e-05
8.299366884334524741e-05
7.963861911419733985e-05
7.633967693809751154e-05
7.309589123538628996e-05
6.990632855741196749e-05
6.677007272526402915e-05
6.368622448271743508e-05
6.065390114251556497e-05
5.767223625530171205e-05
5.474037927477581889e-05
5.185749523772820169e-05
4.902276444695985447e-05
4.623538216597111727e-05
4.349455831476056744e-05
4.079951717339547201e-05
3.814949709823878266e-05
3.554375023595568450e-05
3.298154225084282132e-05
3.046215205415592209e-05
2.798487153854445353e-05
2.554900532381054745e-05
2.315387050177974970e-05
2.079879639005355330e-05
1.848312429175713589e-05
1.620620726017207858e-05
1.396740986248090621e-05
1.176610796216337462e-05
9.601688490512572116e-06
7.473549234582321787e-06
5.381098624024360788e-06
3.323755521700277882e-06
1.300949029614528740e-06
-6.878817231381617603e-07
-2.643287761783241763e-06
-4.565810461487629368e-06
-6.455981736763760637e-06
-8.314324214886426034e-06
-1.014135142107797094e-05
-1.193756795037081986e-05
-1.370346963769364379e-05
-1.543954372551503695e-05
-1.714626903059901508e-05
-1.882411609699374822e-05
-2.047354736056661295e-05
-2.209501729755203314e-05
-2.368897257687407887e-05
-2.525585220713999490e-05
-2.679608768207941694e-05
-2.831010311665771439e-05
-2.979831539251520667e-05
-3.126113429030574764e-05
-3.269896262048099800e-05
-3.411219635451878673e-05
-3.550122475548533885e-05
-3.686643049549687134e-05
-3.820818978383933029e-05
-3.952687248642838824e-05
-4.082284224171672804e-05
-4.209645657038407762e-05
-4.334806699968218879e-05
-4.457801916046832957e-05
-4.578665290511096941e-05
-4.697430241051847588e-05
-4.814129627561669622e-05
-4.928795763436966126e-05
-5.041460424681787345e-05
-5.152154859966451284e-05
-5.260909799997826042e-05
-5.367755467244883505e-05
-5.472721584864892463e-05
-5.575837385829451875e-05
-5.677131621562025998e-05
-5.776632570797524124e-05
-5.874368048131017872e-05
-5.970365412033551422e-05
-6.064651573312040966e-05
-6.157253002814222498e-05
-6.248195739511075431e-05
-6.337505398179565930e-05
-6.425207176796732256e-05
-6.511325863889361187e-05
-6.595885845928073365e-05
-6.678911114432750651e-05
-6.760425272833714416e-05
-6.840451543399517220e-05
-6.919012773787258652e-05
-6.996131443925968085e-05
-7.071829671967400088e-05
-7.146129221191621639e-05
-7.219051505691354009e-05
-7.290617596833470770e-05
-7.360848229054361980e-05
-7.429763805522071607e-05
-7.497384404375750933e-05
-7.563729783899297843e-05
-7.628819388294516557e-05
-7.692672352921370305e-05
-7.755307509871300908e-05
-7.816743392852210093e-05
-7.876998242672961226e-05
-7.936090012061747245e-05
-7.994036370551071968e-05
-8.050854709384935859e-05
-8.106562146292795035e-05
-8.161175530263520272e-05
-8.214711445808653423e-05
-8.267186217669753034e-05
-8.318615915281490913e-05
-8.369016356901681775e-05
-8.418403113852335196e-05
-8.466791515093774478e-05
-8.514196650710736947e-05
-8.560633376308857123e-05
-8.606116316989265158e-05
-8.650659870856891587e-05
-8.694278213172701442e-05
-8.736985300084043615e-05
-8.778794871888706552e-05
-8.819720457098334521e-05
-8.859775375702483302e-05
-8.898972742765742794e-05
-8.937325471625179318e-05
-8.974846277509662684e-05
-9.011547680581877273e-05
-9.047442009335604496e-05
-9.082541403526711576e-05
-9.116857817570434008e-05
-9.150403023361342036e-05
-9.183188613470782968e-05
-9.215226003811416433e-05
-9.246526436812452232e-05
-9.277100984061981137e-05
-9.306960549193554755e-05
-9.336115870683947549e-05
-9.364577524184625190e-05
-9.392355925719186871e-05
-9.419461333903811351e-05
-9.445903852522974375e-05
-9.471693433127370554e-05
-9.496839877498608473e-05
-9.521352839936270129e-05
-9.545241829922446186e-05
-9.568516213942501736e-05
-9.591185218416065084e-05
-9.613257931406771206e-05
-9.634743305242388089e-05
-9.655650158268969108e-05
-9.675987177448774901e-05
-9.695762919981198991e-05
-9.714985815922894119e-05
-9.733664169697675561e-05
-9.751806162294762714e-05
-9.769419853333793924e-05
-9.786513182907796704e-05
-9.803093973270726735e-05
-9.819169931035709453e-05
-9.834748648884783506e-05
-9.849837607212030832e-05
-9.864444176033160261e-05
-9.878575616806273274e-05
-9.892239083830745017e-05
-9.905441626245625741e-05
-9.918190189406317359e-05
-9.930491616971792723e-05
-9.942352651837182975e-05
-9.953779938154383444e-05
-9.964780022797548042e-05
-9.975359356739765815e-05
-9.985524296762804397e-05
-9.995281106611741961e-05
-1.000463595872691513e-04
-1.001359493564280001e-04
-1.002216403103162179e-04
-1.003034915150191608e-04
-1.003815611770875194e-04
