6.018165975170655518e+11
2.534398995513331698e-02
2.036037021576886374e-02
1.832106130542765499e-02
1.745262743807574068e-02
1.704525793482902785e-02
1.683675777436555165e-02
1.672087000662836331e-02
1.664969984397313141e-02
1.659977136392321029e-02
1.655897792559724024e-02
1.652093877701510394e-02
1.648228791303640861e-02
1.644127179073429090e-02
1.639699453024556774e-02
1.634900650014570189e-02
1.629708181741795769e-02
1.624110103935727523e-02
1.618099212539947374e-02
1.611670306476842285e-02
1.604819112521393976e-02
1.597542032398902023e-02
1.589836253949394873e-02
1.581699985481099802e-02
1.573132694269796517e-02
1.564135296842694700e-02
1.554710283919735758e-02
1.544861780420658803e-02
1.534595548796335862e-02
1.523918946532276664e-02
1.512840848805074856e-02
1.501371546113894340e-02
1.489522625138750556e-02
1.477306839538972127e-02
1.464737975921082125e-02
1.451830718965085865e-02
1.438600518695398733e-02
1.425063462035813799e-02
1.411236150159833613e-02
1.397135582617536897e-02
1.382779048891613627e-02
1.368184027675889425e-02
1.353368094005791278e-02
1.338348834187463865e-02
1.323143768374324125e-02
1.307770280533060436e-02
1.292245555511950528e-02
1.276586522870393203e-02
1.260809807117269088e-02
1.244931683982564152e-02
1.228968042348776990e-02
1.212934351480399187e-02
1.196845633169285605e-02
1.180716438459161743e-02
1.164560828584448871e-02
1.148392359805372465e-02
1.132224071817122812e-02
1.116068479423093507e-02
1.099937567193176591e-02
1.083842786820232718e-02
1.067795056928710906e-02
1.051804765081643112e-02
1.035881771755819969e-02
1.020035416075759649e-02
1.004274523102077765e-02
9.886074124764387960e-03
9.730419082684127474e-03
9.575853498392294938e-03
9.422446035873388581e-03
9.270260754292269922e-03
9.119357238930758669e-03
8.969790737007432568e-03
8.821612297411185466e-03
8.674868913270072923e-03
8.529603666501017756e-03
8.385855873617398260e-03
8.243661231928545163e-03
8.103051965615559737e-03
7.964056971024646714e-03
7.826701960665038982e-03
7.691009605577781016e-03
7.556999675447206855e-03
7.424689176374510424e-03
7.294092485803371773e-03
7.165221484500383653e-03
7.038085685217687626e-03
6.912692358087113575e-03
6.789046652297514584e-03
6.667151714309760280e-03
6.547008802149090201e-03
6.428617396031510722e-03
6.311975305069994491e-03
6.197078770210584509e-03
6.083922563218102653e-03
5.972500081921516824e-03
5.862803441588404496e-03
5.754823562601485420e-03
5.648550254382378455e-03
5.543972295697363606e-03
5.441077511409098122e-03
5.339852845698267458e-03
5.240284431933472931e-03
5.142357659166485462e-03
5.046057235444045830e-03
4.951367247977289665e-03
4.858271220283150171e-03
4.766752166359911058e-03
4.676792642074545370e-03
4.588374793787375339e-03
4.501480404334623486e-03
4.416090936502525821e-03
4.332187574035861743e-03
4.249751260303247236e-03
4.168762734742204046e-03
4.089202567132188548e-03
4.011051189815262319e-03
3.934288927918805356e-03
3.858896027742364510e-03
3.784852683312855959e-03
3.712139061228691972e-03
3.640735323874544349e-03
3.570621651065364333e-03
3.501778260250221209e-03
3.434185425245095402e-03
3.367823493676036506e-03
3.302672903122916281e-03
3.238714196075465068e-03
3.175928033730013311e-03
3.114295208718642627e-03
3.053796656800056297e-03
2.994413467587886402e-03
2.936126894348412009e-03
2.878918362951399246e-03
2.822769479982056851e-03
2.767662040114693411e-03
2.713578032705887821e-03
2.660499647762382125e-03
2.608409281207979546e-03
2.557289539595108963e-03
2.507123244200437640e-03
2.457893434624658369e-03
2.409583371870027690e-03
2.362176540936733460e-03
2.315656653013364874e-03
2.270007647220406710e-03
2.225213691983585207e-03
2.181259186065931388e-03
2.138128759212598595e-03
2.095807272542993260e-03
2.054279818618276465e-03
2.013531721247296957e-03
1.973548535034064244e-03
1.934316044708284110e-03
1.895820264234071573e-03
1.858047435710608042e-03
1.820984028108041386e-03
1.784616735824862133e-03
1.748932477090292537e-03
1.713918392222790743e-03
1.679561841769983133e-03
1.645850404536020051e-03
1.612771875455498716e-03
1.580314263464499547e-03
1.548465789162012385e-03
1.517214882507111895e-03
1.486550180382462116e-03
1.456460524102531906e-03
1.426934956891390271e-03
1.397962721295664679e-03
1.369533256548427502e-03
1.341636195935080877e-03
1.314261364077751182e-03
1.287398774240555710e-03
1.261038625601340613e-03
1.235171300496329394e-03
1.209787361677427953e-03
1.184877549547325160e-03
1.160432779394815483e-03
1.136444138645220647e-03
1.112902884098598832e-03
1.089800439174171132e-03
1.067128391188276737e-03
1.044878488617229095e-03
1.023042638393256709e-03
1.001612903206883232e-03
9.805814988392835829e-04
9.599407915021895832e-04
9.396832952155431684e-04
9.198016691907007214e-04
9.002887152624872158e-04
8.811373753159212896e-04
8.623407287768891649e-04
8.438919901083696828e-04
8.257845063304181110e-04
8.080117545974374593e-04
7.905673397770041078e-04
7.734449920753228014e-04
7.566385646979867374e-04
7.401420315327200683e-04
7.239494848656491399e-04
7.080551331419826511e-04
6.924532987466758271e-04
6.771384158210658200e-04
6.621050281208074040e-04
6.473477869044508282e-04
6.328614488457784404e-04
6.186408739836668502e-04
6.046810237263500198e-04
5.909769588559043996e-04
5.775238375844704564e-04
5.643169136428927146e-04
5.513515344020003539e-04
5.386231390147599996e-04
5.261272566132735307e-04
5.138595045162119845e-04
5.018155864793261145e-04
4.899912909808179506e-04
4.783824895204791261e-04
4.669851349718978639e-04
4.557952599528736215e-04
4.448089752215889092e-04
4.340224681211868329e-04
4.234320010310099747e-04
4.130339098611379711e-04
4.028246025800097385e-04
3.928005577462645448e-04
3.829583230969824115e-04
3.732945141554644408e-04
3.638058128458965257e-04
3.544889661659667013e-04
3.453407848597045415e-04
3.363581421387262793e-04
3.275379724028137929e-04
3.188772700151165651e-04
3.103730880724686614e-04
3.020225372287743681e-04
2.938227845104002256e-04
2.857710521917411484e-04
2.778646166601284051e-04
2.701008073211497162e-04
2.624770055277281244e-04
2.549906435185267384e-04
2.476392033872176768e-04
2.404202160768420526e-04
2.333312603777226713e-04
2.263699619651227124e-04
2.195339924433437062e-04
2.128210684164688615e-04
2.062289505757597396e-04
1.997554428063708087e-04
1.933983913062764515e-04
1.871556837362842174e-04
1.810252483784857702e-04
1.750050533102509576e-04
1.690931056019806533e-04
1.632874505310688562e-04
1.575861708034143049e-04
1.519873857964704200e-04
1.464892508313830888e-04
1.410899564300294173e-04
1.357877276200181171e-04
1.305808232254790369e-04
1.254675351993750354e-04
1.204461879447116246e-04
1.155151376737162394e-04
1.106727717565814118e-04
1.059175081032925902e-04
1.012477945494527631e-04
9.666210825098886517e-05
9.215895510505944799e-05
8.773686916496714616e-05
8.339441208549125406e-05
7.913017256577781211e-05
7.494276580866099380e-05
7.083083299552761503e-05
6.679304076695480319e-05
6.282808071378376269e-05
5.893466887996190451e-05
5.511154528003991970e-05
5.135747342244201263e-05
4.767123983739907089e-05
4.405165362730834033e-05
4.049754601775923391e-05
3.700776991810705852e-05
3.358119949292692752e-05
3.021672974479194806e-05
2.691327610104821133e-05
2.366977401080383459e-05
2.048517855435250112e-05
1.735846405326313402e-05
1.428862369201588933e-05
1.127466915296082561e-05
8.315630248167948935e-06
5.410554569484915532e-06
2.558507135708154578e-06
-2.414299447028867007e-07
-2.990157808246962645e-06
-5.688561161010241563e-06
-8.337508599076670635e-06
-1.093785292716198398e-05
-1.349043145570938407e-05
-1.599606630886540870e-05
-1.845556471691267575e-05
-2.086971930381764651e-05
-2.323930836722887250e-05
-2.556509616269408980e-05
-2.784783316500671901e-05
-3.008825634043255093e-05
-3.228708940317126519e-05
-3.444504307248408281e-05
-3.656281531783101002e-05
-3.864109161044737561e-05
-4.068054515604657695e-05
-4.268183712952122733e-05
-4.464561691075452643e-05
-4.657252230444441921e-05
-4.846317975926162092e-05
-5.031820459078240049e-05
-5.213820118532552783e-05
-5.392376321133873773e-05
-5.567547382501203401e-05
-5.739390586256831739e-05
-5.907962204099170833e-05
-6.073317514809772888e-05
-6.235510822638623551e-05
-6.394595476288955638e-05
-6.550623886081297087e-05
-6.703647542538604398e-05
-6.853717032773154472e-05
-7.000882057672797032e-05
-7.145191449176024889e-05
-7.286693185215575852e-05
-7.425434406949094068e-05
-7.561461433547300715e-05
-7.694819777603889577e-05
-7.825554160612036014e-05
-7.953708527108638293e-05
-8.079326059395874893e-05
-8.202449191507810156e-05
-8.323119622954955332e-05
-8.441378332713078692e-05
-8.557265592323837211e-05
-8.670820978462501216e-05
-8.782083386571493122e-05
-8.891091042695364877e-05
-8.997881516092931520e-05
-9.102491731138862008e-05
-9.204957979358496800e-05
-9.305315930685509329e-05
-9.403600645097043298e-05
-9.499846583449489401e-05
-9.594087618713942334e-05
-9.686357046501115065e-05
-9.776687595430821887e-05
-9.865111437790119453e-05
-9.951660199147838171e-05
-1.003636496861304295e-04
-1.011925630838295120e-04
-1.020036426326864643e-04
-1.027971837006536049e-04
-1.035734766652307570e-04
-1.043328070078342051e-04
-1.050754553941768421e-04
-1.058016977681930371e-04
-1.065118054326408270e-04
-1.072060451323686436e-04
-1.078846791378040848e-04
-1.085479653217813478e-04
-1.091961572401434211e-04
-1.098295042074592942e-04
-1.104482513736293470e-04
-1.110526397973821133e-04
-1.116429065155521982e-04
-1.122192846221281570e-04
-1.127820033295368063e-04
-1.133312880414738544e-04
-1.138673604201834166e-04
-1.143904384515170847e-04
-1.149007365091048172e-04
-1.153984654189699199e-04
-1.158838325217015353e-04
-1.163570417326287298e-04
-1.168182936006623152e-04
-1.172677853737980058e-04
-1.177057110468560097e-04
-1.181322614260960080e-04
-1.185476241800653696e-04
-1.189519838955543918e-04
-1.193455221359940310e-04
-1.197284174849766458e-04
-1.201008456024332816e-04
-1.204629792792566434e-04
-1.208149884794895712e-04
-1.211570403933937001e-04
-1.214892994858551845e-04
-1.218119275407936186e-04
-1.221250837086795826e-04
-1.224289245518317415e-04
-1.227236040883816770e-04
-1.230092738373489425e-04
-1.232860828597193148e-04
-1.235541777999671353e-04
-1.238137029293540081e-04
-1.240648001854527394e-04
-1.243076092123374110e-04
-1.245422673981089190e-04
-1.247689099166393589e-04
-1.249876697604346276e-04
-1.251986777814906304e-04
-1.254020627252661058e-04
-1.255979512695404310e-04
-1.257864680532794210e-04
-1.259677357188238034e-04
-1.261418749387566152e-04
-1.263090044538728307e-04
-1.264692411022672047e-04
-1.266226998533070969e-04
-1.267694938387187165e-04
-1.269097343827851887e-04
-1.270435310334327994e-04
-1.271709915906527044e-04
-1.272922221364769513e-04
-1.274073270651765455e-04
-1.275164091083524909e-04
-1.276195693651338559e-04
-1.277169073261585908e-04
-1.278085209066581740e-04
-1.278945064646652696e-04
-1.279749588318779274e-04
-1.280499713380844895e-04
-1.281196358347003184e-04
-1.281840427209690603e-04
-1.282432809652789274e-04
-1.282974381326962288e-04
-1.283466004045052955e-04
-1.283908526021892982e-04
-1.284302782107449303e-04
-1.284649593986664229e-04
-1.284949770412602277e-04
-1.285204107410731211e-04
-1.285413388478762187e-04
-1.285578384822017028e-04
-1.285699855502198119e-04
-1.285778547694960139e-04
-1.285815196836459506e-04
-1.285810526836517198e-04
-1.285765250251813541e-04
-1.285680068499051032e-04
-1.285555672001503780e-04
-1.285392740384416754e-04
-1.285191942654861919e-04
-1.284953937352728559e-04
-1.284679372737240755e-04
-1.284368886955711275e-04
-1.284023108185650131e-04
-1.283642654821282036e-04
-1.283228135611214071e-04
-1.282780149820528237e-04
-1.282299287383992237e-04
-1.281786129052608914e-04
-1.281241246549047474e-04
-1.280665202691988469e-04
-1.280058551562657243e-04
-1.279421838638050701e-04
-1.278755600906400502e-04
-1.278060367035926959e-04
-1.277336657483640892e-04
-1.276584984633011288e-04
-1.275805852927192063e-04
-1.274999758991146592e-04
-1.274167191744890459e-04
-1.273308632547820451e-04
-1.272424555300855076e-04
-1.271515426568559093e-04
-1.270581705696827157e-04
-1.269623844926126566e-04
-1.268642289506960452e-04
-1.267637477799787860e-04
-1.266609841403809611e-04
-1.265559805241345259e-04
-1.264487787655532713e-04
-1.263394200556877678e-04
-1.262279449478764803e-04
-1.261143933706243558e-04
-1.259988046347082502e-04
-1.258812174460555156e-04
-1.257616699115171599e-04
-1.256401995535227911e-04
-1.255168433120790183e-04
-1.253916375605346190e-04
-1.252646181102434753e-04
-1.251358202203345371e-04
-1.250052786070376953e-04
-1.248730274523435213e-04
-1.247391004099984713e-04
-1.246035306161630274e-04
-1.244663506971832589e-04
-1.243275927753639820e-04
-1.241872884794048559e-04
-1.240454689497294538e-04
