5.586588167218544769e+10
8.564485621376638491e-02
8.382399123305983579e-02
8.489666485291769149e-02
8.608438772547311046e-02
8.701353707303827179e-02
8.762280680209011408e-02
8.793242475034235284e-02
8.798196424592319431e-02
8.781136091386354536e-02
8.745561291858683362e-02
8.694392160868025243e-02
8.630023174912437867e-02
8.554412590215099144e-02
8.469170855933505493e-02
8.375636401916652929e-02
8.274936595954063279e-02
8.168035106292537151e-02
8.055767943332714509e-02
7.938870527699748436e-02
7.817997850695412865e-02
7.693739418545186837e-02
7.566630310982347396e-02
7.437159375276447548e-02
7.305775326689190052e-02
7.172891330738240256e-02
7.038888492862849233e-02
6.904118567991135436e-02
6.768906117836603897e-02
6.633550280868494298e-02
6.498326273336640924e-02
6.363486705486076644e-02
6.229262771955035305e-02
6.095865357021557074e-02
5.963486082021773882e-02
5.832298312716410749e-02
5.702458137522015136e-02
5.574105322745159796e-02
5.447364247656638625e-02
5.322344820035151969e-02
5.199143371456704799e-02
5.077843530707237818e-02
4.958517073383683638e-02
4.841224745565053666e-02
4.726017059539078247e-02
4.612935059789302628e-02
4.502011057685062489e-02
4.393269333710647651e-02
4.286726806337992635e-02
4.182393667024952855e-02
4.080273981121051996e-02
3.980366254753864297e-02
3.882663968033495117e-02
3.787156075135422739e-02
3.693827472022226388e-02
3.602659432729637956e-02
3.513630015262636519e-02
3.426714438269029550e-02
3.341885429721003220e-02
3.259113548906245050e-02
3.178367483040567265e-02
3.099614319862808998e-02
3.022819797548303988e-02
2.947948533271604887e-02
2.874964231739207676e-02
2.803829874963548185e-02
2.734507894531512662e-02
2.666960327548251186e-02
2.601148957423649044e-02
2.537035440591939306e-02
2.474581420209132077e-02
2.413748627821887816e-02
2.354498973953433882e-02
2.296794628474652100e-02
2.240598091605905395e-02
2.185872256316634399e-02
2.132580462859623438e-02
2.080686546115462221e-02
2.030154876373568840e-02
1.980950394153424554e-02
1.933038639589756968e-02
1.886385776906385203e-02
1.840958614433718665e-02
1.796724620604273071e-02
1.753651936316646953e-02
1.711709384051651739e-02
1.670866474049237382e-02
1.631093407878880797e-02
1.592361079667514723e-02
1.554641075257312544e-02
1.517905669514973965e-02
1.482127822024414954e-02
1.447281171343606232e-02
1.413340028011011995e-02
1.380279366468495361e-02
1.348074816039979140e-02
1.316702651103507371e-02
1.286139780576411873e-02
1.256363736826271449e-02
1.227352664098768642e-02
1.199085306564051656e-02
1.171540996040443261e-02
1.144699639494439758e-02
1.118541706355369314e-02
1.093048215718162020e-02
1.068200723480527969e-02
1.043981309456221140e-02
1.020372564511684566e-02
9.973575777545873322e-03
9.749199238097583375e-03
9.530436502095396278e-03
9.317132649182990889e-03
9.109137240166154115e-03
8.906304195618108821e-03
8.708491676360452516e-03
8.515561966005336103e-03
8.327381355618168612e-03
8.143820030609649763e-03
7.964751959939508907e-03
7.790054787653488688e-03
7.619609726827292207e-03
7.453301455915939400e-03
7.291018017593575706e-03
7.132650719980482279e-03
6.978094040365867556e-03
6.827245531374703802e-03
6.680005729545746007e-03
6.536278066344491933e-03
6.395968781556238270e-03
6.258986839033697791e-03
6.125243844791183889e-03
5.994653967361207592e-03
5.867133860454121219e-03
5.742602587776257650e-03
5.620981550062520427e-03
5.502194414209959916e-03
5.386167044504119872e-03
5.272827435889082537e-03
5.162105649209491887e-03
5.053933748415895266e-03
4.948245739641699004e-03
4.844977512142412124e-03
4.744066781036115898e-03
4.645453031774327002e-03
4.549077466355688770e-03
4.454882951158811721e-03
4.362813966416689837e-03
4.272816557245207036e-03
4.184838286197534174e-03
4.098828187289571545e-03
4.014736721474454484e-03
3.932515733507058187e-03
3.852118410148985816e-03
3.773499239704714014e-03
3.696613972794748904e-03
3.621419584418195114e-03
3.547874237146197984e-03
3.475937245509319595e-03
3.405569041526002039e-03
3.336731141253768129e-03
3.269386112467742578e-03
3.203497543307065598e-03
3.139030011921839503e-03
3.075949057097959738e-03
3.014221149770346386e-03
2.953813665471871630e-03
2.894694857610291550e-03
2.836833831625584779e-03
2.780200519914455271e-03
2.724765657594607760e-03
2.670500758974680977e-03
2.617378094807554234e-03
2.565370670222000271e-03
2.514452203368655603e-03
2.464597104718357912e-03
2.415780457005523019e-03
2.367977995813896896e-03
2.321166090738069343e-03
2.275321727156720542e-03
2.230422488553873706e-03
2.186446539397257638e-03
2.143372608540250468e-03
2.101179973134081891e-03
2.059848443050515954e-03
2.019358345763944129e-03
1.979690511708653844e-03
1.940826260081518484e-03
1.902747385091441146e-03
1.865436142601817338e-03
1.828875237203542170e-03
1.793047809678816051e-03
1.757937424830879891e-03
1.723528059702994497e-03
1.689804092128710522e-03
1.656750289661168551e-03
1.624351798796608293e-03
1.592594134558034114e-03
1.561463170358878827e-03
1.530945128205507544e-03
1.501026569155738954e-03
1.471694384087784968e-03
1.442935784732757298e-03
1.414738294972295307e-03
1.387089742401759196e-03
1.359978250131899102e-03
1.333392228846319583e-03
1.307320369070552601e-03
1.281751633697147952e-03
1.256675250696837054e-03
1.232080706074611953e-03
1.207957737005660448e-03
1.184296325185796306e-03
1.161086690367962859e-03
1.138319284088584737e-03
1.115984783571111194e-03
1.094074085812968278e-03
1.072578301835935832e-03
1.051488751099061147e-03
1.030796956079660376e-03
1.010494637000869389e-03
9.905737067181785704e-04
9.710262657383061935e-04
9.518445973923927994e-04
9.330211631377594017e-04
9.145485979900058737e-04
8.964197061003265077e-04
8.786274564240859064e-04
8.611649785472685892e-04
8.440255586097400453e-04
8.272026353397521348e-04
8.106897962065762187e-04
7.944807736792736108e-04
7.785694415829436110e-04
7.629498115624411270e-04
7.476160296395750748e-04
7.325623728635655141e-04
7.177832460611988097e-04
7.032731786573709343e-04
6.890268216088735187e-04
6.750389443981319459e-04
6.613044321199801345e-04
6.478182826439304876e-04
6.345756038572680779e-04
6.215716109736479922e-04
6.088016239227389548e-04
5.962610648058142004e-04
5.839454554212863968e-04
5.718504148488623429e-04
5.599716571127455467e-04
5.483049888896918134e-04
5.368463072896734189e-04
5.255915976922764798e-04
5.145369316419401429e-04
5.036784647847181162e-04
4.930124348789810540e-04
4.825351598529703523e-04
4.722430358987672605e-04
4.621325356350958202e-04
4.522002063014340933e-04
4.424426680200710393e-04
4.328566120703758457e-04
4.234387992407828705e-04
4.141860582109746503e-04
4.050952839611543510e-04
3.961634362443788859e-04
3.873875380864255646e-04
3.787646743238504143e-04
3.702919901826806637e-04
3.619666898897477836e-04
3.537860353208799324e-04
3.457473446868419842e-04
3.378479912419241060e-04
3.300854020369392572e-04
3.224570566950912820e-04
3.149604862251464965e-04
3.075932718568097357e-04
3.003530439105173144e-04
2.932374806918769394e-04
2.862443074191922676e-04
2.793712951683069434e-04
2.726162598523096392e-04
2.659770612207790208e-04
2.594516018861181550e-04
2.530378263734256450e-04
2.467337201932373603e-04
2.405373089318096902e-04
2.344466573775960683e-04
2.284598686530525669e-04
2.225750833764195136e-04
2.167904788394903193e-04
2.111042682115815694e-04
2.055146997528289887e-04
2.000200560536846695e-04
1.946186532957305815e-04
1.893088405142684394e-04
1.840889989004335092e-04
1.789575411033084151e-04
1.739129105506886930e-04
1.689535807982700533e-04
1.640780548750608858e-04
1.592848646609912322e-04
1.545725702729594531e-04
1.499397594562079661e-04
1.453850470103379422e-04
1.409070742091067530e-04
1.365045082417637445e-04
1.321760416688189110e-04
1.279203918900240211e-04
1.237363006214575734e-04
1.196225333863765172e-04
1.155778790158379365e-04
1.116011491701929259e-04
1.076911778568057088e-04
1.038468209666465469e-04
1.000669558297584416e-04
9.635048075828933634e-05
9.269631462616167994e-05
8.910339643830589296e-05
8.557068492209829458e-05
8.209715811990925260e-05
7.868181299386378669e-05
7.532366504348075864e-05
7.202174792309001816e-05
6.877511307745720615e-05
6.558282937829673642e-05
6.244398277011065090e-05
5.935767593068241865e-05
5.632302792690779825e-05
5.333917389171993761e-05
5.040526469701767098e-05
4.752046663836217988e-05
4.468396112966566136e-05
4.189494439943430848e-05
3.915262719589307494e-05
3.645623449877177791e-05
3.380500523531004831e-05
3.119819200847473439e-05
2.863506082140254705e-05
2.611489081694173819e-05
2.363697401830400224e-05
2.120061507415726965e-05
1.880513101415459687e-05
1.644985100535123479e-05
1.413411611350667840e-05
1.185727907437872375e-05
9.618704064129346420e-06
7.417766480832810316e-06
5.253852720654705877e-06
3.126359972238645923e-06
1.034696005763890980e-06
-1.021721034000222517e-06
-3.043462822649445343e-06
-5.031091053542269265e-06
-6.985157628758287274e-06
-8.906204846281795540e-06
-1.079476558296654787e-05
-1.265136347372575187e-05
-1.447651308872366371e-05
-1.627072010235153243e-05
-1.803448146509012417e-05
-1.976828556760068523e-05
-2.147261239882070072e-05
-2.314793370983281307e-05
-2.479471316285675186e-05
-2.641340648801282498e-05
-2.800446162809500095e-05
-2.956831888845101730e-05
-3.110541107265163419e-05
-3.261616363037234123e-05
-3.410099478773354065e-05
-3.556031568474615767e-05
-3.699453050520773445e-05
-3.840403660526625629e-05
-3.978922463976353185e-05
-4.115047868769039496e-05
-4.248817636831603295e-05
-4.380268896553296543e-05
-4.509438153799116833e-05
-4.636361304033442821e-05
-4.761073642578494969e-05
-4.883609876227268387e-05
-5.004004133812856026e-05
-5.122289976711158488e-05
-5.238500408699664490e-05
-5.352667886859840962e-05
-5.464824330636552929e-05
-5.575001132096524259e-05
-5.683229165320824450e-05
-5.789538795397675131e-05
-5.893959887881550230e-05
-5.996521817785982478e-05
-6.097253478221098533e-05
-6.196183288742496131e-05
-6.293339204321846125e-05
-6.388748723229475956e-05
-6.482438895405451262e-05
-6.574436329964683523e-05
-6.664767203590216127e-05
-6.753457267905105255e-05
-6.840531856688869539e-05
-6.926015893871095841e-05
-7.009933900103959559e-05
-7.092310000200718889e-05
-7.173167930063506503e-05
-7.252531043433485536e-05
-7.330422318330143128e-05
-7.406864364112308863e-05
-7.481879427539972482e-05
-7.555489399080350665e-05
-7.627715819236158268e-05
-7.698579884474199275e-05
-7.768102453376002359e-05
-7.836304052277753840e-05
-7.903204881065661880e-05
-7.968824818749276062e-05
-8.033183429212442661e-05
-8.096299966364739475e-05
-8.158193379337319584e-05
-8.218882318167253231e-05
-8.278385138549282374e-05
-8.336719906965051052e-05
-8.393904405434859939e-05
-8.449956136824532393e-05
-8.504892328864421813e-05
-8.558729939567299994e-05
-8.611485661358386778e-05
-8.663175925471833239e-05
-8.713816906791294059e-05
-8.763424527735708125e-05
-8.812014462833417383e-05
-8.859602142585742968e-05
-8.906202757796854996e-05
-8.951831263548370998e-05
-8.996502383062932040e-05
-9.040230611589983312e-05
-9.083030220269350252e-05
-9.124915259772770071e-05
-9.165899564056445570e-05
-9.205996753958167744e-05
-9.245220240616802698e-05
-9.283583229025005323e-05
-9.321098721515319596e-05
-9.357779520935416429e-05
-9.393638234023171663e-05
-9.428687274648517302e-05
-9.462938866922065984e-05
-9.496405048459166665e-05
-9.529097673266484492e-05
-9.561028414717398505e-05
-9.592208768682830566e-05
-9.622650056262394003e-05
-9.652363426804200230e-05
-9.681359860547189555e-05
-9.709650171352279813e-05
-9.737245009566741771e-05
-9.764154864511098708e-05
-9.790390067165866128e-05
-9.815960792658451339e-05
-9.840877062949893173e-05
-9.865148748988694649e-05
-9.888785573419767161e-05
-9.911797113049125585e-05
-9.934192800664654044e-05
-9.955981927944890231e-05
-9.977173647390813471e-05
-9.997776974568495234e-05
-1.001780079048497640e-04
-1.003725384338682858e-04
-1.005614475120264473e-04
-1.007448200343041833e-04
-1.009227396342460281e-04
-1.010952886981719701e-04
-1.012625483929330272e-04
-1.014245986772355224e-04
-1.015815183282864353e-04
-1.017333849531176782e-04
-1.018802750125669121e-04
-1.020222638370427148e-04
-1.021594256445101934e-04
-1.022918335564781955e-04
-1.024195596182053691e-04
-1.025426748131330612e-04
-1.026612490813150202e-04
-1.027753513331841617e-04
-1.028850494679822702e-04
-1.029904103881928989e-04
-1.030915000150844918e-04
-1.031883833044755505e-04
-1.032811242629438908e-04
-1.033697859582627387e-04
-1.034544305396067898e-04
-1.035351192464339931e-04
-1.036119124262491198e-04
-1.036848695463721270e-04
-1.037540492092592359e-04
-1.038195091627169830e-04
-1.038813063174437445e-04
-1.039394967552453863e-04
-1.039941357452445203e-04
-1.040452777534284223e-04
