2.097172169092774658e+11
4.702431287416963812e-01
4.596448975913776103e-01
4.516960718172988720e-01
4.434910159909009053e-01
4.347153971499793101e-01
4.253239983538046332e-01
4.153328742082247338e-01
4.047935290401629693e-01
3.937809554904534437e-01
3.823835499473551280e-01
3.706951310605353100e-01
3.588091714646748365e-01
3.468148930300190003e-01
3.347947827992574510e-01
3.228231492832582816e-01
3.109654280698390671e-01
2.992780207651195568e-01
2.878085066928588454e-01
2.765961066952802305e-01
2.656723077102336461e-01
2.550615790804187100e-01
2.447821289713201232e-01
2.348466631200087917e-01
2.252631191811409472e-01
2.160353586815708660e-01
2.071638054187530109e-01
1.986460243494345690e-01
1.904772388901356805e-01
1.826507873340372790e-01
1.751585209998629544e-01
1.679911479567417487e-01
1.611385268767691059e-01
1.545899158891179681e-01
1.483341813541927401e-01
1.423599713298826508e-01
1.366558582313426307e-01
1.312104548406498594e-01
1.260125074404836454e-01
1.210509694527459601e-01
1.163150585775865054e-01
1.117943000607533044e-01
1.074785583772239761e-01
1.033580593080483112e-01
9.942340410818806262e-02
9.566557721485868804e-02
9.207594872727309365e-02
8.864627269784186581e-02
8.536868210937953450e-02
8.223568126986036120e-02
7.924013623405756768e-02
7.637526375674008605e-02
7.363461919321734328e-02
7.101208368781741775e-02
6.850185092743399373e-02
6.609841368381252913e-02
6.379655032385955771e-02
6.159131142952811722e-02
5.947800663839641899e-02
5.745219178978011598e-02
5.550965644068361904e-02
5.364641179794782389e-02
5.185867909910224505e-02
5.014287846281040295e-02
4.849561822039416548e-02
4.691368473260948413e-02
4.539403268999597785e-02
4.393377589008329309e-02
4.253017848187523597e-02
4.118064666462517565e-02
3.988272082644450656e-02
3.863406810654756995e-02
3.743247536420479804e-02
3.627584253690230298e-02
3.516217636976781691e-02
3.408958449860755024e-02
3.305626986890652930e-02
3.206052547345139558e-02
3.110072939177954687e-02
3.017534011515943249e-02
2.928289214135793017e-02
2.842199182404647750e-02
2.759131346252252648e-02
2.678959561779725718e-02
2.601563764205816476e-02
2.526829640899030949e-02
2.454648323311792169e-02
2.384916096708455946e-02
2.317534126617792900e-02
2.252408201021793843e-02
2.189448487339418215e-02
2.128569303313643246e-02
2.069688900974653301e-02
2.012729262890755599e-02
1.957615909970722434e-02
1.904277720121250184e-02
1.852646757115383735e-02
1.802658109051424873e-02
1.754249735832669188e-02
1.707362325134598180e-02
1.661939156339320434e-02
1.617925971980760380e-02
1.575270856237898087e-02
1.533924120074692254e-02
1.493838192622187755e-02
1.454967518443428531e-02
1.417268460328879875e-02
1.380699207311120169e-02
1.345219687578524947e-02
1.310791486020401742e-02
1.277377766123199976e-02
1.244943195972836314e-02
1.213453878129189256e-02
1.182877283146788194e-02
1.153182186540169241e-02
1.124338608990349542e-02
1.096317759620646370e-02
1.069091982160652599e-02
1.042634703838407617e-02
1.016920386857256275e-02
9.919244822978789955e-03
9.676233863290306658e-03
9.439943985903864743e-03
9.210156826299220612e-03
8.986662282851831662e-03
8.769258159059711843e-03
8.557749823124405353e-03
8.351949884037868088e-03
8.151677883223795718e-03
7.956760000947582512e-03
7.767028776705764415e-03
7.582322842850430789e-03
7.402486670772034927e-03
7.227370328962923196e-03
7.056829252396257246e-03
6.890724022527106030e-03
6.728920157550000170e-03
6.571287912162881995e-03
6.417702086586318799e-03
6.268041844174065957e-03
6.122190537316773984e-03
5.980035541142791899e-03
5.841468094674562295e-03
5.706383149042704162e-03
5.574679222444256510e-03
5.446258261427860958e-03
5.321025508358445677e-03
5.198889374550041964e-03
5.079761318985243079e-03
4.963555732238500440e-03
4.850189825375439412e-03
4.739583523617474370e-03
4.631659364515927635e-03
4.526342400460015014e-03
4.423560105230261996e-03
4.323242284558492798e-03
4.225320990323133685e-03
4.129730438372281043e-03
4.036406929696312318e-03
3.945288774858335401e-03
3.856316221538591549e-03
3.769431384951005271e-03
3.684578181192943447e-03
3.601702263150041716e-03
3.520750959089102849e-03
3.441673213624429906e-03
3.364419531059592572e-03
3.288941920989385537e-03
3.215193845988117971e-03
3.143130171402219730e-03
3.072707117070860861e-03
3.003882210938169095e-03
2.936614244428259468e-03
2.870863229581965825e-03
2.806590357792515533e-03
2.743757960134374230e-03
2.682329469199329353e-03
2.622269382359432299e-03
2.563543226431264088e-03
2.506117523645379208e-03
2.449959758887176875e-03
2.395038348165012820e-03
2.341322608235163472e-03
2.288782727331239997e-03
2.237389736992723144e-03
2.187115484894475159e-03
2.137932608682779900e-03
2.089814510737530995e-03
2.042735333863010538e-03
1.996669937831985209e-03
1.951593876779789127e-03
1.907483377390661872e-03
1.864315317868125987e-03
1.822067207636557384e-03
1.780717167757295272e-03
1.740243912030647877e-03
1.700626728750265215e-03
1.661845463106992327e-03
1.623880500171370755e-03
1.586712748483432023e-03
1.550323624206484396e-03
1.514695035792934519e-03
1.479809369204554415e-03
1.445649473614585290e-03
1.412198647592122214e-03
1.379440625754346783e-03
1.347359565862626951e-03
1.315940036346940900e-03
1.285167004255738377e-03
1.255025823571287447e-03
1.225502223955565739e-03
1.196582299828108376e-03
1.168252499810895628e-03
1.140499616529400129e-03
1.113310776723830386e-03
1.086673431691886904e-03
1.060575348040382337e-03
1.035004598714861501e-03
1.009949554350519918e-03
9.853988748569353362e-04
9.613415012952319927e-04
9.377666480123725279e-04
9.146637950045999332e-04
8.920226805386732849e-04
8.698332939931496810e-04
8.480858689206005607e-04
8.267708763349812529e-04
8.058790182041697392e-04
7.854012211210292804e-04
7.653286302082840109e-04
7.456526031666133036e-04
7.263647045434584726e-04
7.074567001406073530e-04
6.889205516185104017e-04
6.707484112422612554e-04
6.529326168027704824e-04
6.354656866720542752e-04
6.183403150286093108e-04
6.015493671926996910e-04
5.850858751341725394e-04
5.689430330897415899e-04
5.531141933168282065e-04
5.375928619710812484e-04
5.223726951062435120e-04
5.074474947821538962e-04
4.928112053030897499e-04
4.784579095373775459e-04
4.643818253762255210e-04
4.505773022678294382e-04
4.370388178613904273e-04
4.237609747446136055e-04
4.107384972760197428e-04
3.979662285127361088e-04
3.854391272046786554e-04
3.731522648953156107e-04
3.611008231005907732e-04
3.492800905497972508e-04
3.376854605201540238e-04
3.263124282468776727e-04
3.151565883912077481e-04
3.042136325899225113e-04
2.934793470643626279e-04
2.829496103033957155e-04
2.726203908043345336e-04
2.624877448786921974e-04
2.525478145096737848e-04
2.427968252809442617e-04
2.332310843520257748e-04
2.238469784874297375e-04
2.146409721466291387e-04
2.056096056168854602e-04
1.967494932013647002e-04
1.880573214541048088e-04
1.795298474618345352e-04
1.711638971675366605e-04
1.629563637468578463e-04
1.549042060189353975e-04
1.470044468998565890e-04
1.392541719063000727e-04
1.316505276851565043e-04
1.241907205857817331e-04
1.168720152755486907e-04
1.096917333840430331e-04
1.026472521827859197e-04
9.573600330248233092e-05
8.895547148224380862e-05
8.230319334723290581e-05
7.577675622316704107e-05
6.937379697546930402e-05
6.309200088039368381e-05
5.692910052723654246e-05
5.088287474297459312e-05
4.495114754887730157e-05
3.913178714065601582e-05
3.342270489170573455e-05
2.782185438898743257e-05
2.232723048511964237e-05
1.693686837578312065e-05
1.164884270465904592e-05
6.461266685242605945e-06
1.372291243750822787e-06
-3.619895809769957395e-06
-8.517070599234344286e-06
-1.332097397566123220e-05
-1.803331228655835616e-05
-2.265575813953368822e-05
-2.718995113148992004e-05
-3.163749857315600877e-05
-3.599997618786154874e-05
-4.027892879721051145e-05
-4.447587099254413090e-05
-4.859228778242297153e-05
-5.262963523500197027e-05
-5.658934109420421521e-05
-6.047280539211996597e-05
-6.428140103920121362e-05
-6.801647440024538582e-05
-7.167934586593815993e-05
-7.527131039819501268e-05
-7.879363807172801160e-05
-8.224757460251197472e-05
-8.563434185582252667e-05
-8.895513835294188709e-05
-9.221113976165540294e-05
-9.540349936854042312e-05
-9.853334855836060058e-05
-1.016017972594873697e-04
-1.046099343968709405e-04
-1.075588283272477241e-04
-1.104495272621353053e-04
-1.132830596928258160e-04
-1.160604347847371542e-04
-1.187826427877514135e-04
-1.214506554170213803e-04
-1.240654262342211211e-04
-1.266278910210250075e-04
-1.291389681432608683e-04
-1.315995589001861532e-04
-1.340105478753184087e-04
-1.363728032757194342e-04
-1.386871772615094756e-04
-1.409545062738271071e-04
-1.431756113456916779e-04
-1.453512984197491420e-04
-1.474823586420370702e-04
-1.495695686672959823e-04
-1.516136909431864410e-04
-1.536154739956163695e-04
-1.555756527049645399e-04
-1.574949485814158834e-04
-1.593740700225332318e-04
-1.612137125792667547e-04
-1.630145592084186745e-04
-1.647772805197789125e-04
-1.665025350194859755e-04
-1.681909693467265043e-04
-1.698432185097686897e-04
-1.714599061091170995e-04
-1.730416445633320421e-04
-1.745890353270773687e-04
-1.761026691009526246e-04
-1.775831260446558701e-04
-1.790309759770458697e-04
-1.804467785819774406e-04
-1.818310835959291438e-04
-1.831844310065111614e-04
-1.845073512378725411e-04
-1.858003653323336835e-04
-1.870639851326849623e-04
-1.882987134567137844e-04
-1.895050442699552917e-04
-1.906834628553344402e-04
-1.918344459732601592e-04
-1.929584620343760548e-04
-1.940559712458878039e-04
-1.951274257705470916e-04
-1.961732698843032807e-04
-1.971939401170796913e-04
-1.981898654030977980e-04
-1.991614672229857774e-04
-2.001091597398918509e-04
-2.010333499431471438e-04
-2.019344377743870211e-04
-2.028128162672171442e-04
-2.036688716688939138e-04
-2.045029835713307875e-04
-2.053155250296700984e-04
-2.061068626872941678e-04
-2.068773568961734810e-04
-2.076273618270008114e-04
-2.083572255848764598e-04
-2.090672903265478055e-04
-2.097578923614396018e-04
-2.104293622660069474e-04
-2.110820249809908233e-04
-2.117161999237726633e-04
-2.123322010800787751e-04
-2.129303371098956177e-04
-2.135109114389521778e-04
-2.140742223586400428e-04
-2.146205631148312420e-04
-2.151502220006928923e-04
-2.156634824479475299e-04
-2.161606231112500609e-04
-2.166419179581158261e-04
-2.171076363486346139e-04
-2.175580431227341904e-04
-2.179933986770077325e-04
-2.184139590479805548e-04
-2.188199759871611860e-04
-2.192116970389790254e-04
-2.195893656149472406e-04
-2.199532210684917999e-04
-2.203034987651175669e-04
-2.206404301536846191e-04
-2.209642428370184319e-04
-2.212751606371909929e-04
-2.215734036672412088e-04
-2.218591883895726369e-04
-2.221327276861195799e-04
-2.223942309176329957e-04
-2.226439039880734327e-04
-2.228819494030087611e-04
-2.231085663297882604e-04
-2.233239506566064847e-04
-2.235282950477923691e-04
-2.237217890028730949e-04
-2.239046189091986605e-04
-2.240769680961207655e-04
-2.242390168878394263e-04
-2.243909426593582168e-04
-2.245329198806711446e-04
-2.246651201716076685e-04
-2.247877123506825114e-04
-2.249008624823911617e-04
-2.250047339240612843e-04
-2.250994873718159539e-04
-2.251852809103116471e-04
-2.252622700504858244e-04
-2.253306077817374131e-04
-2.253904446061216760e-04
-2.254419285900866043e-04
-2.254852053962252967e-04
-2.255204183339021284e-04
-2.255477083910051306e-04
-2.255672142779108214e-04
-2.255790724645656553e-04
-2.255834172191217846e-04
-2.255803806443523740e-04
-2.255700927142889611e-04
-2.255526813108588158e-04
-2.255282722576357202e-04
-2.254969893555891503e-04
-2.254589544172791449e-04
-2.254142872988307289e-04
-2.253631059332406039e-04
-2.253055263634617944e-04
-2.252416627734898924e-04
-2.251716275172288562e-04
-2.250955311526858793e-04
-2.250134824695049218e-04
-2.249255885176104641e-04
-2.248319546394039747e-04
-2.247326844939667723e-04
-2.246278800872580916e-04
-2.245176417998706597e-04
-2.244020684121217357e-04
-2.242812571315866421e-04
-2.241553036186338943e-04
-2.240243020126264639e-04
-2.238883449552364624e-04
-2.237475236168684489e-04
-2.236019277195300248e-04
-2.234516455610346952e-04
-2.232967640383165531e-04
-2.231373686694126945e-04
-2.229735436183322150e-04
-2.228053717143740897e-04
-2.226329344758859463e-04
-2.224563121295819457e-04
-2.222755836327472423e-04
-2.220908266947763110e-04
-2.219021177962687830e-04
-2.217095322083473263e-04
-2.215131440119755268e-04
-2.213130261199403037e-04
-2.211092502928391212e-04
-2.209018871590640032e-04
-2.206910062318989674e-04
-2.204766759295040401e-04
-2.202589635889040665e-04
-2.200379354877490812e-04
-2.198136568580810746e-04
-2.195861919045416499e-04
-2.193556038194710567e-04
-2.191219548011158480e-04
-2.188853060685058693e-04
-2.186457178756651132e-04
-2.184032495291532427e-04
-2.181579594020544022e-04
