1.776507476052703247e+11
4.787662370187728555e-02
5.045721402986647064e-02
5.128695435696339899e-02
5.157069246007850438e-02
5.170207328722442597e-02
5.176556587352143524e-02
5.177255919713852350e-02
5.172054188575181399e-02
5.160713310757891747e-02
5.143278016394337016e-02
5.120042701675586727e-02
5.091455199291283762e-02
5.058030581842754003e-02
5.020291784093311449e-02
4.978734920980976142e-02
4.933812462742404037e-02
4.885927749433616185e-02
4.835435982983637970e-02
4.782648476463524645e-02
4.727838193639577469e-02
4.671245463571960244e-02
4.613083293820174902e-02
4.553542028433898992e-02
4.492793279968365638e-02
4.430993161712137862e-02
4.368284892258511576e-02
4.304800861437652060e-02
4.240664247743852755e-02
4.175990270643570312e-02
4.110887151065378831e-02
4.045456842385375396e-02
3.979795583648870760e-02
3.913994317288338465e-02
3.848139005269146651e-02
3.782310870639848943e-02
3.716586585614312099e-02
3.651038422542951523e-02
3.585734380274629984e-02
3.520738295264624895e-02
3.456109944363827680e-02
3.391905144227402857e-02
3.328175850768699817e-02
3.264970260926958190e-02
3.202332918085781799e-02
3.140304821822526016e-02
3.078923542158307214e-02
3.018223338129955025e-02
2.958235280233378894e-02
2.898987376157124984e-02
2.840504699083190587e-02
2.782809517818796152e-02
2.725921428004074443e-02
2.669857483632331885e-02
2.614632328197696864e-02
2.560258324789077555e-02
2.506745684548672415e-02
2.454102592941787009e-02
2.402335333372107584e-02
2.351448407726053347e-02
2.301444653511874883e-02
2.252325357291251606e-02
2.204090364182165196e-02
2.156738183252904228e-02
2.110266088674395135e-02
2.064670216541641956e-02
2.019945657330746158e-02
1.976086543944699514e-02
1.933086135403749850e-02
1.890936896189865379e-02
1.849630571331384310e-02
1.809158257297838190e-02
1.769510468816415383e-02
1.730677201715868918e-02
1.692647991923035278e-02
1.655411970748121853e-02
1.618957916591945434e-02
1.583274303224579960e-02
1.548349344772192993e-02
1.514171037565992251e-02
1.480727198999121086e-02
1.448005503536298200e-02
1.415993516021507581e-02
1.384678722421783803e-02
1.354048558159215432e-02
1.324090434146607542e-02
1.294791760670399583e-02
1.266139969250712483e-02
1.238122532591900971e-02
1.210726982739362967e-02
1.183940927571769386e-02
1.157752065713246736e-02
1.132148199987681458e-02
1.107117249502964640e-02
1.082647260459657090e-02
1.058726415773425522e-02
1.035343043596159696e-02
1.012485624811887419e-02
9.901427995822720263e-03
9.683033730164325448e-03
9.469563200249941914e-03
9.260907894268477492e-03
9.056961073604874457e-03
8.857617800630324112e-03
8.662774960594976648e-03
8.472331278211342465e-03
8.286187329236360810e-03
8.104245547635668956e-03
7.926410228597413621e-03
7.752587527817045299e-03
7.582685457399263029e-03
7.416613878660660575e-03
7.254284492162588194e-03
7.095610825241349673e-03
6.940508217266661006e-03
6.788893802914142128e-03
6.640686493577074856e-03
6.495806957264926851e-03
6.354177597026611224e-03
6.215722528172484829e-03
6.080367554384125128e-03
5.948040142938815222e-03
5.818669399104248185e-03
5.692186039870428260e-03
5.568522367128014849e-03
5.447612240380150794e-03
5.329391049113452183e-03
5.213795684896549432e-03
5.100764513257249888e-03
4.990237345497305910e-03
4.882155410398603124e-03
4.776461325962877424e-03
4.673099071226261003e-03
4.572013958160425773e-03
4.473152603736485489e-03
4.376462902193178905e-03
4.281893997529540030e-03
4.189396256243815841e-03
4.098921240401010024e-03
4.010421680963105473e-03
3.923851451511417565e-03
3.839165542298239586e-03
3.756320034646432049e-03
3.675272075793323268e-03
3.595979854088104943e-03
3.518402574611778633e-03
3.442500435227424660e-03
3.368234603038366970e-03
3.295567191280879271e-03
3.224461236661424479e-03
3.154880677118443444e-03
3.086790330017574746e-03
3.020155870801621845e-03
2.954943812073063114e-03
2.891121483102887524e-03
2.828657009789736776e-03
2.767519295033604720e-03
2.707677999561841631e-03
2.649103523149953787e-03
2.591766986292043384e-03
2.535640212275813710e-03
2.480695709641489444e-03
2.426906655117244682e-03
2.374246876855279353e-03
2.322690838157503990e-03
2.272213621517638060e-03
2.222790913079641939e-03
2.174398987466963362e-03
2.127014692969275700e-03
2.080615437090482800e-03
2.035179172470646947e-03
1.990684383121221757e-03
1.947110071029545253e-03
1.904435743090182598e-03
1.862641398354236699e-03
1.821707515593740112e-03
1.781615041208883810e-03
1.742345377399034945e-03
1.703880370667931743e-03
1.666202300605768016e-03
1.629293868947723212e-03
1.593138188935139254e-03
1.557718774932714823e-03
1.523019532311042923e-03
1.489024747600709020e-03
1.455719078886197337e-03
1.423087546463364106e-03
1.391115523717845193e-03
1.359788728264810231e-03
1.329093213289223030e-03
1.299015359133681713e-03
1.269541865096979194e-03
1.240659741440053310e-03
1.212356301607098175e-03
1.184619154649180217e-03
1.157436197839034620e-03
1.130795609474155583e-03
1.104685841887720343e-03
1.079095614621605748e-03
1.054013907774375980e-03
1.029429955552219056e-03
1.005333239949113278e-03
9.817134846115127544e-04
9.585606488724529584e-04
9.358649219188830415e-04
9.136167171279740984e-04
8.918066665297708084e-04
8.704256154554723679e-04
8.494646172714226395e-04
8.289149282862950940e-04
8.087680027826227303e-04
7.890154881706745726e-04
7.696492202748927980e-04
7.506612187344607889e-04
7.320436825373199952e-04
7.137889856525525545e-04
6.958896727882191158e-04
6.783384552466742434e-04
6.611282069086676927e-04
6.442519602927188060e-04
6.277029027375036208e-04
6.114743726715055061e-04
5.955598559821417837e-04
5.799529824810356615e-04
5.646475224565516982e-04
5.496373833027146105e-04
5.349166062629251428e-04
5.204793632345161569e-04
5.063199536559093161e-04
4.924328014817014321e-04
4.788124522308034869e-04
4.654535701105189105e-04
4.523509352063470601e-04
4.394994407612706766e-04
4.268940904998963504e-04
4.145299960374160264e-04
4.024023743511850881e-04
3.905065453124745289e-04
3.788379292748444982e-04
3.673920447415657264e-04
3.561645060718987565e-04
3.451510212542086009e-04
3.343473897337023715e-04
3.237495002967882840e-04
3.133533290013978956e-04
3.031549371677044746e-04
2.931504694076991768e-04
2.833361517140531305e-04
2.737082895982734243e-04
2.642632662579469383e-04
2.549975408046023517e-04
2.459076465326504035e-04
2.369901892336212512e-04
2.282418455359369602e-04
2.196593613090769281e-04
2.112395500872832343e-04
2.029792915438921597e-04
1.948755299909787908e-04
1.869252729367332222e-04
1.791255896492760513e-04
1.714736097844227203e-04
1.639665220161123926e-04
1.566015727354486131e-04
1.493760647455211199e-04
1.422873560181781016e-04
1.353328584570157034e-04
1.285100367058866766e-04
1.218164069789473558e-04
1.152495359175720324e-04
1.088070394841267330e-04
1.024865818661790939e-04
9.628587442267466656e-05
9.020267464721065664e-05
8.423478515284799073e-05
7.838005269245051920e-05
7.263636718968236039e-05
6.700166079998126634e-05
6.147390699062782460e-05
5.605111964768205723e-05
5.073135219912927596e-05
4.551269675223679201e-05
4.039328326976843186e-05
3.537127874753132062e-05
3.044488641856801792e-05
2.561234497466813309e-05
2.087192780919622237e-05
1.622194227079987172e-05
1.166072894176473085e-05
7.186660930358357291e-06
2.798143171167666310e-06
-1.506388241478973100e-06
-5.728466716981017726e-06
-9.869595819944620985e-06
-1.393124988946503606e-05
-1.791487466440422338e-05
-2.182188788202310548e-05
-2.565367986551159163e-05
-2.941161410019432765e-05
-3.309702779574763554e-05
-3.671123243220719701e-05
-4.025551430242302331e-05
-4.373113502831316168e-05
-4.713933208333465075e-05
-5.048131928409027580e-05
-5.375828728726439465e-05
-5.697140406479839214e-05
-6.012181537262684117e-05
-6.321064520986574564e-05
-6.623899626334583957e-05
-6.920795034748294938e-05
-7.211856883282408148e-05
-7.497189306016061039e-05
-7.776894475486351155e-05
-8.051072642190071349e-05
-8.319822173930013776e-05
-8.583239594250891003e-05
-8.841419619365353810e-05
-9.094455195057804531e-05
-9.342437532433578440e-05
-9.585456142935377954e-05
-9.823598872560346251e-05
-1.005695193516675801e-04
-1.028559994540323430e-04
-1.050962595077198358e-04
-1.072911146284827311e-04
-1.094413648823344687e-04
-1.115477955808685806e-04
-1.136111775783543720e-04
-1.156322675590626403e-04
-1.176118083143773418e-04
-1.195505290252363295e-04
-1.214491455223676297e-04
-1.233083605569618157e-04
-1.251288640558012588e-04
-1.269113333697280410e-04
-1.286564335269968495e-04
-1.303648174721949715e-04
-1.320371263007213969e-04
-1.336739894934879658e-04
-1.352760251389639734e-04
-1.368438401614380240e-04
-1.383780305348469852e-04
-1.398791814910538278e-04
-1.413478677374513381e-04
-1.427846536508070585e-04
-1.441900934846529481e-04
-1.455647315589114754e-04
-1.469091024550728264e-04
-1.482237311991596584e-04
-1.495091334513531933e-04
-1.507658156782998304e-04
-1.519942753356318121e-04
-1.531950010340565882e-04
-1.543684727123295630e-04
-1.555151618022332372e-04
-1.566355313866729659e-04
-1.577300363617695211e-04
-1.587991235916241806e-04
-1.598432320570886134e-04
-1.608627930096417913e-04
-1.618582301130544465e-04
-1.628299595883841988e-04
-1.637783903523093443e-04
-1.647039241576830904e-04
-1.656069557236516943e-04
-1.664878728704355382e-04
-1.673470566445622865e-04
-1.681848814514275148e-04
-1.690017151720901722e-04
-1.697979192900600509e-04
-1.705738490065389357e-04
-1.713298533603246909e-04
-1.720662753361690278e-04
-1.727834519849036354e-04
-1.734817145286893236e-04
-1.741613884631565412e-04
-1.748227936737567489e-04
-1.754662445314636443e-04
-1.760920499953577689e-04
-1.767005137134347592e-04
-1.772919341174183927e-04
-1.778666045204602142e-04
-1.784248132086219130e-04
-1.789668435339120123e-04
-1.794929740042139343e-04
-1.800034783703274854e-04
-1.804986257101237612e-04
-1.809786805182511671e-04
-1.814439027876257882e-04
-1.818945480860367780e-04
-1.823308676420776209e-04
-1.827531084201972078e-04
-1.831615131975272703e-04
-1.835563206400436798e-04
-1.839377653762852560e-04
-1.843060780695182643e-04
-1.846614854867922872e-04
-1.850042105715488105e-04
-1.853344725106786939e-04
-1.856524868006914630e-04
-1.859584653136625576e-04
-1.862526163636246679e-04
-1.865351447649654659e-04
-1.868062519003732547e-04
-1.870661357772362976e-04
-1.873149910904814419e-04
-1.875530092763089129e-04
-1.877803785748088927e-04
-1.879972840839183590e-04
-1.882039078133779242e-04
-1.884004287429075220e-04
-1.885870228690578188e-04
-1.887638632644961234e-04
-1.889311201241916649e-04
-1.890889608175960745e-04
-1.892375499374931991e-04
-1.893770493479607353e-04
-1.895076182334420878e-04
-1.896294131429332452e-04
-1.897425880383885044e-04
-1.898472943364648557e-04
-1.899436809553733951e-04
-1.900318943564016649e-04
-1.901120785872123520e-04
-1.901843753233656287e-04
-1.902489239076210481e-04
-1.903058613927921527e-04
-1.903553225788279235e-04
-1.903974400518926302e-04
-1.904323442238897712e-04
-1.904601633671010319e-04
-1.904810236537102242e-04
-1.904950491871115759e-04
-1.905023620440982057e-04
-1.905030823023956543e-04
-1.904973280784094669e-04
-1.904852155605318842e-04
-1.904668590408942208e-04
-1.904423709468971992e-04
-1.904118618742955960e-04
-1.903754406171742630e-04
-1.903332142005886851e-04
-1.902852879043237522e-04
-1.902317653013074761e-04
-1.901727482782611389e-04
-1.901083370690059837e-04
-1.900386302799983440e-04
-1.899637249171970410e-04
-1.898837164153732715e-04
-1.897986986629796036e-04
-1.897087640263528385e-04
-1.896140033785798096e-04
-1.895145061203695747e-04
-1.894103602086971705e-04
-1.893016521776758054e-04
-1.891884671638699444e-04
-1.890708889289438588e-04
-1.889489998827542649e-04
-1.888228811051106959e-04
-1.886926123679799616e-04
-1.885582721588008326e-04
-1.884199376982476082e-04
-1.882776849650991124e-04
-1.881315887135581733e-04
-1.879817224941238152e-04
-1.878281586755736754e-04
-1.876709684613953044e-04
-1.875102219106583590e-04
-1.873459879557781704e-04
-1.871783344220556700e-04
-1.870073280456630016e-04
-1.868330344891866446e-04
-1.866555183631657400e-04
-1.864748432405249901e-04
-1.862910716730059590e-04
-1.861042652093747307e-04
-1.859144844116311646e-04
-1.857217888698858843e-04
-1.855262372199018017e-04
-1.853278871570829267e-04
-1.851267954511293112e-04
-1.849230179626903947e-04
-1.847166096582419925e-04
-1.845076246231869277e-04
-1.842961160756217964e-04
-1.840821363825462242e-04
-1.838657370711871408e-04
-1.836469688456521254e-04
-1.834258815955891464e-04
-1.832025244137280851e-04
-1.829769456056506982e-04
-1.827491927042235176e-04
-1.825193124811441692e-04
-1.822873509591538266e-04
-1.820533534240276197e-04
-1.818173644361209540e-04
-1.815794278439142317e-04
-1.813395867920064575e-04
-1.810978837346599590e-04
-1.808543604460144394e-04
