4.441553437792343750e+11
1.115344823853572365e-01
9.820781024552616145e-02
8.975432668663829716e-02
8.363295482221388966e-02
7.889110646519004177e-02
7.507148769617399964e-02
7.191029343274868424e-02
6.923732938511140134e-02
6.693554804697798843e-02
6.492129946699920495e-02
6.313320711957226550e-02
6.152529896870673198e-02
6.006252929075950320e-02
5.871776227274771998e-02
5.746969533546408826e-02
5.630140442241549081e-02
5.519930847208520674e-02
5.415242020559674074e-02
5.315179485354581956e-02
5.219011745640766975e-02
5.126138852853934225e-02
5.036068061308940358e-02
4.948394677048861823e-02
4.862786776583583048e-02
4.778972859199326351e-02
4.696731760571726255e-02
4.615884337273445936e-02
4.536286558500535193e-02
4.457823730808696538e-02
4.380405645750062860e-02
4.303962486880452687e-02
4.228441367055335576e-02
4.153803392741650669e-02
4.080021171782233225e-02
4.007076696229505686e-02
3.934959543815264027e-02
3.863665351086975619e-02
3.793194518817255556e-02
3.723551116488588164e-02
3.654741957683338427e-02
3.586775822367771482e-02
3.519662805564394148e-02
3.453413774776192824e-02
3.388039920979646347e-02
3.323552390111661481e-02
3.259961983693582255e-02
3.197278918791646163e-02
3.135512638785931117e-02
3.074671667545891829e-02
3.014763500597861245e-02
2.955794527670363436e-02
2.897769981776932013e-02
2.840693910604086270e-02
2.784569166538264362e-02
2.729397412153233837e-02
2.675179138395300527e-02
2.621913693084421126e-02
2.569599317676707351e-02
2.518233190506391495e-02
2.467811474997638754e-02
2.418329371530880678e-02
2.369781171868190484e-02
2.322160315183463553e-02
2.275459444911609452e-02
2.229670465748045949e-02
2.184784600247580144e-02
2.140792444564443286e-02
2.097684022961709971e-02
2.055448840797224896e-02
2.014075935746717505e-02
1.973553927090287985e-02
1.933871062917136285e-02
1.895015265176236419e-02
1.856974172489822550e-02
1.819735180723425216e-02
1.783285481287855134e-02
1.747612097195694325e-02
1.712701916907510835e-02
1.678541725999793677e-02
1.645118236724041338e-02
1.612418115508851280e-02
1.580428008486323144e-02
1.549134565107923578e-02
1.518524459943892957e-02
1.488584412726590145e-02
1.459301206739205270e-02
1.430661705627822577e-02
1.402652868712239709e-02
1.375261764885471472e-02
1.348475585180741732e-02
1.322281654080637026e-02
1.296667439648713227e-02
1.271620562552833178e-02
1.247128804057728857e-02
1.223180113045718720e-02
1.199762612143340235e-02
1.176864603001703813e-02
1.154474570803820654e-02
1.132581188044623488e-02
1.111173317645497427e-02
1.090240015449572830e-02
1.069770532144787012e-02
1.049754314666029309e-02
1.030181007112185299e-02
1.011040451221534298e-02
9.923226864433365435e-03
9.740179496407597171e-03
9.561166744576521381e-03
9.386094903788277932e-03
9.214872215169256364e-03
9.047408851473814906e-03
8.883616900210666856e-03
8.723410344757098756e-03
8.566705043678624065e-03
8.413418708482778285e-03
8.263470879917633738e-03
8.116782903114350134e-03
7.973277901591968586e-03
7.832880750397785974e-03
7.695518048414173862e-03
7.561118090035456873e-03
7.429610836304334498e-03
7.300927885566022013e-03
7.175002443855937884e-03
7.051769294952547895e-03
6.931164770330067171e-03
6.813126718955286876e-03
6.697594477096391330e-03
6.584508838156200028e-03
6.473812022566471924e-03
6.365447647856514735e-03
6.259360698873450701e-03
6.155497498246287336e-03
6.053805677106671723e-03
5.954234146097192593e-03
5.856733066694319589e-03
5.761253822906597932e-03
5.667748993295251836e-03
5.576172323429107180e-03
5.486478698738972426e-03
5.398624117747718998e-03
5.312565665803070658e-03
5.228261489187202571e-03
5.145670769731047756e-03
5.064753699856927582e-03
4.985471458077483931e-03
4.907786185005758028e-03
4.831660959785821774e-03
4.757059777016792168e-03
4.683947524158238451e-03
4.612289959368354175e-03
4.542053689875258371e-03
4.473206150747532917e-03
4.405715584160363463e-03
4.339551019139742394e-03
4.274682251713013414e-03
4.211079825557240142e-03
4.148715013067238999e-03
4.087559796880357865e-03
4.027586851791609135e-03
3.968769527179727419e-03
3.911081829768292550e-03
3.854498406833828383e-03
3.798994529850663326e-03
3.744546078487065444e-03
3.691129525020153679e-03
3.638721919139165095e-03
3.587300873112653221e-03
3.536844547338713340e-03
3.487331636255142087e-03
3.438741354592877997e-03
3.391053424000922689e-03
3.344248059998999878e-03
3.298305959257064046e-03
3.253208287212983052e-03
3.208936666007966565e-03
3.165473162726195611e-03
3.122800277943316161e-03
3.080900934568697735e-03
3.039758466988562446e-03
2.999356610478454144e-03
2.959679490903033283e-03
2.920711614676108070e-03
2.882437858992670243e-03
2.844843462312729443e-03
2.807914015102053185e-03
2.771635450801390732e-03
2.735994037053934846e-03
2.700976367148388846e-03
2.666569351702285928e-03
2.632760210548035218e-03
2.599536464850116246e-03
2.566885929425000157e-03
2.534796705257580385e-03
2.503257172231654337e-03
2.472255982037596667e-03
2.441782051278984511e-03
2.411824554757302508e-03
2.382372918930730776e-03
2.353416815563447173e-03
2.324946155518370361e-03
2.296951082739528971e-03
2.269421968374762955e-03
2.242349405067400880e-03
2.215724201392710313e-03
2.189537376437566962e-03
2.163780154545547063e-03
2.138443960171265701e-03
2.113520412885483424e-03
2.089001322522543447e-03
2.064878684434834355e-03
2.041144674892692024e-03
2.017791646590660903e-03
1.994812124276768017e-03
1.972198800507474203e-03
1.949944531498104539e-03
1.928042333096069427e-03
1.906485376845790114e-03
1.885266986175526682e-03
1.864380632663253934e-03
1.843819932428214514e-03
1.823578642575096609e-03
1.803650657786981526e-03
1.784030006947157077e-03
1.764710849902595413e-03
1.745687474269841388e-03
1.726954292358362508e-03
1.708505838146523459e-03
1.690336764349265053e-03
1.672441839565719235e-03
1.654815945490772933e-03
1.637454074203237298e-03
1.620351325529956199e-03
1.603502904458098399e-03
1.586904118648702067e-03
1.570550375976420554e-03
1.554437182158308062e-03
1.538560138432343294e-03
1.522914939300568093e-03
1.507497370325294739e-03
1.492303305982378703e-03
1.477328707580216616e-03
1.462569621207387982e-03
1.448022175763785668e-03
1.433682581009065871e-03
1.419547125693032541e-03
1.405612175704007427e-03
1.391874172288476430e-03
1.378329630297381314e-03
1.364975136482815543e-03
1.351807347844902196e-03
1.338822990011534486e-03
1.326018855657640216e-03
1.313391802972629918e-03
1.300938754152936028e-03
1.288656693951839571e-03
1.276542668245506107e-03
1.264593782642986497e-03
1.252807201132855042e-03
1.241180144764708615e-03
1.229709890351537993e-03
1.218393769218506506e-03
1.207229165974821328e-03
1.196213517317135100e-03
1.185344310862479489e-03
1.174619084010064540e-03
1.164035422832832012e-03
1.153590960989436809e-03
1.143283378672865780e-03
1.133110401574377590e-03
1.123069799877640662e-03
1.113159387283513269e-03
1.103377020043261325e-03
1.093720596031522163e-03
1.084188053825485554e-03
1.074777371821600269e-03
1.065486567364049009e-03
1.056313695897204141e-03
1.047256850134958839e-03
1.038314159258924008e-03
1.029483788122176335e-03
1.020763936484980761e-03
1.012152838257396326e-03
1.003648760773190318e-03
9.952500040666389935e-04
9.869549001759736484e-04
9.787618124565966582e-04
9.706691349218310449e-04
9.626752915814495992e-04
9.547787358139547820e-04
9.469779497413011171e-04
9.392714436209370632e-04
9.316577552573868104e-04
9.241354494191611479e-04
9.167031172787609705e-04
9.093593758504603386e-04
9.021028674647268986e-04
8.949322592279873589e-04
8.878462425148114789e-04
8.808435324649810383e-04
8.739228674876642344e-04
8.670830087846859158e-04
8.603227398813473314e-04
8.536408661643513085e-04
8.470362144357146406e-04
8.405076324773386176e-04
8.340539886189102248e-04
8.276741713200141959e-04
8.213670887620150296e-04
8.151316684503751020e-04
8.089668568187491360e-04
8.028716188541729082e-04
7.968449377144803947e-04
7.908858143728103585e-04
7.849932672534531974e-04
7.791663318847952269e-04
7.734040605613667907e-04
7.677055220058903728e-04
7.620698010442072956e-04
7.564959982879759792e-04
7.509832298184804245e-04
7.455306268877581743e-04
7.401373356119567148e-04
7.348025166891147819e-04
7.295253451040650816e-04
7.243050098535430692e-04
7.191407136768468433e-04
7.140316727798357022e-04
7.089771165784686247e-04
7.039762874450072871e-04
6.990284404526647677e-04
6.941328431326887483e-04
6.892887752383280997e-04
6.844955285016940394e-04
6.797524064143800615e-04
6.750587239947591911e-04
6.704138075730448065e-04
6.658169945750191943e-04
6.612676333082045943e-04
6.567650827611348774e-04
6.523087123966320178e-04
6.478979019592934208e-04
6.435320412778722243e-04
6.392105300769834741e-04
6.349327777956936814e-04
6.306982033981167746e-04
6.265062352071026908e-04
6.223563107170537734e-04
6.182478764340526567e-04
6.141803877053320093e-04
6.101533085567378834e-04
6.061661115304151082e-04
6.022182775307083347e-04
5.983092956722835254e-04
5.944386631251408204e-04
5.906058849711737224e-04
5.868104740582857914e-04
5.830519508620568558e-04
5.793298433414140192e-04
5.756436868111780569e-04
5.719930238028414493e-04
5.683774039364486441e-04
5.647963837958069888e-04
5.612495267997008597e-04
5.577364030819875751e-04
5.542565893694728629e-04
5.508096688708885580e-04
5.473952311498830881e-04
5.440128720248793570e-04
5.406621934498367921e-04
5.373428034116667362e-04
5.340543158187660566e-04
5.307963504002088939e-04
5.275685326049384116e-04
5.243704934962956088e-04
5.212018696618692104e-04
5.180623031082465246e-04
5.149514411750821807e-04
5.118689364371764583e-04
5.088144466183219805e-04
5.057876344962686233e-04
5.027881678236756358e-04
4.998157192344088173e-04
4.968699661662689948e-04
4.939505907755048497e-04
4.910572798582091281e-04
4.881897247692723596e-04
4.853476213457774691e-04
4.825306698317266552e-04
4.797385748047666709e-04
4.769710450966968551e-04
4.742277937297423307e-04
4.715085378448335973e-04
4.688129986247790981e-04
4.661409012360895332e-04
4.634919747601440321e-04
4.608659521232461032e-04
4.582625700380038580e-04
4.556815689396032099e-04
4.531226929216369825e-04
4.505856896772630904e-04
4.480703104428052086e-04
4.455763099342480160e-04
4.431034462935024010e-04
4.406514810328943099e-04
4.382201789767670164e-04
4.358093082117431294e-04
4.334186400303252640e-04
4.310479488807139603e-04
4.286970123155153800e-04
4.263656109415592255e-04
4.240535283697166591e-04
4.217605511687150255e-04
4.194864688145116816e-04
4.172310736489937000e-04
4.149941608280194316e-04
4.127755282801182091e-04
4.105749766627475594e-04
4.083923093174401941e-04
4.062273322276155341e-04
4.040798539783896359e-04
4.019496857141646728e-04
3.998366410979947716e-04
3.977405362720620730e-04
3.956611898212614165e-04
3.935984227327882223e-04
3.915520583588349979e-04
3.895219223797319330e-04
3.875078427701961203e-04
3.855096497593635263e-04
3.835271758001468356e-04
3.815602555334862700e-04
3.796087257532665404e-04
3.776724253761187811e-04
3.757511954054493231e-04
3.738448789034620745e-04
3.719533209556313835e-04
3.700763686436125965e-04
3.682138710123794567e-04
3.663656790413583053e-04
3.645316456168945507e-04
3.627116254989459776e-04
3.609054752988782866e-04
3.591130534457143142e-04
3.573342201632634385e-04
3.555688374416998698e-04
3.538167690109172980e-04
3.520778803147717184e-04
3.503520384864344805e-04
3.486391123210808018e-04
3.469389722550175748e-04
3.452514903374837019e-04
3.435765402104440369e-04
3.419139970810558538e-04
3.402637377041273226e-04
3.386256403541398896e-04
3.369995848054863075e-04
3.353854523115984421e-04
3.337831255818546339e-04
3.321924887600413712e-04
3.306134274057015432e-04
3.290458284710418013e-04
3.274895802840571690e-04
3.259445725241061353e-04
3.244106962079218448e-04
3.228878436662974138e-04
3.213759085276546301e-04
3.198747856973938042e-04
3.183843713410183796e-04
3.169045628683697657e-04
3.154352589116449224e-04
3.139763593098532368e-04
3.125277650937174911e-04
3.110893784668000706e-04
3.096611027884055289e-04
3.082428425607020017e-04
3.068345034076269684e-04
3.054359920646732007e-04
3.040472163584606591e-04
3.026680851954122176e-04
3.012985085453223633e-04
2.999383974244818063e-04
2.985876638859075172e-04
2.972462210006909800e-04
2.959139828453416499e-04
2.945908644900185891e-04
2.932767819809889431e-04
2.919716523304138889e-04
2.906753935023598245e-04
2.893879243990316041e-04
2.881091648492262181e-04
2.868390355947880721e-04
2.855774582777304005e-04
2.843243554300212139e-04
2.830796504602606234e-04
2.818432676412463422e-04
2.806151321002037236e-04
2.793951698059071731e-04
2.781833075571338298e-04
