1.845625324411115646e+10
1.331258366491558931e-01
1.288334927163985455e-01
1.243472610479461338e-01
1.202694979041813994e-01
1.166546315790792931e-01
1.134602525447148125e-01
1.106206694219369346e-01
1.080668517963712105e-01
1.057366584399956899e-01
1.035784972203876997e-01
1.015513726270884654e-01
9.962349083727017884e-02
9.777053971981386482e-02
9.597410160611730134e-02
9.422033620699821199e-02
9.249893842161638347e-02
9.080233099301526778e-02
8.912504380380248392e-02
8.746323666149935505e-02
8.581433086528544862e-02
8.417672296661526943e-02
8.254956082056086331e-02
8.093256716574703802e-02
7.932589979546378345e-02
7.773004018279872085e-02
7.614570446059776287e-02
7.457377214000793231e-02
7.301522903492196903e-02
7.147112165704072595e-02
6.994252093798003500e-02
6.843049357885089279e-02
6.693607966415493493e-02
6.546027543577181973e-02
6.400402032334673308e-02
6.256818748601800095e-02
6.115357724649328475e-02
5.976091290033913594e-02
5.839083846652970422e-02
5.704391801423103203e-02
5.572063625746714877e-02
5.442140015791219199e-02
5.314654131623619548e-02
5.189631896732249672e-02
5.067092342382983894e-02
4.947047983828900541e-02
4.829505217506202541e-02
4.714464730259448899e-02
4.601921913217665860e-02
4.491867274300775925e-02
4.384286844555340679e-02
4.279162574457218149e-02
4.176472717242285526e-02
4.076192196991912375e-02
3.978292959850682209e-02
3.882744307247043558e-02
3.789513210425221601e-02
3.698564605931631277e-02
3.609861672022263157e-02
3.523366086152801557e-02
3.439038263932414630e-02
3.356837580042260072e-02
3.276722571764967284e-02
3.198651125813256613e-02
3.122580649249639961e-02
3.048468225280132060e-02
2.976270754780552252e-02
2.905945084379157883e-02
2.837448121917018895e-02
2.770736940144780114e-02
2.705768869424707290e-02
2.642501580237421877e-02
2.580893156234487229e-02
2.520902158561044715e-02
2.462487682118785770e-02
2.405609404441455546e-02
2.350227627771439565e-02
2.296303314923830996e-02
2.243798119489115450e-02
2.192674410856243483e-02
2.142895294559954422e-02
2.094424628361379881e-02
2.047227034491938547e-02
2.001267908426251907e-02
1.956513424545325286e-02
1.912930538997259511e-02
1.870486990066710931e-02
1.829151296317488296e-02
1.788892752766946259e-02
1.749681425312288319e-02
1.711488143626094249e-02
1.674284492710320649e-02
1.638042803284678328e-02
1.602736141168681350e-02
1.568338295797011561e-02
1.534823768007220757e-02
1.502167757214412092e-02
1.470346148078727211e-02
1.439335496763982647e-02
1.409113016875229718e-02
1.379656565151510250e-02
1.350944626987660158e-02
1.322956301838695836e-02
1.295671288577171509e-02
1.269069870836192493e-02
1.243132902395105432e-02
1.217841792640905751e-02
1.193178492140622993e-02
1.169125478351396019e-02
1.145665741500945245e-02
1.122782770651342688e-02
1.100460539975589569e-02
1.078683495255172708e-02
1.057436540617762155e-02
1.036705025519069068e-02
1.016474731992134117e-02
9.967318621516119137e-03
9.774630259805183741e-03
9.586552293850303386e-03
9.402958625328805553e-03
9.223726884695526707e-03
9.048738320176497041e-03
8.877877689574154019e-03
8.711033154844782800e-03
8.548096179505693115e-03
8.388961428740904225e-03
8.233526672296598292e-03
8.081692690005581881e-03
7.933363180005370552e-03
7.788444669557081923e-03
7.646846428431164355e-03
7.508480384795790386e-03
7.373261043588374974e-03
7.241105407291392737e-03
7.111932899086292892e-03
6.985665288292253194e-03
6.862226618090216945e-03
6.741543135422745081e-03
6.623543223034378258e-03
6.508157333621422680e-03
6.395317926020105403e-03
6.284959403350276474e-03
6.177018053096894334e-03
6.071431989072006985e-03
5.968141095186618728e-03
5.867086970996915340e-03
5.768212878964895651e-03
5.671463693386336047e-03
5.576785850917920229e-03
5.484127302722852093e-03
5.393437468075523711e-03
5.304667189468093014e-03
5.217768689170565466e-03
5.132695527138020353e-03
5.049402560268534401e-03
4.967845902991596674e-03
4.887982889059117042e-03
4.809772034625181547e-03
4.733173002430035581e-03
4.658146567200649457e-03
4.584654582101554965e-03
4.512659946282582268e-03
4.442126573475313478e-03
4.373019361535224192e-03
4.305304163034540110e-03
4.238947756727284855e-03
4.173917819953354424e-03
4.110182901917447396e-03
4.047712397807989859e-03
3.986476523744286737e-03
3.926446292530805238e-03
3.867593490150422753e-03
3.809890653022618423e-03
3.753311045985974204e-03
3.697828640951028589e-03
3.643418096251238580e-03
3.590054736632541932e-03
3.537714533861091581e-03
3.486374087971366720e-03
3.436010609059403365e-03
3.386601899682206707e-03
3.338126337789182330e-03
3.290562860180257232e-03
3.243890946500682659e-03
3.198090603703906964e-03
3.153142351026483325e-03
3.109027205398851024e-03
3.065726667331292177e-03
3.023222707218442551e-03
2.981497752069461882e-03
2.940534672658312587e-03
2.900316771037747543e-03
2.860827768477403055e-03
2.822051793723190372e-03
2.783973371656367490e-03
2.746577412266359985e-03
2.709849199975522538e-03
2.673774383283644696e-03
2.638338964719988411e-03
2.603529291092643305e-03
2.569332044059624565e-03
2.535734230944219902e-03
2.502723175852317183e-03
2.470286511043751076e-03
2.438412168562775761e-03
2.407088372119892128e-03
2.376303629207709989e-03
2.346046723463057759e-03
2.316306707236259754e-03
2.287072894394004408e-03
2.258334853330046244e-03
2.230082400176414126e-03
2.202305592218678498e-03
2.174994721499512451e-03
2.148140308607215943e-03
2.121733096653199979e-03
2.095764045413561760e-03
2.070224325645630969e-03
2.045105313565498406e-03
2.020398585490079668e-03
1.996095912621953516e-03
1.972189255996958934e-03
1.948670761563242593e-03
1.925532755413517094e-03
1.902767739140553971e-03
1.880368385328345937e-03
1.858327533175607726e-03
1.836638184242289640e-03
1.815293498302672504e-03
1.794286789332799614e-03
1.773611521602269647e-03
1.753261305867948039e-03
1.733229895688470634e-03
1.713511183832006068e-03
1.694099198780385507e-03
1.674988101343588554e-03
1.656172181348392058e-03
1.637645854438485316e-03
1.619403658947637936e-03
1.601440252864128055e-03
1.583750410872664105e-03
1.566329021491785767e-03
1.549171084274547638e-03
1.532271707080923306e-03
1.515626103449685402e-03
1.499229590007811197e-03
1.483077583977143732e-03
1.467165600727904362e-03
1.451489251419690873e-03
1.436044240675560246e-03
1.420826364348926063e-03
1.405831507328869634e-03
1.391055641412730637e-03
1.376494823235319132e-03
1.362145192244534897e-03
1.348002968742267882e-03
1.334064451969263487e-03
1.320326018237949484e-03
1.306784119124770882e-03
1.293435279694277185e-03
1.280276096786270301e-03
1.267303237330485999e-03
1.254513436719673081e-03
1.241903497219087882e-03
1.229470286408851365e-03
1.217210735680263056e-03
1.205121838761202824e-03
1.193200650285275444e-03
1.181444284391153232e-03
1.169849913360998528e-03
1.158414766292858999e-03
1.147136127810366446e-03
1.136011336797970728e-03
1.125037785173699234e-03
1.114212916689671928e-03
1.103534225764368770e-03
1.092999256344429071e-03
1.082605600791097800e-03
1.072350898801754937e-03
1.062232836349874532e-03
1.052249144660066804e-03
1.042397599195776792e-03
1.032676018688061248e-03
1.023082264171693012e-03
1.013614238062565676e-03
1.004269883242647765e-03
9.950471821700279662e-04
9.859441560216009037e-04
9.769588638419701709e-04
9.680894017225494252e-04
9.593339019968727399e-04
9.506905324569991933e-04
9.421574955843503574e-04
9.337330278074151835e-04
9.254153987696689398e-04
9.172029106185863867e-04
9.090938973059792261e-04
9.010867239205300194e-04
8.931797860125545441e-04
8.853715089571778663e-04
8.776603473172883696e-04
8.700447842322489578e-04
8.625233308077184802e-04
8.550945255392239375e-04
8.477569337279611261e-04
8.405091469239067692e-04
8.333497823815871897e-04
8.262774825198437867e-04
8.192909144020266154e-04
8.123887692248477066e-04
8.055697618234436419e-04
7.988326301762160853e-04
7.921761349392042462e-04
7.855990589704653360e-04
7.791002068868735364e-04
7.726784046095946934e-04
7.663324989384268093e-04
7.600613571234760002e-04
7.538638664499330844e-04
7.477389338379492045e-04
7.416854854429555388e-04
7.357024662688615990e-04
7.297888397890250900e-04
7.239435875816546684e-04
7.181657089618820322e-04
7.124542206315975790e-04
7.068081563332828665e-04
7.012265665122807690e-04
6.957085179866151492e-04
6.902530936223616465e-04
6.848593920198986496e-04
6.795265272045991622e-04
6.742536283190769808e-04
6.690398393394136889e-04
6.638843187734000395e-04
6.587862393843124664e-04
6.537447879144675511e-04
6.487591648125512478e-04
6.438285839691637591e-04
6.389522724572493928e-04
6.341294702796318461e-04
6.293594301209903819e-04
6.246414171056091647e-04
6.199747085566809091e-04
6.153585937682670703e-04
6.107923737752596338e-04
6.062753611295601530e-04
6.018068796880271520e-04
5.973862643893212976e-04
5.930128610551754775e-04
5.886860261796744709e-04
5.844051267323013832e-04
5.801695399587636359e-04
5.759786531929211861e-04
5.718318636689367906e-04
5.677285783336483149e-04
5.636682136689330491e-04
5.596501955158483810e-04
5.556739589034354054e-04
5.517389478737477759e-04
5.478446153242000349e-04
5.439904228397018926e-04
5.401758405356726911e-04
5.364003469032763149e-04
5.326634286555442799e-04
5.289645805801601597e-04
5.253033053891353887e-04
5.216791135829179638e-04
5.180915233022886923e-04
5.145400601931360285e-04
5.110242572754497559e-04
5.075436548069856002e-04
5.040978001566998046e-04
5.006862476746309909e-04
4.973085585728842517e-04
4.939643007979555023e-04
4.906530489170446430e-04
4.873743839961530711e-04
4.841278934879511553e-04
4.809131711209779780e-04
4.777298167875088097e-04
4.745774364338650742e-04
4.714556419587179192e-04
4.683640511065068068e-04
4.653022873661871728e-04
4.622699798737528454e-04
4.592667633089853041e-04
4.562922778077460606e-04
4.533461688593920513e-04
4.504280872201782415e-04
4.475376888239956941e-04
4.446746346855601217e-04
4.418385908229183201e-04
4.390292281701846377e-04
4.362462224851704207e-04
4.334892542812163185e-04
4.307580087370421751e-04
4.280521756183652826e-04
4.253714492068461084e-04
4.227155282177097462e-04
4.200841157266932413e-04
4.174769190998794954e-04
4.148936499188682347e-04
4.123340239112760486e-04
4.097977608827907403e-04
4.072845846474493214e-04
4.047942229636891653e-04
4.023264074657362244e-04
3.998808736034309419e-04
3.974573605767250939e-04
3.950556112752856563e-04
3.926753722169884497e-04
3.903163934895204079e-04
3.879784286910936686e-04
3.856612348751564667e-04
3.833645724928835818e-04
3.810882053358888299e-04
3.788319004862650274e-04
3.765954282617389737e-04
3.743785621610484782e-04
3.721810788179791274e-04
3.700027579458531335e-04
3.678433822915661011e-04
3.657027375847388129e-04
3.635806124921980853e-04
3.614767985697930897e-04
3.593910902182084754e-04
3.573232846354468251e-04
3.552731817737520004e-04
3.532405842971986232e-04
3.512252975375051989e-04
3.492271294520676861e-04
3.472458905851016908e-04
3.452813940225674116e-04
3.433334553575306813e-04
3.414018926481965366e-04
3.394865263797175459e-04
3.375871794273344051e-04
3.357036770188503993e-04
3.338358466991042661e-04
3.319835182913344340e-04
3.301465238680911796e-04
3.283246977088261076e-04
3.265178762732467987e-04
3.247258981626810481e-04
3.229486040907669775e-04
3.211858368499242999e-04
3.194374412793798967e-04
3.177032642340815727e-04
3.159831545567204358e-04
3.142769630433139838e-04
3.125845424178930188e-04
3.109057473003051797e-04
3.092404341800136791e-04
3.075884613863433259e-04
3.059496890629453958e-04
3.043239791384877435e-04
3.027111953015637624e-04
3.011112029744911212e-04
2.995238692860002772e-04
2.979490630483638824e-04
2.963866547311955202e-04
2.948365164356925305e-04
2.932985218742079070e-04
2.917725463427167654e-04
2.902584667003882402e-04
2.887561613447164888e-04
2.872655101908705433e-04
2.857863946481575823e-04
2.843186975984846043e-04
2.828623033770405470e-04
2.814170977469832025e-04
2.799829678832299606e-04
2.785598023493651709e-04
2.771474910789883950e-04
2.757459253555083478e-04
2.743549977934911510e-04
2.729746023160117829e-04
2.716046341428857147e-04
2.702449897657999145e-04
2.688955669316595021e-04
2.675562646294871172e-04
2.662269830646657454e-04
2.649076236498348891e-04
2.635980889811317951e-04
2.622982828262010457e-04
2.610081101066530351e-04
2.597274768783019994e-04
2.584562903216180985e-04
2.571944587208552235e-04
2.559418914502842313e-04
2.546984989604261784e-04
2.534641927605107981e-04
2.522388854058199570e-04
2.510224904817004443e-04
2.498149225911294735e-04
2.486160973393936047e-04
2.474259313205440236e-04
2.462443421036297764e-04
2.450712482191530484e-04
