-1.533880156487303772e+11
1.393946915256449870e-02
7.239119668184024192e-03
6.251551582439063282e-03
5.747657479857615215e-03
5.250937784020415222e-03
4.737172559874824884e-03
4.225480614111543076e-03
3.730267542588094898e-03
3.259185385447782579e-03
2.815798119196522009e-03
2.401507166493122014e-03
2.016576207565012879e-03
1.660637637798778599e-03
1.332945699947796214e-03
1.032512727815237952e-03
7.581915515113557547e-04
5.087316086802573523e-04
2.828204763201114247e-04
7.911588451881002015e-05
-1.037293754420076652e-04
-2.670482457420852995e-04
-4.121448828957596788e-04
-5.402839822363780797e-04
-6.526832171611651745e-04
-7.505081646930200634e-04
-8.348691850339484688e-04
-9.068198141277683533e-04
-9.673563101708637646e-04
-1.017418066599606874e-03
-1.057888664093287190e-03
-1.089597383632234795e-03
-1.113321042386594684e-03
-1.129786046128344879e-03
-1.139670576684626013e-03
-1.143606852636036564e-03
-1.142183416642517102e-03
-1.135947414615756657e-03
-1.125406841055998086e-03
-1.111032731870853496e-03
-1.093261291419622694e-03
-1.072495944858697925e-03
-1.049109309525064759e-03
-1.023445082194651690e-03
-9.958198403370310814e-04
-9.665247571086776901e-04
-9.358272309119008980e-04
-9.039724309567453986e-04
-8.711847608533496157e-04
-8.376692429006293850e-04
-8.036128255490826433e-04
-7.691856171447852830e-04
-7.345420489026643907e-04
-6.998219702136765363e-04
-6.651516793181322384e-04
-6.306448924029428582e-04
-5.964036541576955841e-04
-5.625191927092210165e-04
-5.290727216935575683e-04
-4.961361923720986056e-04
-4.637729983010263624e-04
-4.320386352638649896e-04
-4.009813186680588615e-04
-3.706425611427199840e-04
-3.410577121887303775e-04
-3.122564622635159992e-04
-2.842633132931204898e-04
-2.570980175160553216e-04
-2.307759865813885369e-04
-2.053086725710695504e-04
-1.807039226977558144e-04
-1.569663092331197163e-04
-1.340974361523361580e-04
-1.120962239187228704e-04
-9.095917384494001112e-05
-7.068061309589701580e-05
-5.125292178731477577e-05
-3.266674314117423705e-05
-1.491117785379358907e-05
2.026036341140624586e-06
1.815835899043882762e-05
3.350029407522825409e-05
4.806724937567175004e-05
6.187540702962124328e-05
7.494160469789790113e-05
8.728322650286557405e-05
9.891810315010296506e-05
1.098644206070087392e-04
1.201406366955204419e-04
1.297654050786967161e-04
1.387575061433388157e-04
1.471357842761644719e-04
1.549190910172804081e-04
1.621262337789808328e-04
1.687759296387092434e-04
1.748867638473594610e-04
1.804771527416093591e-04
1.855653106739296732e-04
1.901692206964789023e-04
1.943066086858014074e-04
1.979949206520892346e-04
2.012513029998608260e-04
2.040925854305264409e-04
2.065352664009090233e-04
2.085955007800066596e-04
2.102890896460429815e-04
2.116314719597944816e-04
2.126377179938465645e-04
2.133225243570180396e-04
2.137002104674046166e-04
2.137847163128370198e-04
2.135896014574534263e-04
2.131280450872186094e-04
2.124128470457620210e-04
2.114564297361898326e-04
2.102708408504572191e-04
2.088677567262386958e-04
2.072584864165616381e-04
2.054539762474938414e-04
2.034648149025208852e-04
2.013012389185941942e-04
1.989731385596549273e-04
1.964900640121225450e-04
1.938612318537202839e-04
1.910955317534490661e-04
1.882015333789510692e-04
1.851874934255537397e-04
1.820613627900868892e-04
1.788307938377364792e-04
1.755031477372881454e-04
1.720855018230160738e-04
1.685846569761118019e-04
1.650071450161050279e-04
1.613592360505400336e-04
1.576469458228757503e-04
1.538760429597996193e-04
1.500520561901197425e-04
1.461802814726187449e-04
1.422657890282064130e-04
1.383134302928024084e-04
1.343278447576423673e-04
1.303134666807981290e-04
1.262745317154312374e-04
1.222150833743995690e-04
1.181389793989406911e-04
1.140498979861348516e-04
1.099513438662658160e-04
1.058466542804836763e-04
1.017390047812760656e-04
9.763141490926052768e-05
9.352675374985075507e-05
8.942774529874242262e-05
8.533697375590065803e-05
8.125688862081759112e-05
7.718980966653354869e-05
7.313793180419025930e-05
6.910332976106658975e-05
6.508796266690985988e-05
6.109367847106916827e-05
5.712221826548180559e-05
5.317522043846167890e-05
4.925422473300855586e-05
4.536067616633943089e-05
4.149592880264840744e-05
3.766124946813498298e-05
3.385782127729441982e-05
3.008674707860592434e-05
2.634905280141097705e-05
2.264569064425181466e-05
1.897754220503422573e-05
1.534542148617923374e-05
1.175007777365344452e-05
8.192198462264599357e-06
4.672411750172855704e-06
1.191289237700843273e-06
-2.250651546020776550e-06
-5.652944710776708348e-06
-9.015173690007927121e-06
-1.233696895752700584e-05
-1.561800588056883043e-05
-1.885800261103298681e-05
-2.205671807642417548e-05
-2.521395004873028256e-05
-2.832953325748732709e-05
-3.140333761475488927e-05
-3.443526647961547837e-05
-3.742525498506843462e-05
-4.037326846173527883e-05
-4.327930088154907651e-05
-4.614337339381435754e-05
-4.896553290523186774e-05
-5.174585071676673920e-05
-5.448442121092078594e-05
-5.718136060384182429e-05
-5.983680573651284362e-05
-6.245091291856574856e-05
-6.502385681783628968e-05
-6.755582939632631678e-05
-7.004703889279539908e-05
-7.249770884376616209e-05
-7.490807714427560882e-05
-7.727839515170309426e-05
-7.960892682867815040e-05
-8.189994791285570841e-05
-8.415174513398682166e-05
-8.636461546540630252e-05
-8.853886539039734771e-05
-9.067481021896028892e-05
-9.277277342545353633e-05
-9.483308602753481864e-05
-9.685608596821104754e-05
-9.884211755339933347e-05
-1.007915308981477409e-04
-1.027046813981691287e-04
-1.045819292417871083e-04
-1.064236389130002181e-04
-1.082301787622697020e-04
-1.100019205466651329e-04
-1.117392390372895505e-04
-1.134425116162685043e-04
-1.151121179063796518e-04
-1.167484394068996068e-04
-1.183518591740817527e-04
-1.199227614738784808e-04
-1.214615314952816050e-04
-1.229685550585557507e-04
-1.244442183294669491e-04
-1.258889075694824555e-04
-1.273030088817517225e-04
-1.286869079826225004e-04
-1.300409899747112519e-04
-1.313656391390694012e-04
-1.326612387395620374e-04
-1.339281708305772867e-04
-1.351668160936014829e-04
-1.363775536520339671e-04
-1.375607609315210311e-04
-1.387168135025262927e-04
-1.398460849491023339e-04
-1.409489467347757596e-04
-1.420257680853076465e-04
-1.430769158721201251e-04
-1.441027545048267910e-04
-1.451036458361976145e-04
-1.460799490697883840e-04
-1.470320206722330880e-04
-1.479602142948621690e-04
-1.488648807019821163e-04
-1.497463676976007463e-04
-1.506050200732467204e-04
-1.514411795424663865e-04
-1.522551846928621444e-04
-1.530473709339119637e-04
-1.538180704618863359e-04
-1.545676122158834431e-04
-1.552963218471870022e-04
-1.560045216815186819e-04
-1.566925307021627134e-04
-1.573606645155489758e-04
-1.580092353439255248e-04
-1.586385519980471059e-04
-1.592489198680713258e-04
-1.598406409129005112e-04
-1.604140136490794788e-04
-1.609693331496853119e-04
-1.615068910374439781e-04
-1.620269754851744182e-04
-1.625298712168987691e-04
-1.630158595127273458e-04
-1.634852182130774878e-04
-1.639382217257789875e-04
-1.643751410378424538e-04
-1.647962437221206500e-04
-1.652017939508532152e-04
-1.655920525112097863e-04
-1.659672768212772098e-04
-1.663277209413838165e-04
-1.666736355985243279e-04
-1.670052681983502652e-04
-1.673228628529255246e-04
-1.676266603922726972e-04
-1.679168983950152239e-04
-1.681938112063630086e-04
-1.684576299638695929e-04
-1.687085826183043480e-04
-1.689468939620741850e-04
-1.691727856538705055e-04
-1.693864762457586437e-04
-1.695881812069366390e-04
-1.697781129550435253e-04
-1.699564808812503713e-04
-1.701234913777938118e-04
-1.702793478712827380e-04
-1.704242508451248028e-04
-1.705583978741653794e-04
-1.706819836473361107e-04
-1.707952000087331612e-04
-1.708982359740485180e-04
-1.709912777712041532e-04
-1.710745088649989754e-04
-1.711481099881950740e-04
-1.712122591746023659e-04
-1.712671317861680365e-04
-1.713129005451730080e-04
-1.713497355635418273e-04
-1.713778043768154902e-04
-1.713972719716849724e-04
-1.714083008144129394e-04
-1.714110508879151951e-04
-1.714056797141871868e-04
-1.713923423918295441e-04
-1.713711916242477429e-04
-1.713423777416345217e-04
-1.713060487467110704e-04
-1.712623503298260630e-04
-1.712114259060371069e-04
-1.711534166446426752e-04
-1.710884614949392812e-04
-1.710166972190840795e-04
-1.709382584187402188e-04
-1.708532775626103728e-04
-1.707618850221859219e-04
-1.706642090917309673e-04
-1.705603760187024420e-04
-1.704505100339481771e-04
-1.703347333805727004e-04
-1.702131663348094293e-04
-1.700859272404375844e-04
-1.699531325307646057e-04
-1.698148967606005755e-04
-1.696713326264642774e-04
-1.695225509972253519e-04
-1.693686609403055598e-04
-1.692097697421068858e-04
-1.690459829419843629e-04
-1.688774043504537303e-04
-1.687041360773910981e-04
-1.685262785537933183e-04
-1.683439305610878733e-04
-1.681571892497846221e-04
-1.679661501696738668e-04
-1.677709072855915196e-04
-1.675715530078392135e-04
-1.673681782108360494e-04
-1.671608722582096362e-04
-1.669497230241123731e-04
-1.667348169174243111e-04
-1.665162388977403651e-04
-1.662940725080108706e-04
-1.660683998836454123e-04
-1.658393017838211136e-04
-1.656068576054714470e-04
-1.653711454077111398e-04
-1.651322419322642787e-04
-1.648902226190074316e-04
-1.646451616335031787e-04
-1.643971318792125658e-04
-1.641462050210318324e-04
-1.638924515030559803e-04
-1.636359405698950553e-04
-1.633767402795527346e-04
-1.631149175271850993e-04
-1.628505380617539799e-04
-1.625836665020141680e-04
-1.623143663562753858e-04
-1.620427000381674532e-04
-1.617687288870683915e-04
-1.614925131774302969e-04
-1.612141121452026482e-04
-1.609335839982684035e-04
-1.606509859315430333e-04
-1.603663741476246685e-04
-1.600798038694506431e-04
-1.597913293540642599e-04
-1.595010039143751612e-04
-1.592088799273749800e-04
-1.589150088512347736e-04
-1.586194412410701915e-04
-1.583222267629302848e-04
-1.580234142066760938e-04
-1.577230515013017254e-04
-1.574211857282570293e-04
-1.571178631343261856e-04
-1.568131291480590050e-04
-1.565070283873204460e-04
-1.561996046786084946e-04
-1.558909010634934589e-04
-1.555809598170476704e-04
-1.552698224578374919e-04
-1.549575297576932797e-04
-1.546441217570304616e-04
-1.543296377770619898e-04
-1.540141164286801256e-04
-1.536975956255570708e-04
-1.533801125950251532e-04
-1.530617038898451909e-04
-1.527424053988646335e-04
-1.524222523572316135e-04
-1.521012793586073997e-04
-1.517795203622718248e-04
-1.514570087091104966e-04
-1.511337771256116014e-04
-1.508098577376326688e-04
-1.504852820792823564e-04
-1.501600811033565464e-04
-1.498342851882217275e-04
-1.495079241500274492e-04
-1.491810272520321945e-04
-1.488536232114867630e-04
-1.485257402100703672e-04
-1.481974059023283274e-04
-1.478686474252199901e-04
-1.475394914047800654e-04
-1.472099639665547244e-04
-1.468800907422629365e-04
-1.465498968789002987e-04
-1.462194070462885520e-04
-1.458886454470675886e-04
-1.455576358193599873e-04
-1.452264014494275557e-04
-1.448949651783326686e-04
-1.445633494070452940e-04
-1.442315761042145539e-04
-1.438996668166048210e-04
-1.435676426724263877e-04
-1.432355243893290719e-04
-1.429033322826178676e-04
-1.425710862692497471e-04
-1.422388058780477138e-04
-1.419065102532535150e-04
-1.415742181616330697e-04
-1.412419479993598515e-04
-1.409097177977880477e-04
-1.405775452310020768e-04
-1.402454476180370335e-04
-1.399134419335368307e-04
-1.395815448106407786e-04
-1.392497725469787895e-04
-1.389181411106665820e-04
-1.385866661460788407e-04
-1.382553629805105544e-04
-1.379242466248431498e-04
-1.375933317857569449e-04
-1.372626328648429705e-04
-1.369321639663745316e-04
-1.366019389037465004e-04
-1.362719712003634953e-04
-1.359422740994098433e-04
-1.356128605638495799e-04
-1.352837432850861887e-04
-1.349549346847389586e-04
-1.346264469215263659e-04
-1.342982918934865211e-04
-1.339704812441944171e-04
-1.336430263660925988e-04
-1.333159384055981889e-04
-1.329892282659894676e-04
-1.326629066127349432e-04
-1.323369838768240214e-04
-1.320114702596519862e-04
-1.316863757367947585e-04
-1.313617100593411635e-04
-1.310374827621085814e-04
-1.307137031643090808e-04
-1.303903803733241773e-04
-1.300675232898118594e-04
-1.297451406110372574e-04
-1.294232408315387772e-04
-1.291018322515657957e-04
-1.287809229770786601e-04
-1.284605209217470900e-04
-1.281406338144996937e-04
-1.278212691997460126e-04
-1.275024344420394584e-04
-1.271841367262993572e-04
-1.268663830655825109e-04
-1.265491803001950188e-04
-1.262325351023552145e-04
-1.259164539781920666e-04
-1.256009432726301611e-04
-1.252860091702778789e-04
-1.249716576969817083e-04
-1.246578947280418959e-04
-1.243447259835495089e-04
-1.240321570363800419e-04
-1.237201933133036391e-04
-1.234088400963173626e-04
-1.230981025273081286e-04
-1.227879856089408861e-04
-1.224784942068790627e-04
-1.221696330546695464e-04
-1.218614067521883726e-04
-1.215538197718579738e-04
-1.212468764575369562e-04
-1.209405810302932593e-04
-1.206349375868498441e-04
-1.203299501051358078e-04
-1.200256224429541163e-04
-1.197219583446429425e-04
-1.194189614377449971e-04
