5.854355348917130280e+10
2.366375328529887412e+00
2.366176971248779459e+00
2.365363683353735702e+00
2.364209839694237481e+00
2.362657064727046397e+00
2.360611176391196331e+00
2.358025480504926108e+00
2.354889818617989405e+00
2.351214253126542530e+00
2.347018657309843714e+00
2.342327047325532430e+00
2.337164727276468845e+00
2.331556957855902557e+00
2.325528406247194368e+00
2.319102973648943244e+00
2.312303789204872118e+00
2.305153264359746323e+00
2.297673157708438829e+00
2.289884629402815897e+00
2.281808278585683247e+00
2.273464164007833688e+00
2.264871810698004140e+00
2.256050206305211248e+00
2.247017790578476948e+00
2.237792440934619709e+00
2.228391456457274877e+00
2.218831542093285147e+00
2.209128794313319766e+00
2.199298689094369763e+00
2.189356072758005034e+00
2.179315155948563287e+00
2.169189510847679081e+00
2.158992071583651917e+00
2.148735137695572561e+00
2.138430380445163870e+00
2.128088851725634889e+00
2.117720995292355468e+00
2.107336660029033304e+00
2.096945114962758261e+00
2.086555065748684434e+00
2.076174672357423923e+00
2.065811567715013730e+00
2.055472877063954762e+00
2.045165237833794336e+00
2.034894819830757484e+00
2.024667345575883903e+00
2.014488110641857510e+00
2.004362003857265151e+00
1.994293527265420085e+00
1.984286815741687748e+00
1.974345656188630560e+00
1.964473506242661482e+00
1.954673512438494853e+00
1.944948527789438941e+00
1.935301128751557354e+00
1.925733631548986802e+00
1.916248107845513360e+00
1.906846399754373422e+00
1.897530134184330031e+00
1.888300736524858081e+00
1.879159443677923758e+00
1.870107316447029211e+00
1.861145251297359859e+00
1.852273991503204709e+00
1.843494137700643298e+00
1.834806157864967702e+00
1.826210396733382701e+00
1.817707084694253350e+00
1.809296346164638525e+00
1.800978207478027393e+00
1.792752604304250985e+00
1.784619388623456704e+00
1.776578335275486253e+00
1.768629148105959725e+00
1.760771465729506602e+00
1.753004866930206518e+00
1.745328875718734185e+00
1.737742966064676597e+00
1.730246566322343860e+00
1.722839063367009427e+00
1.715519806458429386e+00
1.708288110847249186e+00
1.701143261139427931e+00
1.694084514433045641e+00
1.687111103241138554e+00
1.680222238213429531e+00
1.673417110669341845e+00
1.666694894953756556e+00
1.660054750626686060e+00
1.653495824497024591e+00
1.647017252510365015e+00
1.640618161499986627e+00
1.634297670809738756e+00
1.628054893797109548e+00
1.621888939224027659e+00
1.615798912542818710e+00
1.609783917084000038e+00
1.603843055152412767e+00
1.597975429037634232e+00
1.592180141944412375e+00
1.586456298848264002e+00
1.580803007281399442e+00
1.575219378053471342e+00
1.569704525911588266e+00
1.564257570143697595e+00
1.558877635129114481e+00
1.553563850839825733e+00
1.548315353295955932e+00
1.543131284978445095e+00
1.538010795202019221e+00
1.532953040451073168e+00
1.527957184681141722e+00
1.523022399588327858e+00
1.518147864848946149e+00
1.513332768331496325e+00
1.508576306282930712e+00
1.503877683491074091e+00
1.499236113424897265e+00
1.494650818354260391e+00
1.490121029450650170e+00
1.485645986870272495e+00
1.481224939820872333e+00
1.476857146613435479e+00
1.472541874699977882e+00
1.468278400698461716e+00
1.464066010405837170e+00
1.459903998800138103e+00
1.455791670032531959e+00
1.451728337410065128e+00
1.447713323369951510e+00
1.443745959446013583e+00
1.439825586228032250e+00
1.435951553314516627e+00
1.432123219259557878e+00
1.428339951514228101e+00
1.424601126363061354e+00
1.420906128856074924e+00
1.417254352736734724e+00
1.413645200366309140e+00
1.410078082644924846e+00
1.406552418929735371e+00
1.403067636950482644e+00
1.399623172722750386e+00
1.396218470459218652e+00
1.392852982479147794e+00
1.389526169116342968e+00
1.386237498625822129e+00
1.382986447089402660e+00
1.379772498320353202e+00
1.376595143767368912e+00
1.373453882417953187e+00
1.370348220701405495e+00
1.367277672391536081e+00
1.364241758509225466e+00
1.361240007225011261e+00
1.358271953761693407e+00
1.355337140297183218e+00
1.352435115867628213e+00
1.349565436270862673e+00
1.346727663970361366e+00
1.343921367999659555e+00
1.341146123867381856e+00
1.338401513462905479e+00
1.335687124962703809e+00
1.333002552737457380e+00
1.330347397259922460e+00
1.327721265013652729e+00
1.325123768402555413e+00
1.322554525661369107e+00
1.320013160767038229e+00
1.317499303351057360e+00
1.315012588612759048e+00
1.312552657233618358e+00
1.310119155292536197e+00
1.307711734182156471e+00
1.305330050526212649e+00
1.302973766097910380e+00
1.300642547739359944e+00
1.298336067282064521e+00
1.296054001468468719e+00
1.293796031874559604e+00
1.291561844833546857e+00
1.289351131360590763e+00
1.287163587078599125e+00
1.284998912145084660e+00
1.282856811180073997e+00
1.280736993195082940e+00
1.278639171523115348e+00
1.276563063749724281e+00
1.274508391645103433e+00
1.272474881097199528e+00
1.270462262045853885e+00
1.268470268417945412e+00
1.266498638063553006e+00
1.264547112693090058e+00
1.262615437815445052e+00
1.260703362677075834e+00
1.258810640202089326e+00
1.256937026933253376e+00
1.255082282973967622e+00
1.253246171931153841e+00
1.251428460859076885e+00
1.249628920204066906e+00
1.247847323750139292e+00
1.246083448565512342e+00
1.244337074949973587e+00
1.242607986383142071e+00
1.240895969473546856e+00
1.239200813908574839e+00
1.237522312405221703e+00
1.235860260661672205e+00
1.234214457309678714e+00
1.232584703867728670e+00
1.230970804694996534e+00
1.229372566946062229e+00
1.227789800526385422e+00
1.226222318048518778e+00
1.224669934789066827e+00
1.223132468646352722e+00
1.221609740098809072e+00
1.220101572164052905e+00
1.218607790358660736e+00
1.217128222658614423e+00
1.215662699460415830e+00
1.214211053542855634e+00
1.212773120029419172e+00
1.211348736351342437e+00
1.209937742211276923e+00
1.208539979547573306e+00
1.207155292499165977e+00
1.205783527371051100e+00
1.204424532600348430e+00
1.203078158722936442e+00
1.201744258340641691e+00
1.200422686089000379e+00
1.199113298605546829e+00
1.197815954498641311e+00
1.196530514316828553e+00
1.195256840518708730e+00
1.193994797443318934e+00
1.192744251281009138e+00
1.191505070044812653e+00
1.190277123542300197e+00
1.189060283347900482e+00
1.187854422775694196e+00
1.186659416852661408e+00
1.185475142292374828e+00
1.184301477469144048e+00
1.183138302392581442e+00
1.181985498682608160e+00
1.180842949544863130e+00
1.179710539746543052e+00
1.178588155592620312e+00
1.177475684902485886e+00
1.176373016986964615e+00
1.175280042625716614e+00
1.174196654045022825e+00
1.173122744895926495e+00
1.172058210232758801e+00
1.171002946491995100e+00
1.169956851471485759e+00
1.168919824310022948e+00
1.167891765467236942e+00
1.166872576703837483e+00
1.165862161062179991e+00
1.164860422847143528e+00
1.163867267607337386e+00
1.162882602116605657e+00
1.161906334355842674e+00
1.160938373495108200e+00
1.159978629876027734e+00
1.159027014994493898e+00
1.158083441483641174e+00
1.157147823097103956e+00
1.156220074692547062e+00
1.155300112215464914e+00
1.154387852683241622e+00
1.153483214169480853e+00
1.152586115788576615e+00
1.151696477680542952e+00
1.150814220996090098e+00
1.149939267881937566e+00
1.149071541466369251e+00
1.148210965845017917e+00
1.147357466066882381e+00
1.146510968120568741e+00
1.145671398920750761e+00
1.144838686294853414e+00
1.144012758969941812e+00
1.143193546559828411e+00
1.142380979552380271e+00
1.141574989297031939e+00
1.140775507992500382e+00
1.139982468674687777e+00
1.139195805204785028e+00
1.138415452257558247e+00
1.137641345309824858e+00
1.136873420629111120e+00
1.136111615262486829e+00
1.135355867025581000e+00
1.134606114491766737e+00
1.133862296981516193e+00
1.133124354551929391e+00
1.132392227986418476e+00
1.131665858784557610e+00
1.130945189152094521e+00
1.130230161991116589e+00
1.129520720890364593e+00
1.128816810115709890e+00
1.128118374600763474e+00
1.127425359937650251e+00
1.126737712367906985e+00
1.126055378773533899e+00
1.125378306668185502e+00
1.124706444188484644e+00
1.124039740085486905e+00
1.123378143716264432e+00
1.122721605035625680e+00
1.122070074587958377e+00
1.121423503499200169e+00
1.120781843468932282e+00
1.120145046762590413e+00
1.119513066203799090e+00
1.118885855166822818e+00
1.118263367569124256e+00
1.117645557864046957e+00
1.117032381033600474e+00
1.116423792581360042e+00
1.115819748525468391e+00
1.115220205391749042e+00
1.114625120206917952e+00
1.114034450491901307e+00
1.113448154255253897e+00
1.112866189986670973e+00
1.112288516650603132e+00
1.111715093679966460e+00
1.111145880969940825e+00
1.110580838871866982e+00
1.110019928187232940e+00
1.109463110161746036e+00
1.108910346479499154e+00
1.108361599257218444e+00
1.107816831038597183e+00
1.107276004788716017e+00
1.106739083888541586e+00
1.106206032129510186e+00
1.105676813708186268e+00
1.105151393221004863e+00
1.104629735659086620e+00
1.104111806403131668e+00
1.103597571218383866e+00
1.103086996249676099e+00
1.102580048016539749e+00
1.102076693408389207e+00
1.101576899679777899e+00
1.101080634445717576e+00
1.100587865677072230e+00
1.100098561696013055e+00
1.099612691171541146e+00
1.099130223115075244e+00
1.098651126876103445e+00
1.098175372137893513e+00
1.097702928913271148e+00
1.097233767540451543e+00
1.096767858678935781e+00
1.096305173305463843e+00
1.095845682710027136e+00
1.095389358491932086e+00
1.094936172555927900e+00
1.094486097108383404e+00
1.094039104653518502e+00
1.093595167989693140e+00
1.093154260205742911e+00
1.092716354677368384e+00
1.092281425063581501e+00
1.091849445303188615e+00
1.091420389611336583e+00
1.090994232476097947e+00
1.090570948655108952e+00
1.090150513172252200e+00
1.089732901314385272e+00
1.089318088628117520e+00
1.088906050916627288e+00
1.088496764236529524e+00
1.088090204894779589e+00
1.087686349445625700e+00
1.087285174687600442e+00
1.086886657660554034e+00
1.086490775642730666e+00
1.086097506147882585e+00
1.085706826922422152e+00
1.085318715942620527e+00
1.084933151411834773e+00
1.084550111757780266e+00
1.084169575629835736e+00
1.083791521896390719e+00
1.083415929642219222e+00
1.083042778165900000e+00
1.082672046977267488e+00
1.082303715794891152e+00
1.081937764543601022e+00
1.081574173352035650e+00
1.081212922550229827e+00
1.080853992667230479e+00
1.080497364428750329e+00
1.080143018754843975e+00
1.079790936757623721e+00
1.079441099739003596e+00
1.079093489188469146e+00
1.078748086780883630e+00
1.078404874374317979e+00
1.078063834007911836e+00
1.077724947899764585e+00
1.077388198444851453e+00
1.077053568212967383e+00
1.076721039946700875e+00
1.076390596559432256e+00
1.076062221133357921e+00
1.075735896917541901e+00
1.075411607325992058e+00
1.075089335935763613e+00
1.074769066485083302e+00
1.074450782871503085e+00
1.074134469150073379e+00
1.073820109531542943e+00
1.073507688380582747e+00
1.073197190214028041e+00
1.072888599699151291e+00
1.072581901651948666e+00
1.072277081035456714e+00
1.071974122958083919e+00
1.071673012671968017e+00
1.071373735571353958e+00
1.071076277190990744e+00
1.070780623204551807e+00
1.070486759423072476e+00
1.070194671793409213e+00
1.069904346396719053e+00
1.069615769446956577e+00
1.069328927289391551e+00
1.069043806399145646e+00
1.068760393379744933e+00
1.068478674961695907e+00
1.068198638001073730e+00
1.067920269478133122e+00
1.067643556495932566e+00
1.067368486278979844e+00
1.067095046171892436e+00
1.066823223638074580e+00
1.066553006258412095e+00
1.066284381729981634e+00
1.066017337864779035e+00
1.065751862588461440e+00
1.065487943939104509e+00
1.065225570065977401e+00
1.064964729228331297e+00
1.064705409794203694e+00
1.064447600239236014e+00
1.064191289145509201e+00
1.063936465200390202e+00
1.063683117195393546e+00
1.063431234025059791e+00
1.063180804685842862e+00
1.062931818275015150e+00
1.062684263989584377e+00
1.062438131125223784e+00
1.062193409075215866e+00
1.061950087329408321e+00
1.061708155473183757e+00
1.061467603186439401e+00
1.061228420242585013e+00
1.060990596507544126e+00
1.060754121938777272e+00
1.060518986584308099e+00
1.060285180581768349e+00
1.060052694157449293e+00
1.059821517625367582e+00
1.059591641386340655e+00
1.059363055927075692e+00
1.059135751819266114e+00
1.058909719718701403e+00
1.058684950364385813e+00
1.058461434577670834e+00
1.058239163261393223e+00
1.058018127399027897e+00
1.057798318053847497e+00
1.057579726368093942e+00
1.057362343562159079e+00
1.057146160933775780e+00
1.056931169857215913e+00
1.056717361782503417e+00
1.056504728234630042e+00
1.056293260812784407e+00
1.056082951189589059e+00
1.055873791110347515e+00
1.055665772392297530e+00
1.055458886923875905e+00
1.055253126663990626e+00
1.055048483641301882e+00
