1.805556368476739197e+11
2.324829532696838896e+00
2.326244047384967484e+00
2.325976779044010456e+00
2.325005893951172631e+00
2.323512733792948648e+00
2.321521899653454124e+00
2.319040684656231477e+00
2.316078915255446624e+00
2.312650278800223447e+00
2.308771249927835889e+00
2.304459942205047795e+00
2.299735241722615786e+00
2.294616242847244969e+00
2.289121922832952016e+00
2.283270978084700253e+00
2.277081757267682249e+00
2.270572245465638517e+00
2.263760070555005832e+00
2.256662515393299540e+00
2.249296527554959901e+00
2.241678723248369920e+00
2.233825384775416367e+00
2.225752452269627923e+00
2.217475511028702329e+00
2.209009775896165984e+00
2.200370074059652126e+00
2.191570827443793945e+00
2.182626035652374785e+00
2.173549260194571175e+00
2.164353610529969885e+00
2.155051732294684275e+00
2.145655797927174202e+00
2.136177499795927304e+00
2.126628045839109582e+00
2.117018157655813582e+00
2.107358070935807071e+00
2.097657538077116524e+00
2.087925832815740179e+00
2.078171756676157500e+00
2.068403647044301685e+00
2.058629386663367811e+00
2.048856414356252653e+00
2.039091736785953568e+00
2.029341941074523703e+00
2.019613208112957636e+00
2.009911326406690790e+00
2.000241706314707546e+00
1.990609394553343181e+00
1.981019088849307330e+00
1.971475152638930473e+00
1.961981629723066334e+00
1.952542258798701802e+00
1.943160487798893055e+00
1.933839487983015193e+00
1.924582167728215110e+00
1.915391185981593303e+00
1.906268965340126353e+00
1.897217704732194754e+00
1.888239391680756274e+00
1.879335814133548777e+00
1.870508571850526991e+00
1.861759087342887753e+00
1.853088616361720842e+00
1.844498257937376540e+00
1.835988963973390176e+00
1.827561548401054115e+00
1.819216695902492908e+00
1.810954970211917647e+00
1.802776822005718760e+00
1.794682596393267549e+00
1.786672540020978861e+00
1.778746807802761065e+00
1.770905469290464662e+00
1.763148514698068769e+00
1.755475860593576742e+00
1.747887355272503829e+00
1.740382783826874613e+00
1.732961872923342028e+00
1.725624295303904265e+00
1.718369674022406368e+00
1.711197586429671791e+00
1.704107567919670219e+00
1.697099115448898576e+00
1.690171690840638341e+00
1.683324723885307295e+00
1.676557615247722399e+00
1.669869739191776503e+00
1.663260446132379222e+00
1.656729065024177050e+00
1.650274905596270436e+00
1.643897260441458119e+00
1.637595406968370249e+00
1.631368609224336019e+00
1.625216119596408104e+00
1.619137180397722586e+00
1.613131025345841962e+00
1.607196880939540939e+00
1.601333967740011133e+00
1.595541501562249831e+00
1.589818694582022962e+00
1.584164756363519277e+00
1.578578894812522559e+00
1.573060317059675528e+00
1.567608230278117132e+00
1.562221842439592390e+00
1.556900363012805100e+00
1.551643003607678040e+00
1.546448978568892407e+00
1.541317505521903941e+00
1.536247805874457306e+00
1.531239105276441137e+00
1.526290634040742056e+00
1.521401627527616984e+00
1.516571326494924765e+00
1.511798977416492828e+00
1.507083832770597542e+00
1.502425151300653017e+00
1.497822198249848524e+00
1.493274245571500458e+00
1.488780572116742640e+00
1.484340463801104626e+00
1.479953213751342700e+00
1.475618122433949519e+00
1.471334497766551674e+00
1.467101655213376876e+00
1.462918917865953183e+00
1.458785616510015704e+00
1.454701089679623083e+00
1.450664683699442126e+00
1.446675752715972152e+00
1.442733658718593936e+00
1.438837771551161104e+00
1.434987468914837194e+00
1.431182136362832091e+00
1.427421167287725279e+00
1.423703962901839759e+00
1.420029932211317902e+00
1.416398491984353303e+00
1.412809066714043826e+00
1.409261088576374998e+00
1.405753997383676568e+00
1.402287240533967028e+00
1.398860272956587547e+00
1.395472557054403984e+00
1.392123562642942680e+00
1.388812766886720951e+00
1.385539654233102436e+00
1.382303716343852518e+00
1.379104452024716876e+00
1.375941367153220574e+00
1.372813974604853549e+00
1.369721794177924279e+00
1.366664352517174441e+00
1.363641183036401250e+00
1.360651825840177409e+00
1.357695827644866071e+00
1.354772741699048488e+00
1.351882127703479153e+00
1.349023551730716530e+00
1.346196586144487117e+00
1.343400809518953354e+00
1.340635806557913812e+00
1.337901168014056674e+00
1.335196490608347331e+00
1.332521376949598491e+00
1.329875435454314747e+00
1.327258280266871981e+00
1.324669531180073800e+00
1.322108813556148954e+00
1.319575758248237918e+00
1.317070001522402167e+00
1.314591184980216765e+00
1.312138955481960245e+00
1.309712965070447988e+00
1.307312870895524393e+00
1.304938335139280037e+00
1.302589024941956719e+00
1.300264612328611680e+00
1.297964774136548982e+00
1.295689191943510288e+00
1.293437551996678092e+00
1.291209545142474102e+00
1.289004866757175405e+00
1.286823216678363746e+00
1.284664299137198151e+00
1.282527822691540420e+00
1.280413500159915507e+00
1.278321048556331885e+00
1.276250189025937232e+00
1.274200646781544544e+00
1.272172151041008004e+00
1.270164434965435518e+00
1.268177235598279218e+00
1.266210293805258846e+00
1.264263354215132917e+00
1.262336165161314305e+00
1.260428478624333604e+00
1.258540050175123604e+00
1.256670638919135996e+00
1.254820007441295848e+00
1.252987921751750555e+00
1.251174151232440357e+00
1.249378468584484869e+00
1.247600649776340997e+00
1.245840473992771757e+00
1.244097723584577597e+00
1.242372184019129522e+00
1.240663643831627194e+00
1.238971894577151733e+00
1.237296730783441712e+00
1.235637949904419219e+00
1.233995352274450452e+00
1.232368741063309514e+00
1.230757922231878965e+00
1.229162704488539593e+00
1.227582899246252968e+00
1.226018320580336329e+00
1.224468785186917152e+00
1.222934112342038304e+00
1.221414123861442436e+00
1.219908644060983427e+00
1.218417499717693087e+00
1.216940520031474460e+00
1.215477536587411089e+00
1.214028383318688009e+00
1.212592896470128689e+00
1.211170914562306189e+00
1.209762278356258269e+00
1.208366830818759841e+00
1.206984417088185157e+00
1.205614884440903367e+00
1.204258082258243157e+00
1.202913861993994749e+00
1.201582077142436145e+00
1.200262583206890055e+00
1.198955237668805962e+00
1.197659899957328467e+00
1.196376431419382547e+00
1.195104695290249319e+00
1.193844556664618306e+00
1.192595882468116431e+00
1.191358541429313522e+00
1.190132404052176573e+00
1.188917342588988513e+00
1.187713231013701742e+00
1.186519944995737985e+00
1.185337361874210238e+00
1.184165360632583930e+00
1.183003821873733763e+00
1.181852627795423771e+00
1.180711662166190390e+00
1.179580810301618099e+00
1.178459959040997651e+00
1.177348996724385088e+00
1.176247813170014700e+00
1.175156299652105218e+00
1.174074348879004415e+00
1.173001854971717162e+00
1.171938713442763236e+00
1.170884821175398827e+00
1.169840076403157569e+00
1.168804378689748624e+00
1.167777628909261178e+00
1.166759729226708231e+00
1.165750583078876135e+00
1.164750095155492993e+00
1.163758171380698148e+00
1.162774718894816983e+00
1.161799646036430378e+00
1.160832862324732373e+00
1.159874278442176943e+00
1.158923806217406982e+00
1.157981358608451750e+00
1.157046849686208745e+00
1.156120194618176944e+00
1.155201309652466035e+00
1.154290112102054788e+00
1.153386520329306775e+00
1.152490453730733888e+00
1.151601832722001229e+00
1.150720578723180232e+00
1.149846614144231616e+00
1.148979862370721694e+00
1.148120247749770062e+00
1.147267695576218216e+00
1.146422132079019551e+00
1.145583484407851405e+00
1.144751680619930934e+00
1.143926649667045492e+00
1.143108321382792170e+00
1.142296626470014509e+00
1.141491496488436175e+00
1.140692863842501126e+00
1.139900661769393420e+00
1.139114824327253084e+00
1.138335286383575173e+00
1.137561983603792903e+00
1.136794852440037751e+00
1.136033830120080967e+00
1.135278854636440737e+00
1.134529864735668081e+00
1.133786799907792631e+00
1.133049600375941601e+00
1.132318207086109974e+00
1.131592561697103205e+00
1.130872606570621608e+00
1.130158284761511478e+00
1.129449540008160335e+00
1.128746316723042487e+00
1.128048559983409138e+00
1.127356215522129723e+00
1.126669229718662235e+00
1.125987549590172110e+00
1.125311122782788109e+00
1.124639897562981439e+00
1.123973822809092749e+00
1.123312848002977260e+00
1.122656923221780012e+00
1.122005999129841003e+00
1.121360026970719126e+00
1.120718958559339562e+00
1.120082746274260632e+00
1.119451343050057668e+00
1.118824702369820567e+00
1.118202778257768815e+00
1.117585525271975744e+00
1.116972898497202493e+00
1.116364853537839430e+00
1.115761346510956153e+00
1.115162334039454528e+00
1.114567773245321858e+00
1.113977621742992641e+00
1.113391837632800030e+00
1.112810379494532320e+00
1.112233206381082695e+00
1.111660277812192898e+00
1.111091553768293716e+00
1.110526994684429614e+00
1.109966561444284183e+00
1.109410215374282416e+00
1.108857918237788009e+00
1.108309632229385722e+00
1.107765319969242546e+00
1.107224944497559038e+00
1.106688469269095698e+00
1.106155858147787052e+00
1.105627075401425241e+00
1.105102085696431091e+00
1.104580854092693576e+00
1.104063346038490101e+00
1.103549527365476735e+00
1.103039364283756596e+00
1.102532823377011750e+00
1.102029871597714372e+00
1.101530476262400304e+00
1.101034605047015447e+00
1.100542225982327871e+00
1.100053307449404993e+00
1.099567818175157585e+00
1.099085727227945064e+00
1.098607004013248511e+00
1.098131618269400089e+00
1.097659540063377959e+00
1.097190739786658709e+00
1.096725188151129293e+00
1.096262856185061585e+00
1.095803715229132447e+00
1.095347736932515748e+00
1.094894893249017009e+00
1.094445156433270228e+00
1.093998499036984651e+00
1.093554893905247516e+00
1.093114314172874968e+00
1.092676733260815380e+00
1.092242124872610853e+00
1.091810462990893349e+00
1.091381721873943444e+00
1.090955876052290163e+00
1.090532900325359655e+00
1.090112769758173172e+00
1.089695459678086564e+00
1.089280945671577072e+00
1.088869203581078304e+00
1.088460209501849851e+00
1.088053939778901524e+00
1.087650371003952232e+00
1.087249480012431935e+00
1.086851243880527784e+00
1.086455639922268901e+00
1.086062645686649786e+00
1.085672238954796143e+00
1.085284397737168227e+00
1.084899100270800387e+00
1.084516325016581462e+00
1.084136050656570260e+00
1.083758256091349015e+00
1.083382920437410801e+00
1.083010023024582491e+00
1.082639543393486559e+00
1.082271461293030868e+00
1.081905756677936647e+00
1.081542409706300667e+00
1.081181400737184495e+00
1.080822710328243064e+00
1.080466319233379435e+00
1.080112208400437313e+00
1.079760358968915313e+00
1.079410752267719875e+00
1.079063369812946371e+00
1.078718193305684414e+00
1.078375204629861583e+00
1.078034385850106469e+00
1.077695719209646352e+00
1.077359187128229978e+00
1.077024772200078750e+00
1.076692457191863905e+00
1.076362225040711662e+00
1.076034058852233688e+00
1.075707941898582876e+00
1.075383857616537098e+00
1.075061789605604501e+00
1.074741721626156776e+00
1.074423637597584857e+00
1.074107521596478598e+00
1.073793357854832209e+00
1.073481130758270785e+00
1.073170824844299931e+00
1.072862424800580472e+00
1.072555915463220710e+00
1.072251281815098434e+00
1.071948508984194914e+00
1.071647582241959107e+00
1.071348487001686500e+00
1.071051208816923506e+00
1.070755733379889163e+00
1.070462046519917498e+00
1.070170134201921197e+00
1.069879982524874151e+00
1.069591577720313325e+00
1.069304906150858381e+00
1.069019954308752407e+00
1.068736708814420400e+00
1.068455156415044405e+00
1.068175283983159307e+00
1.067897078515263276e+00
1.067620527130449526e+00
1.067345617069052288e+00
1.067072335691310769e+00
1.066800670476048207e+00
1.066530609019373355e+00
1.066262139033388845e+00
1.065995248344925317e+00
1.065729924894283753e+00
1.065466156733998915e+00
1.065203932027613654e+00
1.064943239048472545e+00
1.064684066178527511e+00
1.064426401907160091e+00
1.064170234830017048e+00
1.063915553647860390e+00
1.063662347165432953e+00
1.063410604290336625e+00
1.063160314031924791e+00
1.062911465500208319e+00
1.062664047904774645e+00
1.062418050553721072e+00
1.062173462852600059e+00
1.061930274303378274e+00
1.061688474503407420e+00
1.061448053144407044e+00
1.061209000011464454e+00
1.060971304982037289e+00
1.060734958024978303e+00
1.060499949199566805e+00
1.060266268654551203e+00
1.060033906627205758e+00
1.059802853442396442e+00
1.059573099511659677e+00
1.059344635332290840e+00
1.059117451486445205e+00
1.058891538640248209e+00
1.058666887542916824e+00
1.058443489025891138e+00
1.058221334001978375e+00
1.058000413464503353e+00
1.057780718486472482e+00
1.057562240219745320e+00
1.057344969894218334e+00
1.057128898817015328e+00
1.056914018371690744e+00
1.056700320017438299e+00
1.056487795288314491e+00
1.056276435792465440e+00
1.056066233211367056e+00
1.055857179299071635e+00
1.055649265881464682e+00
1.055442484855529939e+00
1.055236828188622633e+00
1.055032287917752720e+00
