1.893806875384572042e+00
1.893749143589423367e+00
1.893576005221358383e+00
1.893287631169023211e+00
1.892884305702800862e+00
1.892366425662067586e+00
1.891734499324107421e+00
1.890989144961149337e+00
1.890131089093992633e+00
1.889161164452220376e+00
1.888080307652594492e+00
1.886889556608910112e+00
1.885590047687573545e+00
1.884183012624756959e+00
1.882669775221766262e+00
1.881051747836365973e+00
1.879330427688474803e+00
1.877507392999236302e+00
1.875584298982986731e+00
1.873562873711879462e+00
1.871444913872996940e+00
1.869232280437892690e+00
1.866926894264185677e+00
1.864530731648630812e+00
1.862045819850659534e+00
1.859474232604647170e+00
1.856818085638876958e+00
1.854079532217948856e+00
1.851260758724933897e+00
1.848363980298495468e+00
1.845391436539153940e+00
1.842345387298073511e+00
1.839228108560424069e+00
1.836041888434591485e+00
1.832789023257114014e+00
1.829471813822373782e+00
1.826092561744834697e+00
1.822653565960653754e+00
1.819157119374282150e+00
1.815605505654843910e+00
1.812000996186010848e+00
1.808345847172003307e+00
1.804642296901804777e+00
1.800892563172394656e+00
1.797098840871376169e+00
1.793263299718415471e+00
1.789388082164313554e+00
1.785475301445843321e+00
1.781527039794012168e+00
1.777545346792771319e+00
1.773532237884846818e+00
1.769489693020820598e+00
1.765419655447424852e+00
1.761324030630529780e+00
1.757204685308161318e+00
1.753063446668607250e+00
1.748902101648559970e+00
1.744722396346086501e+00
1.740526035543126238e+00
1.736314682332169568e+00
1.732089957841744132e+00
1.727853441055370087e+00
1.723606668718614454e+00
1.719351135329023617e+00
1.715088293203680392e+00
1.710819552619349704e+00
1.706546282020218630e+00
1.702269808288308761e+00
1.697991417071963216e+00
1.693712353167728502e+00
1.689433820951333765e+00
1.685156984853416695e+00
1.680882969875981514e+00
1.676612862145737681e+00
1.672347709500438651e+00
1.668088522104875793e+00
1.663836273092961004e+00
1.659591899232832235e+00
1.655356301611889069e+00
1.651130346338938626e+00
1.646914865260689531e+00
1.642710656690208326e+00
1.638518486144795006e+00
1.634339087091213338e+00
1.630173161696123696e+00
1.626021381579822123e+00
1.621884388571535052e+00
1.617762795464553260e+00
1.613657186769780427e+00
1.609568119466182168e+00
1.605496123746978920e+00
1.601441703760285051e+00
1.597405338343243386e+00
1.593387481748599122e+00
1.589388564362895107e+00
1.585408993415484691e+00
1.581449153677650266e+00
1.577509408151241299e+00
1.573590098746243449e+00
1.569691546946824445e+00
1.565814054465437977e+00
1.561957903884646948e+00
1.558123359286329279e+00
1.554310666868057744e+00
1.550520055546463771e+00
1.546751737547377603e+00
1.543005908982711283e+00
1.539282750413954126e+00
1.535582427402262251e+00
1.531905091045157263e+00
1.528250878499821219e+00
1.524619913493067136e+00
1.521012306818055215e+00
1.517428156817845153e+00
1.513867549855915318e+00
1.510330560773766706e+00
1.506817253335779760e+00
1.503327680661476151e+00
1.499861885645406234e+00
1.496419901364755889e+00
1.493001751474992256e+00
1.489607450593676941e+00
1.486237004672669837e+00
1.482890411358989358e+00
1.479567660344488944e+00
1.476268733704640734e+00
1.472993606226632668e+00
1.469742245726994856e+00
1.466514613359032548e+00
1.463310663910285525e+00
1.460130346090230624e+00
1.456973602808511625e+00
1.453840371443888557e+00
1.450730584104166887e+00
1.447644167877338184e+00
1.444581045074166070e+00
1.441541133462417523e+00
1.438524346493038841e+00
1.435530593518391296e+00
1.432559780002887306e+00
1.429611807726160144e+00
1.426686574978984323e+00
1.423783976752243552e+00
1.420903904919012639e+00
1.418046248410100407e+00
1.415210893383139101e+00
1.412397723385465209e+00
1.409606619511013736e+00
1.406837460551305652e+00
1.404090123140862456e+00
1.401364481897054537e+00
1.398660409554713491e+00
1.395977777095565031e+00
1.393316453872718741e+00
1.390676307730307260e+00
1.388057205118509163e+00
1.385459011204050128e+00
1.382881589976348913e+00
1.380324804349446266e+00
1.377788516259879525e+00
1.375272586760606597e+00
1.372776876111125421e+00
1.370301243863957463e+00
1.367845548947493217e+00
1.365409649745531917e+00
1.362993404173398204e+00
1.360596669750934407e+00
1.358219303672372424e+00
1.355861162873241099e+00
1.353522104094394773e+00
1.351201983943267848e+00
1.348900658952454812e+00
1.346617985635713666e+00
1.344353820541465350e+00
1.342108020303906413e+00
1.339880441691807089e+00
1.337670941655067391e+00
1.335479377369132914e+00
1.333305606277318311e+00
1.331149486131172344e+00
1.329010875028866945e+00
1.326889631451780849e+00
1.324785614299254011e+00
1.322698682921658264e+00
1.320628697151782882e+00
1.318575517334650504e+00
1.316539004355776532e+00
1.314519019667962807e+00
1.312515425316667761e+00
1.310528083964008772e+00
1.308556858911435583e+00
1.306601614121166488e+00
1.304662214236374407e+00
1.302738524600218106e+00
1.300830411273755649e+00
1.298937741052754280e+00
1.297060381483474245e+00
1.295198200877458961e+00
1.293351068325342412e+00
1.291518853709758385e+00
1.289701427717349747e+00
1.287898661849932846e+00
1.286110428434835029e+00
1.284336600634466752e+00
1.282577052455126099e+00
1.280831658755082980e+00
1.279100295251979658e+00
1.277382838529554032e+00
1.275679166043744983e+00
1.273989156128166877e+00
1.272312687999013203e+00
1.270649641759396653e+00
1.268999898403147419e+00
1.267363339818109447e+00
1.265739848788928423e+00
1.264129308999382584e+00
1.262531605034263427e+00
1.260946622380812121e+00
1.259374247429761562e+00
1.257814367475971196e+00
1.256266870718696582e+00
1.254731646261490585e+00
1.253208584111768165e+00
1.251697575180048982e+00
1.250198511278870717e+00
1.248711285121425485e+00
1.247235790319903392e+00
1.245771921383564074e+00
1.244319573716555993e+00
1.242878643615491496e+00
1.241449028266787824e+00
1.240030625743789860e+00
1.238623335003680825e+00
1.237227055884195126e+00
1.235841689100144025e+00
1.234467136239765672e+00
1.233103299760892835e+00
1.231750082986983408e+00
1.230407390102979948e+00
1.229075126151033315e+00
1.227753197026099308e+00
1.226441509471395186e+00
1.225139971073748502e+00
1.223848490258834021e+00
1.222566976286294738e+00
1.221295339244776068e+00
1.220033490046869451e+00
1.218781340423953141e+00
1.217538802920982821e+00
1.216305790891177852e+00
