2.904889242403602600e+09
2.276952908994961611e+00
2.275786833355101013e+00
2.274689824687047057e+00
2.273435201491094126e+00
2.271810660505724222e+00
2.269756333779932689e+00
2.267268125459092953e+00
2.264358373369694810e+00
2.261043145692644529e+00
2.257338469763892519e+00
2.253259515188291928e+00
2.248820689729702949e+00
2.244035937028817429e+00
2.238919004992018902e+00
2.233483628874890492e+00
2.227743632640258209e+00
2.221712967971302355e+00
2.215405710725169453e+00
2.208836030628664293e+00
2.202018145618564127e+00
2.194966268612650317e+00
2.187694551837214618e+00
2.180217031985288934e+00
2.172547578229018672e+00
2.164699844279044605e+00
2.156687225137067010e+00
2.148522818829417425e+00
2.140219393174936258e+00
2.131789357488135472e+00
2.123244739019316096e+00
2.114597163870830521e+00
2.105857842090685494e+00
2.097037556623043919e+00
2.088146655786418115e+00
2.079195048949415092e+00
2.070192205079663950e+00
2.061147153851687008e+00
2.052068489012993879e+00
2.042964373723511251e+00
2.033842547600663409e+00
2.024710335221093782e+00
2.015574655848565655e+00
2.006442034176683986e+00
1.997318611893665885e+00
1.988210159894732376e+00
1.979122090985107718e+00
1.970059472933407996e+00
1.961027041751009392e+00
1.952029215087736080e+00
1.943070105648098567e+00
1.934153534544878372e+00
1.925283044518661058e+00
1.916461912962569736e+00
1.907693164701038224e+00
1.898979584480324334e+00
1.890323729136106579e+00
1.881727939410708483e+00
1.873194351398473678e+00
1.864724907603495740e+00
1.856321367598430028e+00
1.847985318277614475e+00
1.839718183701066101e+00
1.831521234529191799e+00
1.823395597050632588e+00
1.815342261807973756e+00
1.807362091827746653e+00
1.799455830463045913e+00
1.791624108857880149e+00
1.783867453043820106e+00
1.776186290679953705e+00
1.768580957448000479e+00
1.761051703114596911e+00
1.753598697273305973e+00
1.746222034778838417e+00
1.738921740886095524e+00
1.731697776106584374e+00
1.724550040794628814e+00
1.717478379475620098e+00
1.710482584928244343e+00
1.703562402032415157e+00
1.696717531394308809e+00
1.689947632759455143e+00
1.683252328224680738e+00
1.676631205259046187e+00
1.670083819543841219e+00
1.663609697641018403e+00
1.657208339499269378e+00
1.650879220806460213e+00
1.644621795196783420e+00
1.638435496320552742e+00
1.632319739784325652e+00
1.626273924968493434e+00
1.620297436729306373e+00
1.614389646991811533e+00
1.608549916239988331e+00
1.602777594909880365e+00
1.597072024691422065e+00
1.591432539744188412e+00
1.585858467832085505e+00
1.580349131381773020e+00
1.574903848469250800e+00
1.569521933738917685e+00
1.564202699259045204e+00
1.558945455317522155e+00
1.553749511161381047e+00
1.548614175683568739e+00
1.543538758060042371e+00
1.538522568340294994e+00
1.533564917994086896e+00
1.528665120417058043e+00
1.523822491397780476e+00
1.519036349548579468e+00
1.514306016702375635e+00
1.509630818277658104e+00
1.505010083613578686e+00
1.500443146277020467e+00
1.495929344343388090e+00
1.491468020652821913e+00
1.487058523043327973e+00
1.482700204562358515e+00
1.478392423658165811e+00
1.474134544352238452e+00
1.469925936394079091e+00
1.465765975399423660e+00
1.461654042972996725e+00
1.457589526816839731e+00
1.453571820825119154e+00
1.449600325166365833e+00
1.445674446353944820e+00
1.441793597305573549e+00
1.437957197392631059e+00
1.434164672479934843e+00
1.430415454956676768e+00
1.426708983759095606e+00
1.423044704385532100e+00
1.419422068904310219e+00
1.415840535955074087e+00
1.412299570743952293e+00
1.408798645033080721e+00
1.405337237124863581e+00
1.401914831841378328e+00
1.398530920499320596e+00
1.395185000880794224e+00
1.391876577200315879e+00
1.388605160068330902e+00
1.385370266451493526e+00
1.382171419630064069e+00
1.379008149152571638e+00
1.375879990788055451e+00
1.372786486476102130e+00
1.369727184274835974e+00
1.366701638307122657e+00
1.363709408705101378e+00
1.360750061553298362e+00
1.357823168830387672e+00
1.354928308349832466e+00
1.352065063699486647e+00
1.349233024180329199e+00
1.346431784744424487e+00
1.343660945932211304e+00
1.340920113809311864e+00
1.338208899902796567e+00
1.335526921137201395e+00
1.332873799770189827e+00
1.330249163328080853e+00
1.327652644541235105e+00
1.325083881279405018e+00
1.322542516487104525e+00
1.320028198119058471e+00
1.317540579075767271e+00
1.315079317139280946e+00
1.312644074909187220e+00
1.310234519738870063e+00
1.307850323672093751e+00
1.305491163379930653e+00
1.303156720098071153e+00
1.300846679564557684e+00
1.298560731957943748e+00
1.296298571835943214e+00
1.294059898074562565e+00
1.291844413807742953e+00
1.289651826367541387e+00
1.287481847224864362e+00
1.285334191930763037e+00
1.283208580058311954e+00
1.281104735145077056e+00
1.279022384636197662e+00
1.276961259828067075e+00
1.274921095812648009e+00
1.272901631422410862e+00
1.270902609175911024e+00
1.268923775223995465e+00
1.266964879296672120e+00
1.265025674650609666e+00
1.263105918017293883e+00
1.261205369551840150e+00
1.259323792782445883e+00
1.257460954560501998e+00
1.255616625011361620e+00
1.253790577485743629e+00
1.251982588511801442e+00
1.250192437747828844e+00
1.248419907935612416e+00
1.246664784854422114e+00
1.244926857275643783e+00
1.243205916918047826e+00
1.241501758403674049e+00
1.239814179214355772e+00
1.238142979648865438e+00
1.236487962780659089e+00
1.234848934416248545e+00
1.233225703054175559e+00
1.231618079844575053e+00
1.230025878549341645e+00
1.228448915502887040e+00
1.226887009573464749e+00
1.225339982125089655e+00
1.223807656980008485e+00
1.222289860381745585e+00
1.220786420958704932e+00
1.219297169688311921e+00
1.217821939861710945e+00
1.216360567048993424e+00
1.214912889064954538e+00
1.213478745935385295e+00
1.212057979863865764e+00
1.210650435199071673e+00
1.209255958402602360e+00
1.207874398017278139e+00
1.206505604635954354e+00
1.205149430870792848e+00
1.203805731323036809e+00
1.202474362553233478e+00
1.201155183051936248e+00
1.199848053210852639e+00
1.198552835294454777e+00
1.197269393412015992e+00
1.195997593490107702e+00
1.194737303245507754e+00
1.193488392158546407e+00
1.192250731446862222e+00
1.191024194039579820e+00
1.189808654551879785e+00
1.188603989259987115e+00
1.187410076076534038e+00
1.186226794526330286e+00
1.185054025722496185e+00
1.183891652342985656e+00
1.182739558607475816e+00
1.181597630254619169e+00
1.180465754519657740e+00
1.179343820112384478e+00
1.178231717195461714e+00
1.177129337363076012e+00
1.176036573619927417e+00
1.174953320360561326e+00
1.173879473349013436e+00
1.172814929698780428e+00
1.171759587853113960e+00
1.170713347565614404e+00
1.169676109881141457e+00
1.168647777117013176e+00
1.167628252844515657e+00
1.166617441870690053e+00
1.165615250220419119e+00
1.164621585118787106e+00
1.163636354973719200e+00
1.162659469358899411e+00
1.161690838996946251e+00
1.160730375742866194e+00
1.159777992567754268e+00
1.158833603542759771e+00
1.157897123823298902e+00
1.156968469633516294e+00
1.156047558250987262e+00
1.155134307991666054e+00
1.154228638195064160e+00
1.153330469209659093e+00
1.152439722378534759e+00
1.151556320025248992e+00
1.150680185439910463e+00
1.149811242865484084e+00
1.148949417484303126e+00
1.148094635404795394e+00
1.147246823648409020e+00
1.146405910136748751e+00
1.145571823678909640e+00
1.144744493959000575e+00
1.143923851523874324e+00
1.143109827771033649e+00
1.142302354936731490e+00
1.141501366084256119e+00
1.140706795092390591e+00
1.139918576644057824e+00
1.139136646215135107e+00
1.138360940063440685e+00
1.137591395217893098e+00
1.136827949467833498e+00
1.136070541352513175e+00
1.135319110150743160e+00
1.134573595870696394e+00
1.133833939239875965e+00
1.133100081695225692e+00
1.132371965373397238e+00
1.131649533101168004e+00
1.130932728385994235e+00
1.130221495406721344e+00
1.129515779004423681e+00
1.128815524673389969e+00
1.128120678552241962e+00
1.127431187415189884e+00
1.126746998663417099e+00
1.126068060316594011e+00
1.125394321004527409e+00
1.124725729958923948e+00
1.124062237005286402e+00
1.123403792554927838e+00
1.122750347597104348e+00
1.122101853691270357e+00
1.121458262959444729e+00
1.120819528078691230e+00
1.120185602273714665e+00
1.119556439309565388e+00
1.118931993484449050e+00
1.118312219622651149e+00
1.117697073067556612e+00
1.117086509674780848e+00
1.116480485805398493e+00
1.115878958319270531e+00
1.115281884568479764e+00
1.114689222390844225e+00
1.114100930103549603e+00
1.113516966496855831e+00
1.112937290827902048e+00
1.112361862814609692e+00
1.111790642629665093e+00
1.111223590894594437e+00
1.110660668673923102e+00
1.110101837469423147e+00
1.109547059214443854e+00
1.108996296268322856e+00
1.108449511410876775e+00
1.107906667836979997e+00
1.107367729151209845e+00
1.106832659362580351e+00
1.106301422879345964e+00
1.105773984503880314e+00
1.105250309427630251e+00
1.104730363226144929e+00
1.104214111854168401e+00
1.103701521640812366e+00
1.103192559284790653e+00
1.102687191849724080e+00
1.102185386759516605e+00
1.101687111793786977e+00
1.101192335083377216e+00
1.100701025105919495e+00
1.100213150681462082e+00
1.099728680968167227e+00
1.099247585458058118e+00
1.098769833972836896e+00
1.098295396659752399e+00
1.097824243987535642e+00
1.097356346742382360e+00
1.096891676023999729e+00
1.096430203241706147e+00
1.095971900110583874e+00
1.095516738647687838e+00
1.095064691168307069e+00
1.094615730282276767e+00
1.094169828890344975e+00
1.093726960180583685e+00
1.093287097624859872e+00
1.092850214975344070e+00
1.092416286261074010e+00
1.091985285784567106e+00
1.091557188118474908e+00
1.091131968102285521e+00
1.090709600839073090e+00
1.090290061692290591e+00
1.089873326282607024e+00
1.089459370484785694e+00
1.089048170424612216e+00
1.088639702475854065e+00
1.088233943257271852e+00
1.087830869629662356e+00
1.087430458692950186e+00
1.087032687783315410e+00
1.086637534470354938e+00
1.086244976554291863e+00
1.085854992063216340e+00
1.085467559250365754e+00
1.085082656591440431e+00
1.084700262781957747e+00
1.084320356734639779e+00
1.083942917576835807e+00
1.083567924647982350e+00
1.083195357497093170e+00
1.082825195880287250e+00
1.082457419758344530e+00
1.082092009294300272e+00
1.081728944851065632e+00
1.081368206989084868e+00
1.081009776464020300e+00
1.080653634224469917e+00
1.080299761409713621e+00
1.079948139347490121e+00
1.079598749551803794e+00
1.079251573720759749e+00
1.078906593734427322e+00
1.078563791652730641e+00
1.078223149713370965e+00
1.077884650329770544e+00
1.077548276089047574e+00
1.077214009750016244e+00
1.076881834241211866e+00
1.076551732658945104e+00
1.076223688265376621e+00
1.075897684486621264e+00
1.075573704910873563e+00
1.075251733286559874e+00
1.074931753520513178e+00
1.074613749676172070e+00
1.074297705971801964e+00
1.073983606778739830e+00
1.073671436619663577e+00
1.073361180166878759e+00
1.073052822240632365e+00
1.072746347807444600e+00
1.072441741978465535e+00
1.072138990007848625e+00
1.071838077291146218e+00
1.071538989363730598e+00
1.071241711899225901e+00
1.070946230707967572e+00
1.070652531735478030e+00
1.070360601060962091e+00
1.070070424895821048e+00
1.069781989582187620e+00
1.069495281591475555e+00
1.069210287522952996e+00
1.068926994102324723e+00
1.068645388180345712e+00
1.068365456731437568e+00
1.068087186852332282e+00
1.067810565760729524e+00
1.067535580793969485e+00
1.067262219407726143e+00
1.066990469174711187e+00
1.066720317783399707e+00
1.066451753036767425e+00
1.066184762851045686e+00
1.065919335254492450e+00
1.065655458386176591e+00
1.065393120494777524e+00
1.065132309937401489e+00
1.064873015178410265e+00
1.064615224788265202e+00
1.064358927442385028e+00
1.064104111920019191e+00
1.063850767103131201e+00
1.063598881975301724e+00
1.063348445620638349e+00
1.063099447222702443e+00
1.062851876063450218e+00
1.062605721522182467e+00
1.062360973074510717e+00
1.062117620291334052e+00
1.061875652837829476e+00
1.061635060472452707e+00
1.061395833045953641e+00
1.061157960500400455e+00
1.060921432868218828e+00
1.060686240271239811e+00
1.060452372919760577e+00
1.060219821111617389e+00
1.059988575231266328e+00
1.059758625748879579e+00
1.059529963219447923e+00
1.059302578281896334e+00
1.059076461658210899e+00
1.058851604152575065e+00
1.058627996650514325e+00
1.058405630118053997e+00
1.058184495600885899e+00
1.057964584223543669e+00
1.057745887188590972e+00
1.057528395775813923e+00
1.057312101341429056e+00
1.057096995317296395e+00
1.056883069210142523e+00
1.056670314600795635e+00
1.056458723143424594e+00
1.056248286564791083e+00
1.056038996663507756e+00
1.055830845309308597e+00
1.055623824442321945e+00
1.055417926072357293e+00
1.055213142278198735e+00
