-9.041101596720175171e+10
2.292590124932022633e+00
2.295545839756387707e+00
2.295804040218434317e+00
2.295191385255412442e+00
2.293976427094061243e+00
2.292222010664178633e+00
2.289956070671810284e+00
2.287202757796851671e+00
2.283986760040227715e+00
2.280332501583387295e+00
2.276263199222968936e+00
2.271800504214072980e+00
2.266964555580238905e+00
2.261774213348381579e+00
2.256247329065029117e+00
2.250400986915646939e+00
2.244251692878682647e+00
2.237815510695806864e+00
2.231108152022182267e+00
2.224145030408957169e+00
2.216941288314846936e+00
2.209511804911466371e+00
2.201871190842936254e+00
2.194033774648460611e+00
2.186013584354800976e+00
2.177824326796496734e+00
2.169479366491060546e+00
2.160991705342527602e+00
2.152373964031381703e+00
2.143638365639199961e+00
2.134796721826930366e+00
2.125860421717323145e+00
2.116840423509430469e+00
2.107747248765125647e+00
2.098590979246186095e+00
2.089381256139087206e+00
2.080127281478068468e+00
2.070837821562583780e+00
2.061521212158762495e+00
2.052185365275033035e+00
2.042837777307047187e+00
2.033485538355352062e+00
2.024135342530427373e+00
2.014793499071560134e+00
2.005465944119855237e+00
1.996158252998744942e+00
1.986875652869564135e+00
1.977623035642906313e+00
1.968404971039373397e+00
1.959225719705975255e+00
1.950089246305759083e+00
1.940999232509214245e+00
1.931959089826005505e+00
1.922971972224850834e+00
1.914040788497481937e+00
1.905168214330641430e+00
1.896356704056373577e+00
1.887608502057477766e+00
1.878925653809973451e+00
1.870310016549496801e+00
1.861763269552624278e+00
1.853286924027856220e+00
1.844882332614055098e+00
1.836550698487040556e+00
1.828293084077132313e+00
1.820110419402707791e+00
1.812003510026169106e+00
1.803973044640289736e+00
1.796019602293989603e+00
1.788143659267320995e+00
1.780345595606313669e+00
1.772625701328767622e+00
1.764984182312369754e+00
1.757421165876872582e+00
1.749936706072129367e+00
1.742530788683722687e+00
1.735203335968093619e+00
1.727954211128683859e+00
1.720783222544654656e+00
1.713690127763362936e+00
1.706674637267617145e+00
1.699736418028381379e+00
1.692875096853307948e+00
1.686090263541131451e+00
1.679381473851671469e+00
1.672748252300699345e+00
1.666190094788736697e+00
1.659706471072395217e+00
1.653296827086516485e+00
1.646960587125025022e+00
1.640697155888078074e+00
1.634505920402770762e+00
1.628386251824203823e+00
1.622337507123593037e+00
1.616359030669560992e+00
1.610450155708653242e+00
1.604610205750677476e+00
1.598838495864239651e+00
1.593134333887593179e+00
1.587497021559592048e+00
1.581925855575389894e+00
1.576420128571158319e+00
1.570979130041972871e+00
1.565602147196767380e+00
1.560288465753979281e+00
1.555037370681439324e+00
1.549848146883738842e+00
1.544720079840234295e+00
1.539652456196566099e+00
1.534644564312537041e+00
1.529695694768909320e+00
1.524805140835638673e+00
1.519972198903852600e+00
1.515196168883797601e+00
1.510476354570803981e+00
1.505812063981271098e+00
1.501202609660482690e+00
1.496647308963990675e+00
1.492145484314287840e+00
1.487696463434170724e+00
1.483299579558432058e+00
1.478954171625086911e+00
1.474659584447555183e+00
1.470415168868940192e+00
1.466220281899587974e+00
1.462074286839007531e+00
1.457976553383155238e+00
1.453926457718048404e+00
1.449923382600608601e+00
1.445966717427600301e+00
1.442055858293418646e+00
1.438190208037553486e+00
1.434369176282323632e+00
1.430592179461683155e+00
1.426858640841589310e+00
1.423167990532636429e+00
1.419519665495421634e+00
1.415913109539197912e+00
1.412347773314314603e+00
1.408823114298884516e+00
1.405338596780093097e+00
1.401893691830599531e+00
1.398487877280365499e+00
1.395120637684293508e+00
1.391791464286000313e+00
1.388499854978040071e+00
1.385245314258870541e+00
1.382027353186850549e+00
1.378845489331501639e+00
1.375699246722314584e+00
1.372588155795297915e+00
1.369511753337467663e+00
1.366469582429560958e+00
1.363461192387033449e+00
1.360486138699636083e+00
1.357543982969657614e+00
1.354634292849010935e+00
1.351756641975318862e+00
1.348910609907123748e+00
1.346095782058312595e+00
1.343311749631946217e+00
1.340558109553539712e+00
1.337834464403909074e+00
1.335140422351702494e+00
1.332475597085675867e+00
1.329839607746813979e+00
1.327232078860353770e+00
1.324652640267805603e+00
1.322100927059013387e+00
1.319576579504339264e+00
1.317079242986992638e+00
1.314608567935603656e+00
1.312164209757048505e+00
1.309745828769590670e+00
1.307353090136374352e+00
1.304985663799306028e+00
1.302643224413367662e+00
1.300325451281376221e+00
1.298032028289231921e+00
1.295762643841684492e+00
1.293516990798623922e+00
1.291294766411935413e+00
1.289095672262929870e+00
1.286919414200363931e+00
1.284765702279073274e+00
1.282634250699237866e+00
1.280524777746262721e+00
1.278437005731332121e+00
1.276370660932597767e+00
1.274325473537047726e+00
1.272301177583037735e+00
1.270297510903508842e+00
1.268314215069875628e+00
1.266351035336619191e+00
1.264407720586543604e+00
1.262484023276752909e+00
1.260579699385297348e+00
1.258694508358516595e+00
1.256828213059089094e+00
1.254980579714756406e+00
1.253151377867745886e+00
1.251340380324874602e+00
1.249547363108348907e+00
1.247772105407236376e+00
1.246014389529620070e+00
1.244274000855424278e+00
1.242550727789919041e+00
1.240844361717873934e+00
1.239154696958396862e+00
1.237481530720400347e+00
1.235824663058741057e+00
1.234183896830991056e+00
1.232559037654847200e+00
1.230949893866180256e+00
1.229356276477705290e+00
1.227777999138268017e+00
1.226214878092756200e+00
1.224666732142593695e+00
1.223133382606866437e+00
1.221614653284012864e+00
1.220110370414111856e+00
1.218620362641749333e+00
1.217144460979455500e+00
1.215682498771703646e+00
1.214234311659470711e+00
1.212799737545343648e+00
1.211378616559166899e+00
1.209970791024237213e+00
1.208576105424008285e+00
1.207194406369336503e+00
1.205825542566223429e+00
1.204469364784072738e+00
1.203125725824455650e+00
1.201794480490350203e+00
1.200475485555877020e+00
1.199168599736520679e+00
1.197873683659804733e+00
1.196590599836450775e+00
1.195319212631976713e+00
1.194059388238763342e+00
1.192810994648550116e+00
1.191573901625381016e+00
1.190347980678970741e+00
1.189133105038505001e+00
1.187929149626847369e+00
1.186735991035170690e+00
1.185553507497979719e+00
1.184381578868543894e+00
1.183220086594716225e+00
1.182068913695139889e+00
1.180927944735832069e+00
1.179797065807151490e+00
1.178676164501121004e+00
1.177565129889122097e+00
1.176463852499943341e+00
1.175372224298178336e+00
1.174290138662968941e+00
1.173217490367089777e+00
1.172154175556367361e+00
1.171100091729422754e+00
1.170055137717746829e+00
1.169019213666081525e+00
1.167992221013130605e+00
1.166974062472557083e+00
1.165964642014303720e+00
1.164963864846197517e+00
1.163971637395858183e+00
1.162987867292877731e+00
1.162012463351307590e+00
1.161045335552404412e+00
1.160086395027653650e+00
1.159135554042076688e+00
1.158192725977782001e+00
1.157257825317794309e+00
1.156330767630129541e+00
1.155411469552129589e+00
1.154499848775038640e+00
1.153595824028828876e+00
1.152699315067260422e+00
1.151810242653183325e+00
1.150928528544068463e+00
1.150054095477762273e+00
1.149186867158474623e+00
1.148326768242982077e+00
1.147473724327046973e+00
1.146627661932052566e+00
1.145788508491846880e+00
1.144956192339792844e+00
1.144130642696020717e+00
1.143311789654883004e+00
1.142499564172599458e+00
1.141693898055101686e+00
1.140894723946060729e+00
1.140101975315109151e+00
1.139315586446238759e+00
1.138535492426382412e+00
1.137761629134175889e+00
1.136993933228884979e+00
1.136232342139517737e+00
1.135476794054090188e+00
1.134727227909072989e+00
1.133983583378985527e+00
1.133245800866165887e+00
1.132513821490688466e+00
1.131787587080438140e+00
1.131067040161340076e+00
1.130352123947738985e+00
1.129642782332920925e+00
1.128938959879787429e+00
1.128240601811668187e+00
1.127547654003274502e+00
1.126860062971792420e+00
1.126177775868106634e+00
1.125500740468166949e+00
1.124828905164477311e+00
1.124162218957717396e+00
1.123500631448493436e+00
1.122844092829208495e+00
1.122192553876061982e+00
1.121545965941165290e+00
1.120904280944780895e+00
1.120267451367668254e+00
1.119635430243563379e+00
1.119008171151747666e+00
1.118385628209750182e+00
1.117767756066146756e+00
1.117154509893466763e+00
1.116545845381213820e+00
1.115941718728982623e+00
1.115342086639681263e+00
1.114746906312857666e+00
1.114156135438118422e+00
1.113569732188652406e+00
1.112987655214843663e+00
1.112409863637983998e+00
1.111836317044077704e+00
1.111266975477734675e+00
1.110701799436155657e+00
1.110140749863206100e+00
1.109583788143578609e+00
1.109030876097036655e+00
1.108481975972746669e+00
1.107937050443690286e+00
1.107396062601162967e+00
1.106858975949345680e+00
1.106325754399962502e+00
1.105796362267010391e+00
1.105270764261570671e+00
1.104748925486693123e+00
1.104230811432350912e+00
1.103716387970476998e+00
1.103205621350064503e+00
1.102698478192339904e+00
1.102194925486007726e+00
1.101694930582561405e+00
1.101198461191663647e+00
1.100705485376590298e+00
1.100215971549741711e+00
1.099729888468215844e+00
1.099247205229451296e+00
1.098767891266918983e+00
1.098291916345892849e+00
1.097819250559263660e+00
1.097349864323424962e+00
1.096883728374211442e+00
1.096420813762894353e+00
1.095961091852234892e+00
1.095504534312595313e+00
1.095051113118102881e+00
1.094600800542863794e+00
1.094153569157240158e+00
1.093709391824168708e+00
1.093268241695537935e+00
1.092830092208612713e+00
1.092394917082512684e+00
1.091962690314731477e+00
1.091533386177715670e+00
1.091106979215481498e+00
1.090683444240284850e+00
1.090262756329334337e+00
1.089844890821550560e+00
1.089429823314371326e+00
1.089017529660598615e+00
1.088607985965290181e+00
1.088201168582696887e+00
1.087797054113236683e+00
1.087395619400513214e+00
1.086996841528375501e+00
1.086600697818016936e+00
1.086207165825114007e+00
1.085816223337005670e+00
1.085427848369907133e+00
1.085042019166167382e+00
1.084658714191556017e+00
1.084277912132597610e+00
1.083899591893930259e+00
1.083523732595710554e+00
1.083150313571044965e+00
1.082779314363462086e+00
1.082410714724416190e+00
1.082044494610822749e+00
1.081680634182630385e+00
1.081319113800424558e+00
1.080959914023061019e+00
1.080603015605333450e+00
1.080248399495669753e+00
1.079896046833864309e+00
1.079545938948831107e+00
1.079198057356396845e+00
1.078852383757117783e+00
1.078508900034122586e+00
1.078167588250993791e+00
1.077828430649665936e+00
1.077491409648359211e+00
1.077156507839535760e+00
1.076823707987885070e+00
1.076492993028337786e+00
1.076164346064098831e+00
1.075837750364713630e+00
1.075513189364155631e+00
1.075190646658939819e+00
1.074870106006260428e+00
1.074551551322153298e+00
1.074234966679683101e+00
1.073920336307149448e+00
1.073607644586323406e+00
1.073296876050702009e+00
1.072988015383785187e+00
1.072681047417378020e+00
1.072375957129910740e+00
1.072072729644785172e+00
1.071771350228737596e+00
1.071471804290225815e+00
1.071174077377835765e+00
1.070878155178709212e+00
1.070584023516988559e+00
1.070291668352286729e+00
1.070001075778172162e+00
1.069712232020673559e+00
1.069425123436806846e+00
1.069139736513116112e+00
1.068856057864236764e+00
1.068574074231475990e+00
1.068293772481408110e+00
1.068015139604493013e+00
1.067738162713706362e+00
1.067462829043192674e+00
1.067189125946929273e+00
1.066917040897411351e+00
1.066646561484352995e+00
1.066377675413402670e+00
1.066110370504874227e+00
1.065844634692498127e+00
1.065580456022182654e+00
1.065317822650793778e+00
1.065056722844949455e+00
1.064797144979829469e+00
1.064539077537996592e+00
1.064282509108239294e+00
1.064027428384419771e+00
1.063773824164345294e+00
1.063521685348644219e+00
1.063271000939663979e+00
1.063021760040378183e+00
1.062773951853307031e+00
1.062527565679453057e+00
1.062282590917247083e+00
1.062039017061510826e+00
1.061796833702427945e+00
1.061556030524530847e+00
1.061316597305697718e+00
1.061078523916161309e+00
1.060841800317534167e+00
1.060606416561838961e+00
1.060372362790554801e+00
1.060139629233676217e+00
1.059908206208777681e+00
1.059678084120095454e+00
1.059449253457617646e+00
1.059221704796186048e+00
1.058995428794605953e+00
1.058770416194771524e+00
1.058546657820796710e+00
1.058324144578160375e+00
1.058102867452859419e+00
1.057882817510571227e+00
1.057663985895829883e+00
1.057446363831206160e+00
1.057229942616503937e+00
1.057014713627960178e+00
1.056800668317458003e+00
1.056587798211747087e+00
1.056376094911676500e+00
1.056165550091431093e+00
1.055956155497780991e+00
1.055747902949338624e+00
1.055540784335825100e+00
1.055334791617344559e+00
1.055129916823665859e+00
