2.796451945249039917e+11
2.468852917719600359e+00
2.460819051895565934e+00
2.456988437471866238e+00
2.453988868291379521e+00
2.450826121526218149e+00
2.447175419612324987e+00
2.442934748284070423e+00
2.438082682202431073e+00
2.432628805679931894e+00
2.426595358867355223e+00
2.420010040118826922e+00
2.412902985473322381e+00
2.405305387760521718e+00
2.397248792166780440e+00
2.388764686378241908e+00
2.379884227723279899e+00
2.370638040318881146e+00
2.361056053302365676e+00
2.351167367640086159e+00
2.341000146068704879e+00
2.330581523630261387e+00
2.319937537309695319e+00
2.309093073526877760e+00
2.298071832171341367e+00
2.286896305722509126e+00
2.275587771871772969e+00
2.264166297991299537e+00
2.252650755784282310e+00
2.241058844494684621e+00
2.229407121141282033e+00
2.217711036355785481e+00
2.205984974539231924e+00
2.194242297193375713e+00
2.182495388427712069e+00
2.170755701782656644e+00
2.159033807641402625e+00
2.147339440624671081e+00
2.135681546472215864e+00
2.124068328013192897e+00
2.112507289912822550e+00
2.101005281957128545e+00
2.089568540700698307e+00
2.078202729355907330e+00
2.066912975846593614e+00
2.055703908985737183e+00
2.044579692766615775e+00
2.033544058780680786e+00
2.022600336794214471e+00
2.011751483530213935e+00
2.001000109712995911e+00
1.990348505440550309e+00
1.979798663955419702e+00
1.969352303887854205e+00
1.959010890047121478e+00
1.948775652836968408e+00
1.938647606370766496e+00
1.928627565360614859e+00
1.918716160852421027e+00
1.908913854876971516e+00
1.899220954083856938e+00
1.889637622422543295e+00
1.880163892931608238e+00
1.870799678694224699e+00
1.861544783014692950e+00
1.852398908867879168e+00
1.843361667670410320e+00
1.834432587419450922e+00
1.825611120242166763e+00
1.816896649396244845e+00
1.808288495759329484e+00
1.799785923842652124e+00
1.791388147361923533e+00
1.783094334396393421e+00
1.774903612164786981e+00
1.766815071444989727e+00
1.758827770662548140e+00
1.750940739671190016e+00
1.743152983247197252e+00
1.735463484317726568e+00
1.727871206942036331e+00
1.720375099062937174e+00
1.712974095044939249e+00
1.705667118014120964e+00
1.698453082013891891e+00
1.691330893989708928e+00
1.684299455614964636e+00
1.677357664969340911e+00
1.670504418080262399e+00
1.663738610337110790e+00
1.657059137787437297e+00
1.650464898323596330e+00
1.643954792767639894e+00
1.637527725861883221e+00
1.631182607171857812e+00
1.624918351908072989e+00
1.618733881672389074e+00
1.612628125134559109e+00
1.606600018643954630e+00
1.600648506781253033e+00
1.594772542854479447e+00
1.588971089343512499e+00
1.583243118296807639e+00
1.577587611683938906e+00
1.572003561707220332e+00
1.566489971075457177e+00
1.561045853242722714e+00
1.555670232614732251e+00
1.550362144725357938e+00
1.545120636385510338e+00
1.539944765806556592e+00
1.534833602700220290e+00
1.529786228356851741e+00
1.524801735703716687e+00
1.519879229344974769e+00
1.515017825584734190e+00
1.510216652434659190e+00
1.505474849607299603e+00
1.500791568496466777e+00
1.496165972145590661e+00
1.491597235205271321e+00
1.487084543880801357e+00
1.482627095870699074e+00
1.478224100296955390e+00
1.473874777627837585e+00
1.469578359593910921e+00
1.465334089097979575e+00
1.461141220119511530e+00
1.456999017614150960e+00
1.452906757408831906e+00
1.448863726092968651e+00
1.444869220906197960e+00
1.440922549623080862e+00
1.437023030435127691e+00
1.433169991830551826e+00
1.429362772472061893e+00
1.425600721072956878e+00
1.421883196271903849e+00
1.418209566506568153e+00
1.414579209886369204e+00
1.410991514064608765e+00
1.407445876110151151e+00
1.403941702378829870e+00
1.400478408384808082e+00
1.397055418671982574e+00
1.393672166685626213e+00
1.390328094644408985e+00
1.387022653412863793e+00
1.383755302374468865e+00
1.380525509305423615e+00
1.377332750249203874e+00
1.374176509391994205e+00
1.371056278939072115e+00
1.367971558992190362e+00
1.364921857428083030e+00
1.361906689778044299e+00
1.358925579108742676e+00
1.355978055904244473e+00
1.353063657949302279e+00
1.350181930213953052e+00
1.347332424739447587e+00
1.344514700525533790e+00
1.341728323419125068e+00
1.338972866004375373e+00
1.336247907494147125e+00
1.333553033622932427e+00
1.330887836541200908e+00
1.328251914711179760e+00
1.325644872804108809e+00
1.323066321598931117e+00
1.320515877882435962e+00
1.317993164350863777e+00
1.315497809512955474e+00
1.313029447594443955e+00
1.310587718443992022e+00
1.308172267440558034e+00
1.305782745402189970e+00
1.303418808496230374e+00
1.301080118150933274e+00
1.298766340968472210e+00
1.296477148639328725e+00
1.294212217858050629e+00
1.291971230240380963e+00
1.289753872241704791e+00
1.287559835076857562e+00
1.285388814641217126e+00
1.283240511433112907e+00
1.281114630477522720e+00
1.279010881251017473e+00
1.276928977607983740e+00
1.274868637708061581e+00
1.272829583944823151e+00
1.270811542875629474e+00
1.268814245152698250e+00
1.266837425455326294e+00
1.264880822423273266e+00
1.262944178591280942e+00
1.261027240324706478e+00
1.259129757756268342e+00
1.257251484723871382e+00
1.255392178709507700e+00
1.253551600779201802e+00
1.251729515524006020e+00
1.249925691002001349e+00
1.248139898681309701e+00
1.246371913384100694e+00
1.244621513231549237e+00
1.242888479589779216e+00
1.241172597016715340e+00
1.239473653209882009e+00
1.237791438955102796e+00
1.236125748076084996e+00
1.234476377384908785e+00
1.232843126633343944e+00
1.231225798465044763e+00
1.229624198368564736e+00
1.228038134631189715e+00
1.226467418293593070e+00
1.224911863105253795e+00
1.223371285480681969e+00
1.221845504456386067e+00
1.220334341648600995e+00
1.218837621211757982e+00
1.217355169797663894e+00
1.215886816515404645e+00
1.214432392891942269e+00
1.212991732833403669e+00
1.211564672587027935e+00
1.210151050703802467e+00
1.208750708001716578e+00
1.207363487529684143e+00
1.205989234532073295e+00
1.204627796413856977e+00
1.203279022706370327e+00
1.201942765033663374e+00
1.200618877079430824e+00
1.199307214554514722e+00
1.198007635164977103e+00
1.196719998580713540e+00
1.195444166404618258e+00
1.194180002142272379e+00
1.192927371172164630e+00
1.191686140716410991e+00
1.190456179811992143e+00
1.189237359282477424e+00
1.188029551710235276e+00
1.186832631409119765e+00
1.185646474397628269e+00
1.184470958372512595e+00
1.183305962682847712e+00
1.182151368304536154e+00
1.181007057815254946e+00
1.179872915369821751e+00
1.178748826675987349e+00
1.177634678970633120e+00
1.176530360996374203e+00
1.175435762978562559e+00
1.174350776602673507e+00
1.173275294992082607e+00
1.172209212686210256e+00
1.171152425619035764e+00
1.170104831097980913e+00
1.169066327783137238e+00
1.168036815666852579e+00
1.167016196053652255e+00
1.166004371540503737e+00
1.165001245997402624e+00
1.164006724548294347e+00
1.163020713552303409e+00
1.162043120585281697e+00
1.161073854421660112e+00
1.160112825016609062e+00
1.159159943488481836e+00
1.158215122101565075e+00
1.157278274249097461e+00
1.156349314436584841e+00
1.155428158265380034e+00
1.154514722416536632e+00
1.153608924634930366e+00
1.152710683713634721e+00
1.151819919478563881e+00
1.150936552773354382e+00
1.150060505444503667e+00
1.149191700326746002e+00
1.148330061228672205e+00
1.147475512918573193e+00
1.146627981110528660e+00
1.145787392450706266e+00
1.144953674503893293e+00
1.144126755740242585e+00
1.143306565522232310e+00
1.142493034091837556e+00
1.141686092557903542e+00
1.140885672883733326e+00
1.140091707874860694e+00
1.139304131167028444e+00
1.138522877214358076e+00
1.137747881277704876e+00
1.136979079413202198e+00
1.136216408460985150e+00
1.135459806034098795e+00
1.134709210507575339e+00
1.133964561007693606e+00
1.133225797401398838e+00
1.132492860285897018e+00
1.131765690978410399e+00
1.131044231506093567e+00
1.130328424596113823e+00
1.129618213665876780e+00
1.128913542813417825e+00
1.128214356807933250e+00
1.127520601080466589e+00
1.126832221714739291e+00
1.126149165438118160e+00
1.125471379612733580e+00
1.124798812226724287e+00
1.124131411885630261e+00
1.123469127803907508e+00
1.122811909796582519e+00
1.122159708271029732e+00
1.121512474218878674e+00
1.120870159208047223e+00
1.120232715374891885e+00
1.119600095416485530e+00
1.118972252583004146e+00
1.118349140670243491e+00
1.117730714012233229e+00
1.117116927473979837e+00
1.116507736444307008e+00
1.115903096828814611e+00
1.115302965042936245e+00
1.114707298005109815e+00
1.114116053130044914e+00
1.113529188322094576e+00
1.112946661968726492e+00
1.112368432934095264e+00
1.111794460552705699e+00
1.111224704623173576e+00
1.110659125402084557e+00
1.110097683597936591e+00
1.109540340365176903e+00
1.108987057298333356e+00
1.108437796426219091e+00
1.107892520206238851e+00
1.107351191518768596e+00
1.106813773661623479e+00
1.106280230344609539e+00
1.105750525684146224e+00
1.105224624197981065e+00
1.104702490799972292e+00
1.104184090794953610e+00
1.103669389873670026e+00
1.103158354107790950e+00
1.102650949944997683e+00
1.102147144204136175e+00
1.101646904070446631e+00
1.101150197090861260e+00
1.100656991169366439e+00
1.100167254562437913e+00
1.099680955874538846e+00
1.099198064053682034e+00
1.098718548387058291e+00
1.098242378496727234e+00
1.097769524335369340e+00
1.097299956182099967e+00
1.096833644638342431e+00
1.096370560623762813e+00
1.095910675372256948e+00
1.095453960428001805e+00
1.095000387641557937e+00
1.094549929166031221e+00
1.094102557453284108e+00
1.093658245250207495e+00
1.093216965595039003e+00
1.092778691813734770e+00
1.092343397516397863e+00
1.091911056593747098e+00
1.091481643213646935e+00
1.091055131817674884e+00
1.090631497117745763e+00
1.090210714092779032e+00
1.089792757985414307e+00
1.089377604298769509e+00
1.088965228793250528e+00
1.088555607483397747e+00
1.088148716634782964e+00
1.087744532760944072e+00
1.087343032620366579e+00
1.086944193213502441e+00
1.086547991779836186e+00
1.086154405794983013e+00
1.085763412967835073e+00
1.085374991237742393e+00
1.084989118771732874e+00
1.084605773961771824e+00
1.084224935422057445e+00
1.083846581986354085e+00
1.083470692705362781e+00
1.083097246844124006e+00
1.082726223879460603e+00
1.082357603497452025e+00
1.081991365590942333e+00
1.081627490257086821e+00
1.081265957794925070e+00
1.080906748702990861e+00
1.080549843676953392e+00
1.080195223607290034e+00
1.079842869576991715e+00
1.079492762859295185e+00
1.079144884915449021e+00
1.078799217392510945e+00
1.078455742121168681e+00
1.078114441113595889e+00
1.077775296561332530e+00
1.077438290833195200e+00
1.077103406473216785e+00
1.076770626198607861e+00
1.076439932897751639e+00
1.076111309628219992e+00
1.075784739614820795e+00
1.075460206247665251e+00
1.075137693080264967e+00
1.074817183827651901e+00
1.074498662364524737e+00
1.074182112723415905e+00
1.073867519092887024e+00
1.073554865815744552e+00
1.073244137387279862e+00
1.072935318453532627e+00
1.072628393809575753e+00
1.072323348397822729e+00
1.072020167306358296e+00
1.071718835767287992e+00
1.071419339155111894e+00
1.071121662985115908e+00
1.070825792911787921e+00
1.070531714727251060e+00
1.070239414359717589e+00
1.069948877871963244e+00
1.069660091459822437e+00
1.069373041450698336e+00
1.069087714302096037e+00
1.068804096600173947e+00
1.068522175058310930e+00
1.068241936515693213e+00
1.067963367935921504e+00
1.067686456405631645e+00
1.067411189133134375e+00
1.067137553447072840e+00
1.066865536795097213e+00
1.066595126742553967e+00
1.066326310971194014e+00
1.066059077277895284e+00
1.065793413573402404e+00
1.065529307881080578e+00
1.065266748335687907e+00
1.065005723182159247e+00
1.064746220774408281e+00
1.064488229574142908e+00
1.064231738149695294e+00
1.063976735174867905e+00
1.063723209427791305e+00
1.063471149789798620e+00
1.063220545244311754e+00
1.062971384875743164e+00
1.062723657868409832e+00
1.062477353505459909e+00
1.062232461167815556e+00
1.061988970333124893e+00
1.061746870574729940e+00
1.061506151560645206e+00
1.061266803052548280e+00
1.061028814904785289e+00
1.060792177063386355e+00
1.060556879565092370e+00
1.060322912536397322e+00
1.060090266192595942e+00
1.059858930836849122e+00
1.059628896859257541e+00
1.059400154735945287e+00
1.059172695028157918e+00
1.058946508381368945e+00
1.058721585524395881e+00
1.058497917268531374e+00
1.058275494506679015e+00
1.058054308212504901e+00
1.057834349439594313e+00
1.057615609320623928e+00
1.057398079066535823e+00
1.057181749965731887e+00
1.056966613383268028e+00
1.056752660760063911e+00
1.056539883612119812e+00
1.056328273529742789e+00
1.056117822176781074e+00
1.055908521289871338e+00
1.055700362677689519e+00
1.055493338220214072e+00
1.055287439867997001e+00
1.055082659641441989e+00
