2.336202144751633902e+00
2.335301892679754410e+00
2.334501604585041967e+00
2.333352556668867095e+00
2.331817073538122731e+00
2.329886580092542570e+00
2.327560749144359953e+00
2.324843016283227648e+00
2.321739086743624281e+00
2.318256288136220533e+00
2.314403225738403513e+00
2.310189563561221959e+00
2.305625863598034453e+00
2.300723454443428295e+00
2.295494316106004185e+00
2.289950974760993851e+00
2.284106404472809437e+00
2.277973934547016910e+00
2.271567161996749018e+00
2.264899869019837197e+00
2.257985945572436037e+00
2.250839317192274258e+00
2.243473878224122142e+00
2.235903430563037197e+00
2.228141627975714911e+00
2.220201925997996817e+00
2.212097537344351217e+00
2.203841392706737956e+00
2.195446106768661920e+00
2.186923949216115659e+00
2.178286820491444509e+00
2.169546232008791709e+00
2.160713290529878705e+00
2.151798686386845905e+00
2.142812685232433623e+00
2.133765122997947739e+00
2.124665403743440706e+00
2.115522500093311109e+00
2.106344955961906962e+00
2.097140891287781805e+00
2.087918008511323364e+00
2.078683600547341470e+00
2.069444560022196455e+00
2.060207389563315061e+00
2.050978212946841239e+00
2.041762786927430628e+00
2.032566513591073765e+00
2.023394453088728895e+00
2.014251336624214073e+00
2.005141579584573286e+00
1.996069294715004272e+00
1.987038305253276516e+00
1.978052157950327850e+00
1.969114135914367569e+00
1.960227271225952084e+00
1.951394357279908398e+00
1.942617960818269429e+00
1.933900433625260096e+00
1.925243923861928774e+00
1.916650387023189683e+00
1.908121596505405249e+00
1.899659153776556586e+00
1.891264498144844541e+00
1.882938916124878403e+00
1.874683550403123178e+00
1.866499408406750993e+00
1.858387370481890066e+00
1.850348197688892693e+00
1.842382539223505145e+00
1.834490939474027638e+00
1.826673844725033025e+00
1.818931609519346626e+00
1.811264502689869271e+00
1.803672713073580347e+00
1.796156354919992371e+00
1.788715473006440293e+00
1.781350047472560760e+00
1.774059998386241288e+00
1.766845190053081938e+00
1.759705435081209135e+00
1.752640498213080322e+00
1.745650099935434518e+00
1.738733919878418632e+00
1.731891600014446864e+00
1.725122747666955725e+00
1.718426938338962318e+00
1.711803718370838112e+00
1.705252607436337886e+00
1.698773100885648812e+00
1.692364671943678456e+00
1.686026773771548637e+00
1.679758841398844238e+00
1.673560293533864041e+00
1.667430534258629304e+00
1.661368954615283666e+00
1.655374934089961059e+00
1.649447842000117515e+00
1.643587038790741417e+00
1.637791877244875405e+00
1.632061703613363335e+00
1.626395858668539862e+00
1.620793678686414552e+00
1.615254496361512082e+00
1.609777641658384884e+00
1.604362442603612049e+00
1.599008226021810364e+00
1.593714318219041637e+00
1.588480045616788239e+00
1.583304735339522207e+00
1.578187715758663012e+00
1.573128316995580533e+00
1.568125871386216508e+00
1.563179713909617963e+00
1.558289182582669685e+00
1.553453618823088078e+00
1.548672367782690795e+00
1.543944778652760252e+00
1.539270204943310905e+00
1.534648004737853011e+00
1.530077540925265378e+00
1.525558181410175962e+00
1.521089299303274522e+00
1.516670273092848742e+00
1.512300486798713095e+00
1.507979330109730842e+00
1.503706198505990077e+00
1.499480493366617484e+00
1.495301622064209690e+00
1.491168998046771499e+00
1.487082040907998559e+00
1.483040176446692060e+00
1.479042836716034870e+00
1.475089460063471192e+00
1.471179491161782593e+00
1.467312381032022550e+00
1.463487587058858397e+00
1.459704572998895777e+00
1.455962808982447010e+00
1.452261771509280486e+00
1.448600943438730138e+00
1.444979813974657690e+00
1.441397878645604980e+00
1.437854639280546021e+00
1.434349603980557664e+00
1.430882287086754134e+00
1.427452209144788098e+00
1.424058896866188251e+00
1.420701883086830541e+00
1.417380706722763950e+00
1.414094912723643960e+00
1.410844052024006867e+00
1.407627681492543026e+00
1.404445363879620157e+00
1.401296667763205273e+00
1.398181167493356192e+00
1.395098443135447397e+00
1.392048080412269018e+00
1.389029670645151260e+00
1.386042810694234184e+00
1.383087102897988974e+00
1.380162155012135683e+00
1.377267580148024528e+00
1.374402996710613056e+00
1.371568028336096035e+00
1.368762303829308857e+00
1.365985457100928446e+00
1.363237127104623747e+00
1.360516957774145608e+00
1.357824597960445523e+00
1.355159701368923608e+00
1.352521926496785376e+00
1.349910936570607678e+00
1.347326399484143344e+00
1.344767987736422032e+00
1.342235378370143284e+00
1.339728252910459272e+00
1.337246297304123477e+00
1.334789201859067465e+00
1.332356661184438407e+00
1.329948374131076472e+00
1.327564043732518018e+00
1.325203377146500827e+00
1.322866085596997587e+00
1.320551884316809588e+00
1.318260492490713087e+00
1.315991633199202759e+00
1.313745033362798464e+00
1.311520423686973302e+00
1.309317538607685183e+00
1.307136116237511692e+00
1.304975898312431992e+00
1.302836630139204921e+00
1.300718060543414101e+00
1.298619941818121237e+00
1.296542029673171115e+00
1.294484083185135415e+00
1.292445864747892914e+00
1.290427140023857611e+00
1.288427677895838119e+00
1.286447250419555655e+00
1.284485632776771524e+00
1.282542603229081202e+00
1.280617943072320575e+00
1.278711436591613460e+00
1.276822871017044836e+00
1.274952036479955364e+00
1.273098725969858069e+00
1.271262735291967871e+00
1.269443863025344177e+00
1.267641910481640322e+00
1.265856681664446093e+00
1.264087983229231771e+00
1.262335624443881699e+00
1.260599417149809831e+00
1.258879175723646826e+00
1.257174717039513112e+00
1.255485860431843959e+00
1.253812427658778761e+00
1.252154242866104994e+00
1.250511132551746618e+00
1.248882925530786947e+00
1.247269452901038855e+00
1.245670548009128131e+00
1.244086046417099745e+00
1.242515785869541034e+00
1.240959606261210046e+00
1.239417349605162810e+00
1.237888860001372437e+00
1.236373983605838722e+00
1.234872568600173359e+00
1.233384465161661891e+00
1.231909525433786179e+00
1.230447603497214271e+00
1.228998555341240140e+00
1.227562238835663955e+00
1.226138513703128208e+00
1.224727241491864183e+00
1.223328285548890726e+00
1.221941510993616475e+00
1.220566784691860862e+00
1.219203975230290338e+00
1.217852952891241847e+00
1.216513589627963521e+00
1.215185759040219082e+00
1.213869336350300809e+00
1.212564198379405322e+00
1.211270223524383072e+00
1.209987291734860193e+00
1.208715284490717634e+00
1.207454084779917114e+00
1.206203577076693012e+00
1.204963647320068665e+00
1.203734182892728599e+00
1.202515072600207180e+00
1.201306206650421204e+00
1.200107476633502479e+00
1.198918775501976119e+00
1.197739997551222846e+00
1.196571038400267906e+00
1.195411794972858655e+00
1.194262165478847670e+00
1.193122049395861639e+00
1.191991347451266448e+00
1.190869961604403171e+00
1.189757795029106058e+00
1.188654752096505174e+00
1.187560738358079293e+00
1.186475660528986120e+00
1.185399426471647200e+00
1.184331945179596168e+00
1.183273126761566596e+00
1.182222882425836952e+00
1.181181124464817156e+00
1.180147766239871832e+00
1.179122722166381143e+00
1.178105907699035448e+00
1.177097239317348221e+00
1.176096634511410555e+00
1.175104011767849732e+00
1.174119290556007167e+00
1.173142391314340616e+00
1.172173235437023342e+00
1.171211745260754444e+00
1.170257844051771023e+00
1.169311455993067073e+00
1.168372506171793113e+00
1.167440920566862328e+00
1.166516626036740778e+00
1.165599550307426124e+00
1.164689621960606880e+00
1.163786770422005734e+00
1.162890925949898069e+00
1.162002019623804561e+00
1.161119983333360528e+00
1.160244749767342931e+00
1.159376252402879448e+00
1.158514425494806099e+00
1.157659204065193403e+00
1.156810523893031295e+00
1.155968321504062146e+00
1.155132534160776103e+00
1.154303099852550085e+00
1.153479957285937552e+00
1.152663045875102599e+00
1.151852305732399051e+00
1.151047677659087221e+00
1.150249103136194107e+00
1.149456524315501715e+00
1.148669884010679487e+00
1.147889125688541290e+00
1.147114193460433196e+00
1.146345032073752934e+00
1.145581586903588356e+00
1.144823803944483798e+00
1.144071629802332346e+00
1.143325011686371573e+00
1.142583897401318271e+00
1.141848235339602224e+00
1.141117974473720542e+00
1.140393064348704133e+00
1.139673455074693642e+00
1.138959097319620195e+00
1.138249942302002271e+00
1.137545941783835612e+00
1.136847048063595933e+00
1.136153213969335107e+00
1.135464392851888160e+00
1.134780538578167075e+00
1.134101605524556522e+00
1.133427548570409504e+00
1.132758323091626940e+00
1.132093884954338714e+00
1.131434190508668225e+00
1.130779196582592849e+00
1.130128860475886343e+00
1.129483139954153170e+00
1.128841993242943653e+00
1.128205379021954613e+00
1.127573256419316383e+00
1.126945585005951767e+00
1.126322324790024476e+00
1.125703436211462849e+00
1.125088880136556391e+00
1.124478617852638029e+00
1.123872611062832316e+00
1.123270821880884229e+00
1.122673212826054590e+00
1.122079746818094748e+00
1.121490387172281666e+00
1.120905097594534050e+00
1.120323842176586870e+00
1.119746585391239391e+00
1.119173292087665139e+00
1.118603927486791827e+00
1.118038457176739442e+00
1.117476847108327842e+00
1.116919063590642303e+00
1.116365073286661680e+00
1.115814843208946749e+00
1.115268340715389828e+00
1.114725533505017907e+00
1.114186389613860406e+00
1.113650877410865991e+00
1.113118965593883791e+00
1.112590623185691463e+00
1.112065819530081878e+00
1.111544524288003766e+00
1.111026707433752092e+00
1.110512339251210179e+00
1.110001390330149773e+00
1.109493831562569088e+00
1.108989634139090796e+00
1.108488769545404207e+00
1.107991209558756962e+00
1.107496926244489366e+00
1.107005891952625998e+00
1.106518079314498637e+00
1.106033461239428695e+00
1.105552010911442062e+00
1.105073701786037699e+00
1.104598507586989964e+00
1.104126402303203802e+00
1.103657360185603231e+00
1.103191355744063129e+00
1.102728363744387652e+00
1.102268359205319070e+00
1.101811317395593681e+00
1.101357213831033910e+00
1.100906024271677275e+00
1.100457724718947095e+00
1.100012291412855392e+00
1.099569700829247321e+00
1.099129929677077566e+00
1.098692954895727159e+00
1.098258753652347819e+00
1.097827303339250715e+00
1.097398581571320975e+00
1.096972566183469500e+00
1.096549235228119201e+00
1.096128566972719431e+00
1.095710539897295499e+00
1.095295132692032603e+00
1.094882324254883299e+00
1.094472093689215164e+00
1.094064420301480212e+00
1.093659283598918508e+00
1.093256663287293762e+00
1.092856539268652005e+00
1.092458891639112695e+00
1.092063700686686900e+00
1.091670946889125027e+00
1.091280610911789406e+00
1.090892673605554863e+00
1.090507116004737487e+00
1.090123919325047153e+00
1.089743064961568253e+00
1.089364534486763958e+00
1.088988309648507569e+00
1.088614372368136296e+00
1.088242704738533684e+00
1.087873289022230017e+00
1.087506107649533371e+00
1.087141143216678429e+00
1.086778378484000829e+00
1.086417796374137046e+00
1.086059379970238936e+00
1.085703112514221802e+00
1.085348977405021564e+00
1.084996958196884353e+00
1.084647038597673196e+00
1.084299202467191803e+00
1.083953433815536549e+00
1.083609716801463785e+00
1.083268035730776457e+00
1.082928375054735604e+00
1.082590719368488053e+00
1.082255053409511669e+00
1.081921362056084357e+00
1.081589630325767937e+00
1.081259843373911789e+00
1.080931986492175589e+00
1.080606045107068480e+00
1.080282004778509330e+00
1.079959851198397436e+00
1.079639570189209863e+00
1.079321147702609007e+00
1.079004569818068582e+00
1.078689822741518478e+00
1.078376892804003395e+00
1.078065766460356567e+00
1.077756430287896805e+00
1.077448870985129759e+00
1.077143075370473824e+00
1.076839030380998707e+00
1.076536723071177315e+00
1.076236140611654291e+00
1.075937270288029879e+00
1.075640099499656221e+00
1.075344615758448752e+00
1.075050806687714022e+00
1.074758660020987078e+00
1.074468163600885706e+00
1.074179305377978899e+00
1.073892073409665526e+00
1.073606455859068776e+00
1.073322440993942362e+00
1.073040017185591610e+00
1.072759172907803649e+00
1.072479896735793581e+00
1.072202177345161545e+00
1.071926003510861536e+00
1.071651364106182891e+00
1.071378248101744424e+00
1.071106644564499000e+00
1.070836542656748991e+00
1.070567931635176828e+00
1.070300800849881329e+00
1.070035139743431118e+00
1.069770937849923831e+00
1.069508184794059513e+00
1.069246870290223583e+00
1.068986984141579777e+00
1.068728516239175086e+00
1.068471456561052912e+00
1.068215795171379101e+00
1.067961522219574855e+00
1.067708627939461863e+00
1.067457102648417200e+00
1.067206936746535773e+00
1.066958120715804315e+00
1.066710645119285150e+00
1.066464500600306620e+00
1.066219677881665495e+00
1.065976167764836946e+00
1.065733961129193386e+00
1.065493048931234199e+00
1.065253422203819689e+00
1.065015072055419676e+00
1.064777989669364322e+00
1.064542166303109605e+00
