-2.803233227618378906e+11
2.271026447089540490e+00
2.276548883147771374e+00
2.278179073868702886e+00
2.278042002085922668e+00
2.276767384836182018e+00
2.274685741566036867e+00
2.271989967166343494e+00
2.268795009776362726e+00
2.265170601391292671e+00
2.261160486250723523e+00
2.256793660735813667e+00
2.252090875737199127e+00
2.247068374832138726e+00
2.241740032801359028e+00
2.236118568487454716e+00
2.230216219777618747e+00
2.224045104529394301e+00
2.217617397671579393e+00
2.210945401023533208e+00
2.204041551276604061e+00
2.196918393355747234e+00
2.189588535567879024e+00
2.182064596454572847e+00
2.174359149328812801e+00
2.166484668061590568e+00
2.158453476191263043e+00
2.150277700497700284e+00
2.141969229599423485e+00
2.133539677764749065e+00
2.125000353896606242e+00
2.116362235506895395e+00
2.107635947408265764e+00
2.098831744800163435e+00
2.089959500399384495e+00
2.081028695255177752e+00
2.072048412889868629e+00
2.063027336414488211e+00
2.053973748282832190e+00
2.044895532364276125e+00
2.035800178035302999e+00
2.026694786010283522e+00
2.017586075653302835e+00
2.008480393534235908e+00
1.999383723013389069e+00
1.990301694659264653e+00
1.981239597323905199e+00
1.972202389718618054e+00
1.963194712350688320e+00
1.954220899697892921e+00
1.945284992512899880e+00
1.936390750163702101e+00
1.927541662928937694e+00
1.918740964178840436e+00
1.909991642382860899e+00
1.901296452894944089e+00
1.892657929475520362e+00
1.884078395517381654e+00
1.875559974948968645e+00
1.867104602794898760e+00
1.858714035378514318e+00
1.850389860156101740e+00
1.842133505176153818e+00
1.833946248160591264e+00
1.825829225207892037e+00
1.817783439120239652e+00
1.809809767359359167e+00
1.801908969636999203e+00
1.794081695147783151e+00
1.786328489453148372e+00
1.778649801026101374e+00
1.771045987467056548e+00
1.763517321401898208e+00
1.756063996073307543e+00
1.748686130637151948e+00
1.741383775175336934e+00
1.734156915436974700e+00
1.727005477319442761e+00
1.719929331100710890e+00
1.712928295434406945e+00
1.706002141118526882e+00
1.699150594648680013e+00
1.692373341566281164e+00
1.685670029611918252e+00
1.679040271693675201e+00
1.672483648679878421e+00
1.665999712025413526e+00
1.659587986240303570e+00
1.653247971208995803e+00
1.646979144368301728e+00
1.640780962751738237e+00
1.634652864907502501e+00
1.628594272697124090e+00
1.622604592981376381e+00
1.616683219199805066e+00
1.610829532849810342e+00
1.605042904871053722e+00
1.599322696940547850e+00
1.593668262683540782e+00
1.588078948805090151e+00
1.582554096146889799e+00
1.577093040673708479e+00
1.571695114393555137e+00
1.566359646215472301e+00
1.561085962748589351e+00
1.555873389045996147e+00
1.550721249296585835e+00
1.545628867468118228e+00
1.540595567904278873e+00
1.535620675878596852e+00
1.530703518107774386e+00
1.525843423226872719e+00
1.521039722228687552e+00
1.516291748869517342e+00
1.511598840043296477e+00
1.506960336126111466e+00
1.502375581292895390e+00
1.497843923808009237e+00
1.493364716291316618e+00
1.488937315961319952e+00
1.484561084856747426e+00
1.480235390037964116e+00
1.475959603769477102e+00
1.471733103684719435e+00
1.467555272934245814e+00
1.463425500318423111e+00
1.459343180405561435e+00
1.455307713636475153e+00
1.451318506416340304e+00
1.447374971194645532e+00
1.443476526534089643e+00
1.439622597169095908e+00
1.435812614054645664e+00
1.432046014406134660e+00
1.428322241730772824e+00
1.424640745851195822e+00
1.421000982921755362e+00
1.417402415438048013e+00
1.413844512240115536e+00
1.410326748509811434e+00
1.406848605762725191e+00
1.403409571835049663e+00
1.400009140865819512e+00
1.396646813274801557e+00
1.393322095736402089e+00
1.390034501149922441e+00
1.386783548606388194e+00
1.383568763352280850e+00
1.380389676750413575e+00
1.377245826238166382e+00
1.374136755283335676e+00
1.371062013337800645e+00
1.368021155789188592e+00
1.365013743910749255e+00
1.362039344809580221e+00
1.359097531373417267e+00
1.356187882216078666e+00
1.353309981621752422e+00
1.350463419488239891e+00
1.347647791269294348e+00
1.344862697916163974e+00
1.342107745818425624e+00
1.339382546744267044e+00
1.336686717780255051e+00
1.334019881270716024e+00
1.331381664756803751e+00
1.328771700915297060e+00
1.326189627497279533e+00
1.323635087266676447e+00
1.321107727938779064e+00
1.318607202118771582e+00
1.316133167240355561e+00
1.313685285504476052e+00
1.311263223818229129e+00
1.308866653733991470e+00
1.306495251388785972e+00
1.304148697443954230e+00
1.301826677025146983e+00
1.299528879662662284e+00
1.297254999232193562e+00
1.295004733895948501e+00
1.292777786044243982e+00
1.290573862237529346e+00
1.288392673148894829e+00
1.286233933507080707e+00
1.284097362039987811e+00
1.281982681418717851e+00
1.279889618202156409e+00
1.277817902782101944e+00
1.275767269328956566e+00
1.273737455737992130e+00
1.271728203576188543e+00
1.269739258029665363e+00
1.267770367851696944e+00
1.265821285311332201e+00
1.263891766142607676e+00
1.261981569494370348e+00
1.260090457880706394e+00
1.258218197131974581e+00
1.256364556346459160e+00
1.254529307842609631e+00
1.252712227111923537e+00
1.250913092772405921e+00
1.249131686522664042e+00
1.247367793096584521e+00
1.245621200218634650e+00
1.243891698559748793e+00
1.242179081693824738e+00
1.240483146054814689e+00
1.238803690894400678e+00
1.237140518240264164e+00
1.235493432854939622e+00
1.233862242195244541e+00
1.232246756372290530e+00
1.230646788112056189e+00
1.229062152716534850e+00
1.227492668025432110e+00
1.225938154378428901e+00
1.224398434577987027e+00
1.222873333852699806e+00
1.221362679821187402e+00
1.219866302456512397e+00
1.218384034051135378e+00
1.216915709182382344e+00
1.215461164678432127e+00
1.214020239584804539e+00
1.212592775131370981e+00
1.211178614699832012e+00
1.209777603791714728e+00
1.208389589996837987e+00
1.207014422962256583e+00
1.205651954361684819e+00
1.204302037865381259e+00
1.202964529110494896e+00
1.201639285671862289e+00
1.200326167033258118e+00
1.199025034559082936e+00
1.197735751466481258e+00
1.196458182797909053e+00
1.195192195394092716e+00
1.193937657867438107e+00
1.192694440575825965e+00
1.191462415596832525e+00
1.190241456702331169e+00
1.189031439333503526e+00
1.187832240576228937e+00
1.186643739136864939e+00
1.185465815318389682e+00
1.184298350996938476e+00
1.183141229598679178e+00
1.181994336077069940e+00
1.180857556890458238e+00
1.179730779980038058e+00
1.178613894748141711e+00
1.177506792036878247e+00
1.176409364107100508e+00
1.175321504617706347e+00
1.174243108605253161e+00
1.173174072463900597e+00
1.172114293925661022e+00
1.171063672040962622e+00
1.170022107159512270e+00
1.168989500911455037e+00
1.167965756188833026e+00
1.166950777127336858e+00
1.165944469088330049e+00
1.164946738641164048e+00
1.163957493545768385e+00
1.162976642735501942e+00
1.162004096300291112e+00
1.161039765470007312e+00
1.160083562598125173e+00
1.159135401145622302e+00
1.158195195665127297e+00
1.157262861785329111e+00
1.156338316195612004e+00
1.155421476630943634e+00
1.154512261856984079e+00
1.153610591655437556e+00
1.152716386809626403e+00
1.151829569090289329e+00
1.150950061241598599e+00
1.150077786967393934e+00
1.149212670917634904e+00
1.148354638675050277e+00
1.147503616742009624e+00
1.146659532527583458e+00
1.145822314334811853e+00
1.144991891348166257e+00
1.144168193621201368e+00
1.143351152064406850e+00
1.142540698433229807e+00
1.141736765316299307e+00
1.140939286123817009e+00
1.140148195076134741e+00
1.139363427192501499e+00
1.138584918279987868e+00
1.137812604922574966e+00
1.137046424470411266e+00
1.136286315029237937e+00
1.135532215449967408e+00
1.134784065318426460e+00
1.134041804945254750e+00
1.133305375355954325e+00
1.132574718281092352e+00
1.131849776146651720e+00
1.131130492064528426e+00
1.130416809823171942e+00
1.129708673878365266e+00
1.129006029344149065e+00
1.128308821983879273e+00
1.127616998201421694e+00
1.126930505032471164e+00
1.126249290136015269e+00
1.125573301785913749e+00
1.124902488862610683e+00
1.124236800844968576e+00
1.123576187802225013e+00
1.122920600386070111e+00
1.122269989822841652e+00
1.121624307905835671e+00
1.120983506987732525e+00
1.120347539973138629e+00
1.119716360311231895e+00
1.119089921988522640e+00
1.118468179521718842e+00
1.117851087950696876e+00
1.117238602831579275e+00
1.116630680229909522e+00
1.116027276713931871e+00
1.115428349347966863e+00
1.114833855685888997e+00
1.114243753764692979e+00
1.113658002098162347e+00
1.113076559670624244e+00
1.112499385930798557e+00
1.111926440785739656e+00
1.111357684594857398e+00
1.110793078164039160e+00
1.110232582739843377e+00
1.109676160003785439e+00
1.109123772066706870e+00
1.108575381463223097e+00
1.108030951146250498e+00
1.107490444481617153e+00
1.106953825242749101e+00
1.106421057605431191e+00
1.105892106142646991e+00
1.105366935819490193e+00
1.104845511988149509e+00
1.104327800382969293e+00
1.103813767115573219e+00
1.103303378670064339e+00
1.102796601898293760e+00
1.102293404015189937e+00
1.101793752594162790e+00
1.101297615562566667e+00
1.100804961197235032e+00
1.100315758120067988e+00
1.099829975293695083e+00
1.099347582017186964e+00
1.098868547921836525e+00
1.098392842966996685e+00
1.097920437435974561e+00
1.097451301931987588e+00
1.096985407374173160e+00
1.096522724993656439e+00
1.096063226329670348e+00
1.095606883225732409e+00
1.095153667825877086e+00
1.094703552570932104e+00
1.094256510194858256e+00
1.093812513721131197e+00
1.093371536459176507e+00
1.092933552000856068e+00
1.092498534216998607e+00
1.092066457253984879e+00
1.091637295530371921e+00
1.091211023733570151e+00
1.090787616816565553e+00
1.090367049994681148e+00
1.089949298742391770e+00
1.089534338790176138e+00
1.089122146121413559e+00
1.088712696969325266e+00
1.088305967813952169e+00
1.087901935379182117e+00
1.087500576629809590e+00
1.087101868768639568e+00
1.086705789233629593e+00
1.086312315695072028e+00
1.085921426052811833e+00
1.085533098433503651e+00
1.085147311187907082e+00
1.084764042888214597e+00
1.084383272325420311e+00
1.084004978506720729e+00
1.083629140652949463e+00
1.083255738196051476e+00
1.082884750776585303e+00
1.082516158241263016e+00
1.082149940640519281e+00
1.081786078226116610e+00
1.081424551448779248e+00
1.081065340955860599e+00
1.080708427589040621e+00
1.080353792382053424e+00
1.080001416558447058e+00
1.079651281529369511e+00
1.079303368891386894e+00
1.078957660424329168e+00
1.078614138089163621e+00
1.078272784025897879e+00
1.077933580551507786e+00
1.077596510157896592e+00
1.077261555509876123e+00
1.076928699443177706e+00
1.076597924962487296e+00
1.076269215239507915e+00
1.075942553611044294e+00
1.075617923577115720e+00
1.075295308799091965e+00
1.074974693097851874e+00
1.074656060451968820e+00
1.074339394995916575e+00
1.074024681018300953e+00
1.073711902960111653e+00
1.073401045412998966e+00
1.073092093117569812e+00
1.072785030961710406e+00
1.072479843978924263e+00
1.072176517346695501e+00
1.071875036384871915e+00
1.071575386554070697e+00
1.071277553454098141e+00
1.070981522822399334e+00
1.070687280532516716e+00
1.070394812592577294e+00
1.070104105143793172e+00
1.069815144458983625e+00
1.069527916941115819e+00
1.069242409121861304e+00
1.068958607660175808e+00
1.068676499340890151e+00
1.068396071073326015e+00
1.068117309889922151e+00
1.067840202944883909e+00
1.067564737512845197e+00
1.067290900987548863e+00
1.067018680880543968e+00
1.066748064819898367e+00
1.066479040548928392e+00
1.066211595924941413e+00
1.065945718917999052e+00
1.065681397609690828e+00
1.065418620191924237e+00
1.065157374965732595e+00
1.064897650340093538e+00
1.064639434830764619e+00
1.064382717059132233e+00
1.064127485751074964e+00
1.063873729735840268e+00
1.063621437944935799e+00
1.063370599411035178e+00
1.063121203266892190e+00
1.062873238744275639e+00
1.062626695172911528e+00
1.062381561979439004e+00
1.062137828686382734e+00
1.061895484911130394e+00
1.061654520364931908e+00
1.061414924851901587e+00
1.061176688268039348e+00
1.060939800600259497e+00
1.060704251925432384e+00
1.060470032409438934e+00
1.060237132306234509e+00
1.060005541956924979e+00
1.059775251788853012e+00
1.059546252314696790e+00
1.059318534131579170e+00
1.059092087920185055e+00
1.058866904443892532e+00
1.058642974547912452e+00
1.058420289158438221e+00
1.058198839281806913e+00
1.057978616003668160e+00
1.057759610488166580e+00
1.057541813977128209e+00
1.057325217789262028e+00
1.057109813319368374e+00
1.056895592037554898e+00
1.056682545488466518e+00
1.056470665290519362e+00
1.056259943135146706e+00
1.056050370786053128e+00
1.055841940078475760e+00
1.055634642918456878e+00
1.055428471282122249e+00
1.055223417214971482e+00
