-5.084134541386439209e+11
2.328833707448789259e+00
2.320112114545885618e+00
2.313843571081704908e+00
2.308826516503350579e+00
2.304383818091037206e+00
2.300175898908064731e+00
2.296008258263750879e+00
2.291761635401051045e+00
2.287360718246448599e+00
2.282757514850493052e+00
2.277921750340507145e+00
2.272835060075570901e+00
2.267487349163412880e+00
2.261874429227859196e+00
2.255996429957077609e+00
2.249856694621013453e+00
2.243460987281303165e+00
2.236816907019045786e+00
2.229933443844972274e+00
2.222820634386135197e+00
2.215489289755097069e+00
2.207950776978270913e+00
2.200216841124619016e+00
2.192299459065154998e+00
2.184210718335386936e+00
2.175962716307452638e+00
2.167567476081492028e+00
2.159036876350357126e+00
2.150382593093882022e+00
2.141616051392833064e+00
2.132748385970411498e+00
2.123790409305772009e+00
2.114752586342794949e+00
2.105645014955938255e+00
2.096477411444372052e+00
2.087259100414236457e+00
2.077999008482177778e+00
2.068705661295548559e+00
2.059387183418529776e+00
2.050051300680299171e+00
2.040705344623844120e+00
2.031356258731455533e+00
2.022010606137379707e+00
2.012674578569347617e+00
2.003354006288820877e+00
1.994054368826190693e+00
1.984780806330509240e+00
1.975538131375174977e+00
1.966330841080582204e+00
1.957163129432605508e+00
1.948038899692027037e+00
1.938961776804565940e+00
1.929935119734300653e+00
1.920962033655144285e+00
1.912045381945443268e+00
1.903187797940269821e+00
1.894391696404112757e+00
1.885659284694332527e+00
1.876992573591758084e+00
1.868393387780898030e+00
1.859863375966916088e+00
1.851404020620770030e+00
1.843016647347829995e+00
1.834702433878212524e+00
1.826462418679805744e+00
1.818297509197434270e+00
1.810208489723108549e+00
1.802196028904323732e+00
1.794260686898339285e+00
1.786402922181474340e+00
1.778623098023375260e+00
1.770921488636663987e+00
1.763298285012942168e+00
1.755753600456395613e+00
1.748287475826399540e+00
1.740899884500616501e+00
1.733590737070153542e+00
1.726359885778121717e+00
1.719207128712806565e+00
1.712132213766720312e+00
1.705134842372099779e+00
1.698214673023592969e+00
1.691371324598317738e+00
1.684604379483191305e+00
1.677913386519258809e+00
1.671297863772101877e+00
1.664757301137438805e+00
1.658291162790245910e+00
1.651898889485895694e+00
1.645579900720863131e+00
1.639333596760769618e+00
1.633159360542796312e+00
1.627056559459363339e+00
1.621024547029620289e+00
1.615062664464923525e+00
1.609170242134216000e+00
1.603346600934970390e+00
1.597591053574967557e+00
1.591902905770023802e+00
1.586281457362448855e+00
1.580726003364772536e+00
1.575235834933097046e+00
1.569810240274129187e+00
1.564448505489735020e+00
1.559149915362743943e+00
1.553913754087399290e+00
1.548739305947747003e+00
1.543625855947058145e+00
1.538572690391217801e+00
1.533579097428778182e+00
1.528644367550392902e+00
1.523767794049925239e+00
1.518948673449759923e+00
1.514186305892279094e+00
1.509479995499779070e+00
1.504829050704590276e+00
1.500232784551385423e+00
1.495690514973306851e+00
1.491201565043582811e+00
1.486765263204182563e+00
1.482380943472906942e+00
1.478047945630353022e+00
1.473765615387958139e+00
1.469533304538394036e+00
1.465350371089425119e+00
1.461216179382292424e+00
1.457130100195655142e+00
1.453091510836042932e+00
1.449099795215661679e+00
1.445154343918486184e+00
1.441254554255333220e+00
1.437399830308718762e+00
1.433589582968196385e+00
1.429823229956800557e+00
1.426100195849268060e+00
1.422419912082554028e+00
1.418781816959240993e+00
1.415185355644344334e+00
1.411629980155975295e+00
1.408115149350342099e+00
1.404640328901489266e+00
1.401204991276209011e+00
1.397808615704470458e+00
1.394450688145719042e+00
1.391130701251408475e+00
1.387848154324040406e+00
1.384602553273034387e+00
1.381393410567651525e+00
1.378220245187301796e+00
1.375082582569411294e+00
1.371979954555090142e+00
1.368911899332845961e+00
1.365877961380485450e+00
1.362877691405440794e+00
1.359910646283641666e+00
1.356976388997147787e+00
1.354074488570656598e+00
1.351204520007038390e+00
1.348366064222025207e+00
1.345558707978195434e+00
1.342782043818341986e+00
1.340035669998348888e+00
1.337319190419680393e+00
1.334632214561551899e+00
1.331974357412891941e+00
1.329345239404176926e+00
1.326744486339181739e+00
1.324171729326760971e+00
1.321626604712694775e+00
1.319108754011662166e+00
1.316617823839401069e+00
1.314153465845120827e+00
1.311715336644177166e+00
1.309303097751097100e+00
1.306916415512964003e+00
1.304554961043197459e+00
1.302218410155795647e+00
1.299906443300022030e+00
1.297618745495609627e+00
1.295355006268472886e+00
1.293114919586987099e+00
1.290898183798812937e+00
1.288704501568314509e+00
1.286533579814589823e+00
1.284385129650118085e+00
1.282258866320026947e+00
1.280154509142016561e+00
1.278071781446936672e+00
1.276010410520018290e+00
1.273970127542794817e+00
1.271950667535685309e+00
1.269951769301258970e+00
1.267973175368211747e+00
1.266014631936001500e+00
1.264075888820203719e+00
1.262156699398546689e+00
1.260256820557650315e+00
1.258376012640461949e+00
1.256514039394372562e+00
1.254670667920057880e+00
1.252845668620981234e+00
1.251038815153606265e+00
1.249249884378284214e+00
1.247478656310841316e+00
1.245724914074822776e+00
1.243988443854445070e+00
1.242269034848190845e+00
1.240566479223081497e+00
1.238880572069620545e+00
1.237211111357377380e+00
1.235557897891237378e+00
1.233920735268283497e+00
1.232299429835329141e+00
1.230693790647073182e+00
1.229103629424886934e+00
1.227528760516223283e+00
1.225969000854630231e+00
1.224424169920382166e+00
1.222894089701700215e+00
1.221378584656571453e+00
1.219877481675150754e+00
1.218390610042741296e+00
1.216917801403351485e+00
1.215458889723801894e+00
1.214013711258405959e+00
1.212582104514189574e+00
1.211163910216658257e+00
1.209758971276089445e+00
1.208367132754370576e+00
1.206988241832340547e+00
1.205622147777648312e+00
1.204268701913129291e+00
1.202927757585666724e+00
1.201599170135545958e+00
1.200282796866306123e+00
1.198978497015053213e+00
1.197686131723259884e+00
1.196405564008011124e+00
1.195136658733723101e+00
1.193879282584305201e+00
1.192633304035760844e+00
1.191398593329230815e+00
1.190175022444472930e+00
1.188962465073744035e+00
1.187760796596120771e+00
1.186569894052218244e+00
1.185389636119319245e+00
1.184219903086892289e+00
1.183060576832513089e+00
1.181911540798157745e+00
1.180772679966887617e+00
1.179643880839898795e+00
1.178525031413944379e+00
1.177416021159106041e+00
1.176316740996945276e+00
1.175227083278975071e+00
1.174146941765498386e+00
1.173076211604772379e+00
1.172014789312513683e+00
1.170962572751723885e+00
1.169919461112841619e+00
1.168885354894217299e+00
1.167860155882884499e+00
1.166843767135653520e+00
1.165836092960498283e+00
1.164837038898244970e+00
1.163846511704544673e+00
1.162864419332145349e+00
1.161890670913432899e+00
1.160925176743260678e+00
1.159967848262047463e+00
1.159018598039139869e+00
1.158077339756451218e+00
1.157143988192346207e+00
1.156218459205789584e+00
1.155300669720745077e+00
1.154390537710818343e+00
1.153487982184145944e+00
1.152592923168521466e+00
1.151705281696758565e+00
1.150824979792282043e+00
1.149951940454949417e+00
1.149086087647092969e+00
1.148227346279784067e+00
1.147375642199310875e+00
1.146530902173872768e+00
1.145693053880478818e+00
1.144862025892053436e+00
1.144037747664745641e+00
1.143220149525435492e+00
1.142409162659435928e+00
1.141604719098385345e+00
1.140806751708334454e+00
1.140015194178008784e+00
1.139229981007268355e+00
1.138451047495729895e+00
1.137678329731579563e+00
1.136911764580552209e+00
1.136151289675086495e+00
1.135396843403637224e+00
1.134648364900171069e+00
1.133905794033803982e+00
1.133169071398614447e+00
1.132438138303605513e+00
1.131712936762824695e+00
1.130993409485631318e+00
1.130279499867121284e+00
1.129571151978688848e+00
1.128868310558742927e+00
1.128170921003555316e+00
1.127478929358259441e+00
1.126792282307974347e+00
1.126110927169076792e+00
1.125434811880595243e+00
1.124763884995741536e+00
1.124098095673567332e+00
1.123437393670750684e+00
1.122781729333501621e+00
1.122131053589596084e+00
1.121485317940526638e+00
1.120844474453771999e+00
1.120208475755180899e+00
1.119577275021477858e+00
1.118950825972872654e+00
1.118329082865785917e+00
1.117712000485682200e+00
1.117099534140008732e+00
1.116491639651246093e+00
1.115888273350050364e+00
1.115289392068510743e+00
1.114694953133499755e+00
1.114104914360124043e+00
1.113519234045271311e+00
1.112937870961255626e+00
1.112360784349554432e+00
1.111787933914636595e+00
1.111219279817888150e+00
1.110654782671618213e+00
1.110094403533161467e+00
1.109538103899060157e+00
1.108985845699338890e+00
1.108437591291857371e+00
1.107893303456745526e+00
1.107352945390927212e+00
1.106816480702714545e+00
1.106283873406487483e+00
1.105755087917445589e+00
1.105230089046443709e+00
1.104708841994893831e+00
1.104191312349746212e+00
1.103677466078540004e+00
1.103167269524529814e+00
1.102660689401878891e+00
1.102157692790919796e+00
1.101658247133488366e+00
1.101162320228320723e+00
1.100669880226519792e+00
1.100180895627081101e+00
1.099695335272488750e+00
1.099213168344370661e+00
1.098734364359214455e+00
1.098258893164151706e+00
1.097786724932790392e+00
1.097317830161117502e+00
1.096852179663453164e+00
1.096389744568465385e+00
1.095930496315236535e+00
1.095474406649393551e+00
1.095021447619281441e+00
1.094571591572202962e+00
1.094124811150699816e+00
1.093681079288894242e+00
1.093240369208877460e+00
1.092802654417148300e+00
1.092367908701108226e+00
1.091936106125592998e+00
1.091507221029466290e+00
1.091081228022249272e+00
1.090658101980803707e+00
1.090237818046059459e+00
1.089820351619787298e+00
1.089405678361414553e+00
1.088993774184885410e+00
1.088584615255568488e+00
1.088178177987199735e+00
1.087774439038874386e+00
1.087373375312074231e+00
1.086974963947740402e+00
1.086579182323383685e+00
1.086186008050233909e+00
1.085795418970429083e+00
1.085407393154244282e+00
1.085021908897354947e+00
1.084638944718140374e+00
1.084258479355022065e+00
1.083880491763836496e+00
1.083504961115248300e+00
1.083131866792194531e+00
1.082761188387363571e+00
1.082392905700709784e+00
1.082026998736997481e+00
1.081663447703385961e+00
1.081302233007035873e+00
1.080943335252757542e+00
1.080586735240685714e+00
1.080232413963985172e+00
1.079880352606587657e+00
1.079530532540961651e+00
1.079182935325905035e+00
1.078837542704375263e+00
1.078494336601343084e+00
1.078153299121673570e+00
1.077814412548038669e+00
1.077477659338857974e+00
1.077143022126261007e+00
1.076810483714081501e+00
1.076480027075876533e+00
1.076151635352970093e+00
1.075825291852524401e+00
1.075500980045635213e+00
1.075178683565451765e+00
1.074858386205322924e+00
1.074540071916963990e+00
1.074223724808651914e+00
1.073909329143439395e+00
1.073596869337395843e+00
1.073286329957867657e+00
1.072977695721765157e+00
1.072670951493865710e+00
1.072366082285146183e+00
1.072063073251128484e+00
1.071761909690253312e+00
1.071462577042273434e+00
1.071165060886661413e+00
1.070869346941046185e+00
1.070575421059664967e+00
1.070283269231835366e+00
1.069992877580445700e+00
1.069704232360469964e+00
1.069417319957493673e+00
1.069132126886264800e+00
1.068848639789258925e+00
1.068566845435265478e+00
1.068286730717990629e+00
1.068008282654676178e+00
1.067731488384739080e+00
1.067456335168424530e+00
1.067182810385479907e+00
1.066910901533839384e+00
1.066640596228333182e+00
1.066371882199404597e+00
1.066104747291848565e+00
1.065839179463563546e+00
1.065575166784321404e+00
1.065312697434547262e+00
1.065051759704120249e+00
1.064792341991186886e+00
1.064534432800986696e+00
1.064278020744697351e+00
1.064023094538289804e+00
1.063769643001398091e+00
1.063517655056206435e+00
1.063267119726344356e+00
1.063018026135800209e+00
1.062770363507846261e+00
1.062524121163975765e+00
1.062279288522854914e+00
1.062035855099285886e+00
1.061793810503184110e+00
1.061553144438566854e+00
1.061313846702553576e+00
1.061075907184379608e+00
1.060839315864422483e+00
1.060604062813236492e+00
1.060370138190602773e+00
1.060137532244589842e+00
1.059906235310621891e+00
1.059676237810564858e+00
1.059447530251817593e+00
1.059220103226415910e+00
1.058993947410149294e+00
1.058769053561684270e+00
1.058545412521702644e+00
1.058323015212045082e+00
1.058101852634869333e+00
1.057881915871815570e+00
1.057663196083183932e+00
1.057445684507118955e+00
1.057229372458805772e+00
1.057014251329675192e+00
1.056800312586618773e+00
1.056587547771211000e+00
1.056375948498943895e+00
1.056165506458466741e+00
1.055956213410838895e+00
1.055748061188787945e+00
1.055541041695977844e+00
1.055335146906286159e+00
1.055130368863088419e+00
