2.477773571534586772e+00
2.473775522632688517e+00
2.472254149205775686e+00
2.470044703612565229e+00
2.467159244022110620e+00
2.463612857419076541e+00
2.459423425833195065e+00
2.454611357838869523e+00
2.449199294980997532e+00
2.443211801537124472e+00
2.436675045693469599e+00
2.429616479734976853e+00
2.422064526152002184e+00
2.414048275685665601e+00
2.405597202330275408e+00
2.396740899248283707e+00
2.387508838486493090e+00
2.377930156363801117e+00
2.368033465466209186e+00
2.357846693363383039e+00
2.347396947466866557e+00
2.336710404891433335e+00
2.325812225753980389e+00
2.314726488042554209e+00
2.303476141998396010e+00
2.292082981860056101e+00
2.280567632806687506e+00
2.268949550988682340e+00
2.257247034634027649e+00
2.245477244353533575e+00
2.233656230925450625e+00
2.221798969009302738e+00
2.209919395412864418e+00
2.198030450706863093e+00
2.186144123147125917e+00
2.174271494017102846e+00
2.162422783645848945e+00
2.150607397484250782e+00
2.138833971736549877e+00
2.127110418144624759e+00
2.115443967609621279e+00
2.103841212410565209e+00
2.092308146843349981e+00
2.080850206156881210e+00
2.069472303707801331e+00
2.058178866291731968e+00
2.046973867638619105e+00
2.035860860083487989e+00
2.024843004442642425e+00
2.013923098139560608e+00
2.003103601635786379e+00
1.992386663229669619e+00
1.981774142291368168e+00
1.971267631005918286e+00
1.960868474697772923e+00
1.950577790811001133e+00
1.940396486618544358e+00
1.930325275732815538e+00
1.920364693488052499e+00
1.910515111262368837e+00
1.900776749805039412e+00
1.891149691631529794e+00
1.881633892546043629e+00
1.872229192348052296e+00
1.862935324776591184e+00
1.853751926742869038e+00
1.844678546898918192e+00
1.835714653587132261e+00
1.826859642212869339e+00
1.818112842079553815e+00
1.809473522723312300e+00
1.800940899781719784e+00
1.792514140428985936e+00
1.784192368407840679e+00
1.775974668686230551e+00
1.767860091765147246e+00
1.759847657662095832e+00
1.751936359593057713e+00
1.744125167374178442e+00
1.736413030562995674e+00
1.728798881357695105e+00
1.721281637271448783e+00
1.713860203597953102e+00
1.706533475682849410e+00
1.699300341014992721e+00
1.692159681150336326e+00
1.685110373480404711e+00
1.678151292856455035e+00
1.671281313079753916e+00
1.664499308267394007e+00
1.657804154102807015e+00
1.651194728979081372e+00
1.644669915042992425e+00
1.638228599146752007e+00
1.631869673714305247e+00
1.625592037528282852e+00
1.619394596443432643e+00
1.613276264031879847e+00
1.607235962165208143e+00
1.601272621538013308e+00
1.595385182137234903e+00
1.589572593661259692e+00
1.583833815892568220e+00
1.578167819027360252e+00
1.572573583965393151e+00
1.567050102563034120e+00
1.561596377852321860e+00
1.556211424228608031e+00
1.550894267609216115e+00
1.545643945565332356e+00
1.540459507429239761e+00
1.535340014378804741e+00
1.530284539501050034e+00
1.525292167836447277e+00
1.520361996405514393e+00
1.515493134219168647e+00
1.510684702274152968e+00
1.505935833534813195e+00
1.501245672902347561e+00
1.496613377172664849e+00
1.492038114983800901e+00
1.487519066753839381e+00
1.483055424610220108e+00
1.478646392311210533e+00
1.474291185160281348e+00
1.469989029914126499e+00
1.465739164684894735e+00
1.461540838837281253e+00
1.457393312881018144e+00
1.453295858359261672e+00
1.449247757733355346e+00
1.445248304264409533e+00
1.441296801892116841e+00
1.437392565111145659e+00
1.433534918845482897e+00
1.429723198321050326e+00
1.425956748936862972e+00
1.422234926135043098e+00
1.418557095269910473e+00
1.414922631476377424e+00
1.411330919537911566e+00
1.407781353754191001e+00
1.404273337808693789e+00
1.400806284636350485e+00
1.397379616291442250e+00
1.393992763815856906e+00
1.390645167107830815e+00
1.387336274791328927e+00
1.384065544086122035e+00
1.380832440678696482e+00
1.377636438594043167e+00
1.374477020068463951e+00
1.371353675423386598e+00
1.368265902940346557e+00
1.365213208737106054e+00
1.362195106645020193e+00
1.359211118087670700e+00
1.356260771960818179e+00
1.353343604513698173e+00
1.350459159231688133e+00
1.347606986720414568e+00
1.344786644591249303e+00
1.341997697348285001e+00
1.339239716276765746e+00
1.336512279332987774e+00
1.333814971035701014e+00
1.331147382359000542e+00
1.328509110626717726e+00
1.325899759408319056e+00
1.323318938416297108e+00
1.320766263405078300e+00
1.318241356071421677e+00
1.315743843956312054e+00
1.313273360348345520e+00
1.310829544188596874e+00
1.308412039976952546e+00
1.306020497679914572e+00
1.303654572639857623e+00
1.301313925485719558e+00
1.298998222045121054e+00
1.296707133257915423e+00
1.294440335091120442e+00
1.292197508455245281e+00
1.289978339121997442e+00
1.287782517643336178e+00
1.285609739271868168e+00
1.283459703882580127e+00
1.281332115895861490e+00
1.279226684201839159e+00
1.277143122085967031e+00
1.275081147155899597e+00
1.273040481269579693e+00
1.271020850464569474e+00
1.269021984888577759e+00
1.267043618731181986e+00
1.265085490156716563e+00
1.263147341238321619e+00
1.261228917893125079e+00
1.259329969818539841e+00
1.257450250429677396e+00
1.255589516797821492e+00
1.253747529590000021e+00
1.251924053009579207e+00
1.250118854737913399e+00
1.248331705876992714e+00
1.246562380893111222e+00
1.244810657561493672e+00
1.243076316911918555e+00
1.241359143175263746e+00
1.239658923731010276e+00
1.237975449055647825e+00
1.236308512671995929e+00
1.234657911099405592e+00
1.233023443804834640e+00
1.231404913154788394e+00
1.229802124368088556e+00
1.228214885469481876e+00
1.226643007244058392e+00
1.225086303192467252e+00
1.223544589486918799e+00
1.222017684927959591e+00
1.220505410902000376e+00
1.219007591339592800e+00
1.217524052674428869e+00
1.216054623803071166e+00
1.214599136045377836e+00
1.213157423105614363e+00
1.211729321034265228e+00
1.210314668190487053e+00
1.208913305205240318e+00
1.207525074945044574e+00
1.206149822476382694e+00
1.204787395030713526e+00
1.203437641970097838e+00
1.202100414753422664e+00
1.200775566903211633e+00
1.199462953973010837e+00
1.198162433515344683e+00
1.196873865050220642e+00
1.195597110034183785e+00
1.194332031829909546e+00
1.193078495676310968e+00
1.191836368659178635e+00
1.190605519682312430e+00
1.189385819439156666e+00
1.188177140384924169e+00
1.186979356709201072e+00
1.185792344309011925e+00
1.184615980762364851e+00
1.183450145302232581e+00
1.182294718790988242e+00
1.181149583695278116e+00
1.180014624061316741e+00
1.178889725490609663e+00
1.177774775116091188e+00
1.176669661578658932e+00
1.175574275004117819e+00
1.174488506980509550e+00
1.173412250535821544e+00
1.172345400116086012e+00
1.171287851563837190e+00
1.170239502096937834e+00
1.169200250287762977e+00
1.168169996042727643e+00
1.167148640582172936e+00
1.166136086420568763e+00
1.165132237347068278e+00
1.164136998406379409e+00
1.163150275879952122e+00
1.162171977267485889e+00
1.161202011268746448e+00
1.160240287765677891e+00
1.159286717804820066e+00
1.158341213580011964e+00
1.157403688415385323e+00
1.156474056748636459e+00
1.155552234114580079e+00
1.154638137128966680e+00
1.153731683472574376e+00
1.152832791875556318e+00
1.151941382102048106e+00
1.151057374935027910e+00
1.150180692161424378e+00
1.149311256557464578e+00
1.148448991874269520e+00
1.147593822823672172e+00
1.146745675064279268e+00
1.145904475187752070e+00
1.145070150705309819e+00
1.144242630034453478e+00
1.143421842485907503e+00
1.142607718250763460e+00
1.141800188387844139e+00
1.140999184811256173e+00
1.140204640278156711e+00
1.139416488376706393e+00
1.138634663514220824e+00
1.137859100905508125e+00
1.137089736561397890e+00
1.136326507277446440e+00
1.135569350622826823e+00
1.134818204929396224e+00
1.134073009280932354e+00
1.133333703502542589e+00
1.132600228150241195e+00
1.131872524500695976e+00
1.131150534541122799e+00
1.130434200959358426e+00
1.129723467134070347e+00
1.129018277125134917e+00
1.128318575664159384e+00
1.127624308145152909e+00
1.126935420615345906e+00
1.126251859766147057e+00
1.125573572924249977e+00
1.124900508042868674e+00
1.124232613693115335e+00
1.123569839055511554e+00
1.122912133911625920e+00
1.122259448635846812e+00
1.121611734187277332e+00
1.120968942101762122e+00
1.120331024484023663e+00
1.119697933999934225e+00
1.119069623868899743e+00
1.118446047856354708e+00
1.117827160266381403e+00
1.117212915934437278e+00
1.116603270220189348e+00
1.115998179000468715e+00
1.115397598662315692e+00
1.114801486096147487e+00
1.114209798689014486e+00
1.113622494317969780e+00
1.113039531343531285e+00
1.112460868603246666e+00
1.111886465405351743e+00
1.111316281522526817e+00
1.110750277185744261e+00
1.110188413078210923e+00
1.109630650329396229e+00
1.109076950509156223e+00
1.108527275621939312e+00
1.107981588101078829e+00
1.107439850803175529e+00
1.106902027002554245e+00
1.106368080385811359e+00
1.105837975046439325e+00
1.105311675479525357e+00
1.104789146576540704e+00
1.104270353620191436e+00
1.103755262279356497e+00
1.103243838604094140e+00
1.102736049020722531e+00
1.102231860326974955e+00
1.101731239687217645e+00
1.101234154627749540e+00
1.100740573032158887e+00
1.100250463136752455e+00
1.099763793526052247e+00
1.099280533128353721e+00
1.098800651211350399e+00
1.098324117377820874e+00
1.097850901561378434e+00
1.097380974022280853e+00
1.096914305343301255e+00
1.096450866425656256e+00
1.095990628484996510e+00
1.095533563047449643e+00
1.095079641945720272e+00
1.094628837315250403e+00
1.094181121590430461e+00
1.093736467500858289e+00
1.093294848067667413e+00
1.092856236599889508e+00
1.092420606690878593e+00
1.091987932214782075e+00
1.091558187323063089e+00
1.091131346441071903e+00
1.090707384264660851e+00
1.090286275756853662e+00
1.089867996144556761e+00
1.089452520915315858e+00
1.089039825814124285e+00
1.088629886840264849e+00
1.088222680244205876e+00
1.087818182524536326e+00
1.087416370424939105e+00
1.087017220931216110e+00
1.086620711268343253e+00
1.086226818897574997e+00
1.085835521513581980e+00
1.085446797041635492e+00
1.085060623634821031e+00
1.084676979671299835e+00
1.084295843751599708e+00
1.083917194695948050e+00
1.083541011541639731e+00
1.083167273540439624e+00
1.082795960156022641e+00
1.082427051061446655e+00
1.082060526136658929e+00
1.081696365466040977e+00
1.081334549335979611e+00
1.080975058232476860e+00
1.080617872838789184e+00
1.080262974033097567e+00
1.079910342886211128e+00
1.079559960659301154e+00
1.079211808801663564e+00
1.078865868948512441e+00
1.078522122918804449e+00
1.078180552713090545e+00
1.077841140511394791e+00
1.077503868671125353e+00
1.077168719725009494e+00
1.076835676379057194e+00
1.076504721510554097e+00
1.076175838166075760e+00
1.075849009559531666e+00
1.075524219070236320e+00
1.075201450241000778e+00
1.074880686776253924e+00
1.074561912540186404e+00
1.074245111554916754e+00
1.073930267998686849e+00
1.073617366204074886e+00
1.073306390656236120e+00
1.072997325991163597e+00
1.072690156993971966e+00
1.072384868597207497e+00
1.072081445879172090e+00
1.071779874062275484e+00
1.071480138511407221e+00
1.071182224732328603e+00
1.070886118370083739e+00
1.070591805207435687e+00
1.070299271163318577e+00
1.070008502291310837e+00
1.069719484778127727e+00
1.069432204942133868e+00
1.069146649231873969e+00
1.068862804224622431e+00
1.068580656624950498e+00
1.068300193263313602e+00
1.068021401094655376e+00
1.067744267197028751e+00
1.067468778770235271e+00
1.067194923134481499e+00
1.066922687729050967e+00
1.066652060110997002e+00
1.066383027953845986e+00
1.066115579046321482e+00
1.065849701291081697e+00
1.065585382703474915e+00
1.065322611410307818e+00
1.065061375648631792e+00
1.064801663764543216e+00
1.064543464211996415e+00
1.064286765551636815e+00
1.064031556449642313e+00
1.063777825676583078e+00
1.063525562106294009e+00
1.063274754714762071e+00
1.063025392579024508e+00
1.062777464876084599e+00
1.062530960881837627e+00
1.062285869970011953e+00
1.062042181611121183e+00
1.061799885371430330e+00
1.061558970911935296e+00
1.061319427987353459e+00
1.061081246445125581e+00
1.060844416224433706e+00
1.060608927355226605e+00
1.060374769957259655e+00
1.060141934239144712e+00
1.059910410497414190e+00
1.059680189115591809e+00
1.059451260563280428e+00
1.059223615395254559e+00
1.058997244250569292e+00
1.058772137851675454e+00
1.058548287003549637e+00
1.058325682592829997e+00
1.058104315586967159e+00
1.057884177033380890e+00
1.057665258058629210e+00
1.057447549867587266e+00
1.057231043742636656e+00
1.057015731042860063e+00
1.056801603203251894e+00
1.056588651733933126e+00
1.056376868219378373e+00
1.056166244317650715e+00
1.055956771759644530e+00
1.055748442348340088e+00
1.055541247958064366e+00
1.055335180533761852e+00
1.055130232090272679e+00
