4.404298432249407959e+11
2.372138915754391064e+00
2.360059648053048242e+00
2.351937537753987950e+00
2.345718079676972323e+00
2.340413326167789521e+00
2.335516691980529025e+00
2.330754290926094541e+00
2.325968961708539062e+00
2.321065504351342845e+00
2.315984107263592495e+00
2.310686695206185082e+00
2.305149396564117659e+00
2.299358081256693609e+00
2.293305549167675927e+00
2.286989667234059276e+00
2.280412083887870089e+00
2.273577311194977746e+00
2.266492049689889932e+00
2.259164678216123434e+00
2.251604858981392177e+00
2.243823225163831925e+00
2.235831129221032665e+00
2.227640437021838782e+00
2.219263357476439325e+00
2.210712300354897408e+00
2.201999757001615876e+00
2.193138200018833750e+00
2.184139998928623427e+00
2.175017349474607009e+00
2.165782214686361229e+00
2.156446276163095366e+00
2.147020894280192493e+00
2.137517076209577205e+00
2.127945450791401960e+00
2.118316249411526186e+00
2.108639292136131438e+00
2.098923978436441296e+00
2.089179281906617724e+00
2.079413748439815190e+00
2.069635497382175338e+00
2.059852225233715473e+00
2.050071211509985503e+00
2.040299326418701042e+00
2.030543040042658731e+00
2.020808432754296557e+00
2.011101206617814441e+00
2.001426697563356338e+00
1.991789888143216114e+00
1.982195420703646738e+00
1.972647610827044318e+00
1.963150460918414275e+00
1.953707673827635105e+00
1.944322666414499690e+00
1.934998582977615067e+00
1.925738308480777539e+00
1.916544481521611054e+00
1.907419506997274805e+00
1.898365568430615102e+00
1.889384639928131548e+00
1.880478497747692046e+00
1.871648731459936599e+00
1.862896754692474843e+00
1.854223815450342094e+00
1.845631006010019171e+00
1.837119272387625957e+00
1.828689423384521007e+00
1.820342139215954003e+00
1.812077979730266630e+00
1.803897392227708618e+00
1.795800718889176029e+00
1.787788203826252253e+00
1.779859999764466627e+00
1.772016174372607944e+00
1.764256716250917290e+00
1.756581540591461765e+00
1.748990494524061967e+00
1.741483362161045045e+00
1.734059869354120043e+00
1.726719688176418188e+00
1.719462441142513232e+00
1.712287705179053710e+00
1.705195015358161204e+00
1.698183868405493513e+00
1.691253725994510182e+00
1.684404017837937140e+00
1.677634144587241583e+00
1.670943480550295845e+00
1.664331376237109694e+00
1.657797160743073484e+00
1.651340143978722974e+00
1.644959618754611164e+00
1.638654862729526762e+00
1.632425140229802896e+00
1.626269703947254675e+00
1.620187796522647883e+00
1.614178652021560190e+00
1.608241497308820822e+00
1.602375553327696434e+00
1.596580036289376059e+00
1.590854158778275629e+00
1.585197130778143393e+00
1.579608160623854118e+00
1.574086455883405788e+00
1.568631224174418914e+00
1.563241673919187225e+00
1.557917015042080910e+00
1.552656459612932194e+00
1.547459222439780291e+00
1.542324521614134136e+00
1.537251579011847058e+00
1.532239620752324782e+00
1.527287877618819678e+00
1.522395585442279486e+00
1.517561985451096884e+00
1.512786324589020737e+00
1.508067855803234769e+00
1.503405838304665565e+00
1.498799537802244508e+00
1.494248226712963534e+00
1.489751184349254576e+00
1.485307697085260337e+00
1.480917058503451678e+00
1.476578569522854156e+00
1.472291538510248854e+00
1.468055281375425070e+00
1.463869121651685701e+00
1.459732390562572535e+00
1.455644427075837299e+00
1.451604577945553753e+00
1.447612197743217033e+00
1.443666648878659586e+00
1.439767301611516448e+00
1.435913534053959939e+00
1.432104732165351724e+00
1.428340289739450597e+00
1.424619608384712022e+00
1.420942097498302914e+00
1.417307174234241351e+00
1.413714263466214760e+00
1.410162797745501129e+00
1.406652217254354298e+00
1.403181969755348923e+00
1.399751510536941135e+00
1.396360302355667216e+00
1.393007815375236325e+00
1.389693527102849435e+00
1.386416922323026046e+00
1.383177493029171146e+00
1.379974738353126895e+00
1.376808164492969055e+00
1.373677284639207574e+00
1.370581618899626486e+00
1.367520694222922106e+00
1.364494044321319821e+00
1.361501209592319794e+00
1.358541737039731023e+00
1.355615180194101432e+00
1.352721099032720087e+00
1.349859059899249702e+00
1.347028635423128895e+00
1.344229404438876063e+00
1.341460951905307120e+00
1.338722868824833157e+00
1.336014752162874020e+00
1.333336204767479050e+00
1.330686835289200065e+00
1.328066258101316510e+00
1.325474093220432747e+00
1.322909966227522327e+00
1.320373508189452538e+00
1.317864355581049196e+00
1.315382150207730749e+00
1.312926539128745684e+00
1.310497174581061630e+00
1.308093713903907274e+00
1.305715819464031036e+00
1.303363158581675174e+00
1.301035403457278417e+00
1.298732231098964185e+00
1.296453323250793321e+00
1.294198366321814175e+00
1.291967051315920045e+00
1.289759073762518415e+00
1.287574133648037744e+00
1.285411935348258039e+00
1.283272187561492084e+00
1.281154603242601997e+00
1.279058899537871996e+00
1.276984797720732256e+00
1.274932023128337422e+00
1.272900305098991325e+00
1.270889376910433244e+00
1.268898975718972810e+00
1.266928842499472019e+00
1.264978721986180776e+00
1.263048362614406672e+00
1.261137516463028296e+00
1.259245939197846331e+00
1.257373390015755321e+00
1.255519631589745222e+00
1.253684430014716300e+00
1.251867554754106271e+00
1.250068778587321683e+00
1.248287877557962222e+00
1.246524630922838606e+00
1.244778821101760302e+00
1.243050233628119061e+00
1.241338657100209186e+00
1.239643883133324298e+00
1.237965706312590175e+00
1.236303924146544997e+00
1.234658337021446339e+00
1.233028748156295373e+00
1.231414963558579156e+00
1.229816791980712809e+00
1.228234044877179354e+00
1.226666536362349014e+00
1.225114083168974854e+00
1.223576504607363447e+00
1.222053622525186567e+00
1.220545261267963033e+00
1.219051247640151825e+00
1.217571410866904902e+00
1.216105582556410214e+00
1.214653596662875534e+00
1.213215289450088719e+00
1.211790499455591030e+00
1.210379067455424451e+00
1.208980836429451644e+00
1.207595651527255898e+00
1.206223360034587966e+00
1.204863811340361357e+00
1.203516856904199850e+00
1.202182350224502816e+00
1.200860146807046114e+00
1.199550104134091688e+00
1.198252081634005428e+00
1.196965940651375959e+00
1.195691544417625485e+00
1.194428758022102022e+00
1.193177448383642147e+00
1.191937484222612920e+00
1.190708736033401438e+00
1.189491076057367591e+00
1.188284378256227569e+00
1.187088518285893901e+00
1.185903373470728273e+00
1.184728822778225554e+00
1.183564746794117939e+00
1.182411027697873429e+00
1.181267549238616210e+00
1.180134196711427164e+00
1.179010856934037621e+00
1.177897418223913029e+00
1.176793770375693882e+00
1.175699804639031676e+00
1.174615413696765698e+00
1.173540491643464412e+00
1.172474933964327004e+00
1.171418637514416217e+00
1.170371500498236017e+00
1.169333422449645221e+00
1.168304304212093081e+00
1.167284047919185941e+00
1.166272556975557650e+00
1.165269736038063719e+00
1.164275490997275675e+00
1.163289728959272074e+00
1.162312358227734821e+00
1.161343288286326825e+00
1.160382429781358304e+00
1.159429694504739095e+00
1.158484995377195848e+00
1.157548246431770567e+00
1.156619362797577821e+00
1.155698260683828638e+00
1.154784857364111961e+00
1.153879071160923919e+00
1.152980821430450664e+00
1.152090028547596123e+00
1.151206613891243347e+00
1.150330499829759656e+00
1.149461609706728726e+00
1.148599867826913146e+00
1.147745199442439912e+00
1.146897530739207527e+00
1.146056788823504924e+00
1.145222901708853325e+00
1.144395798303043943e+00
1.143575408395392623e+00
1.142761662644191212e+00
1.141954492564356327e+00
1.141153830515278189e+00
1.140359609688857523e+00
1.139571764097730533e+00
1.138790228563683504e+00
1.138014938706246593e+00
1.137245830931465251e+00
1.136482842420851291e+00
1.135725911120507137e+00
1.134974975730415059e+00
1.134229975693900272e+00
1.133490851187255899e+00
1.132757543109524923e+00
1.132029993072451557e+00
1.131308143390579168e+00
1.130591937071506514e+00
1.129881317806292307e+00
1.129176229960011657e+00
1.128476618562457956e+00
1.127782429298983091e+00
1.127093608501486655e+00
1.126410103139538377e+00
1.125731860811638230e+00
1.125058829736611976e+00
1.124390958745135727e+00
1.123728197271395945e+00
1.123070495344870245e+00
1.122417803582235862e+00
1.121770073179403582e+00
1.121127255903670905e+00
1.120489304085997118e+00
1.119856170613386270e+00
1.119227808921402278e+00
1.118604172986781053e+00
1.117985217320160540e+00
1.117370896958926663e+00
1.116761167460153192e+00
1.116155984893660191e+00
1.115555305835173483e+00
1.114959087359580492e+00
1.114367287034295773e+00
1.113779862912721130e+00
1.113196773527801442e+00
1.112617977885685061e+00
1.112043435459466156e+00
1.111473106183030080e+00
1.110906950444988217e+00
1.110344929082695886e+00
1.109787003376370151e+00
1.109233135043282692e+00
1.108683286232049259e+00
1.108137419516993738e+00
1.107595497892601477e+00
1.107057484768052547e+00
1.106523343961831829e+00
1.105993039696425040e+00
1.105466536593082694e+00
1.104943799666669779e+00
1.104424794320585823e+00
1.103909486341759338e+00
1.103397841895713549e+00
1.102889827521708055e+00
1.102385410127947107e+00
1.101884556986857833e+00
1.101387235730437508e+00
1.100893414345667454e+00
1.100403061169994201e+00
1.099916144886871727e+00
1.099432634521373853e+00
1.098952499435863484e+00
1.098475709325726690e+00
1.098002234215170292e+00
1.097532044453072508e+00
1.097065110708899560e+00
1.096601403968676225e+00
1.096140895531017678e+00
1.095683557003208852e+00
1.095229360297353294e+00
1.094778277626561769e+00
1.094330281501207258e+00
1.093885344725220810e+00
1.093443440392449784e+00
1.093004541883063618e+00
1.092568622860005334e+00
1.092135657265502324e+00
1.091705619317614451e+00
1.091278483506842978e+00
1.090854224592774147e+00
1.090432817600781146e+00
1.090014237818760723e+00
1.089598460793926193e+00
1.089185462329635312e+00
1.088775218482267659e+00
1.088367705558144216e+00
1.087962900110487796e+00
1.087560778936427663e+00
1.087161319074042565e+00
1.086764497799446838e+00
1.086370292623916267e+00
1.085978681291049908e+00
1.085589641773976322e+00
1.085203152272595117e+00
1.084819191210851130e+00
1.084437737234055676e+00
1.084058769206238892e+00
1.083682266207533829e+00
1.083308207531604284e+00
1.082936572683101950e+00
1.082567341375159531e+00
1.082200493526916052e+00
1.081836009261080367e+00
1.081473868901519531e+00
1.081114052970887807e+00
1.080756542188281877e+00
1.080401317466927136e+00
1.080048359911902622e+00
1.079697650817883714e+00
1.079349171666926344e+00
1.079002904126274975e+00
1.078658830046200556e+00
1.078316931457866223e+00
1.077977190571225652e+00
1.077639589772941608e+00
1.077304111624340699e+00
1.076970738859387433e+00
1.076639454382689820e+00
1.076310241267528722e+00
1.075983082753914744e+00
1.075657962246669097e+00
1.075334863313530676e+00
1.075013769683287324e+00
1.074694665243930647e+00
1.074377534040836357e+00
1.074062360274968375e+00
1.073749128301105138e+00
1.073437822626087224e+00
1.073128427907092952e+00
1.072820928949931751e+00
1.072515310707359060e+00
1.072211558277417431e+00
1.071909656901794738e+00
1.071609591964205466e+00
1.071311348988791989e+00
1.071014913638546062e+00
1.070720271713753391e+00
1.070427409150451759e+00
1.070136312018916902e+00
1.069846966522160825e+00
1.069559358994452980e+00
1.069273475899859438e+00
1.068989303830798487e+00
1.068706829506619771e+00
1.068426039772193192e+00
1.068146921596524912e+00
1.067869462071383335e+00
1.067593648409947082e+00
1.067319467945466283e+00
1.067046908129944072e+00
1.066775956532831859e+00
1.066506600839743468e+00
1.066238828851182818e+00
1.065972628481289375e+00
1.065707987756596697e+00
1.065444894814812304e+00
1.065183337903603311e+00
1.064923305379405605e+00
1.064664785706244565e+00
1.064407767454568887e+00
1.064152239300101277e+00
1.063898190022702028e+00
1.063645608505246365e+00
1.063394483732517326e+00
1.063144804790108422e+00
1.062896560863345830e+00
1.062649741236217027e+00
1.062404335290317636e+00
1.062160332503807814e+00
1.061917722450383517e+00
1.061676494798259984e+00
1.061436639309166541e+00
1.061198145837352058e+00
1.060961004328609292e+00
1.060725204819300993e+00
1.060490737435406006e+00
1.060257592391574466e+00
1.060025759990190997e+00
1.059795230620454554e+00
1.059565994757464491e+00
1.059338042961323056e+00
1.059111365876241440e+00
1.058885954229662918e+00
1.058661798831393774e+00
1.058438890572744873e+00
1.058217220425681671e+00
1.057996779441988444e+00
1.057777558752438507e+00
1.057559549565976198e+00
1.057342743168908195e+00
1.057127130924104375e+00
1.056912704270208003e+00
1.056699454720855025e+00
1.056487373863902679e+00
1.056276453360668555e+00
1.056066684945175638e+00
1.055858060423408684e+00
1.055650571672578364e+00
1.055444210640394953e+00
1.055238969344347355e+00
