1.450555404164963074e+11
2.463127667941156229e+00
2.459751290377459210e+00
2.457451979482995874e+00
2.455047924704558682e+00
2.452216680667524962e+00
2.448819189715098155e+00
2.444799407659872692e+00
2.440142934917355788e+00
2.434857515554389451e+00
2.428963285386364745e+00
2.422487471249573865e+00
2.415461297840993282e+00
2.407918097450252759e+00
2.399892120562900466e+00
2.391417770336627058e+00
2.382529098832706360e+00
2.373259467740175044e+00
2.363641314854616482e+00
2.353705990801709724e+00
2.343483644456289205e+00
2.333003143804262880e+00
2.322292023862107868e+00
2.311376456090772358e+00
2.300281235366733679e+00
2.289029781516672912e+00
2.277644152984513504e+00
2.266145070559445251e+00
2.254551949345481088e+00
2.242882937354251816e+00
2.231154959277755978e+00
2.219383764160136163e+00
2.207583975841969526e+00
2.195769145197585814e+00
2.183951803325112628e+00
2.172143514978782441e+00
2.160354931652165966e+00
2.148595843829361307e+00
2.136875232017378945e+00
2.125201316258169548e+00
2.113581603892380478e+00
2.102022935410238436e+00
2.090531528278694928e+00
2.079113018678656388e+00
2.067772501123077866e+00
2.056514565956789831e+00
2.045343334762944387e+00
2.034262493719699805e+00
2.023275324965314592e+00
2.012384736040458755e+00
2.001593287484264572e+00
1.990903218665546870e+00
1.980316471933805778e+00
1.969834715175930784e+00
1.959459362864202969e+00
1.949191595680797251e+00
1.939032378801183842e+00
1.928982478917372845e+00
1.919042480078235080e+00
1.909212798421401569e+00
1.899493695867663590e+00
1.889885292845304710e+00
1.880387580108321188e+00
1.871000429708872037e+00
1.861723605180924057e+00
1.852556770988557755e+00
1.843499501289314946e+00
1.834551288059564467e+00
1.825711548626181013e+00
1.816979632645669529e+00
1.808354828569312955e+00
1.799836369630439581e+00
1.791423439387218375e+00
1.783115176852406503e+00
1.774910681239123100e+00
1.766809016349898620e+00
1.758809214634167173e+00
1.750910280937832741e+00
1.743111195966729365e+00
1.735410919484367653e+00
1.727808393262876052e+00
1.720302543804772544e+00
1.712892284851895486e+00
1.705576519696740068e+00
1.698354143310325970e+00
1.691224044299703078e+00
1.684185106707420942e+00
1.677236211664159482e+00
1.670376238905189492e+00
1.663604068160419391e+00
1.656918580427158227e+00
1.650318659134044186e+00
1.643803191204003422e+00
1.637371068023589116e+00
1.631021186325461336e+00
1.624752448990351983e+00
1.618563765774344354e+00
1.612454053967006029e+00
1.606422238985337980e+00
1.600467254908371384e+00
1.594588044956694928e+00
1.588783561921057963e+00
1.583052768543801836e+00
1.577394637856656789e+00
1.571808153478154946e+00
1.566292309873741351e+00
1.560846112581381728e+00
1.555468578405290181e+00
1.550158735580265512e+00
1.544915623908854840e+00
1.539738294873499447e+00
1.534625811725594868e+00
1.529577249553337737e+00
1.524591695329977181e+00
1.519668247944150341e+00
1.514806018213668448e+00
1.510004128884179009e+00
1.505261714613971513e+00
1.500577921946041116e+00
1.495951909268575353e+00
1.491382846764836678e+00
1.486869916353394494e+00
1.482412311619586642e+00
1.478009237739007276e+00
1.473659911393785604e+00
1.469363560682373393e+00
1.465119425023434729e+00
1.460926755054511972e+00
1.456784812525976136e+00
1.452692870190777530e+00
1.448650211690528211e+00
1.444656131438277979e+00
1.440709934498481282e+00
1.436810936464466781e+00
1.432958463333788846e+00
1.429151851381812444e+00
1.425390447033770158e+00
1.421673606735615936e+00
1.418000696823929374e+00
1.414371093395071277e+00
1.410784182173852264e+00
1.407239358381889405e+00
1.403736026605811649e+00
1.400273600665546514e+00
1.396851503482778645e+00
1.393469166949762306e+00
1.390126031798581074e+00
1.386821547471031035e+00
1.383555171989157895e+00
1.380326371826612775e+00
1.377134621780888635e+00
1.373979404846501273e+00
1.370860212089228813e+00
1.367776542521430105e+00
1.364727902978539742e+00
1.361713807996769887e+00
1.358733779692062660e+00
1.355787347640348361e+00
1.352874048759152625e+00
1.349993427190544715e+00
1.347145034185509793e+00
1.344328427989716523e+00
1.341543173730753047e+00
1.338788843306781828e+00
1.336065015276691303e+00
1.333371274751723679e+00
1.330707213288575330e+00
1.328072428784006220e+00
1.325466525370937232e+00
1.322889113316047416e+00
1.320339808918858049e+00
1.317818234412329481e+00
1.315324017864925255e+00
1.312856793084174134e+00
1.310416199521699632e+00
1.308001882179724129e+00
1.305613491519028946e+00
1.303250683368357699e+00
1.300913118835267834e+00
1.298600464218388595e+00
1.296312390921112723e+00
1.294048575366668175e+00
1.291808698914582276e+00
1.289592447778510786e+00
1.287399512945426316e+00
1.285229590096136576e+00
1.283082379527139105e+00
1.280957586073760757e+00
1.278854919034608795e+00
1.276774092097282765e+00
1.274714823265338026e+00
1.272676834786504063e+00
1.270659853082106494e+00
1.268663608677707444e+00
1.266687836134919420e+00
1.264732273984404021e+00
1.262796664660010171e+00
1.260880754434051454e+00
1.258984293353704098e+00
1.257107035178497423e+00
1.255248737318898744e+00
1.253409160775949882e+00
1.251588070081965265e+00
1.249785233242253879e+00
1.248000421677862626e+00
1.246233410169311107e+00
1.244483976801312508e+00
1.242751902908463491e+00
1.241036973021873546e+00
1.239338974816738492e+00
1.237657699060829897e+00
1.235992939563878901e+00
1.234344493127853326e+00
1.232712159498106974e+00
1.231095741315378023e+00
1.229495044068642073e+00
1.227909876048771221e+00
1.226340048303028896e+00
1.224785374590343645e+00
1.223245671337378049e+00
1.221720757595359474e+00
1.220210454997682659e+00
1.218714587718226161e+00
1.217232982430434873e+00
1.215765468267084204e+00
1.214311876780776123e+00
1.212872041905106668e+00
1.211445799916523125e+00
1.210032989396845338e+00
1.208633451196434949e+00
1.207247028398016120e+00
1.205873566281124631e+00
1.204512912287169613e+00
1.203164915985110994e+00
1.201829429037739150e+00
1.200506305168518528e+00
1.199195400129037248e+00
1.197896571666996479e+00
1.196609679494766487e+00
1.195334585258486459e+00
1.194071152507698352e+00
1.192819246665501431e+00
1.191578734999233280e+00
1.190349486591638861e+00
1.189131372312552504e+00
1.187924264791065276e+00
1.186728038388157103e+00
1.185542569169820926e+00
1.184367734880623191e+00
1.183203414917739726e+00
1.182049490305426609e+00
1.180905843669918687e+00
1.179772359214774857e+00
1.178648922696627910e+00
1.177535421401359805e+00
1.176431744120671086e+00
1.175337781129053072e+00
1.174253424161160186e+00
1.173178566389542876e+00
1.172113102402784879e+00
1.171056928183986212e+00
1.170009941089628525e+00
1.168972039828776843e+00
1.167943124442655023e+00
1.166923096284542050e+00
1.165911858000020063e+00
1.164909313507546340e+00
1.163915367979358573e+00
1.162929927822688336e+00
1.161952900661295862e+00
1.160984195317312562e+00
1.160023721793379314e+00
1.159071391255091399e+00
1.158127116013726088e+00
1.157190809509261342e+00
1.156262386293673616e+00
1.155341762014511442e+00
1.154428853398742350e+00
1.153523578236865577e+00
1.152625855367278795e+00
1.151735604660915291e+00
1.150852747006122279e+00
1.149977204293788802e+00
1.149108899402719430e+00
1.148247756185247326e+00
1.147393699453077121e+00
1.146546654963362499e+00
1.145706549405009600e+00
1.144873310385200016e+00
1.144046866416135178e+00
1.143227146901993674e+00
1.142414082126099295e+00
1.141607603238296464e+00
1.140807642242529729e+00
1.140014131984619317e+00
1.139227006140238529e+00
1.138446199203078546e+00
1.137671646473206177e+00
1.136903284045606588e+00
1.136141048798907205e+00
1.135384878384284590e+00
1.134634711214543401e+00
1.133890486453372759e+00
1.133152144004769823e+00
1.132419624502633893e+00
1.131692869300521043e+00
1.130971820461563304e+00
1.130256420748547264e+00
1.129546613614144546e+00
1.128842343191299946e+00
1.128143554283769223e+00
1.127450192356801661e+00
1.126762203527975403e+00
1.126079534558164896e+00
1.125402132842663772e+00
1.124729946402427849e+00
1.124062923875472242e+00
1.123401014508387030e+00
1.122744168147993937e+00
1.122092335233127569e+00
1.121445466786542777e+00
1.120803514406949475e+00
1.120166430261168689e+00
1.119534167076408071e+00
1.118906678132657095e+00
1.118283917255197490e+00
1.117665838807230472e+00
1.117052397682611664e+00
1.116443549298703708e+00
1.115839249589328785e+00
1.115239454997835944e+00
1.114644122470271004e+00
1.114053209448644388e+00
1.113466673864313305e+00
1.112884474131446977e+00
1.112306569140605550e+00
1.111732918252404945e+00
1.111163481291285393e+00
1.110598218539364801e+00
1.110037090730388032e+00
1.109480059043770117e+00
1.108927085098720955e+00
1.108378130948463935e+00
1.107833159074537832e+00
1.107292132381180183e+00
1.106755014189801267e+00
1.106221768233531133e+00
1.105692358651855667e+00
1.105166749985324381e+00
1.104644907170341028e+00
1.104126795534028149e+00
1.103612380789168679e+00
1.103101629029220154e+00
1.102594506723403089e+00
1.102090980711859514e+00
1.101591018200882566e+00
1.101094586758220917e+00
1.100601654308437816e+00
1.100112189128353624e+00
1.099626159842544748e+00
1.099143535418906081e+00
1.098664285164287380e+00
1.098188378720182268e+00
1.097715786058483634e+00
1.097246477477301863e+00
1.096780423596838361e+00
1.096317595355321695e+00
1.095857964005002794e+00
1.095401501108201892e+00
1.094948178533418082e+00
1.094497968451491277e+00
1.094050843331816569e+00
1.093606775938616327e+00
1.093165739327266017e+00
1.092727706840663560e+00
1.092292652105659512e+00
1.091860549029533667e+00
1.091431371796520056e+00
1.091005094864382796e+00
1.090581692961039240e+00
1.090161141081230634e+00
1.089743414483236972e+00
1.089328488685642915e+00
1.088916339464143901e+00
1.088506942848398440e+00
1.088100275118925486e+00
1.087696312804041554e+00
1.087295032676843132e+00
1.086896411752232394e+00
1.086500427283975112e+00
1.086107056761813627e+00
1.085716277908604699e+00
1.085328068677507973e+00
1.084942407249205543e+00
1.084559272029163912e+00
1.084178641644931496e+00
1.083800494943474746e+00
1.083424810988547149e+00
1.083051569058097741e+00
1.082680748641714041e+00
1.082312329438096743e+00
1.081946291352573919e+00
1.081582614494642547e+00
1.081221279175548666e+00
1.080862265905896846e+00
1.080505555393294737e+00
1.080151128540025818e+00
1.079798966440754793e+00
1.079449050380266062e+00
1.079101361831227512e+00
1.078755882451990500e+00
1.078412594084412479e+00
1.078071478751714940e+00
1.077732518656363325e+00
1.077395696177982032e+00
1.077060993871291172e+00
1.076728394464073979e+00
1.076397880855170408e+00
1.076069436112495836e+00
1.075743043471088400e+00
1.075418686331178764e+00
1.075096348256288747e+00
1.074776012971352834e+00
1.074457664360863207e+00
1.074141286467042322e+00
1.073826863488035910e+00
1.073514379776131955e+00
1.073203819836002104e+00
1.072895168322965720e+00
1.072588410041274365e+00
1.072283529942424485e+00
1.071980513123485190e+00
1.071679344825450686e+00
1.071380010431615570e+00
1.071082495465968121e+00
1.070786785591603563e+00
1.070492866609163096e+00
1.070200724455286689e+00
1.069910345201088742e+00
1.069621715050654176e+00
1.069334820339550074e+00
1.069049647533359959e+00
1.068766183226235400e+00
1.068484414139465155e+00
1.068204327120063191e+00
1.067925909139374685e+00
1.067649147291700906e+00
1.067374028792937413e+00
1.067100540979233791e+00
1.066828671305668053e+00
1.066558407344939452e+00
1.066289736786073972e+00
1.066022647433150894e+00
1.065757127204040255e+00
1.065493164129162063e+00
1.065230746350254387e+00
1.064969862119162336e+00
1.064710499796638343e+00
1.064452647851158673e+00
1.064196294857757241e+00
1.063941429496867208e+00
1.063688040553184999e+00
1.063436116914541207e+00
1.063185647570791037e+00
1.062936621612714072e+00
1.062689028230930699e+00
1.062442856714829409e+00
1.062198096451510310e+00
1.061954736924736187e+00
1.061712767713903993e+00
1.061472178493021223e+00
1.061232959029700496e+00
1.060995099184162571e+00
1.060758588908254696e+00
1.060523418244477156e+00
1.060289577325024490e+00
1.060057056370838913e+00
1.059825845690671287e+00
1.059595935680156087e+00
1.059367316820899463e+00
1.059139979679573962e+00
1.058913914907025688e+00
1.058689113237395008e+00
1.058465565487243687e+00
1.058243262554693143e+00
1.058022195418577782e+00
1.057802355137600125e+00
1.057583732849504354e+00
1.057366319770252305e+00
1.057150107193215671e+00
1.056935086488373976e+00
1.056721249101521876e+00
1.056508586553488893e+00
1.056297090439363151e+00
1.056086752427732200e+00
1.055877564259922963e+00
1.055669517749258546e+00
1.055462604780320834e+00
1.055256817308220851e+00
1.055052147357878223e+00
