-6.477610315476159668e+10
2.726707153749965862e+00
2.721744280413448180e+00
2.715873502044128251e+00
2.708223852773738116e+00
2.699060716899754020e+00
2.688551198845646084e+00
2.676825674061944049e+00
2.664007389235700352e+00
2.650219477985004790e+00
2.635584972214170207e+00
2.620224788991035503e+00
2.604255395939337525e+00
2.587786790583924024e+00
2.570921004469907345e+00
2.553751155221235081e+00
2.536360988158274488e+00
2.518824818987178915e+00
2.501207784140550672e+00
2.483566312308227442e+00
2.465948742701427499e+00
2.448396029074312974e+00
2.430942481636278352e+00
2.413616510810243643e+00
2.396441346931777350e+00
2.379435718350353390e+00
2.362614477065835494e+00
2.345989166180790786e+00
2.329568527286717483e+00
2.313358948649679281e+00
2.297364856932945898e+00
2.281589056378675373e+00
2.266033020035546741e+00
2.250697137898606037e+00
2.235580926834691340e+00
2.220683206988029568e+00
2.206002249063754750e+00
2.191535896521805249e+00
2.177281666317356201e+00
2.163236831422159945e+00
2.149398487970652916e+00
2.135763609507763228e+00
2.122329090477629521e+00
2.109091780786732429e+00
2.096048513003396341e+00
2.083196123515585363e+00
2.070531468759891247e+00
2.058051437454005761e+00
2.045752959609183463e+00
2.033633012967009268e+00
2.021688627391985627e+00
2.009916887656648221e+00
1.998314934976011426e+00
1.986879967581403506e+00
1.975609240568296343e+00
1.964500065206488344e+00
1.953549807862972276e+00
1.942755888656729546e+00
1.932115779938737621e+00
1.921627004669876015e+00
1.911287134752358341e+00
1.901093789356673280e+00
1.891044633275040798e+00
1.881137375323733707e+00
1.871369766809575008e+00
1.861739600070646539e+00
1.852244707096883936e+00
1.842882958233180712e+00
1.833652260965091596e+00
1.824550558785378529e+00
1.815575830138508096e+00
1.806726087439222361e+00
1.797999376160666962e+00
1.789393773987447922e+00
1.780907390028547699e+00
1.772538364085295415e+00
1.764284865969567573e+00
1.756145094867457956e+00
1.748117278744237391e+00
1.740199673786242407e+00
1.732390563875937151e+00
1.724688260096584269e+00
1.717091100263239856e+00
1.709597448477057746e+00
1.702205694700235306e+00
1.694914254349168203e+00
1.687721567903557984e+00
1.680626100529638123e+00
1.673626341715624077e+00
1.666720804918004895e+00
1.659908027217222415e+00
1.653186568981562576e+00
1.646555013538315126e+00
1.640011966851197656e+00
1.633556057203289225e+00
1.627185934884924023e+00
1.620900271885822974e+00
1.614697761591105785e+00
1.608577118480758017e+00
1.602537077832198786e+00
1.596576395425705286e+00
1.590693847252506288e+00
1.584888229225312362e+00
1.579158356891199544e+00
1.573503065146779623e+00
1.567921207955484508e+00
1.562411658067058395e+00
1.556973306739137808e+00
1.551605063460951506e+00
1.546305855679190433e+00
1.541074628525952672e+00
1.535910344548967243e+00
1.530811983443968405e+00
1.525778541789386988e+00
1.520809032783329240e+00
1.515902485982946857e+00
1.511057947046207772e+00
1.506274477476158724e+00
1.501551154367702257e+00
1.496887070156943889e+00
1.492281332373189606e+00
1.487733063393573918e+00
1.483241400200449034e+00
1.478805494141501198e+00
1.474424510692672996e+00
1.470097629223917179e+00
1.465824042767820412e+00
1.461602957791101831e+00
1.457433593969036600e+00
1.453315183962835100e+00
1.449246973199938893e+00
1.445228219657336277e+00
1.441258193647809493e+00
1.437336177609207066e+00
1.433461465896709974e+00
1.429633364578079657e+00
1.425851191231900739e+00
1.422114274748846885e+00
1.418421955135902746e+00
1.414773583323571060e+00
1.411168520976066265e+00
1.407606140304440645e+00
1.404085823882650574e+00
1.400606964466571736e+00
1.397168964815882486e+00
1.393771237518848238e+00
1.390413204819973769e+00
1.387094298450458618e+00
1.383813959461516641e+00
1.380571638060418493e+00
1.377366793449342541e+00
1.374198893666931820e+00
1.371067415432540848e+00
1.367971843993181169e+00
1.364911672973064594e+00
1.361886404225794323e+00
1.358895547689092043e+00
1.355938621242096520e+00
1.353015150565145319e+00
1.350124669002045419e+00
1.347266717424779880e+00
1.344440844100608157e+00
1.341646604561560263e+00
1.338883561476250872e+00
1.336151284523985794e+00
1.333449350271165290e+00
1.330777342049895617e+00
1.328134849838796594e+00
1.325521470145990088e+00
1.322936805894198375e+00
1.320380466307950584e+00
1.317852066802837729e+00
1.315351228876794787e+00
1.312877580003391165e+00
1.310430753527046965e+00
1.308010388560208348e+00
1.305616129882392285e+00
1.303247627841101153e+00
1.300904538254564313e+00
1.298586522316263148e+00
1.296293246501238450e+00
1.294024382474116441e+00
1.291779606998834540e+00
1.289558601850051556e+00
1.287361053726183702e+00
1.285186654164059750e+00
1.283035099455153816e+00
1.280906090563371347e+00
1.278799333044365438e+00
1.276714536966334190e+00
1.274651416832305539e+00
1.272609691503842289e+00
1.270589084126183321e+00
1.268589322054744617e+00
1.266610136783016927e+00
1.264651263871764408e+00
1.262712442879561969e+00
1.260793417294592933e+00
1.258893934467735676e+00
1.257013745546867067e+00
1.255152605412385824e+00
1.253310272613929577e+00
1.251486509308261441e+00
1.249681081198298349e+00
1.247893757473257814e+00
1.246124310749926911e+00
1.244372517014988855e+00
1.242638155568428493e+00
1.240921008967965200e+00
1.239220862974514281e+00
1.237537506498645357e+00
1.235870731548021961e+00
1.234220333175805262e+00
1.232586109429996357e+00
1.230967861303719602e+00
1.229365392686382785e+00
1.227778510315763683e+00
1.226207023730948587e+00
1.224650745226125270e+00
1.223109489805228822e+00
1.221583075137395946e+00
1.220071321513239493e+00
1.218574051801909697e+00
1.217091091408926573e+00
1.215622268234784142e+00
1.214167412634291843e+00
1.212726357376658459e+00
1.211298937606282156e+00
1.209884990804258598e+00
1.208484356750563427e+00
1.207096877486936615e+00
1.205722397280398539e+00
1.204360762587449729e+00
1.203011822018889010e+00
1.201675426305269578e+00
1.200351428262961484e+00
1.199039682760824510e+00
1.197740046687467919e+00
1.196452378919094839e+00
1.195176540287907097e+00
1.193912393551081363e+00
1.192659803360278881e+00
1.191418636231704298e+00
1.190188760516676769e+00
1.188970046372743727e+00
1.187762365735262504e+00
1.186565592289518634e+00
1.185379601443310449e+00
1.184204270300006856e+00
1.183039477632099157e+00
1.181885103855188301e+00
1.180741031002436214e+00
1.179607142699457434e+00
1.178483324139652177e+00
1.177369462059951299e+00
1.176265444716993791e+00
1.175171161863717728e+00
1.174086504726328251e+00
1.173011365981698306e+00
1.171945639735130662e+00
1.170889221498507604e+00
1.169842008168819447e+00
1.168803898007050979e+00
1.167774790617441161e+00
1.166754586927076787e+00
1.165743189165854954e+00
1.164740500846760618e+00
1.163746426746506746e+00
1.162760872886474894e+00
1.161783746513993520e+00
1.160814956083929594e+00
1.159854411240582861e+00
1.158902022799899623e+00
1.157957702731960525e+00
1.157021364143786535e+00
1.156092921262419582e+00
1.155172289418284093e+00
1.154259385028829854e+00
1.153354125582449319e+00
1.152456429622656930e+00
1.151566216732531789e+00
1.150683407519420109e+00
1.149807923599887927e+00
1.148939687584923153e+00
1.148078623065383219e+00
1.147224654597675642e+00
1.146377707689684389e+00
1.145537708786913189e+00
1.144704585258867535e+00
1.143878265385653847e+00
1.143058678344795132e+00
1.142245754198265573e+00
1.141439423879733628e+00
1.140639619182012510e+00
1.139846272744711619e+00
1.139059318042091151e+00
1.138278689371113428e+00
1.137504321839680754e+00
1.136736151355066893e+00
1.135974114612537278e+00
1.135218149084143091e+00
1.134468193007702741e+00
1.133724185375956761e+00
1.132986065925892571e+00
1.132253775128243545e+00
1.131527254177154607e+00
1.130806444980008152e+00
1.130091290147414718e+00
1.129381732983362419e+00
1.128677717475518483e+00
1.127979188285683998e+00
1.127286090740406088e+00
1.126598370821724870e+00
1.125915975158079396e+00
1.125238851015345265e+00
1.124566946288015012e+00
1.123900209490523050e+00
1.123238589748694727e+00
1.122582036791335058e+00
1.121930500941949571e+00
1.121283933110587938e+00
1.120642284785816845e+00
1.120005508026819641e+00
1.119373555455608349e+00
1.118746380249370898e+00
1.118123936132919605e+00
1.117506177371268006e+00
1.116893058762313373e+00
1.116284535629636476e+00
1.115680563815408588e+00
1.115081099673406850e+00
1.114486100062136442e+00
1.113895522338056665e+00
1.113309324348912943e+00
1.112727464427161195e+00
1.112149901383504336e+00
1.111576594500514048e+00
1.111007503526356688e+00
1.110442588668610675e+00
1.109881810588177364e+00
1.109325130393281844e+00
1.108772509633564107e+00
1.108223910294260151e+00
1.107679294790469005e+00
1.107138625961503253e+00
1.106601867065325928e+00
1.106068981773069781e+00
1.105539934163635607e+00
1.105014688718372939e+00
1.104493210315839358e+00
1.103975464226633729e+00
1.103461416108309834e+00
1.102951032000362153e+00
1.102444278319285820e+00
1.101941121853709848e+00
1.101441529759598081e+00
1.100945469555526746e+00
1.100452909118023959e+00
1.099963816676980288e+00
1.099478160811126370e+00
1.098995910443576696e+00
1.098517034837433570e+00
1.098041503591461243e+00
1.097569286635815988e+00
1.097100354227842134e+00
1.096634676947928488e+00
1.096172225695419611e+00
1.095712971684592141e+00
1.095256886440684196e+00
1.094803941795982727e+00
1.094354109885968596e+00
1.093907363145512512e+00
1.093463674305129585e+00
1.093023016387283608e+00
1.092585362702745977e+00
1.092150686847005003e+00
1.091718962696725859e+00
1.091290164406261809e+00
1.090864266404211413e+00
1.090441243390030124e+00
1.090021070330681185e+00
1.089603722457342050e+00
1.089189175262150089e+00
1.088777404494997159e+00
1.088368386160370571e+00
1.087962096514230259e+00
1.087558512060941229e+00
1.087157609550237547e+00
1.086759365974235392e+00
1.086363758564484083e+00
1.085970764789059739e+00
1.085580362349697348e+00
1.085192529178963472e+00
1.084807243437466484e+00
1.084424483511109649e+00
1.084044228008373745e+00
1.083666455757644975e+00
1.083291145804572420e+00
1.082918277409469887e+00
1.082547830044743309e+00
1.082179783392361427e+00
1.081814117341355796e+00
1.081450811985355864e+00
1.081089847620160693e+00
1.080731204741337548e+00
1.080374864041858229e+00
1.080020806409762502e+00
1.079669012925859040e+00
1.079319464861450584e+00
1.078972143676094175e+00
1.078627031015389370e+00
1.078284108708797095e+00
1.077943358767486481e+00
1.077604763382211006e+00
1.077268304921213504e+00
1.076933965928156933e+00
1.076601729120085782e+00
1.076271577385411016e+00
1.075943493781924110e+00
1.075617461534837060e+00
1.075293464034845714e+00
1.074971484836223068e+00
1.074651507654933003e+00
1.074333516366771102e+00
1.074017495005530343e+00
1.073703427761189877e+00
1.073391298978126907e+00
1.073081093153353427e+00
1.072772794934773399e+00
1.072466389119465680e+00
1.072161860651987153e+00
1.071859194622698297e+00
1.071558376266110280e+00
1.071259390959255153e+00
1.070962224220073367e+00
1.070666861705825479e+00
1.070373289211522527e+00
1.070081492668377710e+00
1.069791458142277385e+00
1.069503171832269395e+00
1.069216620069076029e+00
1.068931789313620317e+00
1.068648666155574301e+00
1.068367237311925289e+00
1.068087489625559661e+00
1.067809410063865094e+00
1.067532985717349669e+00
1.067258203798281180e+00
1.066985051639338877e+00
1.066713516692286978e+00
1.066443586526662823e+00
1.066175248828478805e+00
1.065908491398947167e+00
1.065643302153213678e+00
1.065379669119113526e+00
1.065117580435934963e+00
1.064857024353207615e+00
1.064597989229499442e+00
1.064340463531229686e+00
1.064084435831497810e+00
1.063829894808927978e+00
1.063576829246524191e+00
1.063325228030542524e+00
1.063075080149377349e+00
1.062826374692458886e+00
1.062579100849167402e+00
1.062333247907757627e+00
1.062088805254299384e+00
1.061845762371629087e+00
1.061604108838314797e+00
1.061363834327632594e+00
1.061124928606559603e+00
1.060887381534774576e+00
1.060651183063671343e+00
1.060416323235386926e+00
1.060182792181840084e+00
1.059950580123779851e+00
1.059719677369847846e+00
1.059490074315650787e+00
1.059261761442845007e+00
1.059034729318229617e+00
1.058808968592855448e+00
1.058584470001137312e+00
1.058361224359986252e+00
1.058139222567942461e+00
1.057918455604325958e+00
1.057698914528393486e+00
1.057480590478507398e+00
1.057263474671312764e+00
1.057047558400926235e+00
1.056832833038131580e+00
1.056619290029588543e+00
1.056406920897048352e+00
1.056195717236579013e+00
1.055985670717799252e+00
1.055776773083124676e+00
1.055569016147017036e+00
1.055362391795248600e+00
1.055156891984170064e+00
1.054952508739989359e+00
