2.677671816985853672e+09
2.280730472316121027e+00
2.282352980015719623e+00
2.280467018500818011e+00
2.278125451968764370e+00
2.275643527654008125e+00
2.272988369589106217e+00
2.270093055754583755e+00
2.266907854372066211e+00
2.263402892212678985e+00
2.259563044391256881e+00
2.255383125716852177e+00
2.250864495527344467e+00
2.246012831953751565e+00
2.240836697687859314e+00
2.235346609629776715e+00
2.229554423245331485e+00
2.223472913296820952e+00
2.217115478275111684e+00
2.210495924125818412e+00
2.203628300078729119e+00
2.196526769822381819e+00
2.189205507588180666e+00
2.181678612552446772e+00
2.173960037311585047e+00
2.166063527627237306e+00
2.158002571528646385e+00
2.149790356413373793e+00
2.141439733134953727e+00
2.132963186285684820e+00
2.124372810024638625e+00
2.115680288893702521e+00
2.106896883128128728e+00
2.098033418013436346e+00
2.089100276875354822e+00
2.080107397317999762e+00
2.071064270350414738e+00
2.061979942064903870e+00
2.052863017552466918e+00
2.043721666762406741e+00
2.034563632034117386e+00
2.025396237050351544e+00
2.016226396981176894e+00
2.007060629608304225e+00
1.997905067238403554e+00
1.988765469232864458e+00
1.979647234999033278e+00
1.970555417304751034e+00
1.961494735793885225e+00
1.952469590595170557e+00
1.943484075930477228e+00
1.934541993641091917e+00
1.925646866562326531e+00
1.916801951687140626e+00
1.908010253069216677e+00
1.899274534424260974e+00
1.890597331396360437e+00
1.881980963462823064e+00
1.873427545457163390e+00
1.864938998695267580e+00
1.856517061694452408e+00
1.848163300479295668e+00
1.839879118471546171e+00
1.831665765964643811e+00
1.823524349185812632e+00
1.815455838951007816e+00
1.807461078919652575e+00
1.799540793457900190e+00
1.791695595120016860e+00
1.783925991758719132e+00
1.776232393275936072e+00
1.768615118026032107e+00
1.761074398883922365e+00
1.753610388990739732e+00
1.746223167189900671e+00
1.738912743166340258e+00
1.731679062301610283e+00
1.724522010257579563e+00
1.717441417300940909e+00
1.710437062380809614e+00
1.703508676971111857e+00
1.696655948689365534e+00
1.689878524702911999e+00
1.683176014933385201e+00
1.676547995069879171e+00
1.669994009400622037e+00
1.663513573472937157e+00
1.657106176590553037e+00
1.650771284157081409e+00
1.644508339874112934e+00
1.638316767801874851e+00
1.632195974290120866e+00
1.626145349786550565e+00
1.620164270529628636e+00
1.614252100132424594e+00
1.608408191063627868e+00
1.602631886031783637e+00
1.596922519278235919e+00
1.591279417784150052e+00
1.585701902396646545e+00
1.580189288878771858e+00
1.574740888887859569e+00
1.569356010886455044e+00
1.564033960989917649e+00
1.558774043754406646e+00
1.553575562908892316e+00
1.548437822034552269e+00
1.543360125194708887e+00
1.538341777518410058e+00
1.533382085740347511e+00
1.528480358699923825e+00
1.523635907801890177e+00
1.518848047440975568e+00
1.514116095392709749e+00
1.509439373172585697e+00
1.504817206365490989e+00
1.500248924927312544e+00
1.495733863460464441e+00
1.491271361464957756e+00
1.486860763566606902e+00
1.482501419723822877e+00
1.478192685414356555e+00
1.473933921803278757e+00
1.469724495893454996e+00
1.465563780659612014e+00
1.461451155167087013e+00
1.457386004676291424e+00
1.453367720733793611e+00
1.449395701250975721e+00
1.445469350571031431e+00
1.441588079525160326e+00
1.437751305478652375e+00
1.433958452367578129e+00
1.430208950726740369e+00
1.426502237709495358e+00
1.422837757100018141e+00
1.419214959318557234e+00
1.415633301420185841e+00
1.412092247087525232e+00
1.408591266617893245e+00
1.405129836905283147e+00
1.401707441417592959e+00
1.398323570169446528e+00
1.394977719690976059e+00
1.391669392992862964e+00
1.388398099527988983e+00
1.385163355149926279e+00
1.381964682068576922e+00
1.378801608803205125e+00
1.375673670133063631e+00
1.372580407045894457e+00
1.369521366684446129e+00
1.366496102291256509e+00
1.363504173151831367e+00
1.360545144536430717e+00
1.357618587640593066e+00
1.354724079524547209e+00
1.351861203051673899e+00
1.349029546826102210e+00
1.346228705129608905e+00
1.343458277857893624e+00
1.340717870456352490e+00
1.338007093855460017e+00
1.335325564405807519e+00
1.332672903812933463e+00
1.330048739071985509e+00
1.327452702402312168e+00
1.324884431182027145e+00
1.322343567882640958e+00
1.319829760003774499e+00
1.317342660008063548e+00
1.314881925256249806e+00
1.312447217942537048e+00
1.310038205030249703e+00
1.307654558187817839e+00
1.305295953725150948e+00
1.302962072530398752e+00
1.300652600007172310e+00
1.298367226012203224e+00
1.296105644793510647e+00
1.293867554929071462e+00
1.291652659266019354e+00
1.289460664860412775e+00
1.287291282917540247e+00
1.285144228732835181e+00
1.283019221633376006e+00
1.280915984919992479e+00
1.278834245809991499e+00
1.276773735380513530e+00
1.274734188512520738e+00
1.272715343835424617e+00
1.270716943672368648e+00
1.268738733986150891e+00
1.266780464325816702e+00
1.264841887773891838e+00
1.262922760894293450e+00
1.261022843680887018e+00
1.259141899506716955e+00
1.257279695073883818e+00
1.255436000364097637e+00
1.253610588589879837e+00
1.251803236146421083e+00
1.250013722564104590e+00
1.248241830461665147e+00
1.246487345500007393e+00
1.244750056336666022e+00
1.243029754580903035e+00
1.241326234749444923e+00
1.239639294222850019e+00
1.237968733202500227e+00
1.236314354668216042e+00
1.234675964336486409e+00
1.233053370619310751e+00
1.231446384583640086e+00
1.229854819911425423e+00
1.228278492860249260e+00
1.226717222224549486e+00
1.225170829297419717e+00
1.223639137832987167e+00
1.222121974009351852e+00
1.220619166392090893e+00
1.219130545898314599e+00
1.217655945761268343e+00
1.216195201495476663e+00
1.214748150862425824e+00
1.213314633836755307e+00
1.211894492572995086e+00
1.210487571372795168e+00
1.209093716652667183e+00
1.207712776912233554e+00
1.206344602702959401e+00
1.204989046597371827e+00
1.203645963158765486e+00
1.202315208911374000e+00
1.200996642311002116e+00
1.199690123716136814e+00
1.198395515359485630e+00
1.197112681319983940e+00
1.195841487495219679e+00
1.194581801574310598e+00
1.193333493011198954e+00
1.192096432998365207e+00
1.190870494440955385e+00
1.189655551931326549e+00
1.188451481723977743e+00
1.187258161710888382e+00
1.186075471397240122e+00
1.184903291877525966e+00
1.183741505812031303e+00
1.182589997403691751e+00
1.181448652375318487e+00
1.180317357947170853e+00
1.179196002814901112e+00
1.178084477127835594e+00
1.176982672467606905e+00
1.175890481827111644e+00
1.174807799589817847e+00
1.173734521509387729e+00
1.172670544689625061e+00
1.171615767564738730e+00
1.170570089879924724e+00
1.169533412672244976e+00
1.168505638251811973e+00
1.167486670183275788e+00
1.166476413267593104e+00
1.165474773524093566e+00
1.164481658172819678e+00
1.163496975617154705e+00
1.162520635426715909e+00
1.161552548320521794e+00
1.160592626150421358e+00
1.159640781884785810e+00
1.158696929592456959e+00
1.157760984426946083e+00
1.156832862610878809e+00
1.155912481420690252e+00
1.154999759171554397e+00
1.154094615202549745e+00
1.153196969862061660e+00
1.152306744493408308e+00
1.151423861420690642e+00
1.150548243934869319e+00
1.149679816280051448e+00
1.148818503639995825e+00
1.147964232124824679e+00
1.147116928757950571e+00
1.146276521463191145e+00
1.145442939052097708e+00
1.144616111211476994e+00
1.143795968491102322e+00
1.142982442291616829e+00
1.142175464852627442e+00
1.141374969240978254e+00
1.140580889339204651e+00
1.139793159834173508e+00
1.139011716205884595e+00
1.138236494716454938e+00
1.137467432399274170e+00
1.136704467048312850e+00
1.135947537207611768e+00
1.135196582160920009e+00
1.134451541921493778e+00
1.133712357222059985e+00
1.132978969504919053e+00
1.132251320912209369e+00
1.131529354276315846e+00
1.130813013110425702e+00
1.130102241599226565e+00
1.129396984589743136e+00
1.128697187582323513e+00
1.128002796721747636e+00
1.127313758788480058e+00
1.126630021190050179e+00
1.125951531952567253e+00
1.125278239712355743e+00
1.124610093707726355e+00
1.123947043770860743e+00
1.123289040319826126e+00
1.122636034350703582e+00
1.121987977429838468e+00
1.121344821686206306e+00
1.120706519803888801e+00
1.120073025014667323e+00
1.119444291090721633e+00
1.118820272337444521e+00
1.118200923586354145e+00
1.117586200188116274e+00
1.116976058005673567e+00
1.116370453407468322e+00
1.115769343260771373e+00
1.115172684925110680e+00
1.114580436245788286e+00
1.113992555547501873e+00
1.113409001628058004e+00
1.112829733752172201e+00
1.112254711645367822e+00
1.111683895487957985e+00
1.111117245909119422e+00
1.110554723981050040e+00
1.109996291213214636e+00
1.109441909546671878e+00
1.108891541348484999e+00
1.108345149406213093e+00
1.107802696922483676e+00
1.107264147509641639e+00
1.106729465184477457e+00
1.106198614363029353e+00
1.105671559855465613e+00
1.105148266861032624e+00
1.104628700963080856e+00
1.104112828124165668e+00
1.103600614681206515e+00
1.103092027340729642e+00
1.102587033174168507e+00
1.102085599613235489e+00
1.101587694445360865e+00
1.101093285809191302e+00
1.100602342190160954e+00
1.100114832416115407e+00
1.099630725653006236e+00
1.099149991400642845e+00
1.098672599488502266e+00
1.098198520071603346e+00
1.097727723626434004e+00
1.097260180946939556e+00
1.096795863140563876e+00
1.096334741624352294e+00
1.095876788121099787e+00
1.095421974655562458e+00
1.094970273550715634e+00
1.094521657424068151e+00
1.094076099184023709e+00
1.093633572026298406e+00
1.093194049430382675e+00
1.092757505156056075e+00
1.092323913239949817e+00
1.091893247992154148e+00
1.091465483992874574e+00
1.091040596089138281e+00
1.090618559391534736e+00
1.090199349271014473e+00
1.089782941355723400e+00
1.089369311527884632e+00
1.088958435920714285e+00
1.088550290915398122e+00
1.088144853138085955e+00
1.087742099456946665e+00
1.087342006979253650e+00
1.086944553048508011e+00
1.086549715241609482e+00
1.086157471366060445e+00
1.085767799457204363e+00
1.085380677775507952e+00
1.084996084803877991e+00
1.084613999245012561e+00
1.084234400018789790e+00
1.083857266259690366e+00
1.083482577314255124e+00
1.083110312738579051e+00
1.082740452295834377e+00
1.082372975953829863e+00
1.082007863882602061e+00
1.081645096452037658e+00
1.081284654229530462e+00
1.080926517977664814e+00
1.080570668651933630e+00
1.080217087398485099e+00
1.079865755551899120e+00
1.079516654632994399e+00
1.079169766346661508e+00
1.078825072579728372e+00
1.078482555398851739e+00
1.078142197048434614e+00
1.077803979948575241e+00
1.077467886693038945e+00
1.077133900047259507e+00
1.076802002946364523e+00
1.076472178493225629e+00
1.076144409956539594e+00
1.075818680768927393e+00
1.075494974525061709e+00
1.075173274979817961e+00
1.074853566046451547e+00
1.074535831794791729e+00
1.074220056449469052e+00
1.073906224388156527e+00
1.073594320139837466e+00
1.073284328383095954e+00
1.072976233944428648e+00
1.072670021796577000e+00
1.072365677056882571e+00
1.072063184985661888e+00
1.071762530984603501e+00
1.071463700595184587e+00
1.071166679497106644e+00
1.070871453506754500e+00
1.070578008575670204e+00
1.070286330789049778e+00
1.069996406364258634e+00
1.069708221649362745e+00
1.069421763121681801e+00
1.069137017386360800e+00
1.068853971174954287e+00
1.068572611344036138e+00
1.068292924873820215e+00
1.068014898866802342e+00
1.067738520546417158e+00
1.067463777255712509e+00
1.067190656456039610e+00
1.066919145725761409e+00
1.066649232758974719e+00
1.066380905364249676e+00
1.066114151463384507e+00
1.065848959090174963e+00
1.065585316389200177e+00
1.065323211614622512e+00
1.065062633129002956e+00
1.064803569402130279e+00
1.064546009009865513e+00
1.064289940632999087e+00
1.064035353056124400e+00
1.063782235166524037e+00
1.063530575953066437e+00
1.063280364505122311e+00
1.063031590011489058e+00
1.062784241759330062e+00
1.062538309133128633e+00
1.062293781613649735e+00
1.062050648776920347e+00
1.061808900293218061e+00
1.061568525926073647e+00
1.061329515531283185e+00
1.061091859055937059e+00
1.060855546537454508e+00
1.060620568102636385e+00
1.060386913966721467e+00
1.060154574432461860e+00
1.059923539889204624e+00
1.059693800811985165e+00
1.059465347760632170e+00
1.059238171378884319e+00
1.059012262393514536e+00
1.058787611613467128e+00
1.058564209929004019e+00
1.058342048310861205e+00
1.058121117809416090e+00
1.057901409553862582e+00
1.057682914751398418e+00
1.057465624686422023e+00
1.057249530719734043e+00
1.057034624287755520e+00
1.056820896901749851e+00
1.056608340147056291e+00
1.056396945682330779e+00
1.056186705238798318e+00
1.055977610619510232e+00
1.055769653698614974e+00
1.055562826420631151e+00
1.055357120799735871e+00
1.055152528919055310e+00
