6.047214867594691162e+11
2.302296898950094928e+00
2.296147203570869877e+00
2.293010885992474712e+00
2.290887828929169867e+00
2.288855918440553250e+00
2.286593091554298240e+00
2.283988995465721317e+00
2.281008073213667942e+00
2.277642917056567740e+00
2.273897447689489759e+00
2.269780453965307032e+00
2.265302977642739357e+00
2.260477208819551720e+00
2.255315999522264470e+00
2.249832635375036194e+00
2.244040714457676167e+00
2.237954069010659630e+00
2.231586702850568926e+00
2.224952733693432716e+00
2.218066336743778066e+00
2.210941688936639338e+00
2.203592914376708567e+00
2.196034031840099932e+00
2.188278905171716637e+00
2.180341197247471552e+00
2.172234327976264368e+00
2.163971436633624013e+00
2.155565348662899616e+00
2.147028546953458239e+00
2.138373147507366845e+00
2.129610879331969464e+00
2.120753068342073000e+00
2.111810625018433640e+00
2.102794035545628937e+00
2.093713356139065951e+00
2.084578210266617937e+00
2.075397788472045146e+00
2.066180850514592215e+00
2.056935729549686620e+00
2.047670338089579545e+00
2.038392175497852676e+00
2.029108336788623568e+00
2.019825522518558625e+00
2.010550049577409126e+00
2.001287862700062981e+00
1.992044546540227223e+00
1.982825338162111928e+00
1.973635139822182083e+00
1.964478531927561722e+00
1.955359786071586337e+00
1.946282878059682364e+00
1.937251500850353914e+00
1.928269077347161353e+00
1.919338772986882713e+00
1.910463508078378059e+00
1.901645969854277807e+00
1.892888624204939418e+00
1.884193727070405444e+00
1.875563335471698068e+00
1.866999318167717137e+00
1.858503365928430906e+00
1.850077001418624301e+00
1.841721588689949396e+00
1.833438342281653366e+00
1.825228335932738144e+00
1.817092510910430780e+00
1.809031683961438208e+00
1.801046554893753537e+00
1.793137713798112376e+00
1.785305647918884464e+00
1.777550748185007912e+00
1.769873315412008097e+00
1.762273566186576046e+00
1.754751638445339434e+00
1.747307596759712922e+00
1.739941437338512920e+00
1.732653092760244373e+00
1.725442436446644745e+00
1.718309286888909382e+00
1.711253411637992938e+00
1.704274531069756016e+00
1.697372321935829653e+00
1.690546420710484110e+00
1.683796426743546570e+00
1.677121905229058907e+00
1.670522389999105517e+00
1.663997386151566893e+00
1.657546372520769973e+00
1.651168803998932511e+00
1.644864113716584253e+00
1.638631715089395646e+00
1.632471003738704018e+00
1.626381359292524476e+00
1.620362147073733050e+00
1.614412719681576736e+00
1.608532418472481851e+00
1.602720574945804444e+00
1.596976512039885776e+00
1.591299545343494604e+00
1.585688984227471288e+00
1.580144132901184273e+00
1.574664291398084170e+00
1.569248756494489250e+00
1.563896822565499445e+00
1.558607782381664197e+00
1.553380927849928650e+00
1.548215550702116916e+00
1.543110943134082369e+00
1.538066398398421519e+00
1.533081211353560569e+00
1.528154678971816338e+00
1.523286100808882715e+00
1.518474779437117839e+00
1.513720020844790293e+00
1.509021134803393949e+00
1.504377435204939273e+00
1.499788240371130454e+00
1.495252873336134769e+00
1.490770662104556665e+00
1.486340939886233059e+00
1.481963045309231175e+00
1.477636322612488673e+00
1.473360121819324187e+00
1.469133798893099696e+00
1.464956715876119642e+00
1.460828241012915196e+00
1.456747748858849167e+00
1.452714620375084476e+00
1.448728243010744876e+00
1.444788010773161435e+00
1.440893324286979471e+00
1.437043590842886243e+00
1.433238224436658825e+00
1.429476645799210299e+00
1.425758282418237988e+00
1.422082568552072601e+00
1.418448945236282066e+00
1.414856860283547402e+00
1.411305768277281159e+00
1.407795130559488239e+00
1.404324415213248356e+00
1.400893097040257329e+00
1.397500657533807589e+00
1.394146584847536285e+00
1.390830373760314487e+00
1.387551525637559457e+00
1.384309548389276667e+00
1.381103956425114632e+00
1.377934270606673728e+00
1.374800018197349427e+00
1.371700732809870038e+00
1.368635954351830941e+00
1.365605228969335450e+00
1.362608108989008970e+00
1.359644152858495714e+00
1.356712925085657329e+00
1.353813996176576939e+00
1.350946942572551990e+00
1.348111346586194470e+00
1.345306796336747324e+00
1.342532885684767363e+00
1.339789214166261067e+00
1.337075386926363407e+00
1.334391014652696938e+00
1.331735713508463315e+00
1.329109105065337637e+00
1.326510816236296408e+00
1.323940479208400189e+00
1.321397731375606899e+00
1.318882215271702352e+00
1.316393578503358697e+00
1.313931473683427775e+00
1.311495558364471403e+00
1.309085494972590080e+00
1.306700950741608080e+00
1.304341597647618478e+00
1.302007112343952500e+00
1.299697176096588969e+00
1.297411474720041813e+00
1.295149698513736736e+00
1.292911542198931230e+00
1.290696704856158616e+00
1.288504889863257619e+00
1.286335804833969920e+00
1.284189161557151238e+00
1.282064675936579246e+00
1.279962067931413205e+00
1.277881061497257775e+00
1.275821384527910496e+00
1.273782768797726783e+00
1.271764949904687914e+00
1.269767667214103835e+00
1.267790663803002538e+00
1.265833686405207104e+00
1.263896485357070887e+00
1.261978814543915473e+00
1.260080431347143870e+00
1.258201096592034718e+00
1.256340574496227269e+00
1.254498632618885612e+00
1.252675041810548118e+00
1.250869576163649910e+00
1.249082012963733224e+00
1.247312132641326565e+00
1.245559718724489562e+00
1.243824557792031493e+00
1.242106439427400399e+00
1.240405156173211676e+00
1.238720503486449909e+00
1.237052279694301982e+00
1.235400285950650545e+00
1.233764326193190319e+00
1.232144207101188327e+00
1.230539738053857857e+00
1.228950731089366366e+00
1.227377000864445566e+00
1.225818364614610134e+00
1.224274642114980383e+00
1.222745655641698459e+00
1.221231229933926521e+00
1.219731192156433108e+00
1.218245371862741955e+00
1.216773600958854562e+00
1.215315713667534547e+00
1.213871546493131559e+00
1.212440938186962747e+00
1.211023729713227137e+00
1.209619764215448257e+00
1.208228886983444106e+00
1.206850945420814059e+00
1.205485789012931575e+00
1.204133269295439623e+00
1.202793239823248594e+00
1.201465556140008717e+00
1.200150075748081413e+00
1.198846658078965177e+00
1.197555164464207733e+00
1.196275458106767831e+00
1.195007404052828903e+00
1.193750869164074135e+00
1.192505722090380749e+00
1.191271833242967038e+00
1.190049074767956627e+00
1.188837320520364838e+00
1.187636446038499161e+00
1.186446328518773630e+00
1.185266846790912654e+00
1.184097881293561416e+00
1.182939314050282187e+00
1.181791028645925445e+00
1.180652910203394024e+00
1.179524845360762964e+00
1.178406722248771965e+00
1.177298430468677992e+00
1.176199861070458486e+00
1.175110906531364741e+00
1.174031460734809906e+00
1.172961418949611812e+00
1.171900677809543989e+00
1.170849135293234422e+00
1.169806690704366936e+00
1.168773244652212551e+00
1.167748699032460369e+00
1.166732957008363769e+00
1.165725922992175700e+00
1.164727502626890399e+00
1.163737602768268653e+00
1.162756131467150400e+00
1.161782997952051311e+00
1.160818112612031161e+00
1.159861386979839759e+00
1.158912733715325549e+00
1.157972066589107563e+00
1.157039300466511822e+00
1.156114351291754216e+00
1.155197136072379838e+00
1.154287572863944122e+00
1.153385580754939133e+00
1.152491079851957201e+00
1.151603991265086391e+00
1.150724237093537772e+00
1.149851740411501844e+00
1.148986425254221233e+00
1.148128216604288321e+00
1.147277040378153812e+00
1.146432823412849800e+00
1.145595493452920444e+00
1.144764979137554928e+00
1.143941209987927587e+00
1.143124116394725664e+00
1.142313629605884451e+00
1.141509681714504287e+00
1.140712205646960076e+00
1.139921135151193532e+00
1.139136404785190404e+00
1.138357949905632438e+00
1.137585706656732087e+00
1.136819611959234422e+00
1.136059603499586013e+00
1.135305619719287451e+00
1.134557599804387529e+00
1.133815483675159053e+00
1.133079211975921874e+00
1.132348726065030009e+00
1.131623968005005310e+00
1.130904880552829228e+00
1.130191407150380911e+00
1.129483491915020510e+00
1.128781079630317485e+00
1.128084115736924131e+00
1.127392546323579436e+00
1.126706318118261052e+00
1.126025378479464489e+00
1.125349675387616655e+00
1.124679157436619503e+00
1.124013773825527140e+00
1.123353474350337056e+00
1.122698209395919022e+00
1.122047929928059018e+00
1.121402587485619717e+00
1.120762134172828661e+00
1.120126522651673673e+00
1.119495706134417290e+00
1.118869638376222664e+00
1.118248273667888260e+00
1.117631566828695799e+00
1.117019473199355462e+00
1.116411948635070761e+00
1.115808949498693803e+00
1.115210432653988004e+00
1.114616355458992070e+00
1.114026675759480112e+00
1.113441351882520358e+00
1.112860342630126009e+00
1.112283607273003572e+00
1.111711105544394007e+00
1.111142797634000479e+00
1.110578644182008023e+00
1.110018606273193598e+00
1.109462645431116723e+00
1.108910723612399618e+00
1.108362803201092150e+00
1.107818847003114282e+00
1.107278818240782892e+00
1.106742680547419422e+00
1.106210397962034575e+00
1.105681934924086729e+00
1.105157256268323396e+00
1.104636327219693959e+00
1.104119113388333906e+00
1.103605580764625227e+00
1.103095695714325641e+00
1.102589424973769772e+00
1.102086735645138704e+00
1.101587595191795499e+00
1.101091971433691086e+00
1.100599832542835665e+00
1.100111147038829396e+00
1.099625883784466573e+00
1.099144011981392888e+00
1.098665501165829061e+00
1.098190321204358222e+00
1.097718442289767449e+00
1.097249834936949719e+00
1.096784469978867360e+00
1.096322318562568343e+00
1.095863352145262093e+00
1.095407542490447694e+00
1.094954861664099610e+00
1.094505282030903137e+00
1.094058776250547593e+00
1.093615317274068133e+00
1.093174878340237743e+00
1.092737432972014533e+00
1.092302954973032536e+00
1.091871418424146922e+00
1.091442797680023391e+00
1.091017067365776416e+00
1.090594202373654120e+00
1.090174177859768889e+00
1.089756969240874396e+00
1.089342552191185032e+00
1.088930902639238418e+00
1.088521996764807209e+00
1.088115810995845756e+00
1.087712322005482291e+00
1.087311506709054632e+00
1.086913342261179416e+00
1.086517806052869961e+00
1.086124875708689430e+00
1.085734529083937083e+00
1.085346744261886265e+00
1.084961499551047037e+00
1.084578773482471892e+00
1.084198544807098985e+00
1.083820792493127128e+00
1.083445495723430518e+00
1.083072633893004788e+00
1.082702186606449901e+00
1.082334133675484811e+00
1.081968455116500305e+00
1.081605131148136278e+00
1.081244142188899415e+00
1.080885468854807963e+00
1.080529091957071808e+00
1.080174992499796982e+00
1.079823151677729687e+00
1.079473550874022303e+00
1.079126171658034483e+00
1.078780995783157781e+00
1.078438005184677362e+00
1.078097181977652141e+00
1.077758508454831787e+00
1.077421967084593701e+00
1.077087540508913976e+00
1.076755211541358559e+00
1.076424963165106385e+00
1.076096778530993836e+00
1.075770640955587831e+00
1.075446533919282910e+00
1.075124441064423397e+00
1.074804346193448001e+00
1.074486233267063717e+00
1.074170086402436830e+00
1.073855889871413671e+00
1.073543628098756919e+00
1.073233285660414094e+00
1.072924847281800487e+00
1.072618297836106516e+00
1.072313622342630834e+00
1.072010805965127656e+00
1.071709834010180940e+00
1.071410691925597902e+00
1.071113365298821396e+00
1.070817839855365383e+00
1.070524101457267285e+00
1.070232136101563425e+00
1.069941929918779788e+00
1.069653469171446547e+00
1.069366740252627679e+00
1.069081729684470794e+00
1.068798424116774504e+00
1.068516810325576216e+00
1.068236875211753922e+00
1.067958605799648630e+00
1.067681989235704343e+00
1.067407012787119580e+00
1.067133663840525992e+00
1.066861929900672745e+00
1.066591798589134221e+00
1.066323257643032152e+00
1.066056294913771962e+00
1.065790898365796879e+00
1.065527056075358026e+00
1.065264756229295395e+00
1.065003987123840368e+00
1.064744737163428212e+00
1.064486994859526803e+00
1.064230748829479767e+00
1.063975987795364286e+00
1.063722700582862002e+00
1.063470876120145459e+00
1.063220503436774544e+00
1.062971571662611803e+00
1.062724070026746626e+00
1.062477987856434103e+00
1.062233314576047416e+00
1.061990039706041333e+00
1.061748152861930361e+00
1.061507643753278218e+00
1.061268502182698859e+00
1.061030718044870369e+00
1.060794281325561972e+00
1.060559182100670128e+00
1.060325410535267965e+00
1.060092956882666693e+00
1.059861811483486349e+00
1.059631964764739198e+00
1.059403407238923789e+00
1.059176129503130781e+00
1.058950122238155211e+00
1.058725376207627189e+00
1.058501882257143700e+00
1.058279631313419289e+00
1.058058614383439844e+00
1.057838822553632152e+00
1.057620246989037449e+00
1.057402878932501844e+00
1.057186709703868521e+00
1.056971730699186152e+00
1.056757933389922188e+00
1.056545309322188597e+00
1.056333850115972250e+00
1.056123547464381085e+00
1.055914393132891593e+00
1.055706378958611413e+00
1.055499496849546581e+00
1.055293738783877888e+00
1.055089096809249005e+00
