-3.044753991158371353e+10
2.273741451728357177e+00
2.277698102116378465e+00
2.276091920627376197e+00
2.273767172306110140e+00
2.271262866512666179e+00
2.268564832496857697e+00
2.265614976599918950e+00
2.262373383213287958e+00
2.258817947003021409e+00
2.254938469986790039e+00
2.250732363530951741e+00
2.246201988648294012e+00
2.241353028296446226e+00
2.236193464118335417e+00
2.230732908676265502e+00
2.224982151888532655e+00
2.218952840157086825e+00
2.212657239963559785e+00
2.206108056754351843e+00
2.199318291153595784e+00
2.192301121308427359e+00
2.185069804314458963e+00
2.177637592229007879e+00
2.170017659764141627e+00
2.162223041731799356e+00
2.154266578915138286e+00
2.146160871408218540e+00
2.137918238688525818e+00
2.129550685820235323e+00
2.121069875266532456e+00
2.112487103838282643e+00
2.103813284338139411e+00
2.095058931481456721e+00
2.086234151694187133e+00
2.077348636404737547e+00
2.068411658464172742e+00
2.059432071347234938e+00
2.050418310805627531e+00
2.041378398665079086e+00
2.032319948478370719e+00
2.023250172767345756e+00
2.014175891608178226e+00
2.005103542335028521e+00
1.996039190157311349e+00
1.986988539506085782e+00
1.977956945943157185e+00
1.968949428485160080e+00
1.959970682211056303e+00
1.951025091037603465e+00
1.942116740561731003e+00
1.933249430882155284e+00
1.924426689324924000e+00
1.915651783008641029e+00
1.906927731195362963e+00
1.898257317382115339e+00
1.889643101096174060e+00
1.881087429364610042e+00
1.872592447834834140e+00
1.864160111528723629e+00
1.855792195217718099e+00
1.847490303410725065e+00
1.839255879950353556e+00
1.831090217216150728e+00
1.822994464936387615e+00
1.814969638612135672e+00
1.807016627559438149e+00
1.799136202576752330e+00
1.791329023246566621e+00
1.783595644880600739e+00
1.775936525119333087e+00
1.768352030196825186e+00
1.760842440882554261e+00
1.753407958112007670e+00
1.746048708318199694e+00
1.738764748476156363e+00
1.731556070872474207e+00
1.724422607611913350e+00
1.717364234872846618e+00
1.710380776923141166e+00
1.703472009907766704e+00
1.696637665419149510e+00
1.689877433860962119e+00
1.683190967615677547e+00
1.676577884025874932e+00
1.670037768198854078e+00
1.663570175643886984e+00
1.657174634750825604e+00
1.650850649118650093e+00
1.644597699742027519e+00
1.638415247063560010e+00
1.632302732899230779e+00
1.626259582243911428e+00
1.620285204963758385e+00
1.614378997381779701e+00
1.608540343762610458e+00
1.602768617702272858e+00
1.597063183428293787e+00
1.591423397015380825e+00
1.585848607521505471e+00
1.580338158049003461e+00
1.574891386735082444e+00
1.569507627675878814e+00
1.564186211787905512e+00
1.558926467610641353e+00
1.553727722053744653e+00
1.548589301092116788e+00
1.543510530412014692e+00
1.538490736011058235e+00
1.533529244754945342e+00
1.528625384893472550e+00
1.523778486538302612e+00
1.518987882104826159e+00
1.514252906720277014e+00
1.509572898600151980e+00
1.504947199394924384e+00
1.500375154508811093e+00
1.495856113392374898e+00
1.491389429810535461e+00
1.486974462087542026e+00
1.482610573330362502e+00
1.478297131631772343e+00
1.474033510254507684e+00
1.469819087797625379e+00
1.465653248346200366e+00
1.461535381605451711e+00
1.457464883020271884e+00
1.453441153881099179e+00
1.449463601417056102e+00
1.445531638877122216e+00
1.441644685600179887e+00
1.437802167074666571e+00
1.434003514988459793e+00
1.430248167269764670e+00
1.426535568119492892e+00
1.422865168035804206e+00
1.419236423831286675e+00
1.415648798643345030e+00
1.412101761938225009e+00
1.408594789509136191e+00
1.405127363468932966e+00
1.401698972237696461e+00
1.398309110525629118e+00
1.394957279311608733e+00
1.391642985817693967e+00
1.388365743479979431e+00
1.385125071915958683e+00
1.381920496888809247e+00
1.378751550268756842e+00
1.375617769991787531e+00
1.372518700015966431e+00
1.369453890275516228e+00
1.366422896632906170e+00
1.363425280829106523e+00
1.360460610432190354e+00
1.357528458784463821e+00
1.354628404948246878e+00
1.351760033650469817e+00
1.348922935226225306e+00
1.346116705561369420e+00
1.343340946034330630e+00
1.340595263457211139e+00
1.337879270016284261e+00
1.335192583212000406e+00
1.332534825798568523e+00
1.329905625723211138e+00
1.327304616065180243e+00
1.324731434974572686e+00
1.322185725611057183e+00
1.319667136082538494e+00
1.317175319383840248e+00
1.314709933335452163e+00
1.312270640522392506e+00
1.309857108233229095e+00
1.307469008399317900e+00
1.305106017534276130e+00
1.302767816673747303e+00
1.300454091315480065e+00
1.298164531359757401e+00
1.295898831050203315e+00
1.293656688915000741e+00
1.291437807708521568e+00
1.289241894353432727e+00
1.287068659883256583e+00
1.284917819385420268e+00
1.282789091944827709e+00
1.280682200587935249e+00
1.278596872227375503e+00
1.276532837607121218e+00
1.274489831248215577e+00
1.272467591395050723e+00
1.270465859962254029e+00
1.268484382482126360e+00
1.266522908052685858e+00
1.264581189286303697e+00
1.262658982258936025e+00
1.260756046459959645e+00
1.258872144742609223e+00
1.257007043275028213e+00
1.255160511491917097e+00
1.253332322046803116e+00
1.251522250764899979e+00
1.249730076596596851e+00
1.247955581571535966e+00
1.246198550753308432e+00
1.244458772194740659e+00
1.242736036893790086e+00
1.241030138750042422e+00
1.239340874521787761e+00
1.237668043783703764e+00
1.236011448885125263e+00
1.234370894908876526e+00
1.232746189630715916e+00
1.231137143479331897e+00
1.229543569496908351e+00
1.227965283300272326e+00
1.226402103042582681e+00
1.224853849375586945e+00
1.223320345412419741e+00
1.221801416690946107e+00
1.220296891137647943e+00
1.218806599032041138e+00
1.217330372971608510e+00
1.215868047837276755e+00
1.214419460759379454e+00
1.212984451084156534e+00
1.211562860340740233e+00
1.210154532208636668e+00
1.208759312485711446e+00
1.207377049056645779e+00
1.206007591861881778e+00
1.204650792867028475e+00
1.203306506032747691e+00
1.201974587285092211e+00
1.200654894486295587e+00
1.199347287406013152e+00
1.198051627693011545e+00
1.196767778847276587e+00
1.195495606192568339e+00
1.194234976849394059e+00
1.192985759708388382e+00
1.191747825404123162e+00
1.190521046289312324e+00
1.189305296409413515e+00
1.188100451477637876e+00
1.186906388850327954e+00
1.185722987502737746e+00
1.184550128005180447e+00
1.183387692499547006e+00
1.182235564676190176e+00
1.181093629751177820e+00
1.179961774443883948e+00
1.178839886954952343e+00
1.177727856944577045e+00
1.176625575511150767e+00
1.175532935170221949e+00
1.174449829833795755e+00
1.173376154789956161e+00
1.172311806682795998e+00
1.171256683492680084e+00
1.170210684516795885e+00
1.169173710350026152e+00
1.168145662866105328e+00
1.167126445199084150e+00
1.166115961725069816e+00
1.165114118044267233e+00
1.164120820963283842e+00
1.163135978477726429e+00
1.162159499755057279e+00
1.161191295117728561e+00
1.160231276026568947e+00
1.159279355064434469e+00
1.158335445920120721e+00
1.157399463372513315e+00
1.156471323274993912e+00
1.155550942540085169e+00
1.154638239124337273e+00
1.153733132013446960e+00
1.152835541207607450e+00
1.151945387707091317e+00
1.151062593498046960e+00
1.150187081538527334e+00
1.149318775744726073e+00
1.148457600977430326e+00
1.147603483028682980e+00
1.146756348608652498e+00
1.145916125332704594e+00
1.145082741708668417e+00
1.144256127124311684e+00
1.143436211834994998e+00
1.142622926951526008e+00
1.141816204428196535e+00
1.141015977051003993e+00
1.140222178426054001e+00
1.139434742968141068e+00
1.138653605889504261e+00
1.137878703188757612e+00
1.137109971639982176e+00
1.136347348781997280e+00
1.135590772907785873e+00
1.134840183054078633e+00
1.134095518991114160e+00
1.133356721212532170e+00
1.132623730925438332e+00
1.131896490040611658e+00
1.131174941162861325e+00
1.130459027581532272e+00
1.129748693261153347e+00
1.129043882832225565e+00
1.128344541582152250e+00
1.127650615446303295e+00
1.126962050999217757e+00
1.126278795445935232e+00
1.125600796613460908e+00
1.124928002942354954e+00
1.124260363478454927e+00
1.123597827864714516e+00
1.122940346333167749e+00
1.122287869697018214e+00
1.121640349342837517e+00
1.120997737222884982e+00
1.120359985847546813e+00
1.119727048277876946e+00
1.119098878118255369e+00
1.118475429509158570e+00
1.117856657120030128e+00
1.117242516142259889e+00
1.116632962282270158e+00
1.116027951754696490e+00
1.115427441275680609e+00
1.114831388056249040e+00
1.114239749795800094e+00
1.113652484675679677e+00
1.113069551352857012e+00
1.112490908953685409e+00
1.111916517067763621e+00
1.111346335741881575e+00
1.110780325474052921e+00
1.110218447207641956e+00
1.109660662325566038e+00
1.109106932644592369e+00
1.108557220409710053e+00
1.108011488288589197e+00
1.107469699366116167e+00
1.106931817139009233e+00
1.106397805510517252e+00
1.105867628785184298e+00
1.105341251663698676e+00
1.104818639237814093e+00
1.104299756985339442e+00
1.103784570765208750e+00
1.103273046812612179e+00
1.102765151734205418e+00
1.102260852503382793e+00
1.101760116455616778e+00
1.101262911283869661e+00
1.100769205034063170e+00
1.100278966100622258e+00
1.099792163222066854e+00
1.099308765476685767e+00
1.098828742278254111e+00
1.098352063371822895e+00
1.097878698829563238e+00
1.097408619046668976e+00
1.096941794737318343e+00
1.096478196930691595e+00
1.096017796967048596e+00
1.095560566493852139e+00
1.095106477461956329e+00
1.094655502121840041e+00
1.094207613019896552e+00
1.093762782994778471e+00
1.093320985173783289e+00
1.092882192969300892e+00
1.092446380075301926e+00
1.092013520463879450e+00
1.091583588381837888e+00
1.091156558347325500e+00
1.090732405146519479e+00
1.090311103830350792e+00
1.089892629711277650e+00
1.089476958360104053e+00
1.089064065602838971e+00
1.088653927517598152e+00
1.088246520431554787e+00
1.087841820917923252e+00
1.087439805792990821e+00
1.087040452113185340e+00
1.086643737172185098e+00
1.086249638498068659e+00
1.085858133850500451e+00
1.085469201217957202e+00
1.085082818814991246e+00
1.084698965079530231e+00
1.084317618670213257e+00
1.083938758463763197e+00
1.083562363552396768e+00
1.083188413241262804e+00
1.082816887045923160e+00
1.082447764689861147e+00
1.082081026102025945e+00
1.081716651414410757e+00
1.081354620959659618e+00
1.080994915268711054e+00
1.080637515068467946e+00
1.080282401279502480e+00
1.079929555013789955e+00
1.079578957572471243e+00
1.079230590443647886e+00
1.078884435300203171e+00
1.078540473997654292e+00
1.078198688572031383e+00
1.077859061237785410e+00
1.077521574385721825e+00
1.077186210580965975e+00
1.076852952560945598e+00
1.076521783233413077e+00
1.076192685674481009e+00
1.075865643126690641e+00
1.075540638997103393e+00
1.075217656855417481e+00
1.074896680432106955e+00
1.074577693616589835e+00
1.074260680455414008e+00
1.073945625150471761e+00
1.073632512057231203e+00
1.073321325682999650e+00
1.073012050685199448e+00
1.072704671869671111e+00
1.072399174189000437e+00
1.072095542740861163e+00
1.071793762766382718e+00
1.071493819648539070e+00
1.071195698910555327e+00
1.070899386214337223e+00
1.070604867358920353e+00
1.070312128278937402e+00
1.070021155043106020e+00
1.069731933852736239e+00
1.069444451040255428e+00
1.069158693067754129e+00
1.068874646525546979e+00
1.068592298130754958e+00
1.068311634725903403e+00
1.068032643277538218e+00
1.067755310874861197e+00
1.067479624728377541e+00
1.067205572168566041e+00
1.066933140644563238e+00
1.066662317722862685e+00
1.066393091086032419e+00
1.066125448531449749e+00
1.065859377970046040e+00
1.065594867425073256e+00
1.065331905030883153e+00
1.065070479031721362e+00
1.064810577780536782e+00
1.064552189737804966e+00
1.064295303470367271e+00
1.064039907650284444e+00
1.063785991053701308e+00
1.063533542559729428e+00
1.063282551149340671e+00
1.063033005904274964e+00
1.062784896005962709e+00
1.062538210734457422e+00
1.062292939467384345e+00
1.062049071678900836e+00
1.061806596938668301e+00
1.061565504910837676e+00
1.061325785353047557e+00
1.061087428115432774e+00
1.060850423139647170e+00
1.060614760457896377e+00
1.060380430191981915e+00
1.060147422552359497e+00
1.059915727837206223e+00
1.059685336431498426e+00
1.059456238806102624e+00
1.059228425516876904e+00
1.059001887203781189e+00
1.058776614590000609e+00
1.058552598481077966e+00
1.058329829764054875e+00
1.058108299406628205e+00
1.057887998456310541e+00
1.057668918039603501e+00
1.057451049361181727e+00
1.057234383703084868e+00
1.057018912423918877e+00
1.056804626958067983e+00
1.056591518814915753e+00
1.056379579578073047e+00
1.056168800904619287e+00
1.055959174524347954e+00
1.055750692239024957e+00
1.055543345921651888e+00
1.055337127515741935e+00
1.055132029034599794e+00
1.054928042560613788e+00
