4.208874019054431152e+11
2.720036954094954496e+00
2.721734101387663252e+00
2.718906782035220182e+00
2.712700914843394706e+00
2.704146187974072468e+00
2.693785475623577508e+00
2.681952443766451921e+00
2.668886194935993661e+00
2.654778559432206642e+00
2.639794101354891342e+00
2.624078774463617147e+00
2.607763752232690191e+00
2.590967194911820926e+00
2.573795167665728467e+00
2.556342257050241429e+00
2.538692129971534150e+00
2.520918134499375629e+00
2.503083970909998346e+00
2.485244427162456304e+00
2.467446158212419860e+00
2.449728484181904697e+00
2.432124183497724523e+00
2.414660260837282024e+00
2.397358674417504609e+00
2.380237011883350462e+00
2.363309108294116001e+00
2.346585603245501694e+00
2.330074436944553185e+00
2.313781287114699659e+00
2.297709950036430637e+00
2.281862669934310972e+00
2.266240421411632955e+00
2.250843149810365595e+00
2.235669974321390807e+00
2.220719358461472837e+00
2.205989252222938291e+00
2.191477209835158924e+00
2.177180486684107130e+00
2.163096118541603552e+00
2.149220985874033651e+00
2.135551865641904357e+00
2.122085472672649686e+00
2.108818492391139721e+00
2.095747606427862841e+00
2.082869512390981726e+00
2.070180938884924160e+00
2.057678656681947160e+00
2.045359486801763271e+00
2.033220306125049781e+00
2.021258051057028382e+00
2.009469719664716436e+00
1.997852372633640794e+00
1.986403133324881942e+00
1.975119187158894452e+00
1.963997780508004443e+00
1.953036219242166638e+00
1.942231867042097715e+00
1.931582143569329446e+00
1.921084522561867125e+00
1.910736529908304338e+00
1.900535741739523443e+00
1.890479782566756306e+00
1.880566323486323910e+00
1.870793080464595803e+00
1.861157812711660586e+00
1.851658321148019315e+00
1.842292446965763553e+00
1.833058070283111629e+00
1.823953108889845964e+00
1.814975517079645106e+00
1.806123284564846276e+00
1.797394435468360196e+00
1.788787027387495510e+00
1.780299150524109697e+00
1.771928926875712573e+00
1.763674509482227037e+00
1.755534081723354678e+00
1.747505856661780044e+00
1.739588076427663221e+00
1.731779011640302235e+00
1.724076960863046626e+00
1.716480250087963011e+00
1.708987232246975463e+00
1.701596286746614783e+00
1.694305819023613768e+00
1.687114260119097375e+00
1.680020066269086065e+00
1.673021718509553946e+00
1.666117722294233605e+00
1.659306607123747224e+00
1.652586926184696381e+00
1.645957255997588131e+00
1.639416196072591703e+00
1.632962368572208334e+00
1.626594417980150586e+00
1.620311010775743688e+00
1.614110835113298670e+00
1.607992600505998793e+00
1.601955037513873137e+00
1.595996897435554729e+00
1.590116952003523876e+00
1.584313993082613337e+00
1.578586832371610793e+00
1.572934301107776989e+00
1.567355249774223136e+00
1.561848547810006371e+00
1.556413083322920388e+00
1.551047762804911745e+00
1.545751510850145838e+00
1.540523269875655465e+00
1.535361999844606640e+00
1.530266677992204283e+00
1.525236298554211611e+00
1.520269872498174024e+00
1.515366427257294202e+00
1.510525006467065445e+00
1.505744669704647709e+00
1.501024492231046947e+00
1.496363564736113538e+00
1.491760993086397757e+00
1.487215898075911813e+00
1.482727415179800223e+00
1.478294694310966051e+00
1.473916899579686746e+00
1.469593209056211380e+00
1.465322814536406781e+00
1.461104921310425686e+00
1.456938747934444667e+00
1.452823526005471599e+00
1.448758499939248434e+00
1.444742926751201084e+00
1.440776075840549897e+00
1.436857228777451034e+00
1.432985679093283782e+00
1.429160732073996076e+00
1.425381704556548224e+00
1.421647924728451251e+00
1.417958731930329286e+00
1.414313476461582786e+00
1.410711519389065360e+00
1.407152232358780175e+00
1.403634997410593721e+00
1.400159206795929645e+00
1.396724262798412441e+00
1.393329577557449239e+00
1.389974572894746796e+00
1.386658680143683098e+00
1.383381339981548219e+00
1.380142002264629353e+00
1.376940125866070286e+00
1.373775178516516426e+00
1.370646636647485872e+00
1.367553985237464742e+00
1.364496717660649283e+00
1.361474335538354508e+00
1.358486348592997439e+00
1.355532274504676060e+00
1.352611638770279567e+00
1.349723974565087747e+00
1.346868822606849037e+00
1.344045731022282197e+00
1.341254255215980296e+00
1.338493957741661688e+00
1.335764408175756479e+00
1.333065182993269593e+00
1.330395865445917813e+00
1.327756045442449073e+00
1.325145319431173974e+00
1.322563290284633819e+00
1.320009567186365418e+00
1.317483765519766203e+00
1.314985506758980405e+00
1.312514418361804935e+00
1.310070133664559711e+00
1.307652291778903964e+00
1.305260537490549044e+00
1.302894521159853936e+00
1.300553898624252414e+00
1.298238331102491205e+00
1.295947485100637842e+00
1.293681032319843549e+00
1.291438649565798791e+00
1.289220018659892109e+00
1.287024826351993223e+00
1.284852764234885703e+00
1.282703528660264602e+00
1.280576820656309955e+00
1.278472345846789260e+00
1.276389814371659215e+00
1.274328940809149824e+00
1.272289444099292677e+00
1.270271047468875425e+00
1.268273478357778927e+00
1.266296468346701953e+00
1.264339753086205498e+00
1.262403072227094025e+00
1.260486169352077912e+00
1.258588791908701099e+00
1.256710691143525960e+00
1.254851622037514547e+00
1.253011343242631082e+00
1.251189617019604183e+00
1.249386209176830631e+00
1.247600889010437308e+00
1.245833429245413182e+00
1.244083605977856388e+00
1.242351198618274033e+00
1.240635989835918718e+00
1.238937765504170896e+00
1.237256314646894673e+00
1.235591429385812567e+00
1.233942904888815084e+00
1.232310539319241949e+00
1.230694133786072175e+00
1.229093492295043832e+00
1.227508421700644892e+00
1.225938731659004910e+00
1.224384234581622266e+00
1.222844745589954263e+00
1.221320082470811474e+00
1.219810065632583651e+00
1.218314518062244556e+00
1.216833265283140397e+00
1.215366135313545648e+00
1.213912958625964489e+00
1.212473568107162114e+00
1.211047799018923676e+00
1.209635488959520888e+00
1.208236477825862298e+00
1.206850607776329465e+00
1.205477723194280371e+00
1.204117670652198324e+00
1.202770298876492117e+00
1.201435458712916349e+00
1.200113003092618591e+00
1.198802786998769410e+00
1.197504667433810344e+00
1.196218503387274090e+00
1.194944155804165797e+00
1.193681487553915455e+00
1.192430363399876514e+00
1.191190649969354087e+00
1.189962215724177153e+00
1.188744930931771249e+00
1.187538667636754086e+00
1.186343299633015658e+00
1.185158702436298173e+00
1.183984753257248723e+00
1.182821330974945795e+00
1.181668316110887407e+00
1.180525590803425340e+00
1.179393038782651226e+00
1.178270545345717402e+00
1.177157997332580086e+00
1.176055283102167559e+00
1.174962292508954675e+00
1.173878916879942613e+00
1.172805048992040966e+00
1.171740583049829754e+00
1.170685414663702684e+00
1.169639440828395882e+00
1.168602559901870119e+00
1.167574671584559631e+00
1.166555676898977101e+00
1.165545478169661475e+00
1.164543979003464402e+00
1.163551084270182168e+00
1.162566700083496940e+00
1.161590733782257523e+00
1.160623093912068082e+00
1.159663690207187292e+00
1.158712433572730571e+00
1.157769236067176299e+00
1.156834010885159580e+00
1.155906672340557773e+00
1.154987135849856461e+00
1.154075317915794763e+00
1.153171136111277750e+00
1.152274509063565322e+00
1.151385356438715535e+00
1.150503598926287507e+00
1.149629158224301229e+00
1.148761957024440061e+00
1.147901918997499937e+00
1.147048968779080358e+00
1.146203031955503215e+00
1.145364035049973195e+00
1.144531905508953784e+00
1.143706571688771767e+00
1.142887962842442651e+00
1.142076009106703705e+00
1.141270641489263937e+00
1.140471791856259021e+00
1.139679392919906498e+00
1.138893378226368158e+00
1.138113682143797822e+00
1.137340239850594514e+00
1.136572987323833051e+00
1.135811861327889138e+00
1.135056799403239891e+00
1.134307739855450414e+00
1.133564621744332035e+00
1.132827384873275722e+00
1.132095969778752709e+00
1.131370317719986529e+00
1.130650370668784932e+00
1.129936071299535438e+00
1.129227362979359661e+00
1.128524189758419283e+00
1.127826496360381459e+00
1.127134228173026997e+00
1.126447331239013305e+00
1.125765752246774998e+00
1.125089438521575502e+00
1.124418338016689667e+00
1.123752399304733363e+00
1.123091571569117209e+00
1.122435804595645514e+00
1.121785048764236681e+00
1.121139255040774607e+00
1.120498374969089106e+00
1.119862360663053558e+00
1.119231164798816236e+00
1.118604740607136439e+00
1.117983041865847849e+00
1.117366022892440913e+00
1.116753638536746696e+00
1.116145844173744628e+00
1.115542595696473072e+00
1.114943849509050455e+00
1.114349562519804104e+00
1.113759692134500101e+00
1.113174196249676617e+00
1.112593033246084051e+00
1.112016161982214424e+00
1.111443541787935807e+00
1.110875132458221115e+00
1.110310894246969493e+00
1.109750787860924737e+00
1.109194774453675869e+00
1.108642815619760302e+00
1.108094873388844936e+00
1.107550910219998297e+00
1.107010888996048603e+00
1.106474773018021551e+00
1.105942525999667359e+00
1.105414112062062859e+00
1.104889495728295312e+00
1.104368641918229699e+00
1.103851515943344186e+00
1.103338083501646860e+00
1.102828310672669510e+00
1.102322163912530018e+00
1.101819610049069365e+00
1.101320616277058795e+00
1.100825150153479592e+00
1.100333179592869026e+00
1.099844672862735795e+00
1.099359598579037200e+00
1.098877925701731595e+00
1.098399623530386116e+00
1.097924661699850590e+00
1.097453010176000499e+00
1.096984639251526339e+00
1.096519519541801602e+00
1.096057621980796704e+00
1.095598917817055318e+00
1.095143378609732654e+00
1.094690976224683698e+00
1.094241682830613849e+00
1.093795470895276623e+00
1.093352313181733759e+00
1.092912182744661065e+00
1.092475052926714651e+00
1.092040897354940476e+00
1.091609689937237393e+00
1.091181404858876158e+00
1.090756016579055965e+00
1.090333499827521146e+00
1.089913829601216078e+00
1.089496981160993805e+00
1.089082930028365315e+00
1.088671651982298094e+00
1.088263123056059767e+00
1.087857319534099920e+00
1.087454217948982782e+00
1.087053795078358753e+00
1.086656027941974800e+00
1.086260893798735028e+00
1.085868370143792561e+00
1.085478434705686279e+00
1.085091065443517966e+00
1.084706240544164535e+00
1.084323938419531119e+00
1.083944137703842348e+00
1.083566817250967151e+00
1.083191956131785316e+00
1.082819533631586006e+00
1.082449529247501596e+00
1.082081922685981246e+00
1.081716693860291789e+00
1.081353822888056593e+00
1.080993290088829717e+00
1.080635075981697391e+00
1.080279161282915901e+00
1.079925526903580568e+00
1.079574153947325144e+00
1.079225023708051401e+00
1.078878117667693148e+00
1.078533417494005997e+00
1.078190905038386438e+00
1.077850562333725115e+00
1.077512371592281859e+00
1.077176315203594914e+00
1.076842375732413704e+00
1.076510535916662237e+00
1.076180778665426496e+00
1.075853087056971136e+00
1.075527444336780158e+00
1.075203833915624907e+00
1.074882239367657366e+00
1.074562644428527003e+00
1.074245032993523807e+00
1.073929389115747313e+00
1.073615697004292713e+00
1.073303941022471175e+00
1.072994105686042809e+00
1.072686175661481389e+00
1.072380135764254616e+00
1.072075970957131252e+00
1.071773666348508680e+00
1.071473207190762222e+00
1.071174578878614891e+00
1.070877766947530230e+00
1.070582757072123581e+00
1.070289535064594677e+00
1.069998086873181098e+00
1.069708398580631492e+00
1.069420456402696340e+00
1.069134246686639589e+00
1.068849755909770716e+00
1.068566970677992334e+00
1.068285877724368227e+00
1.068006463907708703e+00
1.067728716211176598e+00
1.067452621740905050e+00
1.067178167724640137e+00
1.066905341510393512e+00
1.066634130565118133e+00
1.066364522473396637e+00
1.066096504936147715e+00
1.065830065769348245e+00
1.065565192902772518e+00
1.065301874378745239e+00
1.065040098350912512e+00
1.064779853083026362e+00
1.064521126947743923e+00
1.064263908425445049e+00
1.064008186103060138e+00
1.063753948672914618e+00
1.063501184931588517e+00
1.063249883778788707e+00
1.063000034216236234e+00
1.062751625346564976e+00
1.062504646372237627e+00
1.062259086594472546e+00
1.062014935412182393e+00
1.061772182320930291e+00
1.061530816911894437e+00
1.061290828870846026e+00
1.061052207977143391e+00
1.060814944102732804e+00
1.060579027211166814e+00
1.060344447356628805e+00
1.060111194682974878e+00
1.059879259422783937e+00
1.059648631896420667e+00
1.059419302511109162e+00
1.059191261760017433e+00
1.058964500221354355e+00
1.058739008557476602e+00
1.058514777514005356e+00
1.058291797918955224e+00
1.058070060681872260e+00
1.057849556792983536e+00
1.057630277322356260e+00
1.057412213419066438e+00
1.057195356310376866e+00
1.056979697300929111e+00
1.056765227771937488e+00
1.056551939180400801e+00
1.056339823058316751e+00
1.056128871011910331e+00
1.055919074720867989e+00
1.055710425937582908e+00
1.055502916486408926e+00
1.055296538262921580e+00
1.055091283233189792e+00
1.054887143433054897e+00
