-3.725500554293582439e+09
2.260604433369033828e+00
2.261851837807522081e+00
2.262183211067349653e+00
2.262085124854758433e+00
2.261522219702599479e+00
2.260445204284355025e+00
2.258843997493345856e+00
2.256731632323427661e+00
2.254129956304364857e+00
2.251062807796593290e+00
2.247553488086612816e+00
2.243624097595410927e+00
2.239295551965934106e+00
2.234587786894928207e+00
2.229519971898595188e+00
2.224110679465454599e+00
2.218378002722892539e+00
2.212339629484293191e+00
2.206012883362577615e+00
2.199414741524984507e+00
2.192561836635292583e+00
2.185470448607943261e+00
2.178156490251350164e+00
2.170635489710603494e+00
2.162922571762904145e+00
2.155032439395898614e+00
2.146979356646099291e+00
2.138777133343618075e+00
2.130439112166520044e+00
2.121978158228860600e+00
2.113406651294290839e+00
2.104736480609639138e+00
2.095979042282160698e+00
2.087145239073579628e+00
2.078245482449231130e+00
2.069289696697978798e+00
2.060287324925571539e+00
2.051247336718445169e+00
2.042178237274929309e+00
2.033088077805341953e+00
2.023984467010037758e+00
2.014874583454341561e+00
2.005765188670939114e+00
1.996662640832862268e+00
1.987572908853179943e+00
1.978501586780878618e+00
1.969453908375439877e+00
1.960434761755356803e+00
1.951448704028187819e+00
1.942499975821065705e+00
1.933592515641710641e+00
1.924729974009865785e+00
1.915915727308458827e+00
1.907152891312232423e+00
1.898444334359245200e+00
1.889792690137658049e+00
1.881200370066430594e+00
1.872669575253848029e+00
1.864202308023067634e+00
1.855800382997715658e+00
1.847465437744627792e+00
1.839198942973792938e+00
1.831002212298507459e+00
1.822876411560903076e+00
1.814822567730145497e+00
1.806841577382045205e+00
1.798934214770309570e+00
1.791101139500649531e+00
1.783342903819736369e+00
1.775659959531708854e+00
1.768052664555349374e+00
1.760521289135295264e+00
1.753066021720845580e+00
1.745686974526019064e+00
1.738384188784227513e+00
1.731157639711183416e+00
1.724007241189088102e+00
1.716932850185044934e+00
1.709934270916420251e+00
1.703011258775272818e+00
1.696163524023965197e+00
1.689390735273297972e+00
1.682692522754414277e+00
1.676068481395071252e+00
1.669518173710671238e+00
1.663041132519849530e+00
1.656636863494017620e+00
1.650304847549987297e+00
1.644044543094218769e+00
1.637855388126915557e+00
1.631736802213804793e+00
1.625688188333039630e+00
1.619708934604274564e+00
1.613798415906677386e+00
1.607955995392190696e+00
1.602181025900126787e+00
1.596472851278803784e+00
1.590830807619658227e+00
1.585254224408929824e+00
1.579742425601820655e+00
1.574294730623647665e+00
1.568910455302406248e+00
1.563588912736745495e+00
1.558329414103297061e+00
1.553131269406971882e+00
1.547993788177647545e+00
1.542916280116524597e+00
1.537898055695203769e+00
1.532938426710345858e+00
1.528036706796677802e+00
1.523192211900850968e+00
1.518404260718609011e+00
1.513672175097522388e+00
1.508995280407418260e+00
1.504372905880537958e+00
1.499804384923317135e+00
1.495289055401551215e+00
1.490826259900652540e+00
1.486415345962565748e+00
1.482055666300840402e+00
1.477746578995224880e+00
1.473487447667147343e+00
1.469277641637288134e+00
1.465116536066392916e+00
1.461003512080472522e+00
1.456937956881355634e+00
1.452919263843617248e+00
1.448946832598740908e+00
1.445020069107397553e+00
1.441138385720650561e+00
1.437301201230803072e+00
1.433507940912642997e+00
1.429758036555713652e+00
1.426050926488245052e+00
1.422386055593353404e+00
1.418762875318017702e+00
1.415180843675396316e+00
1.411639425240946100e+00
1.408138091142785653e+00
1.404676319046762156e+00
1.401253593136606579e+00
1.397869404089545853e+00
1.394523249047753932e+00
1.391214631585936168e+00
1.387943061675379397e+00
1.384708055644771951e+00
1.381509136138020288e+00
1.378345832069385324e+00
1.375217678576110103e+00
1.372124216968810817e+00
1.369064994679839220e+00
1.366039565209751228e+00
1.363047488072174573e+00
1.360088328737159458e+00
1.357161658573180052e+00
1.354267054788018010e+00
1.351404100368544192e+00
1.348572384019652848e+00
1.345771500102369345e+00
1.343001048571337286e+00
1.340260634911696336e+00
1.337549870075538827e+00
1.334868370417999328e+00
1.332215757633023356e+00
1.329591658688991984e+00
1.326995705764179911e+00
1.324427536182177345e+00
1.321886792347320094e+00
1.319373121680183614e+00
1.316886176553197396e+00
1.314425614226456318e+00
1.311991096783729827e+00
1.309582291068746684e+00
1.307198868621804566e+00
1.304840505616694291e+00
1.302506882798023069e+00
1.300197685418948979e+00
1.297912603179335100e+00
1.295651330164395487e+00
1.293413564783804759e+00
1.291199009711335721e+00
1.289007371825017012e+00
1.286838362147842307e+00
1.284691695789045074e+00
1.282567091885945310e+00
1.280464273546390030e+00
1.278382967791800606e+00
1.276322905500818061e+00
1.274283821353583868e+00
1.272265453776635136e+00
1.270267544888443290e+00
1.268289840445583128e+00
1.266332089789547810e+00
1.264394045794214438e+00
1.262475464813949122e+00
1.260576106632369076e+00
1.258695734411749312e+00
1.256834114643089029e+00
1.254991017096824590e+00
1.253166214774181775e+00
1.251359483859197930e+00
1.249570603671366742e+00
1.247799356618946920e+00
1.246045528152894821e+00
1.244308906721445895e+00
1.242589283725322735e+00
1.240886453473573514e+00
1.239200213140037921e+00
1.237530362720438815e+00
1.235876704990067632e+00
1.234239045462110163e+00
1.232617192346553647e+00
1.231010956509704712e+00
1.229420151434302388e+00
1.227844593180205335e+00
1.226284100345681249e+00
1.224738494029252944e+00
1.223207597792129064e+00
1.221691237621187920e+00
1.220189241892523313e+00
1.218701441335534819e+00
1.217227668997576728e+00
1.215767760209117920e+00
1.214321552549463057e+00
1.212888885812972939e+00
1.211469601975818877e+00
1.210063545163232668e+00
1.208670561617277928e+00
1.207290499665102379e+00
1.205923209687690179e+00
1.204568544089097193e+00
1.203226357266158120e+00
1.201896505578669894e+00
1.200578847320044718e+00
1.199273242688397412e+00
1.197979553758115268e+00
1.196697644451847120e+00
1.195427380512943616e+00
1.194168629478324917e+00
1.192921260651776727e+00
1.191685145077659769e+00
1.190460155515032703e+00
1.189246166412194050e+00
1.188043053881603806e+00
1.186850695675218503e+00
1.185668971160200869e+00
1.184497761295024265e+00
1.183336948605937078e+00
1.182186417163820558e+00
1.181046052561390614e+00
1.179915741890771308e+00
1.178795373721415629e+00
1.177684838078379981e+00
1.176584026420940399e+00
1.175492831621540946e+00
1.174411147945079836e+00
1.173338871028520192e+00
1.172275897860821425e+00
1.171222126763194149e+00
1.170177457369651508e+00
1.169141790607884479e+00
1.168115028680426715e+00
1.167097075046118260e+00
1.166087834401868806e+00
1.165087212664695171e+00
1.164095116954053655e+00
1.163111455574442843e+00
1.162136137998282637e+00
1.161169074849061955e+00
1.160210177884752447e+00
1.159259359981480664e+00
1.158316535117455581e+00
1.157381618357152586e+00
1.156454525835739044e+00
1.155535174743752336e+00
1.154623483312007037e+00
1.153719370796747912e+00
1.152822757465026715e+00
1.151933564580315705e+00
1.151051714388337199e+00
1.150177130103121170e+00
1.149309735893274675e+00
1.148449456868471330e+00
1.147596219066139955e+00
1.146749949438373273e+00
1.145910575839031553e+00
1.145078027011048327e+00
1.144252232573931494e+00
1.143433123011462493e+00
1.142620629659578668e+00
1.141814684694449911e+00
1.141015221120735390e+00
1.140222172760020802e+00
1.139435474239438362e+00
1.138655060980451772e+00
1.137880869187833044e+00
1.137112835838781866e+00
1.136350898672237264e+00
1.135594996178336480e+00
1.134845067588042156e+00
1.134101052862927395e+00
1.133362892685115586e+00
1.132630528447374552e+00
1.131903902243360571e+00
1.131182956858015842e+00
1.130467635758101830e+00
1.129757883082887604e+00
1.129053643634972293e+00
1.128354862871249642e+00
1.127661486894007581e+00
1.126973462442164342e+00
1.126290736882632482e+00
1.125613258201823896e+00
1.124940974997265419e+00
1.124273836469358523e+00
1.123611792413250932e+00
1.122954793210834579e+00
1.122302789822864355e+00
1.121655733781191655e+00
1.121013577181115606e+00
1.120376272673852425e+00
1.119743773459109359e+00
1.119116033277774314e+00
1.118493006404713164e+00
1.117874647641676988e+00
1.117260912310306997e+00
1.116651756245249816e+00
1.116047135787373357e+00
1.115447007777081723e+00
1.114851329547728476e+00
1.114260058919127827e+00
1.113673154191163084e+00
1.113090574137482802e+00
1.112512277999299748e+00
1.111938225479270681e+00
1.111368376735471397e+00
1.110802692375457035e+00
1.110241133450413198e+00
1.109683661449387682e+00
1.109130238293609017e+00
1.108580826330886060e+00
1.108035388330089965e+00
1.107493887475715866e+00
1.106956287362524494e+00
1.106422551990256853e+00
1.105892645758433712e+00
1.105366533461217937e+00
1.104844180282365640e+00
1.104325551790235727e+00
1.103810613932880491e+00
1.103299333033202601e+00
1.102791675784183134e+00
1.102287609244177347e+00
1.101787100832274824e+00
1.101290118323732692e+00
1.100796629845466335e+00
1.100306603871609168e+00
1.099820009219132144e+00
1.099336815043530313e+00
1.098856990834562675e+00
1.098380506412060642e+00
1.097907331921790242e+00
1.097437437831374485e+00
1.096970794926272808e+00
1.096507374305817573e+00
1.096047147379306752e+00
1.095590085862146790e+00
1.095136161772058969e+00
1.094685347425328414e+00
1.094237615433111932e+00
1.093792938697795591e+00
1.093351290409402043e+00
1.092912644042049575e+00
1.092476973350458680e+00
1.092044252366509038e+00
1.091614455395840455e+00
1.091187557014506204e+00
1.090763532065667896e+00
1.090342355656336970e+00
1.089924003154162824e+00
1.089508450184264454e+00
1.089095672626102518e+00
1.088685646610400903e+00
1.088278348516101390e+00
1.087873754967368711e+00
1.087471842830629587e+00
1.087072589211658391e+00
1.086675971452696787e+00
1.086281967129615111e+00
1.085890554049111500e+00
1.085501710245953211e+00
1.085115413980246579e+00
1.084731643734750284e+00
1.084350378212226351e+00
1.083971596332819587e+00
1.083595277231478748e+00
1.083221400255410583e+00
1.082849944961566280e+00
1.082480891114162347e+00
1.082114218682237894e+00
1.081749907837238789e+00
1.081387938950637562e+00
1.081028292591585283e+00
1.080670949524594304e+00
1.080315890707248982e+00
1.079963097287950369e+00
1.079612550603690879e+00
1.079264232177853389e+00
1.078918123718045630e+00
1.078574207113959460e+00
1.078232464435258997e+00
1.077892877929496507e+00
1.077555430020056937e+00
1.077220103304127097e+00
1.076886880550691705e+00
1.076555744698559414e+00
1.076226678854409702e+00
1.075899666290865975e+00
1.075574690444597303e+00
1.075251734914441482e+00
1.074930783459552286e+00
1.074611819997573159e+00
1.074294828602832652e+00
1.073979793504564295e+00
1.073666699085147114e+00
1.073355529878372350e+00
1.073046270567728389e+00
1.072738905984713220e+00
1.072433421107161555e+00
1.072129801057599696e+00
1.071828031101617285e+00
1.071528096646261252e+00
1.071229983238452199e+00
1.070933676563415871e+00
1.070639162443140613e+00
1.070346426834849929e+00
1.070055455829496127e+00
1.069766235650273289e+00
1.069478752651148445e+00
1.069192993315411622e+00
1.068908944254242543e+00
1.068626592205299541e+00
1.068345924031320893e+00
1.068066926718747478e+00
1.067789587376361649e+00
1.067513893233941635e+00
1.067239831640936165e+00
1.066967390065151511e+00
1.066696556091457637e+00
1.066427317420510779e+00
1.066159661867488451e+00
1.065893577360845335e+00
1.065629051941078931e+00
1.065366073759515642e+00
1.065104631077108177e+00
1.064844712263249171e+00
1.064586305794600118e+00
1.064329400253932967e+00
1.064073984328987033e+00
1.063820046811341236e+00
1.063567576595296327e+00
1.063316562676775323e+00
1.063066994152233269e+00
1.062818860217584316e+00
1.062572150167137908e+00
1.062326853392550730e+00
1.062082959381789982e+00
1.061840457718110420e+00
1.061599338079042498e+00
1.061359590235391614e+00
1.061121204050254896e+00
1.060884169478042205e+00
1.060648476563515574e+00
1.060414115440834193e+00
1.060181076332617600e+00
1.059949349549013764e+00
1.059718925486783370e+00
1.059489794628389880e+00
1.059261947541106030e+00
1.059035374876127644e+00
1.058810067367696117e+00
1.058586015832238436e+00
1.058363211167507867e+00
1.058141644351744182e+00
1.057921306442836329e+00
1.057702188577498426e+00
1.057484281970457518e+00
1.057267577913645784e+00
1.057052067775405835e+00
1.056837742999705343e+00
1.056624595105358777e+00
1.056412615685260237e+00
1.056201796405624949e+00
1.055992129005238533e+00
1.055783605294715377e+00
1.055576217155767438e+00
1.055369956540478160e+00
1.055164815470589046e+00
1.054960786036790221e+00
