0	0
.01	0
.02	0
.03	0
.04	0
.05	0
.06	0
.07	3.72E-08
.08	5.96E-08
.09	8.19E-08
.1	1.11E-07
.11	1.49E-07
.12	1.93E-07
.13	2.45E-07
.14	2.98E-07
.15	3.65E-07
.16	4.47E-07
.17	5.28E-07
.18	6.25E-07
.19	7.30E-07
.2	8.49E-07
.21	9.83E-07
.22	1.12E-06
.23	1.28E-06
.24	1.46E-06
.25	1.64E-06
.26	1.84E-06
.27	2.06E-06
.28	2.29E-06
.29	2.54E-06
.3	2.81E-06
.31	3.09E-06
.32	3.41E-06
.33	3.73E-06
.34	4.08E-06
.35	4.44E-06
.36	4.83E-06
.37	5.24E-06
.38	5.68E-06
.39	6.13E-06
.4	6.62E-06
.41	7.13E-06
.42	7.65E-06
.43	8.21E-06
.44	8.79E-06
.45	9.41E-06
.46	.00001
.47	.0000107
.48	.0000114
.49	.0000121
.5	.0000129
.51	.0000137
.52	.0000145
.53	.0000153
.54	.0000162
.55	.0000172
.56	.0000181
.57	.0000191
.58	.0000201
.59	.0000212
.6	.0000223
.61	.0000235
.62	.0000246
.63	.0000259
.64	.0000271
.65	.0000285
.66	.0000298
.67	.0000312
.68	.0000326
.69	.0000341
.7	.0000357
.71	.0000372
.72	.0000389
.73	.0000405
.74	.0000423
.75	.000044
.76	.0000459
.77	.0000477
.78	.0000497
.79	.0000516
.8	.0000537
.81	.0000558
.82	.0000579
.83	.0000601
.84	.0000624
.85	.0000647
.86	.0000671
.87	.0000695
.88	.000072
.89	.0000746
.9	.0000772
.91	.0000799
.92	.0000826
.93	.0000855
.94	.0000884
.95	.0000913
.96	.0000943
.97	.0000974
.98	.0001006
.99	.0001038
1	.0001072
1.01	.0001106
1.02	.000114
1.03	.0001176
1.04	.0001212
1.05	.0001249
1.06	.0001287
1.07	.0001325
1.08	.0001365
1.09	.0001405
1.1	.0001446
1.11	.0001488
1.12	.0001531
1.13	.0001575
1.14	.0001619
1.15	.0001665
1.16	.0001712
1.17	.0001759
1.18	.0001807
1.19	.0001857
1.2	.0001907
1.21	.0001958
1.22	.0002011
1.23	.0002064
1.24	.0002119
1.25	.0002174
1.26	.0002231
1.27	.0002288
1.28	.0002347
1.29	.0002407
1.3	.0002468
1.31	.000253
1.32	.0002593
1.33	.0002657
1.34	.0002723
1.35	.000279
1.36	.0002858
1.37	.0002927
1.38	.0002998
1.39	.0003069
1.4	.0003142
1.41	.0003217
1.42	.0003293
1.43	.000337
1.44	.0003448
1.45	.0003528
1.46	.0003609
1.47	.0003692
1.48	.0003776
1.49	.0003861
1.5	.0003948
1.51	.0004037
1.52	.0004127
1.53	.0004219
1.54	.0004312
1.55	.0004407
1.56	.0004503
1.57	.0004601
1.58	.0004701
1.59	.0004802
1.6	.0004905
1.61	.000501
1.62	.0005117
1.63	.0005225
1.64	.0005335
1.65	.0005447
1.66	.0005561
1.67	.0005677
1.68	.0005795
1.69	.0005914
1.7	.0006036
1.71	.0006159
1.72	.0006285
1.73	.0006413
1.74	.0006542
1.75	.0006674
1.76	.0006808
1.77	.0006944
1.78	.0007083
1.79	.0007223
1.8	.0007366
1.81	.0007511
1.82	.0007659
1.83	.0007809
1.84	.0007961
1.85	.0008116
1.86	.0008273
1.87	.0008433
1.88	.0008595
1.89	.000876
1.9	.0008928
1.91	.0009098
1.92	.0009271
1.93	.0009447
1.94	.0009625
1.95	.0009807
1.96	.0009991
1.97	.0010178
1.98	.0010368
1.99	.0010562
2	.0010758
2.01	.0010957
2.02	.001116
2.03	.0011366
2.04	.0011575
2.05	.0011787
2.06	.0012003
2.07	.0012222
2.08	.0012444
2.09	.001267
2.1	.00129
2.11	.0013134
2.12	.0013371
2.13	.0013612
2.14	.0013856
2.15	.0014105
2.16	.0014357
2.17	.0014614
2.18	.0014874
2.19	.0015139
2.2	.0015408
2.21	.0015681
2.22	.0015959
2.23	.0016241
2.24	.0016528
2.25	.0016819
2.26	.0017115
2.27	.0017415
2.28	.0017721
2.29	.0018031
2.3	.0018347
2.31	.0018667
2.32	.0018993
2.33	.0019323
2.34	.001966
2.35	.0020001
2.36	.0020348
2.37	.0020701
2.38	.002106
2.39	.0021424
2.4	.0021795
2.41	.0022171
2.42	.0022554
2.43	.0022943
2.44	.0023338
2.45	.002374
2.46	.0024148
2.47	.0024563
2.48	.0024985
2.49	.0025414
2.5	.0025851
2.51	.0026294
2.52	.0026745
2.53	.0027204
2.54	.002767
2.55	.0028144
2.56	.0028626
2.57	.0029116
2.58	.0029615
2.59	.0030122
2.6	.0030638
2.61	.0031162
2.62	.0031696
2.63	.0032239
2.64	.0032791
2.65	.0033353
2.66	.0033924
2.67	.0034506
2.68	.0035097
2.69	.00357
2.7	.0036312
2.71	.0036936
2.72	.003757
2.73	.0038216
2.74	.0038873
2.75	.0039543
2.76	.0040224
2.77	.0040917
2.78	.0041623
2.79	.0042342
2.8	.0043074
2.81	.004382
2.82	.0044579
2.83	.0045352
2.84	.004614
2.85	.0046942
2.86	.004776
2.87	.0048592
2.88	.0049441
2.89	.0050305
2.9	.0051186
2.91	.0052084
2.92	.0052999
2.93	.0053932
2.94	.0054883
2.95	.0055853
2.96	.0056841
2.97	.0057849
2.98	.0058877
2.99	.0059926
3	.0060995
3.01	.0062086
3.02	.0063199
3.03	.0064335
3.04	.0065494
3.05	.0066676
3.06	.0067884
3.07	.0069116
3.08	.0070374
3.09	.0071658
3.1	.007297
3.11	.007431
3.12	.0075678
3.13	.0077076
3.14	.0078504
3.15	.0079963
3.16	.0081455
3.17	.0082979
3.18	.0084537
3.19	.008613
3.2	.008776
3.21	.0089426
3.22	.009113
3.23	.0092873
3.24	.0094657
3.25	.0096482
3.26	.009835
3.27	.010026
3.28	.010222
3.29	.010422
3.3	.010628
3.31	.010838
3.32	.011053
3.33	.011274
3.34	.011501
3.35	.011733
3.36	.011971
3.37	.012215
3.38	.012465
3.39	.012722
3.4	.012986
3.41	.013257
3.42	.013534
3.43	.01382
3.44	.014113
3.45	.014414
3.46	.014723
3.47	.015041
3.48	.015368
3.49	.015705
3.5	.016051
3.51	.016407
3.52	.016773
3.53	.01715
3.54	.017539
3.55	.017939
3.56	.018351
3.57	.018776
3.58	.019214
3.59	.019666
3.6	.020132
3.61	.020613
3.62	.021109
3.63	.021622
3.64	.022152
3.65	.022699
3.66	.023265
3.67	.02385
3.68	.024455
3.69	.025081
3.7	.025729
3.71	.0264
3.72	.027095
3.73	.027815
3.74	.028562
3.75	.029336
3.76	.030139
3.77	.030973
3.78	.031838
3.79	.032737
3.8	.033671
3.81	.034641
3.82	.03565
3.83	.036699
3.84	.03779
3.85	.038926
3.86	.040109
3.87	.04134
3.88	.042623
3.89	.043959
3.9	.045351
3.91	.046802
3.92	.048315
3.93	.049892
3.94	.051536
3.95	.053249
3.96	.055036
3.97	.056898
3.98	.058838
3.99	.060859
4	.062964
4.01	.065154
4.02	.067433
4.03	.069801
4.04	.07226
4.05	.074811
4.06	.077454
4.07	.080189
4.08	.083015
4.09	.08593
4.1	.088931
4.11	.092015
4.12	.095178
4.13	.098412
4.14	.10171
4.15	.10507
4.16	.10848
4.17	.11193
4.18	.11541
4.19	.11892
4.2	.12243
4.21	.12595
4.22	.12945
4.23	.13293
4.24	.13639
4.25	.1398
4.26	.14317
4.27	.14647
4.28	.14972
4.29	.1529
4.3	.156
4.31	.15903
4.32	.16197
4.33	.16483
4.34	.16761
4.35	.1703
4.36	.1729
4.37	.17542
4.38	.17785
4.39	.1802
4.4	.18247
4.41	.18466
4.42	.18677
4.43	.1888
4.44	.19076
4.45	.19265
4.46	.19448
4.47	.19623
4.48	.19793
4.49	.19956
4.5	.20113
4.51	.20265
4.52	.20411
4.53	.20553
4.54	.20689
4.55	.2082
4.56	.20948
4.57	.2107
4.58	.21189
4.59	.21304
4.6	.21415
4.61	.21522
4.62	.21626
4.63	.21726
4.64	.21824
4.65	.21918
4.66	.22009
4.67	.22098
4.68	.22184
4.69	.22267
4.7	.22348
4.71	.22427
4.72	.22503
4.73	.22578
4.74	.2265
4.75	.2272
4.76	.22788
4.77	.22855
4.78	.22919
4.79	.22982
4.8	.23044
4.81	.23103
4.82	.23161
4.83	.23218
4.84	.23274
4.85	.23328
4.86	.2338
4.87	.23432
4.88	.23482
4.89	.23531
4.9	.23579
4.91	.23626
4.92	.23671
4.93	.23716
4.94	.2376
4.95	.23803
4.96	.23844
4.97	.23885
4.98	.23925
4.99	.23965
5	.24003
5.01	.24041
5.02	.24078
5.03	.24114
5.04	.24149
5.05	.24184
5.06	.24218
5.07	.24251
5.08	.24284
5.09	.24316
5.1	.24348
5.11	.24379
5.12	.24409
5.13	.24439
5.14	.24469
5.15	.24497
5.16	.24526
5.17	.24553
5.18	.24581
5.19	.24608
5.2	.24634
5.21	.2466
5.22	.24686
5.23	.24711
5.24	.24735
5.25	.2476
5.26	.24784
5.27	.24807
5.28	.2483
5.29	.24853
5.3	.24876
5.31	.24898
5.32	.2492
5.33	.24941
5.34	.24962
5.35	.24983
5.36	.25004
5.37	.25024
5.38	.25044
5.39	.25064
5.4	.25083
5.41	.25102
5.42	.25121
5.43	.2514
5.44	.25158
5.45	.25177
5.46	.25194
5.47	.25212
5.48	.2523
5.49	.25247
5.5	.25264
5.51	.25281
5.52	.25297
5.53	.25314
5.54	.2533
5.55	.25346
5.56	.25362
5.57	.25377
5.58	.25393
5.59	.25408
5.6	.25423
5.61	.25438
5.62	.25453
5.63	.25468
5.64	.25483
5.65	.25497
5.66	.25511
5.67	.25526
5.68	.2554
5.69	.25554
5.7	.25568
5.71	.25581
5.72	.25595
5.73	.25608
5.74	.25622
5.75	.25635
5.76	.25648
5.77	.25661
5.78	.25674
5.79	.25687
5.8	.257
5.81	.25712
5.82	.25725
5.83	.25738
5.84	.2575
5.85	.25762
5.86	.25775
5.87	.25787
5.88	.25799
5.89	.25811
5.9	.25823
5.91	.25835
5.92	.25847
5.93	.25859
5.94	.25871
5.95	.25883
5.96	.25895
5.97	.25907
5.98	.25919
5.99	.25931
6	.25943
6.01	.25955
6.02	.25967
6.03	.25979
6.04	.25991
6.05	.26002
6.06	.26014
6.07	.26026
6.08	.26038
6.09	.2605
6.1	.26061
6.11	.26073
6.12	.26084
6.13	.26096
6.14	.26107
6.15	.26119
6.16	.2613
6.17	.26141
6.18	.26153
6.19	.26164
6.2	.26175
6.21	.26187
6.22	.26198
6.23	.26209
6.24	.26221
6.25	.26232
6.26	.26244
6.27	.26255
6.28	.26267
6.29	.26279
6.3	.2629
6.31	.26302
6.32	.26314
6.33	.26326
6.34	.26338
6.35	.2635
6.36	.26362
6.37	.26374
6.38	.26386
6.39	.26398
6.4	.26411
6.41	.26423
6.42	.26435
6.43	.26448
6.44	.2646
6.45	.26473
6.46	.26485
6.47	.26498
6.48	.26511
6.49	.26524
6.5	.26537
6.51	.2655
6.52	.26563
6.53	.26576
6.54	.2659
6.55	.26603
6.56	.26617
6.57	.26631
6.58	.26646
6.59	.2666
6.6	.26675
6.61	.2669
6.62	.26705
6.63	.26721
6.64	.26737
6.65	.26753
6.66	.26769
6.67	.26785
6.68	.26802
6.69	.26819
6.7	.26836
6.71	.26854
6.72	.26871
6.73	.26889
6.74	.26907
6.75	.26926
6.76	.26945
6.77	.26964
6.78	.26983
6.79	.27003
6.8	.27023
6.81	.27044
6.82	.27066
6.83	.27087
6.84	.27109
6.85	.27132
6.86	.27155
6.87	.27179
6.88	.27204
6.89	.27229
6.9	.27254
6.91	.2728
6.92	.27307
6.93	.27334
6.94	.27362
6.95	.27391
6.96	.27421
6.97	.27451
6.98	.27482
6.99	.27513
7	.27545
7.01	.27578
7.02	.27611
7.03	.27646
7.04	.2768
7.05	.27716
7.06	.27752
7.07	.27788
7.08	.27826
7.09	.27864
7.1	.27903
7.11	.27942
7.12	.27983
7.13	.28024
7.14	.28067
7.15	.2811
7.16	.28155
7.17	.282
7.18	.28247
7.19	.28294
7.2	.28343
7.21	.28393
7.22	.28444
7.23	.28495
7.24	.28548
7.25	.28602
7.26	.28657
7.27	.28713
7.28	.2877
7.29	.28828
7.3	.28887
7.31	.28947
7.32	.29009
7.33	.29072
7.34	.29136
7.35	.29201
7.36	.29268
7.37	.29337
7.38	.29406
7.39	.29478
7.4	.29551
7.41	.29625
7.42	.29701
7.43	.29779
7.44	.29858
7.45	.29939
7.46	.30021
7.47	.30105
7.48	.30191
7.49	.30278
7.5	.30367
7.51	.30458
7.52	.3055
7.53	.30643
7.54	.30738
7.55	.30834
7.56	.30932
7.57	.31031
7.58	.31132
7.59	.31234
7.6	.31337
7.61	.31441
7.62	.31547
7.63	.31654
7.64	.31762
7.65	.31871
7.66	.31982
7.67	.32094
7.68	.32207
7.69	.32322
7.7	.32438
7.71	.32555
7.72	.32674
7.73	.32795
7.74	.32917
7.75	.33042
7.76	.33168
7.77	.33296
7.78	.33426
7.79	.33557
7.8	.33691
7.81	.33826
7.82	.33964
7.83	.34103
7.84	.34243
7.85	.34386
7.86	.3453
7.87	.34675
7.88	.34822
7.89	.34971
7.9	.35121
7.91	.35272
7.92	.35425
7.93	.35579
7.94	.35735
7.95	.35891
7.96	.36049
7.97	.36209
7.98	.3637
7.99	.36533
8	.36697
8.01	.36863
8.02	.3703
8.03	.372
8.04	.37371
8.05	.37544
8.06	.37718
8.07	.37895
8.08	.38073
8.09	.38253
8.1	.38435
8.11	.38619
8.12	.38804
8.13	.38992
8.14	.39181
8.15	.39372
8.16	.39564
8.17	.39759
8.18	.39956
8.19	.40154
8.2	.40355
8.21	.40557
8.22	.40762
8.23	.40969
8.24	.41178
8.25	.41389
8.26	.41603
8.27	.41818
8.28	.42036
8.29	.42256
8.3	.42478
8.31	.42703
8.32	.4293
8.33	.43159
8.34	.4339
8.35	.43623
8.36	.43859
8.37	.44098
8.38	.44338
8.39	.44581
8.4	.44827
8.41	.45075
8.42	.45325
8.43	.45578
8.44	.45833
8.45	.4609
8.46	.4635
8.47	.46613
8.48	.46877
8.49	.47144
8.5	.47414
8.51	.47686
8.52	.47961
8.53	.48238
8.54	.48519
8.55	.48802
8.56	.49088
8.57	.49377
8.58	.4967
8.59	.49965
8.6	.50263
8.61	.50564
8.62	.50867
8.63	.51173
8.64	.51481
8.65	.51791
8.66	.52103
8.67	.52417
8.68	.52732
8.69	.53049
8.7	.53367
8.71	.53687
8.72	.54009
8.73	.54331
8.74	.54656
8.75	.54982
8.76	.55311
8.77	.55641
8.78	.55974
8.79	.56308
8.8	.56646
8.81	.56986
8.82	.57328
8.83	.57674
8.84	.58021
8.85	.58372
8.86	.58724
8.87	.59079
8.88	.59436
8.89	.59795
8.9	.60156
8.91	.60518
8.92	.60881
8.93	.61245
8.94	.61611
8.95	.61977
8.96	.62344
8.97	.62711
8.98	.63079
8.99	.63448
9	.63817
9.01	.64186
9.02	.64556
9.03	.64927
9.04	.65298
9.05	.6567
9.06	.66043
9.07	.66417
9.08	.66792
9.09	.67169
9.1	.67546
9.11	.67925
9.12	.68306
9.13	.68688
9.14	.69071
9.15	.69457
9.16	.69844
9.17	.70232
9.18	.70622
9.19	.71013
9.2	.71405
9.21	.71799
9.22	.72193
9.23	.72589
9.24	.72985
9.25	.73382
9.26	.73779
9.27	.74176
9.28	.74574
9.29	.74972
9.3	.7537
9.31	.75768
9.32	.76166
9.33	.76563
9.34	.7696
9.35	.77357
9.36	.77754
9.37	.7815
9.38	.78546
9.39	.78942
9.4	.79338
9.41	.79734
9.42	.80129
9.43	.80525
9.44	.8092
9.45	.81316
9.46	.81711
9.47	.82107
9.48	.82502
9.49	.82898
9.5	.83294
9.51	.8369
9.52	.84086
9.53	.84482
9.54	.84877
9.55	.85273
9.56	.85668
9.57	.86063
9.58	.86458
9.59	.86853
9.6	.87248
9.61	.87642
9.62	.88036
9.63	.88429
9.64	.88823
9.65	.89216
9.66	.89608
9.67	.9
9.68	.90391
9.69	.90782
9.7	.91172
9.71	.91561
9.72	.9195
9.73	.92338
9.74	.92726
9.75	.93112
9.76	.93498
9.77	.93884
9.78	.94269
9.79	.94653
9.8	.95037
9.81	.9542
9.82	.95802
9.83	.96184
9.84	.96565
9.85	.96945
9.86	.97325
9.87	.97703
9.88	.9808
9.89	.98457
9.9	.98832
9.91	.99206
9.92	.99579
9.93	.99951
9.94	1.0032
9.95	1.0069
9.96	1.0106
9.97	1.0143
9.98	1.018
9.99	1.0216
10	1.0253
10.01	1.029
10.02	1.0326
10.03	1.0363
10.04	1.0399
10.05	1.0436
10.06	1.0472
10.07	1.0508
10.08	1.0544
10.09	1.0581
10.1	1.0617
10.11	1.0653
10.12	1.0689
10.13	1.0724
10.14	1.076
10.15	1.0796
10.16	1.0832
10.17	1.0867
10.18	1.0903
10.19	1.0938
10.2	1.0974
10.21	1.1009
10.22	1.1045
10.23	1.108
10.24	1.1116
10.25	1.1151
10.26	1.1186
10.27	1.1221
10.28	1.1257
10.29	1.1292
10.3	1.1327
10.31	1.1362
10.32	1.1397
10.33	1.1432
10.34	1.1468
10.35	1.1503
10.36	1.1538
10.37	1.1573
10.38	1.1608
10.39	1.1643
10.4	1.1678
10.41	1.1713
10.42	1.1748
10.43	1.1783
10.44	1.1818
10.45	1.1853
10.46	1.1888
10.47	1.1923
10.48	1.1958
10.49	1.1993
10.5	1.2028
10.51	1.2063
10.52	1.2098
10.53	1.2133
10.54	1.2168
10.55	1.2203
10.56	1.2238
10.57	1.2273
10.58	1.2308
10.59	1.2343
10.6	1.2378
10.61	1.2414
10.62	1.2449
10.63	1.2484
10.64	1.2519
10.65	1.2554
10.66	1.259
10.67	1.2625
10.68	1.266
10.69	1.2696
10.7	1.2731
10.71	1.2766
10.72	1.2802
10.73	1.2838
10.74	1.2873
10.75	1.2909
10.76	1.2944
10.77	1.298
10.78	1.3016
10.79	1.3052
10.8	1.3088
10.81	1.3124
10.82	1.316
10.83	1.3196
10.84	1.3232
10.85	1.3268
10.86	1.3304
10.87	1.334
10.88	1.3377
10.89	1.3413
10.9	1.3449
10.91	1.3486
10.92	1.3522
10.93	1.3558
10.94	1.3595
10.95	1.3631
10.96	1.3668
10.97	1.3704
10.98	1.3741
10.99	1.3777
11	1.3814
11.01	1.385
11.02	1.3887
11.03	1.3924
11.04	1.396
11.05	1.3997
11.06	1.4034
11.07	1.4071
11.08	1.4108
11.09	1.4146
11.1	1.4183
11.11	1.422
11.12	1.4258
11.13	1.4295
11.14	1.4333
11.15	1.4371
11.16	1.4408
11.17	1.4446
11.18	1.4484
11.19	1.4522
11.2	1.456
11.21	1.4598
11.22	1.4636
11.23	1.4674
11.24	1.4713
11.25	1.4751
11.26	1.479
11.27	1.4828
11.28	1.4866
11.29	1.4905
11.3	1.4944
11.31	1.4982
11.32	1.5021
11.33	1.506
11.34	1.5099
11.35	1.5138
11.36	1.5177
11.37	1.5216
11.38	1.5255
11.39	1.5294
11.4	1.5333
11.41	1.5373
11.42	1.5412
11.43	1.5451
11.44	1.5491
11.45	1.553
11.46	1.557
11.47	1.561
11.48	1.5649
11.49	1.5689
11.5	1.5729
11.51	1.5769
11.52	1.581
11.53	1.585
11.54	1.589
11.55	1.5931
11.56	1.5971
11.57	1.6012
11.58	1.6052
11.59	1.6093
11.6	1.6134
11.61	1.6175
11.62	1.6215
11.63	1.6256
11.64	1.6297
11.65	1.6338
11.66	1.6379
11.67	1.642
11.68	1.6461
11.69	1.6503
11.7	1.6544
11.71	1.6585
11.72	1.6626
11.73	1.6668
11.74	1.6709
11.75	1.675
11.76	1.6791
11.77	1.6833
11.78	1.6874
11.79	1.6916
11.8	1.6957
11.81	1.6998
11.82	1.704
11.83	1.7081
11.84	1.7122
11.85	1.7164
11.86	1.7205
11.87	1.7247
11.88	1.7288
11.89	1.733
11.9	1.7371
11.91	1.7413
11.92	1.7455
11.93	1.7496
11.94	1.7538
11.95	1.758
11.96	1.7622
11.97	1.7663
11.98	1.7705
11.99	1.7747
12	1.7789
12.01	1.783
12.02	1.7872
12.03	1.7914
12.04	1.7955
12.05	1.7997
12.06	1.8039
12.07	1.808
12.08	1.8122
12.09	1.8164
12.1	1.8205
12.11	1.8247
12.12	1.8288
12.13	1.833
12.14	1.8372
12.15	1.8413
12.16	1.8455
12.17	1.8497
12.18	1.8538
12.19	1.858
12.2	1.8622
12.21	1.8664
12.22	1.8706
12.23	1.8747
12.24	1.8789
12.25	1.8831
12.26	1.8873
12.27	1.8915
12.28	1.8957
12.29	1.8999
12.3	1.9041
12.31	1.9083
12.32	1.9125
12.33	1.9166
12.34	1.9208
12.35	1.925
12.36	1.9292
12.37	1.9333
12.38	1.9375
12.39	1.9417
12.4	1.9459
12.41	1.95
12.42	1.9542
12.43	1.9584
12.44	1.9625
12.45	1.9667
12.46	1.9709
12.47	1.975
12.48	1.9792
12.49	1.9834
12.5	1.9876
12.51	1.9918
12.52	1.996
12.53	2.0001
12.54	2.0043
12.55	2.0085
12.56	2.0127
12.57	2.0169
12.58	2.0211
12.59	2.0253
12.6	2.0295
12.61	2.0337
12.62	2.0378
12.63	2.042
12.64	2.0462
12.65	2.0503
12.66	2.0545
12.67	2.0586
12.68	2.0628
12.69	2.0669
12.7	2.071
12.71	2.0752
12.72	2.0793
12.73	2.0834
12.74	2.0875
12.75	2.0917
12.76	2.0958
12.77	2.1
12.78	2.1041
12.79	2.1083
12.8	2.1124
12.81	2.1166
12.82	2.1207
12.83	2.1249
12.84	2.1291
12.85	2.1333
12.86	2.1375
12.87	2.1417
12.88	2.1459
12.89	2.1501
12.9	2.1543
12.91	2.1585
12.92	2.1627
12.93	2.1669
12.94	2.1711
12.95	2.1752
12.96	2.1794
12.97	2.1836
12.98	2.1878
12.99	2.192
13	2.1961
13.01	2.2003
13.02	2.2045
13.03	2.2086
13.04	2.2128
13.05	2.2169
13.06	2.2211
13.07	2.2253
13.08	2.2294
13.09	2.2336
13.1	2.2378
13.11	2.242
13.12	2.2462
13.13	2.2504
13.14	2.2546
13.15	2.2588
13.16	2.263
13.17	2.2672
13.18	2.2714
13.19	2.2756
13.2	2.2798
13.21	2.2841
13.22	2.2883
13.23	2.2925
13.24	2.2967
13.25	2.3009
13.26	2.3052
13.27	2.3094
13.28	2.3136
13.29	2.3178
13.3	2.322
13.31	2.3262
13.32	2.3304
13.33	2.3346
13.34	2.3388
13.35	2.343
13.36	2.3472
13.37	2.3514
13.38	2.3556
13.39	2.3598
13.4	2.364
13.41	2.3683
13.42	2.3725
13.43	2.3767
13.44	2.3809
13.45	2.3851
13.46	2.3893
13.47	2.3935
13.48	2.3977
13.49	2.402
13.5	2.4062
13.51	2.4104
13.52	2.4146
13.53	2.4188
13.54	2.423
13.55	2.4272
13.56	2.4314
13.57	2.4356
13.58	2.4398
13.59	2.444
13.6	2.4482
13.61	2.4524
13.62	2.4566
13.63	2.4609
13.64	2.4651
13.65	2.4693
13.66	2.4736
13.67	2.4778
13.68	2.4821
13.69	2.4863
13.7	2.4906
13.71	2.4949
13.72	2.4992
13.73	2.5035
13.74	2.5078
13.75	2.5121
13.76	2.5164
13.77	2.5207
13.78	2.525
13.79	2.5293
13.8	2.5336
13.81	2.538
13.82	2.5423
13.83	2.5466
13.84	2.551
13.85	2.5553
13.86	2.5597
13.87	2.564
13.88	2.5684
13.89	2.5727
13.9	2.5771
13.91	2.5815
13.92	2.5858
13.93	2.5902
13.94	2.5945
13.95	2.5988
13.96	2.6032
13.97	2.6075
13.98	2.6118
13.99	2.6161
14	2.6205
14.01	2.6248
14.02	2.6291
14.03	2.6334
14.04	2.6377
14.05	2.6421
14.06	2.6464
14.07	2.6507
14.08	2.6551
14.09	2.6595
14.1	2.6639
14.11	2.6683
14.12	2.6727
14.13	2.6771
14.14	2.6816
14.15	2.6861
14.16	2.6906
14.17	2.6951
14.18	2.6997
14.19	2.7042
14.2	2.7088
14.21	2.7134
14.22	2.718
14.23	2.7226
14.24	2.7273
14.25	2.7319
14.26	2.7366
14.27	2.7413
14.28	2.746
14.29	2.7507
14.3	2.7555
14.31	2.7602
14.32	2.765
14.33	2.7697
14.34	2.7745
14.35	2.7793
14.36	2.7841
14.37	2.789
14.38	2.7938
14.39	2.7987
14.4	2.8036
14.41	2.8085
14.42	2.8134
14.43	2.8183
14.44	2.8232
14.45	2.8282
14.46	2.8332
14.47	2.8382
14.48	2.8432
14.49	2.8483
14.5	2.8534
14.51	2.8585
14.52	2.8636
14.53	2.8687
14.54	2.8739
14.55	2.8791
14.56	2.8843
14.57	2.8895
14.58	2.8947
14.59	2.8999
14.6	2.9052
14.61	2.9104
14.62	2.9156
14.63	2.9209
14.64	2.9262
14.65	2.9314
14.66	2.9367
14.67	2.9419
14.68	2.9472
14.69	2.9525
14.7	2.9578
14.71	2.963
14.72	2.9683
14.73	2.9736
14.74	2.9789
14.75	2.9842
14.76	2.9895
14.77	2.9949
14.78	3.0002
14.79	3.0055
14.8	3.0109
14.81	3.0163
14.82	3.0216
14.83	3.027
14.84	3.0324
14.85	3.0378
14.86	3.0432
14.87	3.0485
14.88	3.054
14.89	3.0594
14.9	3.0648
14.91	3.0702
14.92	3.0756
14.93	3.081
14.94	3.0864
14.95	3.0918
14.96	3.0972
14.97	3.1026
14.98	3.108
14.99	3.1134
15	3.1188
15.01	3.1242
15.02	3.1296
15.03	3.135
15.04	3.1404
15.05	3.1458
15.06	3.1512
15.07	3.1566
15.08	3.162
15.09	3.1674
15.1	3.1728
15.11	3.1782
15.12	3.1836
15.13	3.189
15.14	3.1944
15.15	3.1998
15.16	3.2052
15.17	3.2107
15.18	3.2161
15.19	3.2215
15.2	3.2269
15.21	3.2323
15.22	3.2377
15.23	3.2432
15.24	3.2486
15.25	3.254
15.26	3.2594
15.27	3.2648
15.28	3.2702
15.29	3.2756
15.3	3.281
15.31	3.2864
15.32	3.2918
15.33	3.2973
15.34	3.3027
15.35	3.3081
15.36	3.3135
15.37	3.3189
15.38	3.3242
15.39	3.3296
15.4	3.335
15.41	3.3404
15.42	3.3457
15.43	3.3511
15.44	3.3564
15.45	3.3618
15.46	3.3671
15.47	3.3725
15.48	3.3778
15.49	3.3831
15.5	3.3884
15.51	3.3937
15.52	3.399
15.53	3.4043
15.54	3.4095
15.55	3.4148
15.56	3.4201
15.57	3.4253
15.58	3.4306
15.59	3.4359
15.6	3.4411
15.61	3.4464
15.62	3.4516
15.63	3.4569
15.64	3.4621
15.65	3.4674
15.66	3.4726
15.67	3.4778
15.68	3.4831
15.69	3.4883
15.7	3.4936
15.71	3.4988
15.72	3.5041
15.73	3.5093
15.74	3.5145
15.75	3.5198
15.76	3.525
15.77	3.5302
15.78	3.5354
15.79	3.5407
15.8	3.5459
15.81	3.5511
15.82	3.5563
15.83	3.5615
15.84	3.5667
15.85	3.5719
15.86	3.5771
15.87	3.5823
15.88	3.5875
15.89	3.5927
15.9	3.5978
15.91	3.603
15.92	3.6082
15.93	3.6133
15.94	3.6185
15.95	3.6237
15.96	3.6288
15.97	3.634
15.98	3.6391
15.99	3.6443
16	3.6495
16.01	3.6546
16.02	3.6598
16.03	3.665
16.04	3.6701
16.05	3.6753
16.06	3.6805
16.07	3.6857
16.08	3.6908
16.09	3.696
16.1	3.7012
16.11	3.7064
16.12	3.7115
16.13	3.7167
16.14	3.7219
16.15	3.727
16.16	3.7322
16.17	3.7373
16.18	3.7425
16.19	3.7476
16.2	3.7527
16.21	3.7579
16.22	3.763
16.23	3.7681
16.24	3.7732
16.25	3.7783
16.26	3.7834
16.27	3.7885
16.28	3.7936
16.29	3.7987
16.3	3.8038
16.31	3.8089
16.32	3.814
16.33	3.819
16.34	3.8241
16.35	3.8292
16.36	3.8343
16.37	3.8394
16.38	3.8445
16.39	3.8496
16.4	3.8547
16.41	3.8598
16.42	3.8649
16.43	3.87
16.44	3.8751
16.45	3.8802
16.46	3.8853
16.47	3.8904
16.48	3.8955
16.49	3.9007
16.5	3.9058
16.51	3.9109
16.52	3.916
16.53	3.9211
16.54	3.9262
16.55	3.9313
16.56	3.9364
16.57	3.9415
16.58	3.9465
16.59	3.9516
16.6	3.9567
16.61	3.9618
16.62	3.9669
16.63	3.972
16.64	3.9771
16.65	3.9822
16.66	3.9874
16.67	3.9925
16.68	3.9976
16.69	4.0027
16.7	4.0079
16.71	4.013
16.72	4.0181
16.73	4.0233
16.74	4.0284
16.75	4.0335
16.76	4.0387
16.77	4.0438
16.78	4.0489
16.79	4.054
16.8	4.0591
16.81	4.0643
16.82	4.0694
16.83	4.0745
16.84	4.0796
16.85	4.0847
16.86	4.0898
16.87	4.0949
16.88	4.1
16.89	4.1051
16.9	4.1102
16.91	4.1154
16.92	4.1205
16.93	4.1256
16.94	4.1307
16.95	4.1359
16.96	4.141
16.97	4.1462
16.98	4.1513
16.99	4.1565
17	4.1616
17.01	4.1667
17.02	4.1719
17.03	4.177
17.04	4.1822
17.05	4.1873
17.06	4.1925
17.07	4.1976
17.08	4.2028
17.09	4.2079
17.1	4.2131
17.11	4.2182
17.12	4.2234
17.13	4.2285
17.14	4.2336
17.15	4.2388
17.16	4.244
17.17	4.2491
17.18	4.2543
17.19	4.2594
17.2	4.2646
17.21	4.2697
17.22	4.2749
17.23	4.2801
17.24	4.2852
17.25	4.2904
17.26	4.2955
17.27	4.3007
17.28	4.3059
17.29	4.311
17.3	4.3162
17.31	4.3213
17.32	4.3265
17.33	4.3316
17.34	4.3368
17.35	4.3419
17.36	4.3471
17.37	4.3522
17.38	4.3573
17.39	4.3625
17.4	4.3676
17.41	4.3727
17.42	4.3778
17.43	4.3829
17.44	4.388
17.45	4.3931
17.46	4.3982
17.47	4.4033
17.48	4.4084
17.49	4.4135
17.5	4.4185
17.51	4.4236
17.52	4.4287
17.53	4.4338
17.54	4.4389
17.55	4.444
17.56	4.449
17.57	4.4541
17.58	4.4592
17.59	4.4643
17.6	4.4694
17.61	4.4745
17.62	4.4796
17.63	4.4847
17.64	4.4898
17.65	4.4949
17.66	4.5
17.67	4.5051
17.68	4.5102
17.69	4.5153
17.7	4.5204
17.71	4.5255
17.72	4.5306
17.73	4.5357
17.74	4.5409
17.75	4.546
17.76	4.5511
17.77	4.5562
17.78	4.5614
17.79	4.5665
17.8	4.5717
17.81	4.5768
17.82	4.582
17.83	4.5871
17.84	4.5923
17.85	4.5975
17.86	4.6026
17.87	4.6078
17.88	4.613
17.89	4.6181
17.9	4.6233
17.91	4.6285
17.92	4.6337
17.93	4.6388
17.94	4.644
17.95	4.6492
17.96	4.6543
17.97	4.6595
17.98	4.6647
17.99	4.6699
18	4.675
18.01	4.6802
18.02	4.6854
18.03	4.6906
18.04	4.6958
18.05	4.7009
18.06	4.7061
18.07	4.7113
18.08	4.7165
18.09	4.7216
18.1	4.7268
18.11	4.732
18.12	4.7372
18.13	4.7423
18.14	4.7475
18.15	4.7527
18.16	4.7579
18.17	4.763
18.18	4.7682
18.19	4.7734
18.2	4.7786
18.21	4.7837
18.22	4.7889
18.23	4.7941
18.24	4.7992
18.25	4.8044
18.26	4.8096
18.27	4.8147
18.28	4.8199
18.29	4.825
18.3	4.8302
18.31	4.8354
18.32	4.8405
18.33	4.8457
18.34	4.8509
18.35	4.856
18.36	4.8612
18.37	4.8664
18.38	4.8716
18.39	4.8768
18.4	4.882
18.41	4.8872
18.42	4.8924
18.43	4.8976
18.44	4.9028
18.45	4.908
18.46	4.9132
18.47	4.9184
18.48	4.9235
18.49	4.9287
18.5	4.9339
18.51	4.939
18.52	4.9442
18.53	4.9493
18.54	4.9544
18.55	4.9595
18.56	4.9646
18.57	4.9697
18.58	4.9748
18.59	4.9799
18.6	4.9849
18.61	4.99
18.62	4.995
18.63	5
18.64	5.0051
18.65	5.0101
18.66	5.0151
18.67	5.0201
18.68	5.0251
18.69	5.0301
18.7	5.0351
18.71	5.04
18.72	5.045
18.73	5.0499
18.74	5.0549
18.75	5.0598
18.76	5.0647
18.77	5.0696
18.78	5.0745
18.79	5.0793
18.8	5.0842
18.81	5.089
18.82	5.0939
18.83	5.0987
18.84	5.1035
18.85	5.1083
18.86	5.1131
18.87	5.1179
18.88	5.1227
18.89	5.1275
18.9	5.1322
18.91	5.137
18.92	5.1417
18.93	5.1465
18.94	5.1512
18.95	5.156
18.96	5.1607
18.97	5.1655
18.98	5.1702
18.99	5.1749
19	5.1797
19.01	5.1844
19.02	5.1891
19.03	5.1939
19.04	5.1986
19.05	5.2033
19.06	5.2081
19.07	5.2128
19.08	5.2175
19.09	5.2222
19.1	5.2269
19.11	5.2316
19.12	5.2363
19.13	5.241
19.14	5.2457
19.15	5.2504
19.16	5.2551
19.17	5.2598
19.18	5.2645
19.19	5.2692
19.2	5.2739
19.21	5.2785
19.22	5.2832
19.23	5.2879
19.24	5.2925
19.25	5.2972
19.26	5.3018
19.27	5.3065
19.28	5.3111
19.29	5.3158
19.3	5.3204
19.31	5.325
19.32	5.3296
19.33	5.3342
19.34	5.3388
19.35	5.3434
19.36	5.348
19.37	5.3526
19.38	5.3572
19.39	5.3618
19.4	5.3664
19.41	5.3709
19.42	5.3755
19.43	5.3801
19.44	5.3846
19.45	5.3892
19.46	5.3937
19.47	5.3983
19.48	5.4028
19.49	5.4073
19.5	5.4119
19.51	5.4164
19.52	5.4209
19.53	5.4254
19.54	5.4299
19.55	5.4344
19.56	5.439
19.57	5.4435
19.58	5.448
19.59	5.4525
19.6	5.457
19.61	5.4615
19.62	5.466
19.63	5.4705
19.64	5.475
19.65	5.4794
19.66	5.4839
19.67	5.4884
19.68	5.4929
19.69	5.4973
19.7	5.5018
19.71	5.5062
19.72	5.5107
19.73	5.5151
19.74	5.5196
19.75	5.524
19.76	5.5284
19.77	5.5328
19.78	5.5373
19.79	5.5417
19.8	5.5461
19.81	5.5505
19.82	5.5549
19.83	5.5593
19.84	5.5637
19.85	5.5681
19.86	5.5725
19.87	5.5769
19.88	5.5813
19.89	5.5857
19.9	5.5901
19.91	5.5945
19.92	5.5989
19.93	5.6033
19.94	5.6077
19.95	5.6121
19.96	5.6165
19.97	5.6209
19.98	5.6253
19.99	5.6297
20	5.6341
20.01	5.6385
20.02	5.6429
20.03	5.6473
20.04	5.6517
20.05	5.6561
20.06	5.6605
20.07	5.6649
20.08	5.6693
20.09	5.6737
20.1	5.6781
20.11	5.6825
20.12	5.6869
20.13	5.6913
20.14	5.6957
20.15	5.7001
20.16	5.7045
20.17	5.7088
20.18	5.7132
20.19	5.7176
20.2	5.722
20.21	5.7263
20.22	5.7307
20.23	5.7351
20.24	5.7394
20.25	5.7438
20.26	5.7482
20.27	5.7525
20.28	5.7569
20.29	5.7613
20.3	5.7656
20.31	5.77
20.32	5.7744
20.33	5.7788
20.34	5.7831
20.35	5.7875
20.36	5.7919
20.37	5.7963
20.38	5.8007
20.39	5.805
20.4	5.8094
20.41	5.8138
20.42	5.8182
20.43	5.8225
20.44	5.8269
20.45	5.8313
20.46	5.8357
20.47	5.84
20.48	5.8444
20.49	5.8487
20.5	5.8531
20.51	5.8574
20.52	5.8618
20.53	5.8661
20.54	5.8705
20.55	5.8748
20.56	5.8792
20.57	5.8835
20.58	5.8878
20.59	5.8922
20.6	5.8965
20.61	5.9009
20.62	5.9052
20.63	5.9095
20.64	5.9139
20.65	5.9182
20.66	5.9225
20.67	5.9268
20.68	5.9312
20.69	5.9355
20.7	5.9398
20.71	5.9441
20.72	5.9484
20.73	5.9527
20.74	5.9571
20.75	5.9614
20.76	5.9657
20.77	5.97
20.78	5.9743
20.79	5.9786
20.8	5.9829
20.81	5.9872
20.82	5.9915
20.83	5.9958
20.84	6.0001
20.85	6.0044
20.86	6.0087
20.87	6.013
20.88	6.0173
20.89	6.0216
20.9	6.026
20.91	6.0303
20.92	6.0346
20.93	6.0389
20.94	6.0433
20.95	6.0476
20.96	6.0519
20.97	6.0563
20.98	6.0606
20.99	6.065
21	6.0693
21.01	6.0737
21.02	6.078
21.03	6.0823
21.04	6.0867
21.05	6.0911
21.06	6.0954
21.07	6.0998
21.08	6.1041
21.09	6.1085
21.1	6.1128
21.11	6.1172
21.12	6.1215
21.13	6.1259
21.14	6.1303
21.15	6.1346
21.16	6.139
21.17	6.1434
21.18	6.1477
21.19	6.1521
21.2	6.1565
21.21	6.1608
21.22	6.1652
21.23	6.1696
21.24	6.1739
21.25	6.1783
21.26	6.1827
21.27	6.187
21.28	6.1914
21.29	6.1958
21.3	6.2001
21.31	6.2045
21.32	6.2089
21.33	6.2133
21.34	6.2177
21.35	6.222
21.36	6.2264
21.37	6.2309
21.38	6.2353
21.39	6.2397
21.4	6.2441
21.41	6.2485
21.42	6.253
21.43	6.2574
21.44	6.2619
21.45	6.2663
21.46	6.2708
21.47	6.2752
21.48	6.2797
21.49	6.2841
21.5	6.2886
21.51	6.2931
21.52	6.2975
21.53	6.3019
21.54	6.3064
21.55	6.3108
21.56	6.3152
21.57	6.3197
21.58	6.3241
21.59	6.3285
21.6	6.3329
21.61	6.3373
21.62	6.3418
21.63	6.3462
21.64	6.3506
21.65	6.355
21.66	6.3595
21.67	6.3639
21.68	6.3683
21.69	6.3728
21.7	6.3772
21.71	6.3817
21.72	6.3861
21.73	6.3906
21.74	6.3951
21.75	6.3996
21.76	6.4041
21.77	6.4085
21.78	6.413
21.79	6.4175
21.8	6.422
21.81	6.4265
21.82	6.431
21.83	6.4355
21.84	6.44
21.85	6.4445
21.86	6.449
21.87	6.4535
21.88	6.458
21.89	6.4625
21.9	6.467
21.91	6.4716
21.92	6.4761
21.93	6.4806
21.94	6.4851
21.95	6.4896
21.96	6.4941
21.97	6.4987
21.98	6.5032
21.99	6.5077
22	6.5122
22.01	6.5168
22.02	6.5213
22.03	6.5258
22.04	6.5304
22.05	6.5349
22.06	6.5394
22.07	6.544
22.08	6.5485
22.09	6.5531
22.1	6.5576
22.11	6.5622
22.12	6.5667
22.13	6.5712
22.14	6.5758
22.15	6.5803
22.16	6.5848
22.17	6.5894
22.18	6.5939
22.19	6.5984
22.2	6.6029
22.21	6.6075
22.22	6.612
22.23	6.6165
22.24	6.621
22.25	6.6255
22.26	6.63
22.27	6.6345
22.28	6.639
22.29	6.6435
22.3	6.648
22.31	6.6526
22.32	6.6571
22.33	6.6616
22.34	6.6661
22.35	6.6706
22.36	6.6752
22.37	6.6797
22.38	6.6843
22.39	6.6888
22.4	6.6933
22.41	6.6979
22.42	6.7024
22.43	6.707
22.44	6.7116
22.45	6.7161
22.46	6.7207
22.47	6.7252
22.48	6.7298
22.49	6.7343
22.5	6.7389
22.51	6.7435
22.52	6.748
22.53	6.7526
22.54	6.7571
22.55	6.7617
22.56	6.7662
22.57	6.7708
22.58	6.7753
22.59	6.7799
22.6	6.7844
22.61	6.789
22.62	6.7935
22.63	6.7981
22.64	6.8026
22.65	6.8072
22.66	6.8118
22.67	6.8163
22.68	6.8209
22.69	6.8255
22.7	6.83
22.71	6.8346
22.72	6.8392
22.73	6.8438
22.74	6.8484
22.75	6.853
22.76	6.8576
22.77	6.8622
22.78	6.8668
22.79	6.8715
22.8	6.8761
22.81	6.8807
22.82	6.8854
22.83	6.89
22.84	6.8947
22.85	6.8994
22.86	6.904
22.87	6.9087
22.88	6.9134
22.89	6.918
22.9	6.9227
22.91	6.9274
22.92	6.9321
22.93	6.9368
22.94	6.9415
22.95	6.9462
22.96	6.9509
22.97	6.9556
22.98	6.9603
22.99	6.965
23	6.9697
23.01	6.9744
23.02	6.9791
23.03	6.9838
23.04	6.9885
23.05	6.9933
23.06	6.998
23.07	7.0027
23.08	7.0074
23.09	7.0121
23.1	7.0168
23.11	7.0214
23.12	7.0261
23.13	7.0308
23.14	7.0355
23.15	7.0402
23.16	7.0448
23.17	7.0495
23.18	7.0542
23.19	7.0588
23.2	7.0635
23.21	7.0681
23.22	7.0728
23.23	7.0774
23.24	7.0821
23.25	7.0867
23.26	7.0914
23.27	7.096
23.28	7.1007
23.29	7.1053
23.3	7.11
23.31	7.1147
23.32	7.1194
23.33	7.1241
23.34	7.1288
23.35	7.1335
23.36	7.1382
23.37	7.1429
23.38	7.1477
23.39	7.1524
23.4	7.1571
23.41	7.1619
23.42	7.1666
23.43	7.1713
23.44	7.1761
23.45	7.1808
23.46	7.1855
23.47	7.1903
23.48	7.195
23.49	7.1997
23.5	7.2044
23.51	7.2092
23.52	7.2139
23.53	7.2186
23.54	7.2233
23.55	7.2281
23.56	7.2328
23.57	7.2375
23.58	7.2422
23.59	7.247
23.6	7.2517
23.61	7.2564
23.62	7.2612
23.63	7.2659
23.64	7.2706
23.65	7.2754
23.66	7.2801
23.67	7.2849
23.68	7.2896
23.69	7.2944
23.7	7.2992
23.71	7.304
23.72	7.3087
23.73	7.3135
23.74	7.3183
23.75	7.3231
23.76	7.3279
23.77	7.3327
23.78	7.3375
23.79	7.3422
23.8	7.347
23.81	7.3518
23.82	7.3566
23.83	7.3614
23.84	7.3661
23.85	7.3709
23.86	7.3757
23.87	7.3805
23.88	7.3852
23.89	7.39
23.9	7.3948
23.91	7.3995
23.92	7.4043
23.93	7.4091
23.94	7.4139
23.95	7.4187
23.96	7.4235
23.97	7.4283
23.98	7.4331
23.99	7.4379
24	7.4427
24.01	7.4475
24.02	7.4523
24.03	7.4572
24.04	7.462
24.05	7.4668
24.06	7.4717
24.07	7.4765
24.08	7.4813
24.09	7.4862
24.1	7.491
24.11	7.4958
24.12	7.5007
24.13	7.5055
24.14	7.5103
24.15	7.5152
24.16	7.52
24.17	7.5249
24.18	7.5297
24.19	7.5345
24.2	7.5394
24.21	7.5442
24.22	7.5491
24.23	7.5539
24.24	7.5588
24.25	7.5636
24.26	7.5685
24.27	7.5734
24.28	7.5782
24.29	7.5831
24.3	7.588
24.31	7.5928
24.32	7.5977
24.33	7.6026
24.34	7.6075
24.35	7.6123
24.36	7.6172
24.37	7.6221
24.38	7.627
24.39	7.6319
24.4	7.6369
24.41	7.6418
24.42	7.6467
24.43	7.6517
24.44	7.6566
24.45	7.6616
24.46	7.6666
24.47	7.6715
24.48	7.6765
24.49	7.6815
24.5	7.6865
24.51	7.6915
24.52	7.6965
24.53	7.7016
24.54	7.7066
24.55	7.7116
24.56	7.7167
24.57	7.7217
24.58	7.7268
24.59	7.7318
24.6	7.7369
24.61	7.742
24.62	7.7471
24.63	7.7521
24.64	7.7572
24.65	7.7623
24.66	7.7674
24.67	7.7725
24.68	7.7776
24.69	7.7826
24.7	7.7877
24.71	7.7928
24.72	7.7979
24.73	7.803
24.74	7.8081
24.75	7.8132
24.76	7.8183
24.77	7.8233
24.78	7.8284
24.79	7.8335
24.8	7.8386
24.81	7.8437
24.82	7.8488
24.83	7.8539
24.84	7.859
24.85	7.8641
24.86	7.8692
24.87	7.8743
24.88	7.8794
24.89	7.8845
24.9	7.8897
24.91	7.8948
24.92	7.9
24.93	7.9051
24.94	7.9103
24.95	7.9154
24.96	7.9206
24.97	7.9258
24.98	7.9309
24.99	7.9361
25	7.9413
25.01	7.9465
25.02	7.9516
25.03	7.9568
25.04	7.962
25.05	7.9671
25.06	7.9723
25.07	7.9775
25.08	7.9826
25.09	7.9878
25.1	7.993
25.11	7.9981
25.12	8.0033
25.13	8.0085
25.14	8.0137
25.15	8.0189
25.16	8.024
25.17	8.0292
25.18	8.0344
25.19	8.0396
25.2	8.0448
25.21	8.05
25.22	8.0552
25.23	8.0604
25.24	8.0657
25.25	8.0709
25.26	8.0761
25.27	8.0814
25.28	8.0866
25.29	8.0919
25.3	8.0972
25.31	8.1025
25.32	8.1078
25.33	8.1131
25.34	8.1184
25.35	8.1237
25.36	8.129
25.37	8.1344
25.38	8.1397
25.39	8.1451
25.4	8.1504
25.41	8.1558
25.42	8.1611
25.43	8.1665
25.44	8.1719
25.45	8.1773
25.46	8.1827
25.47	8.1881
25.48	8.1935
25.49	8.1989
25.5	8.2043
25.51	8.2097
25.52	8.2152
25.53	8.2206
25.54	8.2261
25.55	8.2315
25.56	8.237
25.57	8.2425
25.58	8.248
25.59	8.2534
25.6	8.2589
25.61	8.2644
25.62	8.2699
25.63	8.2754
25.64	8.281
25.65	8.2865
25.66	8.292
25.67	8.2975
25.68	8.303
25.69	8.3085
25.7	8.314
25.71	8.3195
25.72	8.325
25.73	8.3305
25.74	8.3361
25.75	8.3416
25.76	8.3471
25.77	8.3527
25.78	8.3582
25.79	8.3638
25.8	8.3694
25.81	8.3749
25.82	8.3805
25.83	8.3861
25.84	8.3917
25.85	8.3973
25.86	8.4029
25.87	8.4086
25.88	8.4142
25.89	8.4198
25.9	8.4254
25.91	8.431
25.92	8.4367
25.93	8.4423
25.94	8.4479
25.95	8.4536
25.96	8.4592
25.97	8.4648
25.98	8.4705
25.99	8.4761
26	8.4818
26.01	8.4874
26.02	8.4931
26.03	8.4987
26.04	8.5044
26.05	8.5101
26.06	8.5158
26.07	8.5215
26.08	8.5272
26.09	8.5329
26.1	8.5386
26.11	8.5443
26.12	8.55
26.13	8.5557
26.14	8.5615
26.15	8.5672
26.16	8.573
26.17	8.5787
26.18	8.5845
26.19	8.5903
26.2	8.5961
26.21	8.6019
26.22	8.6077
26.23	8.6135
26.24	8.6193
26.25	8.6251
26.26	8.6309
26.27	8.6367
26.28	8.6426
26.29	8.6484
26.3	8.6543
26.31	8.6601
26.32	8.6659
26.33	8.6718
26.34	8.6776
26.35	8.6835
26.36	8.6894
26.37	8.6952
26.38	8.7011
26.39	8.7069
26.4	8.7128
26.41	8.7186
26.42	8.7245
26.43	8.7303
26.44	8.7362
26.45	8.7421
26.46	8.7479
26.47	8.7538
26.48	8.7596
26.49	8.7654
26.5	8.7713
26.51	8.7771
26.52	8.7829
26.53	8.7888
26.54	8.7946
26.55	8.8004
26.56	8.8062
26.57	8.812
26.58	8.8178
26.59	8.8235
26.6	8.8293
26.61	8.8351
26.62	8.8408
26.63	8.8466
26.64	8.8523
26.65	8.858
26.66	8.8637
26.67	8.8694
26.68	8.8751
26.69	8.8808
26.7	8.8865
26.71	8.8921
26.72	8.8977
26.73	8.9034
26.74	8.909
26.75	8.9146
26.76	8.9202
26.77	8.9257
26.78	8.9313
26.79	8.9369
26.8	8.9424
26.81	8.9479
26.82	8.9535
26.83	8.959
26.84	8.9645
26.85	8.97
26.86	8.9754
26.87	8.9809
26.88	8.9863
26.89	8.9918
26.9	8.9972
26.91	9.0026
26.92	9.008
26.93	9.0134
26.94	9.0188
26.95	9.0241
26.96	9.0295
26.97	9.0348
26.98	9.0401
26.99	9.0455
27	9.0507
27.01	9.056
27.02	9.0613
27.03	9.0665
27.04	9.0718
27.05	9.077
27.06	9.0822
27.07	9.0874
27.08	9.0926
27.09	9.0978
27.1	9.103
27.11	9.1081
27.12	9.1133
27.13	9.1185
27.14	9.1236
27.15	9.1288
27.16	9.1339
27.17	9.139
27.18	9.1442
27.19	9.1493
27.2	9.1544
27.21	9.1595
27.22	9.1646
27.23	9.1697
27.24	9.1748
27.25	9.1799
27.26	9.185
27.27	9.19
27.28	9.1951
27.29	9.2001
27.3	9.2052
27.31	9.2102
27.32	9.2152
27.33	9.2202
27.34	9.2252
27.35	9.2302
27.36	9.2352
27.37	9.2401
27.38	9.2451
27.39	9.25
27.4	9.2549
27.41	9.2598
27.42	9.2647
27.43	9.2696
27.44	9.2745
27.45	9.2793
27.46	9.2842
27.47	9.289
27.48	9.2938
27.49	9.2986
27.5	9.3034
27.51	9.3081
27.52	9.3129
27.53	9.3177
27.54	9.3224
27.55	9.3271
27.56	9.3319
27.57	9.3366
27.58	9.3413
27.59	9.346
27.6	9.3507
27.61	9.3555
27.62	9.3602
27.63	9.3649
27.64	9.3696
27.65	9.3743
27.66	9.379
27.67	9.3837
27.68	9.3884
27.69	9.393
27.7	9.3977
27.71	9.4024
27.72	9.4071
27.73	9.4117
27.74	9.4164
27.75	9.421
27.76	9.4256
27.77	9.4303
27.78	9.4349
27.79	9.4395
27.8	9.4441
27.81	9.4487
27.82	9.4533
27.83	9.4579
27.84	9.4625
27.85	9.467
27.86	9.4716
27.87	9.4761
27.88	9.4807
27.89	9.4852
27.9	9.4897
27.91	9.4942
27.92	9.4987
27.93	9.5032
27.94	9.5077
27.95	9.5121
27.96	9.5165
27.97	9.521
27.98	9.5254
27.99	9.5297
28	9.5341
28.01	9.5385
28.02	9.5428
28.03	9.5471
28.04	9.5514
28.05	9.5557
28.06	9.56
28.07	9.5643
28.08	9.5685
28.09	9.5727
28.1	9.577
28.11	9.5812
28.12	9.5854
28.13	9.5896
28.14	9.5937
28.15	9.5979
28.16	9.602
28.17	9.6062
28.18	9.6103
28.19	9.6144
28.2	9.6186
28.21	9.6227
28.22	9.6267
28.23	9.6308
28.24	9.6349
28.25	9.639
28.26	9.643
28.27	9.6471
28.28	9.6511
28.29	9.6551
28.3	9.6591
28.31	9.6631
28.32	9.6671
28.33	9.6711
28.34	9.6751
28.35	9.679
28.36	9.683
28.37	9.6869
28.38	9.6909
28.39	9.6948
28.4	9.6987
28.41	9.7026
28.42	9.7065
28.43	9.7104
28.44	9.7143
28.45	9.7181
28.46	9.7219
28.47	9.7258
28.48	9.7296
28.49	9.7334
28.5	9.7372
28.51	9.7409
28.52	9.7447
28.53	9.7485
28.54	9.7522
28.55	9.7559
28.56	9.7596
28.57	9.7633
28.58	9.767
28.59	9.7707
28.6	9.7743
28.61	9.778
28.62	9.7816
28.63	9.7852
28.64	9.7888
28.65	9.7924
28.66	9.796
28.67	9.7996
28.68	9.8032
28.69	9.8068
28.7	9.8103
28.71	9.8139
28.72	9.8174
28.73	9.8209
28.74	9.8245
28.75	9.828
28.76	9.8315
28.77	9.835
28.78	9.8385
28.79	9.842
28.8	9.8455
28.81	9.8489
28.82	9.8524
28.83	9.8558
28.84	9.8593
28.85	9.8627
28.86	9.8661
28.87	9.8695
28.88	9.8729
28.89	9.8763
28.9	9.8797
28.91	9.883
28.92	9.8864
28.93	9.8898
28.94	9.8931
28.95	9.8965
28.96	9.8998
28.97	9.9031
28.98	9.9064
28.99	9.9098
29	9.9131
29.01	9.9163
29.02	9.9196
29.03	9.9229
29.04	9.9261
29.05	9.9294
29.06	9.9326
29.07	9.9358
29.08	9.939
29.09	9.9422
29.1	9.9454
29.11	9.9486
29.12	9.9518
29.13	9.955
29.14	9.9581
29.15	9.9613
29.16	9.9644
29.17	9.9675
29.18	9.9707
29.19	9.9738
29.2	9.9769
29.21	9.9801
29.22	9.9832
29.23	9.9863
29.24	9.9894
29.25	9.9925
29.26	9.9956
29.27	9.9987
29.28	10.001
29.29	10.004
29.3	10.008
29.31	10.011
29.32	10.014
29.33	10.017
29.34	10.02
29.35	10.023
29.36	10.026
29.37	10.029
29.38	10.032
29.39	10.035
29.4	10.038
29.41	10.041
29.42	10.044
29.43	10.047
29.44	10.05
29.45	10.053
29.46	10.056
29.47	10.059
29.48	10.062
29.49	10.065
29.5	10.068
29.51	10.071
29.52	10.074
29.53	10.077
29.54	10.08
29.55	10.083
29.56	10.085
29.57	10.088
29.58	10.091
29.59	10.094
29.6	10.097
29.61	10.1
29.62	10.103
29.63	10.106
29.64	10.108
29.65	10.111
29.66	10.114
29.67	10.117
29.68	10.12
29.69	10.123
29.7	10.125
29.71	10.128
29.72	10.131
29.73	10.134
29.74	10.137
29.75	10.14
29.76	10.142
29.77	10.145
29.78	10.148
29.79	10.151
29.8	10.154
29.81	10.156
29.82	10.159
29.83	10.162
29.84	10.165
29.85	10.167
29.86	10.17
29.87	10.173
29.88	10.176
29.89	10.178
29.9	10.181
29.91	10.184
29.92	10.187
29.93	10.189
29.94	10.192
29.95	10.195
29.96	10.198
29.97	10.2
29.98	10.203
29.99	10.206
30	10.208
30.01	10.211
30.02	10.214
30.03	10.216
30.04	10.219
30.05	10.222
30.06	10.225
30.07	10.227
30.08	10.23
30.09	10.233
30.1	10.235
30.11	10.238
30.12	10.241
30.13	10.243
30.14	10.246
30.15	10.249
30.16	10.251
30.17	10.254
30.18	10.257
30.19	10.259
30.2	10.262
30.21	10.265
30.22	10.267
30.23	10.27
30.24	10.273
30.25	10.275
30.26	10.278
30.27	10.281
30.28	10.283
30.29	10.286
30.3	10.289
30.31	10.292
30.32	10.294
30.33	10.297
30.34	10.3
30.35	10.302
30.36	10.305
30.37	10.308
30.38	10.31
30.39	10.313
30.4	10.316
30.41	10.318
30.42	10.321
30.43	10.324
30.44	10.326
30.45	10.329
30.46	10.332
30.47	10.334
30.48	10.337
30.49	10.34
30.5	10.342
30.51	10.345
30.52	10.348
30.53	10.35
30.54	10.353
30.55	10.356
30.56	10.358
30.57	10.361
30.58	10.364
30.59	10.366
30.6	10.369
30.61	10.372
30.62	10.374
30.63	10.377
30.64	10.38
30.65	10.383
30.66	10.385
30.67	10.388
30.68	10.391
30.69	10.393
30.7	10.396
30.71	10.399
30.72	10.402
30.73	10.404
30.74	10.407
30.75	10.41
30.76	10.412
30.77	10.415
30.78	10.418
30.79	10.421
30.8	10.423
30.81	10.426
30.82	10.429
30.83	10.431
30.84	10.434
30.85	10.437
30.86	10.439
30.87	10.442
30.88	10.445
30.89	10.447
30.9	10.45
30.91	10.453
30.92	10.455
30.93	10.458
30.94	10.461
30.95	10.464
30.96	10.466
30.97	10.469
30.98	10.472
30.99	10.474
31	10.477
31.01	10.48
31.02	10.482
31.03	10.485
31.04	10.488
31.05	10.49
31.06	10.493
31.07	10.496
31.08	10.498
31.09	10.501
31.1	10.504
31.11	10.506
31.12	10.509
31.13	10.512
31.14	10.515
31.15	10.517
31.16	10.52
31.17	10.523
31.18	10.525
31.19	10.528
31.2	10.531
31.21	10.534
31.22	10.536
31.23	10.539
31.24	10.542
31.25	10.545
31.26	10.547
31.27	10.55
31.28	10.553
31.29	10.556
31.3	10.558
31.31	10.561
31.32	10.564
31.33	10.567
31.34	10.569
31.35	10.572
31.36	10.575
31.37	10.578
31.38	10.58
31.39	10.583
31.4	10.586
31.41	10.589
31.42	10.592
31.43	10.594
31.44	10.597
31.45	10.6
31.46	10.603
31.47	10.606
31.48	10.609
31.49	10.611
31.5	10.614
31.51	10.617
31.52	10.62
31.53	10.623
31.54	10.625
31.55	10.628
31.56	10.631
31.57	10.634
31.58	10.637
31.59	10.64
31.6	10.642
31.61	10.645
31.62	10.648
31.63	10.651
31.64	10.654
31.65	10.656
31.66	10.659
31.67	10.662
31.68	10.665
31.69	10.668
31.7	10.67
31.71	10.673
31.72	10.676
31.73	10.679
31.74	10.682
31.75	10.684
31.76	10.687
31.77	10.69
31.78	10.693
31.79	10.695
31.8	10.698
31.81	10.701
31.82	10.704
31.83	10.706
31.84	10.709
31.85	10.712
31.86	10.715
31.87	10.717
31.88	10.72
31.89	10.723
31.9	10.726
31.91	10.729
31.92	10.731
31.93	10.734
31.94	10.737
31.95	10.739
31.96	10.742
31.97	10.745
31.98	10.748
31.99	10.75
32	10.753
32.01	10.756
32.02	10.758
32.03	10.761
32.04	10.764
32.05	10.766
32.06	10.769
32.07	10.772
32.08	10.774
32.09	10.777
32.1	10.78
32.11	10.782
32.12	10.785
32.13	10.787
32.14	10.79
32.15	10.792
32.16	10.795
32.17	10.797
32.18	10.8
32.19	10.802
32.2	10.805
32.21	10.807
32.22	10.81
32.23	10.812
32.24	10.815
32.25	10.817
32.26	10.819
32.27	10.822
32.28	10.824
32.29	10.827
32.3	10.829
32.31	10.831
32.32	10.833
32.33	10.836
32.34	10.838
32.35	10.84
32.36	10.842
32.37	10.845
32.38	10.847
32.39	10.849
32.4	10.851
32.41	10.853
32.42	10.856
32.43	10.858
32.44	10.86
32.45	10.862
32.46	10.864
32.47	10.866
32.48	10.868
32.49	10.87
32.5	10.873
32.51	10.875
32.52	10.877
32.53	10.879
32.54	10.881
32.55	10.883
32.56	10.885
32.57	10.887
32.58	10.889
32.59	10.891
32.6	10.893
32.61	10.894
32.62	10.896
32.63	10.898
32.64	10.9
32.65	10.902
32.66	10.904
32.67	10.906
32.68	10.908
32.69	10.909
32.7	10.911
32.71	10.913
32.72	10.915
32.73	10.917
32.74	10.918
32.75	10.92
32.76	10.922
32.77	10.924
32.78	10.925
32.79	10.927
32.8	10.929
32.81	10.931
32.82	10.932
32.83	10.934
32.84	10.936
32.85	10.937
32.86	10.939
32.87	10.941
32.88	10.943
32.89	10.944
32.9	10.946
32.91	10.948
32.92	10.949
32.93	10.951
32.94	10.952
32.95	10.954
32.96	10.956
32.97	10.957
32.98	10.959
32.99	10.961
33	10.962
33.01	10.964
33.02	10.966
33.03	10.967
33.04	10.969
33.05	10.971
33.06	10.972
33.07	10.974
33.08	10.975
33.09	10.977
33.1	10.979
33.11	10.98
33.12	10.982
33.13	10.984
33.14	10.985
33.15	10.987
33.16	10.988
33.17	10.99
33.18	10.992
33.19	10.993
33.2	10.995
33.21	10.997
33.22	10.998
33.23	11
33.24	11.001
33.25	11.003
33.26	11.005
33.27	11.006
33.28	11.008
33.29	11.009
33.3	11.011
33.31	11.012
33.32	11.014
33.33	11.016
33.34	11.017
33.35	11.019
33.36	11.02
33.37	11.022
33.38	11.023
33.39	11.025
33.4	11.027
33.41	11.028
33.42	11.03
33.43	11.031
33.44	11.033
33.45	11.034
33.46	11.036
33.47	11.038
33.48	11.039
33.49	11.041
33.5	11.042
33.51	11.044
33.52	11.045
33.53	11.047
33.54	11.048
33.55	11.05
33.56	11.051
33.57	11.053
33.58	11.054
33.59	11.056
33.6	11.058
33.61	11.059
33.62	11.061
33.63	11.062
33.64	11.064
33.65	11.065
33.66	11.067
33.67	11.068
33.68	11.07
33.69	11.071
33.7	11.073
33.71	11.074
33.72	11.076
33.73	11.077
33.74	11.078
33.75	11.08
33.76	11.081
33.77	11.083
33.78	11.084
33.79	11.086
33.8	11.087
33.81	11.089
33.82	11.09
33.83	11.091
33.84	11.093
33.85	11.094
33.86	11.096
33.87	11.097
33.88	11.098
33.89	11.1
33.9	11.101
33.91	11.102
33.92	11.104
33.93	11.105
33.94	11.107
33.95	11.108
33.96	11.109
33.97	11.111
33.98	11.112
33.99	11.113
34	11.115
34.01	11.116
34.02	11.118
34.03	11.119
34.04	11.12
34.05	11.122
34.06	11.123
34.07	11.124
34.08	11.126
34.09	11.127
34.1	11.128
34.11	11.13
34.12	11.131
34.13	11.132
34.14	11.133
34.15	11.135
34.16	11.136
34.17	11.137
34.18	11.139
34.19	11.14
34.2	11.141
34.21	11.143
34.22	11.144
34.23	11.145
34.24	11.146
34.25	11.148
34.26	11.149
34.27	11.15
34.28	11.151
34.29	11.153
34.3	11.154
34.31	11.155
34.32	11.156
34.33	11.158
34.34	11.159
34.35	11.16
34.36	11.161
34.37	11.162
34.38	11.164
34.39	11.165
34.4	11.166
34.41	11.167
34.42	11.169
34.43	11.17
34.44	11.171
34.45	11.172
34.46	11.173
34.47	11.175
34.48	11.176
34.49	11.177
34.5	11.178
34.51	11.179
34.52	11.18
34.53	11.182
34.54	11.183
34.55	11.184
34.56	11.185
34.57	11.186
34.58	11.187
34.59	11.189
34.6	11.19
34.61	11.191
34.62	11.192
34.63	11.193
34.64	11.194
34.65	11.196
34.66	11.197
34.67	11.198
34.68	11.199
34.69	11.2
34.7	11.201
34.71	11.203
34.72	11.204
34.73	11.205
34.74	11.206
34.75	11.207
34.76	11.208
34.77	11.209
34.78	11.211
34.79	11.212
34.8	11.213
34.81	11.214
34.82	11.215
34.83	11.216
34.84	11.217
34.85	11.218
34.86	11.22
34.87	11.221
34.88	11.222
34.89	11.223
34.9	11.224
34.91	11.225
34.92	11.226
34.93	11.227
34.94	11.228
34.95	11.229
34.96	11.231
34.97	11.232
34.98	11.233
34.99	11.234
35	11.235
35.01	11.236
35.02	11.237
35.03	11.238
35.04	11.239
35.05	11.241
35.06	11.242
35.07	11.243
35.08	11.244
35.09	11.245
35.1	11.246
35.11	11.247
35.12	11.248
35.13	11.249
35.14	11.25
35.15	11.252
35.16	11.253
35.17	11.254
35.18	11.255
35.19	11.256
35.2	11.257
35.21	11.258
35.22	11.259
35.23	11.26
35.24	11.261
35.25	11.262
35.26	11.263
35.27	11.264
35.28	11.265
35.29	11.266
35.3	11.267
35.31	11.268
35.32	11.269
35.33	11.27
35.34	11.271
35.35	11.272
35.36	11.273
35.37	11.274
35.38	11.275
35.39	11.276
35.4	11.277
35.41	11.278
35.42	11.279
35.43	11.28
35.44	11.281
35.45	11.282
35.46	11.283
35.47	11.284
35.48	11.285
35.49	11.286
35.5	11.287
35.51	11.288
35.52	11.289
35.53	11.29
35.54	11.291
35.55	11.292
35.56	11.293
35.57	11.294
35.58	11.295
35.59	11.296
35.6	11.297
35.61	11.298
35.62	11.299
35.63	11.3
35.64	11.301
35.65	11.301
35.66	11.302
35.67	11.303
35.68	11.304
35.69	11.305
35.7	11.306
35.71	11.307
35.72	11.308
35.73	11.309
35.74	11.31
35.75	11.311
35.76	11.312
35.77	11.312
35.78	11.313
35.79	11.314
35.8	11.315
35.81	11.316
35.82	11.317
35.83	11.318
35.84	11.319
35.85	11.32
35.86	11.32
35.87	11.321
35.88	11.322
35.89	11.323
35.9	11.324
35.91	11.325
35.92	11.326
35.93	11.327
35.94	11.327
35.95	11.328
35.96	11.329
35.97	11.33
35.98	11.331
35.99	11.332
36	11.333
36.01	11.333
36.02	11.334
36.03	11.335
36.04	11.336
36.05	11.337
36.06	11.337
36.07	11.338
36.08	11.339
36.09	11.34
36.1	11.341
36.11	11.342
36.12	11.342
36.13	11.343
36.14	11.344
36.15	11.345
36.16	11.346
36.17	11.346
36.18	11.347
36.19	11.348
36.2	11.349
36.21	11.35
36.22	11.35
36.23	11.351
36.24	11.352
36.25	11.353
36.26	11.353
36.27	11.354
36.28	11.355
36.29	11.356
36.3	11.357
36.31	11.357
36.32	11.358
36.33	11.359
36.34	11.36
36.35	11.36
36.36	11.361
36.37	11.362
36.38	11.363
36.39	11.364
36.4	11.364
36.41	11.365
36.42	11.366
36.43	11.367
36.44	11.367
36.45	11.368
36.46	11.369
36.47	11.37
36.48	11.371
36.49	11.371
36.5	11.372
36.51	11.373
36.52	11.374
36.53	11.375
36.54	11.375
36.55	11.376
36.56	11.377
36.57	11.378
36.58	11.378
36.59	11.379
36.6	11.38
36.61	11.381
36.62	11.382
36.63	11.382
36.64	11.383
36.65	11.384
36.66	11.385
36.67	11.386
36.68	11.386
36.69	11.387
36.7	11.388
36.71	11.389
36.72	11.39
36.73	11.39
36.74	11.391
36.75	11.392
36.76	11.393
36.77	11.394
36.78	11.394
36.79	11.395
36.8	11.396
36.81	11.397
36.82	11.398
36.83	11.398
36.84	11.399
36.85	11.4
36.86	11.401
36.87	11.402
36.88	11.402
36.89	11.403
36.9	11.404
36.91	11.405
36.92	11.406
36.93	11.406
36.94	11.407
36.95	11.408
36.96	11.409
36.97	11.41
36.98	11.411
36.99	11.411
37	11.412
37.01	11.413
37.02	11.414
37.03	11.415
37.04	11.415
37.05	11.416
37.06	11.417
37.07	11.418
37.08	11.419
37.09	11.42
37.1	11.42
37.11	11.421
37.12	11.422
37.13	11.423
37.14	11.424
37.15	11.425
37.16	11.425
37.17	11.426
37.18	11.427
37.19	11.428
37.2	11.429
37.21	11.43
37.22	11.43
37.23	11.431
37.24	11.432
37.25	11.433
37.26	11.434
37.27	11.435
37.28	11.436
37.29	11.436
37.3	11.437
37.31	11.438
37.32	11.439
37.33	11.44
37.34	11.441
37.35	11.442
37.36	11.442
37.37	11.443
37.38	11.444
37.39	11.445
37.4	11.446
37.41	11.447
37.42	11.448
37.43	11.449
37.44	11.449
37.45	11.45
37.46	11.451
37.47	11.452
37.48	11.453
37.49	11.454
37.5	11.455
37.51	11.456
37.52	11.456
37.53	11.457
37.54	11.458
37.55	11.459
37.56	11.46
37.57	11.461
37.58	11.462
37.59	11.463
37.6	11.464
37.61	11.464
37.62	11.465
37.63	11.466
37.64	11.467
37.65	11.468
37.66	11.469
37.67	11.47
37.68	11.471
37.69	11.472
37.7	11.473
37.71	11.474
37.72	11.475
37.73	11.475
37.74	11.476
37.75	11.477
37.76	11.478
37.77	11.479
37.78	11.48
37.79	11.481
37.8	11.482
37.81	11.483
37.82	11.484
37.83	11.485
37.84	11.486
37.85	11.486
37.86	11.487
37.87	11.488
37.88	11.489
37.89	11.49
37.9	11.491
37.91	11.492
37.92	11.493
37.93	11.494
37.94	11.495
37.95	11.496
37.96	11.497
37.97	11.498
37.98	11.499
37.99	11.5
38	11.501
38.01	11.502
38.02	11.503
38.03	11.503
38.04	11.504
38.05	11.505
38.06	11.506
38.07	11.507
38.08	11.508
38.09	11.509
38.1	11.51
38.11	11.511
38.12	11.512
38.13	11.513
38.14	11.514
38.15	11.515
38.16	11.516
38.17	11.517
38.18	11.518
38.19	11.519
38.2	11.52
38.21	11.521
38.22	11.522
38.23	11.523
38.24	11.524
38.25	11.525
38.26	11.526
38.27	11.527
38.28	11.527
38.29	11.528
38.3	11.529
38.31	11.53
38.32	11.531
38.33	11.532
38.34	11.533
38.35	11.534
38.36	11.535
38.37	11.536
38.38	11.537
38.39	11.539
38.4	11.54
38.41	11.541
38.42	11.542
38.43	11.543
38.44	11.544
38.45	11.545
38.46	11.546
38.47	11.547
38.48	11.548
38.49	11.549
38.5	11.55
38.51	11.551
38.52	11.552
38.53	11.553
38.54	11.554
38.55	11.555
38.56	11.556
38.57	11.557
38.58	11.558
38.59	11.559
38.6	11.56
38.61	11.561
38.62	11.563
38.63	11.564
38.64	11.565
38.65	11.566
38.66	11.567
38.67	11.568
38.68	11.569
38.69	11.57
38.7	11.571
38.71	11.572
38.72	11.573
38.73	11.574
38.74	11.575
38.75	11.576
38.76	11.578
38.77	11.579
38.78	11.58
38.79	11.581
38.8	11.582
38.81	11.583
38.82	11.584
38.83	11.585
38.84	11.586
38.85	11.587
38.86	11.589
38.87	11.59
38.88	11.591
38.89	11.592
38.9	11.593
38.91	11.594
38.92	11.595
38.93	11.596
38.94	11.597
38.95	11.599
38.96	11.6
38.97	11.601
38.98	11.602
38.99	11.603
39	11.604
39.01	11.605
39.02	11.606
39.03	11.608
39.04	11.609
39.05	11.61
39.06	11.611
39.07	11.612
39.08	11.613
39.09	11.614
39.1	11.616
39.11	11.617
39.12	11.618
39.13	11.619
39.14	11.62
39.15	11.621
39.16	11.622
39.17	11.624
39.18	11.625
39.19	11.626
39.2	11.627
39.21	11.628
39.22	11.629
39.23	11.631
39.24	11.632
39.25	11.633
39.26	11.634
39.27	11.635
39.28	11.636
39.29	11.637
39.3	11.639
39.31	11.64
39.32	11.641
39.33	11.642
39.34	11.643
39.35	11.644
39.36	11.646
39.37	11.647
39.38	11.648
39.39	11.649
39.4	11.65
39.41	11.652
39.42	11.653
39.43	11.654
39.44	11.655
39.45	11.656
39.46	11.657
39.47	11.659
39.48	11.66
39.49	11.661
39.5	11.662
39.51	11.663
39.52	11.664
39.53	11.666
39.54	11.667
39.55	11.668
39.56	11.669
39.57	11.67
39.58	11.672
39.59	11.673
39.6	11.674
39.61	11.675
39.62	11.677
39.63	11.678
39.64	11.679
39.65	11.68
39.66	11.682
39.67	11.683
39.68	11.684
39.69	11.685
39.7	11.687
39.71	11.688
39.72	11.689
39.73	11.69
39.74	11.692
39.75	11.693
39.76	11.694
39.77	11.696
39.78	11.697
39.79	11.698
39.8	11.7
39.81	11.701
39.82	11.702
39.83	11.703
39.84	11.705
39.85	11.706
39.86	11.707
39.87	11.708
39.88	11.71
39.89	11.711
39.9	11.712
39.91	11.714
39.92	11.715
39.93	11.716
39.94	11.717
39.95	11.719
39.96	11.72
39.97	11.721
39.98	11.723
39.99	11.724
40	11.725
40.01	11.726
40.02	11.728
40.03	11.729
40.04	11.73
40.05	11.732
40.06	11.733
40.07	11.734
40.08	11.736
40.09	11.737
40.1	11.738
40.11	11.74
40.12	11.741
40.13	11.742
40.14	11.744
40.15	11.745
40.16	11.746
40.17	11.747
40.18	11.749
40.19	11.75
40.2	11.751
40.21	11.753
40.22	11.754
40.23	11.755
40.24	11.757
40.25	11.758
40.26	11.759
40.27	11.761
40.28	11.762
40.29	11.763
40.3	11.765
40.31	11.766
40.32	11.768
40.33	11.769
40.34	11.77
40.35	11.772
40.36	11.773
40.37	11.774
40.38	11.776
40.39	11.777
40.4	11.779
40.41	11.78
40.42	11.781
40.43	11.783
40.44	11.784
40.45	11.785
40.46	11.787
40.47	11.788
40.48	11.79
40.49	11.791
40.5	11.792
40.51	11.794
40.52	11.795
40.53	11.797
40.54	11.798
40.55	11.799
40.56	11.801
40.57	11.802
40.58	11.804
40.59	11.805
40.6	11.807
40.61	11.808
40.62	11.809
40.63	11.811
40.64	11.812
40.65	11.814
40.66	11.815
40.67	11.817
40.68	11.818
40.69	11.819
40.7	11.821
40.71	11.822
40.72	11.824
40.73	11.825
40.74	11.826
40.75	11.828
40.76	11.829
40.77	11.831
40.78	11.832
40.79	11.833
40.8	11.835
40.81	11.836
40.82	11.838
40.83	11.839
40.84	11.84
40.85	11.842
40.86	11.843
40.87	11.845
40.88	11.846
40.89	11.847
40.9	11.849
40.91	11.85
40.92	11.852
40.93	11.853
40.94	11.855
40.95	11.856
40.96	11.857
40.97	11.859
40.98	11.86
40.99	11.862
41	11.863
41.01	11.865
41.02	11.866
41.03	11.867
41.04	11.869
41.05	11.87
41.06	11.872
41.07	11.873
41.08	11.874
41.09	11.876
41.1	11.877
41.11	11.879
41.12	11.88
41.13	11.882
41.14	11.883
41.15	11.884
41.16	11.886
41.17	11.887
41.18	11.889
41.19	11.89
41.2	11.892
41.21	11.893
41.22	11.895
41.23	11.896
41.24	11.897
41.25	11.899
41.26	11.9
41.27	11.902
41.28	11.903
41.29	11.905
41.3	11.906
41.31	11.908
41.32	11.909
41.33	11.911
41.34	11.912
41.35	11.914
41.36	11.915
41.37	11.917
41.38	11.918
41.39	11.919
41.4	11.921
41.41	11.922
41.42	11.924
41.43	11.925
41.44	11.927
41.45	11.928
41.46	11.93
41.47	11.931
41.48	11.933
41.49	11.934
41.5	11.936
41.51	11.937
41.52	11.939
41.53	11.94
41.54	11.942
41.55	11.943
41.56	11.945
41.57	11.946
41.58	11.948
41.59	11.949
41.6	11.951
41.61	11.952
41.62	11.954
41.63	11.956
41.64	11.957
41.65	11.959
41.66	11.96
41.67	11.962
41.68	11.963
41.69	11.965
41.7	11.966
41.71	11.968
41.72	11.969
41.73	11.971
41.74	11.973
41.75	11.974
41.76	11.976
41.77	11.977
41.78	11.979
41.79	11.98
41.8	11.982
41.81	11.983
41.82	11.985
41.83	11.986
41.84	11.988
41.85	11.989
41.86	11.991
41.87	11.992
41.88	11.994
41.89	11.995
41.9	11.997
41.91	11.999
41.92	12
41.93	12.002
41.94	12.003
41.95	12.005
41.96	12.006
41.97	12.008
41.98	12.01
41.99	12.011
42	12.013
42.01	12.014
42.02	12.016
42.03	12.017
42.04	12.019
42.05	12.021
42.06	12.022
42.07	12.024
42.08	12.025
42.09	12.027
42.1	12.029
42.11	12.03
42.12	12.032
42.13	12.033
42.14	12.035
42.15	12.036
42.16	12.038
42.17	12.04
42.18	12.041
42.19	12.043
42.2	12.044
42.21	12.046
42.22	12.047
42.23	12.049
42.24	12.051
42.25	12.052
42.26	12.054
42.27	12.055
42.28	12.057
42.29	12.059
42.3	12.06
42.31	12.062
42.32	12.063
42.33	12.065
42.34	12.067
42.35	12.068
42.36	12.07
42.37	12.072
42.38	12.073
42.39	12.075
42.4	12.076
42.41	12.078
42.42	12.08
42.43	12.081
42.44	12.083
42.45	12.085
42.46	12.086
42.47	12.088
42.48	12.09
42.49	12.091
42.5	12.093
42.51	12.095
42.52	12.096
42.53	12.098
42.54	12.099
42.55	12.101
42.56	12.103
42.57	12.104
42.58	12.106
42.59	12.107
42.6	12.109
42.61	12.111
42.62	12.112
42.63	12.114
42.64	12.115
42.65	12.117
42.66	12.119
42.67	12.12
42.68	12.122
42.69	12.123
42.7	12.125
42.71	12.127
42.72	12.128
42.73	12.13
42.74	12.131
42.75	12.133
42.76	12.135
42.77	12.136
42.78	12.138
42.79	12.139
42.8	12.141
42.81	12.143
42.82	12.144
42.83	12.146
42.84	12.148
42.85	12.149
42.86	12.151
42.87	12.152
42.88	12.154
42.89	12.156
42.9	12.157
42.91	12.159
42.92	12.161
42.93	12.162
42.94	12.164
42.95	12.165
42.96	12.167
42.97	12.169
42.98	12.17
42.99	12.172
43	12.174
43.01	12.175
43.02	12.177
43.03	12.178
43.04	12.18
43.05	12.182
43.06	12.183
43.07	12.185
43.08	12.187
43.09	12.188
43.1	12.19
43.11	12.191
43.12	12.193
43.13	12.195
43.14	12.196
43.15	12.198
43.16	12.199
43.17	12.201
43.18	12.203
43.19	12.204
43.2	12.206
43.21	12.208
43.22	12.209
43.23	12.211
43.24	12.212
43.25	12.214
43.26	12.216
43.27	12.217
43.28	12.219
43.29	12.221
43.3	12.222
43.31	12.224
43.32	12.225
43.33	12.227
43.34	12.229
43.35	12.23
43.36	12.232
43.37	12.233
43.38	12.235
43.39	12.236
43.4	12.238
43.41	12.24
43.42	12.241
43.43	12.243
43.44	12.244
43.45	12.246
43.46	12.247
43.47	12.249
43.48	12.25
43.49	12.252
43.5	12.253
43.51	12.255
43.52	12.256
43.53	12.258
43.54	12.259
43.55	12.261
43.56	12.262
43.57	12.264
43.58	12.265
43.59	12.267
43.6	12.268
43.61	12.27
43.62	12.271
43.63	12.272
43.64	12.274
43.65	12.275
43.66	12.277
43.67	12.278
43.68	12.279
43.69	12.281
43.7	12.282
43.71	12.283
43.72	12.285
43.73	12.286
43.74	12.287
43.75	12.289
43.76	12.29
43.77	12.291
43.78	12.292
43.79	12.294
43.8	12.295
43.81	12.296
43.82	12.297
43.83	12.298
43.84	12.3
43.85	12.301
43.86	12.302
43.87	12.303
43.88	12.304
43.89	12.305
43.9	12.306
43.91	12.307
43.92	12.308
43.93	12.309
43.94	12.31
43.95	12.311
43.96	12.312
43.97	12.313
43.98	12.314
43.99	12.315
44	12.316
44.01	12.317
44.02	12.318
44.03	12.319
44.04	12.32
44.05	12.32
44.06	12.321
44.07	12.322
44.08	12.323
44.09	12.324
44.1	12.324
44.11	12.325
44.12	12.326
44.13	12.327
44.14	12.328
44.15	12.328
44.16	12.329
44.17	12.33
44.18	12.33
44.19	12.331
44.2	12.332
44.21	12.332
44.22	12.333
44.23	12.334
44.24	12.334
44.25	12.335
44.26	12.336
44.27	12.336
44.28	12.337
44.29	12.338
44.3	12.338
44.31	12.339
44.32	12.34
44.33	12.34
44.34	12.341
44.35	12.341
44.36	12.342
44.37	12.343
44.38	12.343
44.39	12.344
44.4	12.344
44.41	12.345
44.42	12.345
44.43	12.346
44.44	12.347
44.45	12.347
44.46	12.348
44.47	12.348
44.48	12.349
44.49	12.349
44.5	12.35
44.51	12.35
44.52	12.351
44.53	12.351
44.54	12.352
44.55	12.352
44.56	12.353
44.57	12.353
44.58	12.354
44.59	12.354
44.6	12.355
44.61	12.355
44.62	12.356
44.63	12.356
44.64	12.357
44.65	12.357
44.66	12.358
44.67	12.358
44.68	12.359
44.69	12.359
44.7	12.36
44.71	12.36
44.72	12.36
44.73	12.361
44.74	12.361
44.75	12.362
44.76	12.362
44.77	12.363
44.78	12.363
44.79	12.363
44.8	12.364
44.81	12.364
44.82	12.365
44.83	12.365
44.84	12.365
44.85	12.366
44.86	12.366
44.87	12.366
44.88	12.367
44.89	12.367
44.9	12.368
44.91	12.368
44.92	12.368
44.93	12.369
44.94	12.369
44.95	12.369
44.96	12.369
44.97	12.37
44.98	12.37
44.99	12.37
45	12.37
45.01	12.37

