0	0
.01	4.06E-06
.02	8.14E-06
.03	.0000122
.04	.0000162
.05	.0000203
.06	.0000244
.07	.0000285
.08	.0000325
.09	.0000366
.1	.0000407
.11	.0000447
.12	.0000488
.13	.0000529
.14	.000057
.15	.000061
.16	.0000651
.17	.0000692
.18	.0000733
.19	.0000774
.2	.0000814
.21	.0000855
.22	.0000896
.23	.0000937
.24	.0000978
.25	.0001019
.26	.0001059
.27	.00011
.28	.0001141
.29	.0001182
.3	.0001223
.31	.0001264
.32	.0001305
.33	.0001346
.34	.0001387
.35	.0001428
.36	.0001469
.37	.000151
.38	.0001551
.39	.0001592
.4	.0001633
.41	.0001674
.42	.0001715
.43	.0001756
.44	.0001798
.45	.0001839
.46	.000188
.47	.0001921
.48	.0001963
.49	.0002004
.5	.0002045
.51	.0002086
.52	.0002128
.53	.0002169
.54	.000221
.55	.0002252
.56	.0002293
.57	.0002335
.58	.0002376
.59	.0002418
.6	.0002459
.61	.0002501
.62	.0002543
.63	.0002584
.64	.0002626
.65	.0002668
.66	.0002709
.67	.0002751
.68	.0002793
.69	.0002835
.7	.0002877
.71	.0002918
.72	.000296
.73	.0003002
.74	.0003044
.75	.0003086
.76	.0003128
.77	.0003171
.78	.0003213
.79	.0003255
.8	.0003297
.81	.0003339
.82	.0003382
.83	.0003424
.84	.0003466
.85	.0003509
.86	.0003551
.87	.0003594
.88	.0003636
.89	.0003679
.9	.0003721
.91	.0003764
.92	.0003807
.93	.000385
.94	.0003892
.95	.0003935
.96	.0003978
.97	.0004021
.98	.0004064
.99	.0004107
1	.000415
1.01	.0004193
1.02	.0004237
1.03	.000428
1.04	.0004323
1.05	.0004366
1.06	.000441
1.07	.0004453
1.08	.0004497
1.09	.000454
1.1	.0004584
1.11	.0004628
1.12	.0004671
1.13	.0004715
1.14	.0004759
1.15	.0004803
1.16	.0004847
1.17	.0004891
1.18	.0004935
1.19	.0004979
1.2	.0005023
1.21	.0005067
1.22	.0005112
1.23	.0005156
1.24	.00052
1.25	.0005245
1.26	.0005289
1.27	.0005334
1.28	.0005379
1.29	.0005424
1.3	.0005468
1.31	.0005513
1.32	.0005558
1.33	.0005603
1.34	.0005648
1.35	.0005693
1.36	.0005739
1.37	.0005784
1.38	.0005829
1.39	.0005875
1.4	.000592
1.41	.0005966
1.42	.0006011
1.43	.0006057
1.44	.0006103
1.45	.0006149
1.46	.0006195
1.47	.0006241
1.48	.0006287
1.49	.0006333
1.5	.0006379
1.51	.0006425
1.52	.0006472
1.53	.0006518
1.54	.0006565
1.55	.0006612
1.56	.0006658
1.57	.0006705
1.58	.0006752
1.59	.0006799
1.6	.0006846
1.61	.0006893
1.62	.000694
1.63	.0006988
1.64	.0007035
1.65	.0007083
1.66	.000713
1.67	.0007178
1.68	.0007226
1.69	.0007273
1.7	.0007321
1.71	.0007369
1.72	.0007418
1.73	.0007466
1.74	.0007514
1.75	.0007562
1.76	.0007611
1.77	.000766
1.78	.0007708
1.79	.0007757
1.8	.0007806
1.81	.0007855
1.82	.0007904
1.83	.0007953
1.84	.0008002
1.85	.0008052
1.86	.0008101
1.87	.0008151
1.88	.0008201
1.89	.000825
1.9	.00083
1.91	.000835
1.92	.00084
1.93	.0008451
1.94	.0008501
1.95	.0008551
1.96	.0008602
1.97	.0008653
1.98	.0008703
1.99	.0008754
2	.0008805
2.01	.0008856
2.02	.0008908
2.03	.0008959
2.04	.000901
2.05	.0009062
2.06	.0009114
2.07	.0009165
2.08	.0009217
2.09	.0009269
2.1	.0009322
2.11	.0009374
2.12	.0009426
2.13	.0009479
2.14	.0009531
2.15	.0009584
2.16	.0009637
2.17	.000969
2.18	.0009743
2.19	.0009797
2.2	.000985
2.21	.0009904
2.22	.0009957
2.23	.0010011
2.24	.0010065
2.25	.0010119
2.26	.0010173
2.27	.0010228
2.28	.0010282
2.29	.0010337
2.3	.0010392
2.31	.0010447
2.32	.0010502
2.33	.0010557
2.34	.0010612
2.35	.0010668
2.36	.0010723
2.37	.0010779
2.38	.0010835
2.39	.0010891
2.4	.0010947
2.41	.0011004
2.42	.001106
2.43	.0011117
2.44	.0011174
2.45	.0011231
2.46	.0011288
2.47	.0011345
2.48	.0011402
2.49	.001146
2.5	.0011518
2.51	.0011576
2.52	.0011634
2.53	.0011692
2.54	.001175
2.55	.0011809
2.56	.0011867
2.57	.0011926
2.58	.0011985
2.59	.0012045
2.6	.0012104
2.61	.0012164
2.62	.0012223
2.63	.0012283
2.64	.0012343
2.65	.0012403
2.66	.0012464
2.67	.0012524
2.68	.0012585
2.69	.0012646
2.7	.0012707
2.71	.0012769
2.72	.001283
2.73	.0012892
2.74	.0012954
2.75	.0013016
2.76	.0013078
2.77	.001314
2.78	.0013203
2.79	.0013266
2.8	.0013329
2.81	.0013392
2.82	.0013455
2.83	.0013519
2.84	.0013583
2.85	.0013647
2.86	.0013711
2.87	.0013775
2.88	.001384
2.89	.0013904
2.9	.0013969
2.91	.0014035
2.92	.00141
2.93	.0014165
2.94	.0014231
2.95	.0014297
2.96	.0014363
2.97	.001443
2.98	.0014497
2.99	.0014563
3	.0014631
3.01	.0014698
3.02	.0014765
3.03	.0014833
3.04	.0014901
3.05	.0014969
3.06	.0015038
3.07	.0015106
3.08	.0015175
3.09	.0015244
3.1	.0015314
3.11	.0015383
3.12	.0015453
3.13	.0015523
3.14	.0015593
3.15	.0015664
3.16	.0015735
3.17	.0015806
3.18	.0015877
3.19	.0015948
3.2	.001602
3.21	.0016092
3.22	.0016164
3.23	.0016237
3.24	.001631
3.25	.0016383
3.26	.0016456
3.27	.0016529
3.28	.0016603
3.29	.0016677
3.3	.0016751
3.31	.0016826
3.32	.0016901
3.33	.0016976
3.34	.0017051
3.35	.0017127
3.36	.0017203
3.37	.0017279
3.38	.0017356
3.39	.0017432
3.4	.0017509
3.41	.0017587
3.42	.0017664
3.43	.0017742
3.44	.001782
3.45	.0017899
3.46	.0017978
3.47	.0018057
3.48	.0018136
3.49	.0018216
3.5	.0018296
3.51	.0018376
3.52	.0018456
3.53	.0018537
3.54	.0018618
3.55	.00187
3.56	.0018782
3.57	.0018864
3.58	.0018946
3.59	.0019029
3.6	.0019112
3.61	.0019195
3.62	.0019279
3.63	.0019363
3.64	.0019448
3.65	.0019532
3.66	.0019617
3.67	.0019703
3.68	.0019788
3.69	.0019874
3.7	.0019961
3.71	.0020047
3.72	.0020134
3.73	.0020222
3.74	.002031
3.75	.0020398
3.76	.0020486
3.77	.0020575
3.78	.0020664
3.79	.0020754
3.8	.0020844
3.81	.0020934
3.82	.0021025
3.83	.0021116
3.84	.0021207
3.85	.0021299
3.86	.0021391
3.87	.0021484
3.88	.0021577
3.89	.002167
3.9	.0021764
3.91	.0021858
3.92	.0021952
3.93	.0022047
3.94	.0022142
3.95	.0022238
3.96	.0022334
3.97	.0022431
3.98	.0022528
3.99	.0022625
4	.0022723
4.01	.0022821
4.02	.002292
4.03	.0023019
4.04	.0023118
4.05	.0023218
4.06	.0023318
4.07	.0023419
4.08	.002352
4.09	.0023622
4.1	.0023724
4.11	.0023827
4.12	.002393
4.13	.0024033
4.14	.0024137
4.15	.0024241
4.16	.0024346
4.17	.0024451
4.18	.0024557
4.19	.0024663
4.2	.002477
4.21	.0024877
4.22	.0024985
4.23	.0025093
4.24	.0025202
4.25	.0025311
4.26	.0025421
4.27	.0025531
4.28	.0025642
4.29	.0025753
4.3	.0025865
4.31	.0025977
4.32	.002609
4.33	.0026203
4.34	.0026317
4.35	.0026431
4.36	.0026546
4.37	.0026661
4.38	.0026777
4.39	.0026894
4.4	.0027011
4.41	.0027129
4.42	.0027247
4.43	.0027366
4.44	.0027485
4.45	.0027605
4.46	.0027725
4.47	.0027846
4.48	.0027968
4.49	.002809
4.5	.0028213
4.51	.0028336
4.52	.002846
4.53	.0028585
4.54	.002871
4.55	.0028836
4.56	.0028962
4.57	.0029089
4.58	.0029217
4.59	.0029345
4.6	.0029474
4.61	.0029604
4.62	.0029734
4.63	.0029865
4.64	.0029997
4.65	.0030129
4.66	.0030261
4.67	.0030395
4.68	.0030529
4.69	.0030664
4.7	.00308
4.71	.0030936
4.72	.0031073
4.73	.0031211
4.74	.0031349
4.75	.0031488
4.76	.0031628
4.77	.0031769
4.78	.003191
4.79	.0032052
4.8	.0032195
4.81	.0032338
4.82	.0032482
4.83	.0032627
4.84	.0032773
4.85	.0032919
4.86	.0033067
4.87	.0033215
4.88	.0033363
4.89	.0033513
4.9	.0033664
4.91	.0033815
4.92	.0033967
4.93	.003412
4.94	.0034273
4.95	.0034428
4.96	.0034584
4.97	.003474
4.98	.0034897
4.99	.0035056
5	.0035215
5.01	.0035376
5.02	.0035539
5.03	.0035703
5.04	.003587
5.05	.003604
5.06	.0036214
5.07	.0036392
5.08	.0036577
5.09	.0036768
5.1	.0036968
5.11	.0037178
5.12	.00374
5.13	.0037635
5.14	.0037884
5.15	.003815
5.16	.0038433
5.17	.0038735
5.18	.0039058
5.19	.0039401
5.2	.0039768
5.21	.0040159
5.22	.0040578
5.23	.0041026
5.24	.0041508
5.25	.0042025
5.26	.0042581
5.27	.0043178
5.28	.0043816
5.29	.0044494
5.3	.0045208
5.31	.0045952
5.32	.0046716
5.33	.0047492
5.34	.0048264
5.35	.0049021
5.36	.004975
5.37	.0050441
5.38	.0051083
5.39	.0051674
5.4	.0052213
5.41	.0052704
5.42	.0053156
5.43	.0053584
5.44	.0054004
5.45	.0054437
5.46	.0054907
5.47	.0055437
5.48	.0056053
5.49	.0056781
5.5	.0057645
5.51	.0058669
5.52	.0059873
5.53	.0061273
5.54	.0062881
5.55	.0064703
5.56	.0066738
5.57	.0068978
5.58	.0071408
5.59	.0074006
5.6	.0076745
5.61	.0079594
5.62	.0082519
5.63	.0085487
5.64	.0088466
5.65	.0091428
5.66	.0094349
5.67	.0097212
5.68	.01
5.69	.010272
5.7	.010536
5.71	.010792
5.72	.011043
5.73	.011288
5.74	.011529
5.75	.011769
5.76	.01201
5.77	.012253
5.78	.012503
5.79	.012761
5.8	.01303
5.81	.013316
5.82	.013619
5.83	.013945
5.84	.014296
5.85	.014675
5.86	.015087
5.87	.015533
5.88	.016015
5.89	.016536
5.9	.017097
5.91	.017696
5.92	.018334
5.93	.019006
5.94	.019709
5.95	.020436
5.96	.02118
5.97	.021931
5.98	.02268
5.99	.023414
6	.024122
6.01	.024794
6.02	.02542
6.03	.02599
6.04	.026499
6.05	.026944
6.06	.027324
6.07	.027645
6.08	.027912
6.09	.028137
6.1	.028333
6.11	.028514
6.12	.028697
6.13	.028897
6.14	.029127
6.15	.029401
6.16	.029727
6.17	.030111
6.18	.030554
6.19	.031055
6.2	.031611
6.21	.032218
6.22	.032868
6.23	.033556
6.24	.034277
6.25	.035027
6.26	.035804
6.27	.036605
6.28	.03743
6.29	.038278
6.3	.039149
6.31	.040039
6.32	.040945
6.33	.041862
6.34	.042783
6.35	.043699
6.36	.044602
6.37	.045481
6.38	.046329
6.39	.047141
6.4	.047913
6.41	.048647
6.42	.049347
6.43	.050024
6.44	.050692
6.45	.051369
6.46	.052075
6.47	.052834
6.48	.053667
6.49	.054595
6.5	.055635
6.51	.056801
6.52	.058101
6.53	.059538
6.54	.061108
6.55	.062803
6.56	.064606
6.57	.0665
6.58	.068463
6.59	.070471
6.6	.0725
6.61	.074528
6.62	.076535
6.63	.078508
6.64	.080435
6.65	.082316
6.66	.084153
6.67	.085957
6.68	.087745
6.69	.089537
6.7	.091358
6.71	.093233
6.72	.095187
6.73	.097244
6.74	.099425
6.75	.10174
6.76	.10421
6.77	.10683
6.78	.10961
6.79	.11255
6.8	.11563
6.81	.11885
6.82	.1222
6.83	.12566
6.84	.12923
6.85	.1329
6.86	.13667
6.87	.14054
6.88	.14451
6.89	.14859
6.9	.15278
6.91	.15708
6.92	.1615
6.93	.16602
6.94	.17063
6.95	.17532
6.96	.18004
6.97	.18476
6.98	.18945
6.99	.19408
7	.19862
7.01	.20306
7.02	.20741
7.03	.21167
7.04	.21589
7.05	.22011
7.06	.22439
7.07	.2288
7.08	.23339
7.09	.23823
7.1	.24335
7.11	.24879
7.12	.25456
7.13	.26065
7.14	.26702
7.15	.27364
7.16	.28045
7.17	.28737
7.18	.29434
7.19	.3013
7.2	.30819
7.21	.31497
7.22	.32163
7.23	.32817
7.24	.33461
7.25	.34101
7.26	.34742
7.27	.3539
7.28	.36053
7.29	.36738
7.3	.37448
7.31	.38188
7.32	.3896
7.33	.39763
7.34	.40595
7.35	.41456
7.36	.42341
7.37	.43247
7.38	.44172
7.39	.45112
7.4	.46067
7.41	.47035
7.42	.48013
7.43	.49001
7.44	.49995
7.45	.50992
7.46	.51989
7.47	.52982
7.48	.53967
7.49	.5494
7.5	.55896
7.51	.56834
7.52	.57753
7.53	.5865
7.54	.59527
7.55	.60383
7.56	.61219
7.57	.62036
7.58	.62834
7.59	.63612
7.6	.64373
7.61	.65115
7.62	.65842
7.63	.66555
7.64	.6726
7.65	.67963
7.66	.68671
7.67	.69393
7.68	.70139
7.69	.70917
7.7	.71735
7.71	.72597
7.72	.73506
7.73	.74462
7.74	.7546
7.75	.76495
7.76	.77558
7.77	.78639
7.78	.79728
7.79	.80815
7.8	.8189
7.81	.82945
7.82	.83975
7.83	.84975
7.84	.85942
7.85	.86875
7.86	.87772
7.87	.88634
7.88	.89463
7.89	.90262
7.9	.91033
7.91	.91781
7.92	.92512
7.93	.93234
7.94	.93953
7.95	.94679
7.96	.9542
7.97	.96182
7.98	.96973
7.99	.97796
8	.98654
8.01	.99545
8.02	1.0046
8.03	1.0141
8.04	1.0238
8.05	1.0336
8.06	1.0434
8.07	1.0532
8.08	1.063
8.09	1.0727
8.1	1.0823
8.11	1.0918
8.12	1.1012
8.13	1.1107
8.14	1.1201
8.15	1.1297
8.16	1.1395
8.17	1.1494
8.18	1.1596
8.19	1.1701
8.2	1.1808
8.21	1.1918
8.22	1.203
8.23	1.2144
8.24	1.2259
8.25	1.2375
8.26	1.2491
8.27	1.2607
8.28	1.2723
8.29	1.2839
8.3	1.2955
8.31	1.3071
8.32	1.3187
8.33	1.3304
8.34	1.3423
8.35	1.3543
8.36	1.3665
8.37	1.3789
8.38	1.3914
8.39	1.4039
8.4	1.4165
8.41	1.4291
8.42	1.4416
8.43	1.4539
8.44	1.4662
8.45	1.4783
8.46	1.4904
8.47	1.5024
8.48	1.5146
8.49	1.527
8.5	1.5397
8.51	1.5528
8.52	1.5664
8.53	1.5805
8.54	1.5951
8.55	1.6101
8.56	1.6254
8.57	1.6409
8.58	1.6563
8.59	1.6714
8.6	1.6861
8.61	1.7001
8.62	1.7132
8.63	1.7254
8.64	1.7365
8.65	1.7466
8.66	1.7556
8.67	1.7638
8.68	1.7712
8.69	1.7781
8.7	1.7847
8.71	1.7912
8.72	1.7979
8.73	1.805
8.74	1.8127
8.75	1.8211
8.76	1.8303
8.77	1.8404
8.78	1.8513
8.79	1.8629
8.8	1.8752
8.81	1.8879
8.82	1.9009
8.83	1.9139
8.84	1.9267
8.85	1.939
8.86	1.9507
8.87	1.9616
8.88	1.9715
8.89	1.9803
8.9	1.9881
8.91	1.9948
8.92	2.0004
8.93	2.0051
8.94	2.0089
8.95	2.0121
8.96	2.0147
8.97	2.0168
8.98	2.0186
8.99	2.0203
9	2.0219
9.01	2.0236
9.02	2.0255
9.03	2.0277
9.04	2.0303
9.05	2.0334
9.06	2.0371
9.07	2.0414
9.08	2.0464
9.09	2.0521
9.1	2.0584
9.11	2.0653
9.12	2.0727
9.13	2.0804
9.14	2.0882
9.15	2.0961
9.16	2.1039
9.17	2.1115
9.18	2.1186
9.19	2.1253
9.2	2.1315
9.21	2.1371
9.22	2.1421
9.23	2.1465
9.24	2.1502
9.25	2.1533
9.26	2.1558
9.27	2.1577
9.28	2.1591
9.29	2.1599
9.3	2.1602
9.31	2.1602
9.32	2.1598
9.33	2.1592
9.34	2.1585
9.35	2.1578
9.36	2.1571
9.37	2.1566
9.38	2.1564
9.39	2.1564
9.4	2.1568
9.41	2.1576
9.42	2.1587
9.43	2.1602
9.44	2.1621
9.45	2.1642
9.46	2.1667
9.47	2.1693
9.48	2.1721
9.49	2.175
9.5	2.178
9.51	2.1809
9.52	2.1839
9.53	2.1869
9.54	2.1899
9.55	2.193
9.56	2.1961
9.57	2.1993
9.58	2.2027
9.59	2.2063
9.6	2.21
9.61	2.2139
9.62	2.2181
9.63	2.2224
9.64	2.2267
9.65	2.2314
9.66	2.236
9.67	2.2407
9.68	2.2457
9.69	2.2509
9.7	2.2562
9.71	2.262
9.72	2.2682
9.73	2.2748
9.74	2.2821
9.75	2.2902
9.76	2.2988
9.77	2.3084
9.78	2.3187
9.79	2.3297
9.8	2.3415
9.81	2.354
9.82	2.3671
9.83	2.3807
9.84	2.3952
9.85	2.4101
9.86	2.4255
9.87	2.442
9.88	2.4591
9.89	2.4769
9.9	2.4962
9.91	2.5165
9.92	2.5379
9.93	2.5611
9.94	2.5858
9.95	2.6117
9.96	2.6396
9.97	2.6691
9.98	2.6998
9.99	2.7322
10	2.7659
10.01	2.8005
10.02	2.8363
10.03	2.8728
10.04	2.9097
10.05	2.9469
10.06	2.9841
10.07	3.021
10.08	3.0574
10.09	3.0925
10.1	3.1264
10.11	3.1592
10.12	3.1888
10.13	3.2164
10.14	3.2418
10.15	3.2627
10.16	3.2801
10.17	3.2944
10.18	3.3032
10.19	3.3073
10.2	3.3077
10.21	3.3025
10.22	3.292
10.23	3.2777
10.24	3.2587
10.25	3.2345
10.26	3.2073
10.27	3.1767
10.28	3.142
10.29	3.1054
10.3	3.0668
10.31	3.0257
10.32	2.9837
10.33	2.9409
10.34	2.8973
10.35	2.8536
10.36	2.8098
10.37	2.7665
10.38	2.7236
10.39	2.6812
10.4	2.6398
10.41	2.5994
10.42	2.5598
10.43	2.5214
10.44	2.4843
10.45	2.4483
10.46	2.4135
10.47	2.3804
10.48	2.3483
10.49	2.3174
10.5	2.2882
10.51	2.2601
10.52	2.233
10.53	2.2076
10.54	2.1832
10.55	2.1598
10.56	2.1379
10.57	2.117
10.58	2.0969
10.59	2.0781
10.6	2.0602
10.61	2.043
10.62	2.0268
10.63	2.0114
10.64	1.9966
10.65	1.9826
10.66	1.9693
10.67	1.9566
10.68	1.9445
10.69	1.9331
10.7	1.9222
10.71	1.9119
10.72	1.9022
10.73	1.893
10.74	1.8843
10.75	1.8761
10.76	1.8683
10.77	1.8608
10.78	1.8538
10.79	1.847
10.8	1.8405
10.81	1.8342
10.82	1.8281
10.83	1.8221
10.84	1.8163
10.85	1.8106
10.86	1.8051
10.87	1.7996
10.88	1.7942
10.89	1.7889
10.9	1.7836
10.91	1.7784
10.92	1.7732
10.93	1.7681
10.94	1.7632
10.95	1.7583
10.96	1.7536
10.97	1.7493
10.98	1.7452
10.99	1.7414
11	1.7381
11.01	1.7353
11.02	1.7329
11.03	1.7311
11.04	1.7296
11.05	1.7285
11.06	1.7278
11.07	1.7273
11.08	1.7269
11.09	1.7266
11.1	1.7263
11.11	1.7259
11.12	1.7255
11.13	1.7249
11.14	1.7243
11.15	1.7236
11.16	1.7228
11.17	1.7221
11.18	1.7213
11.19	1.7206
11.2	1.72
11.21	1.7194
11.22	1.7189
11.23	1.7185
11.24	1.7181
11.25	1.7178
11.26	1.7175
11.27	1.7172
11.28	1.7169
11.29	1.7165
11.3	1.7162
11.31	1.7158
11.32	1.7154
11.33	1.715
11.34	1.7145
11.35	1.714
11.36	1.7135
11.37	1.713
11.38	1.7126
11.39	1.7122
11.4	1.712
11.41	1.7119
11.42	1.712
11.43	1.7124
11.44	1.713
11.45	1.7138
11.46	1.7149
11.47	1.7162
11.48	1.7176
11.49	1.7192
11.5	1.7207
11.51	1.7223
11.52	1.7237
11.53	1.7249
11.54	1.726
11.55	1.7268
11.56	1.7275
11.57	1.7279
11.58	1.7281
11.59	1.7283
11.6	1.7283
11.61	1.7282
11.62	1.7281
11.63	1.728
11.64	1.7279
11.65	1.7278
11.66	1.7277
11.67	1.7276
11.68	1.7274
11.69	1.7271
11.7	1.7266
11.71	1.7261
11.72	1.7253
11.73	1.7244
11.74	1.7232
11.75	1.7219
11.76	1.7204
11.77	1.7188
11.78	1.717
11.79	1.7153
11.8	1.7135
11.81	1.7118
11.82	1.7102
11.83	1.7088
11.84	1.7076
11.85	1.7066
11.86	1.7058
11.87	1.7052
11.88	1.7048
11.89	1.7044
11.9	1.7042
11.91	1.7039
11.92	1.7035
11.93	1.7029
11.94	1.7022
11.95	1.7012
11.96	1.6999
11.97	1.6984
11.98	1.6966
11.99	1.6945
12	1.6923
12.01	1.6899
12.02	1.6874
12.03	1.6849
12.04	1.6824
12.05	1.6799
12.06	1.6776
12.07	1.6753
12.08	1.6733
12.09	1.6714
12.1	1.6697
12.11	1.6682
12.12	1.6669
12.13	1.6658
12.14	1.6648
12.15	1.664
12.16	1.6632
12.17	1.6626
12.18	1.662
12.19	1.6615
12.2	1.6609
12.21	1.6604
12.22	1.6598
12.23	1.6591
12.24	1.6583
12.25	1.6574
12.26	1.6563
12.27	1.655
12.28	1.6535
12.29	1.6517
12.3	1.6498
12.31	1.6476
12.32	1.6452
12.33	1.6427
12.34	1.6402
12.35	1.6376
12.36	1.6351
12.37	1.6327
12.38	1.6305
12.39	1.6283
12.4	1.6264
12.41	1.6246
12.42	1.623
12.43	1.6216
12.44	1.6204
12.45	1.6193
12.46	1.6184
12.47	1.6177
12.48	1.6171
12.49	1.6166
12.5	1.6163
12.51	1.6159
12.52	1.6156
12.53	1.6151
12.54	1.6144
12.55	1.6135
12.56	1.6123
12.57	1.6107
12.58	1.6087
12.59	1.6063
12.6	1.6035
12.61	1.6004
12.62	1.597
12.63	1.5934
12.64	1.5897
12.65	1.586
12.66	1.5823
12.67	1.5789
12.68	1.5757
12.69	1.5728
12.7	1.5702
12.71	1.5681
12.72	1.5663
12.73	1.565
12.74	1.5641
12.75	1.5635
12.76	1.5633
12.77	1.5634
12.78	1.5638
12.79	1.5645
12.8	1.5653
12.81	1.5663
12.82	1.5673
12.83	1.5684
12.84	1.5693
12.85	1.5701
12.86	1.5707
12.87	1.571
12.88	1.5709
12.89	1.5703
12.9	1.5693
12.91	1.5679
12.92	1.5661
12.93	1.5638
12.94	1.5613
12.95	1.5585
12.96	1.5555
12.97	1.5525
12.98	1.5496
12.99	1.5467
13	1.544
13.01	1.5416
13.02	1.5395
13.03	1.5377
13.04	1.5363
13.05	1.5352
13.06	1.5345
13.07	1.5342
13.08	1.5342
13.09	1.5344
13.1	1.5349
13.11	1.5356
13.12	1.5364
13.13	1.5372
13.14	1.5379
13.15	1.5386
13.16	1.539
13.17	1.5393
13.18	1.5393
13.19	1.539
13.2	1.5384
13.21	1.5374
13.22	1.5362
13.23	1.5347
13.24	1.533
13.25	1.5311
13.26	1.5291
13.27	1.527
13.28	1.5249
13.29	1.5228
13.3	1.5208
13.31	1.5189
13.32	1.5172
13.33	1.5157
13.34	1.5143
13.35	1.5132
13.36	1.5122
13.37	1.5114
13.38	1.5108
13.39	1.5102
13.4	1.5097
13.41	1.5092
13.42	1.5086
13.43	1.5079
13.44	1.507
13.45	1.5059
13.46	1.5047
13.47	1.5032
13.48	1.5015
13.49	1.4997
13.5	1.4978
13.51	1.4958
13.52	1.4939
13.53	1.4921
13.54	1.4905
13.55	1.4891
13.56	1.488
13.57	1.4873
13.58	1.4869
13.59	1.4868
13.6	1.4871
13.61	1.4876
13.62	1.4883
13.63	1.4892
13.64	1.4902
13.65	1.4913
13.66	1.4924
13.67	1.4935
13.68	1.4946
13.69	1.4956
13.7	1.4965
13.71	1.4974
13.72	1.4983
13.73	1.4991
13.74	1.4999
13.75	1.5007
13.76	1.5015
13.77	1.5023
13.78	1.5031
13.79	1.5039
13.8	1.5047
13.81	1.5055
13.82	1.5062
13.83	1.5068
13.84	1.5073
13.85	1.5075
13.86	1.5076
13.87	1.5073
13.88	1.5066
13.89	1.5057
13.9	1.5043
13.91	1.5026
13.92	1.5005
13.93	1.4981
13.94	1.4954
13.95	1.4926
13.96	1.4897
13.97	1.4868
13.98	1.484
13.99	1.4815
14	1.4793
14.01	1.4777
14.02	1.4766
14.03	1.4762
14.04	1.4765
14.05	1.4776
14.06	1.4795
14.07	1.482
14.08	1.4852
14.09	1.4891
14.1	1.4934
14.11	1.4982
14.12	1.5033
14.13	1.5086
14.14	1.514
14.15	1.5195
14.16	1.525
14.17	1.5304
14.18	1.5357
14.19	1.5409
14.2	1.5459
14.21	1.5508
14.22	1.5554
14.23	1.5599
14.24	1.5642
14.25	1.5684
14.26	1.5724
14.27	1.5762
14.28	1.5798
14.29	1.5834
14.3	1.5869
14.31	1.5903
14.32	1.5936
14.33	1.597
14.34	1.6004
14.35	1.6039
14.36	1.6075
14.37	1.6113
14.38	1.6152
14.39	1.6193
14.4	1.6236
14.41	1.6281
14.42	1.6328
14.43	1.6378
14.44	1.643
14.45	1.6484
14.46	1.654
14.47	1.6598
14.48	1.6657
14.49	1.6717
14.5	1.6777
14.51	1.6837
14.52	1.6895
14.53	1.695
14.54	1.7001
14.55	1.7048
14.56	1.709
14.57	1.7125
14.58	1.7155
14.59	1.7177
14.6	1.7193
14.61	1.7204
14.62	1.7209
14.63	1.721
14.64	1.7208
14.65	1.7204
14.66	1.72
14.67	1.7195
14.68	1.7192
14.69	1.7191
14.7	1.7192
14.71	1.7196
14.72	1.7202
14.73	1.7211
14.74	1.7223
14.75	1.7236
14.76	1.7251
14.77	1.7267
14.78	1.7284
14.79	1.7301
14.8	1.7318
14.81	1.7333
14.82	1.7347
14.83	1.736
14.84	1.737
14.85	1.7379
14.86	1.7385
14.87	1.7388
14.88	1.7389
14.89	1.7387
14.9	1.7382
14.91	1.7375
14.92	1.7365
14.93	1.7353
14.94	1.7339
14.95	1.7323
14.96	1.7305
14.97	1.7287
14.98	1.7267
14.99	1.7248
15	1.7229
15.01	1.721
15.02	1.7194
15.03	1.7179
15.04	1.7166
15.05	1.7156
15.06	1.7149
15.07	1.7144
15.08	1.7141
15.09	1.7139
15.1	1.7139
15.11	1.7139
15.12	1.7139
15.13	1.7137
15.14	1.7133
15.15	1.7128
15.16	1.712
15.17	1.7109
15.18	1.7096
15.19	1.7081
15.2	1.7065
15.21	1.7048
15.22	1.7032
15.23	1.7016
15.24	1.7001
15.25	1.6987
15.26	1.6974
15.27	1.6963
15.28	1.6952
15.29	1.6942
15.3	1.6931
15.31	1.6919
15.32	1.6906
15.33	1.6891
15.34	1.6874
15.35	1.6854
15.36	1.6832
15.37	1.6807
15.38	1.678
15.39	1.6752
15.4	1.6721
15.41	1.6689
15.42	1.6657
15.43	1.6624
15.44	1.659
15.45	1.6556
15.46	1.6522
15.47	1.6488
15.48	1.6454
15.49	1.6421
15.5	1.6388
15.51	1.6355
15.52	1.6323
15.53	1.6293
15.54	1.6263
15.55	1.6235
15.56	1.6209
15.57	1.6184
15.58	1.6161
15.59	1.6141
15.6	1.6122
15.61	1.6104
15.62	1.6089
15.63	1.6074
15.64	1.606
15.65	1.6047
15.66	1.6035
15.67	1.6022
15.68	1.6009
15.69	1.5996
15.7	1.5983
15.71	1.5969
15.72	1.5955
15.73	1.5939
15.74	1.5923
15.75	1.5906
15.76	1.5889
15.77	1.587
15.78	1.5851
15.79	1.5831
15.8	1.5811
15.81	1.579
15.82	1.5768
15.83	1.5746
15.84	1.5724
15.85	1.5701
15.86	1.5677
15.87	1.5654
15.88	1.563
15.89	1.5606
15.9	1.5583
15.91	1.556
15.92	1.5538
15.93	1.5517
15.94	1.5498
15.95	1.5482
15.96	1.5468
15.97	1.5456
15.98	1.5448
15.99	1.5442
16	1.5438
16.01	1.5436
16.02	1.5435
16.03	1.5435
16.04	1.5434
16.05	1.5432
16.06	1.5428
16.07	1.5422
16.08	1.5414
16.09	1.5403
16.1	1.539
16.11	1.5374
16.12	1.5355
16.13	1.5335
16.14	1.5313
16.15	1.529
16.16	1.5266
16.17	1.524
16.18	1.5214
16.19	1.5188
16.2	1.5161
16.21	1.5134
16.22	1.5107
16.23	1.5081
16.24	1.5056
16.25	1.5032
16.26	1.501
16.27	1.499
16.28	1.4972
16.29	1.4957
16.3	1.4943
16.31	1.4933
16.32	1.4924
16.33	1.4916
16.34	1.491
16.35	1.4905
16.36	1.4901
16.37	1.4897
16.38	1.4893
16.39	1.4889
16.4	1.4885
16.41	1.488
16.42	1.4874
16.43	1.4869
16.44	1.4862
16.45	1.4855
16.46	1.4847
16.47	1.4839
16.48	1.4829
16.49	1.4818
16.5	1.4807
16.51	1.4794
16.52	1.4781
16.53	1.4767
16.54	1.4753
16.55	1.4739
16.56	1.4726
16.57	1.4714
16.58	1.4703
16.59	1.4695
16.6	1.4688
16.61	1.4684
16.62	1.4681
16.63	1.4681
16.64	1.4682
16.65	1.4685
16.66	1.4688
16.67	1.4692
16.68	1.4695
16.69	1.4698
16.7	1.4698
16.71	1.4697
16.72	1.4693
16.73	1.4686
16.74	1.4676
16.75	1.4663
16.76	1.4648
16.77	1.4631
16.78	1.4612
16.79	1.4592
16.8	1.4572
16.81	1.4553
16.82	1.4535
16.83	1.4519
16.84	1.4506
16.85	1.4496
16.86	1.4489
16.87	1.4485
16.88	1.4484
16.89	1.4485
16.9	1.4488
16.91	1.4492
16.92	1.4496
16.93	1.45
16.94	1.4503
16.95	1.4505
16.96	1.4505
16.97	1.4503
16.98	1.4499
16.99	1.4494
17	1.4487
17.01	1.4479
17.02	1.447
17.03	1.446
17.04	1.445
17.05	1.444
17.06	1.4431
17.07	1.4422
17.08	1.4414
17.09	1.4406
17.1	1.4399
17.11	1.4392
17.12	1.4386
17.13	1.438
17.14	1.4375
17.15	1.4371
17.16	1.4366
17.17	1.4362
17.18	1.4359
17.19	1.4355
17.2	1.4351
17.21	1.4346
17.22	1.4341
17.23	1.4335
17.24	1.4328
17.25	1.432
17.26	1.431
17.27	1.43
17.28	1.4288
17.29	1.4275
17.3	1.4262
17.31	1.4247
17.32	1.4232
17.33	1.4217
17.34	1.42
17.35	1.4183
17.36	1.4166
17.37	1.4147
17.38	1.4127
17.39	1.4106
17.4	1.4085
17.41	1.4063
17.42	1.404
17.43	1.4018
17.44	1.3995
17.45	1.3974
17.46	1.3954
17.47	1.3935
17.48	1.3918
17.49	1.3903
17.5	1.389
17.51	1.3879
17.52	1.387
17.53	1.3863
17.54	1.3858
17.55	1.3853
17.56	1.385
17.57	1.3847
17.58	1.3845
17.59	1.3843
17.6	1.3841
17.61	1.3839
17.62	1.3837
17.63	1.3834
17.64	1.3831
17.65	1.3827
17.66	1.3823
17.67	1.3819
17.68	1.3814
17.69	1.381
17.7	1.3807
17.71	1.3804
17.72	1.3802
17.73	1.3802
17.74	1.3803
17.75	1.3806
17.76	1.3809
17.77	1.3814
17.78	1.382
17.79	1.3826
17.8	1.3832
17.81	1.3838
17.82	1.3842
17.83	1.3846
17.84	1.3848
17.85	1.3848
17.86	1.3846
17.87	1.3842
17.88	1.3836
17.89	1.3829
17.9	1.3821
17.91	1.3812
17.92	1.3803
17.93	1.3795
17.94	1.3787
17.95	1.3781
17.96	1.3775
17.97	1.377
17.98	1.3767
17.99	1.3763
18	1.3759
18.01	1.3755
18.02	1.375
18.03	1.3745
18.04	1.3737
18.05	1.3729
18.06	1.372
18.07	1.371
18.08	1.37
18.09	1.369
18.1	1.368
18.11	1.367
18.12	1.3662
18.13	1.3653
18.14	1.3646
18.15	1.3639
18.16	1.3632
18.17	1.3625
18.18	1.3617
18.19	1.3608
18.2	1.3598
18.21	1.3587
18.22	1.3575
18.23	1.3562
18.24	1.3548
18.25	1.3535
18.26	1.3522
18.27	1.351
18.28	1.3499
18.29	1.3491
18.3	1.3485
18.31	1.3481
18.32	1.348
18.33	1.3481
18.34	1.3484
18.35	1.3489
18.36	1.3494
18.37	1.35
18.38	1.3505
18.39	1.3509
18.4	1.3511
18.41	1.351
18.42	1.3507
18.43	1.35
18.44	1.349
18.45	1.3476
18.46	1.3458
18.47	1.3436
18.48	1.3411
18.49	1.3382
18.5	1.3351
18.51	1.3318
18.52	1.3283
18.53	1.3247
18.54	1.321
18.55	1.3174
18.56	1.3138
18.57	1.3103
18.58	1.307
18.59	1.3037
18.6	1.3007
18.61	1.2977
18.62	1.2949
18.63	1.2922
18.64	1.2896
18.65	1.287
18.66	1.2844
18.67	1.2818
18.68	1.2791
18.69	1.2762
18.7	1.2732
18.71	1.27
18.72	1.2666
18.73	1.2631
18.74	1.2594
18.75	1.2555
18.76	1.2516
18.77	1.2476
18.78	1.2436
18.79	1.2397
18.8	1.2359
18.81	1.2323
18.82	1.2288
18.83	1.2254
18.84	1.2223
18.85	1.2193
18.86	1.2165
18.87	1.2139
18.88	1.2114
18.89	1.209
18.9	1.2067
18.91	1.2046
18.92	1.2026
18.93	1.2008
18.94	1.1991
18.95	1.1976
18.96	1.1962
18.97	1.195
18.98	1.1939
18.99	1.1929
19	1.1919
19.01	1.191
19.02	1.1901
19.03	1.1892
19.04	1.1881
19.05	1.1869
19.06	1.1857
19.07	1.1844
19.08	1.1829
19.09	1.1815
19.1	1.18
19.11	1.1785
19.12	1.1771
19.13	1.1757
19.14	1.1744
19.15	1.173
19.16	1.1717
19.17	1.1704
19.18	1.169
19.19	1.1675
19.2	1.1659
19.21	1.1643
19.22	1.1625
19.23	1.1607
19.24	1.1587
19.25	1.1568
19.26	1.1548
19.27	1.1527
19.28	1.1507
19.29	1.1488
19.3	1.1468
19.31	1.1449
19.32	1.143
19.33	1.1411
19.34	1.1393
19.35	1.1374
19.36	1.1356
19.37	1.1337
19.38	1.1319
19.39	1.13
19.4	1.1281
19.41	1.1262
19.42	1.1243
19.43	1.1225
19.44	1.1206
19.45	1.1188
19.46	1.117
19.47	1.1153
19.48	1.1136
19.49	1.112
19.5	1.1105
19.51	1.1091
19.52	1.1077
19.53	1.1064
19.54	1.1052
19.55	1.104
19.56	1.1029
19.57	1.1019
19.58	1.1008
19.59	1.0997
19.6	1.0986
19.61	1.0975
19.62	1.0963
19.63	1.095
19.64	1.0935
19.65	1.092
19.66	1.0903
19.67	1.0885
19.68	1.0866
19.69	1.0846
19.7	1.0826
19.71	1.0805
19.72	1.0784
19.73	1.0764
19.74	1.0744
19.75	1.0726
19.76	1.0709
19.77	1.0693
19.78	1.0679
19.79	1.0667
19.8	1.0656
19.81	1.0646
19.82	1.0638
19.83	1.0629
19.84	1.0622
19.85	1.0614
19.86	1.0607
19.87	1.0599
19.88	1.0592
19.89	1.0584
19.9	1.0576
19.91	1.0568
19.92	1.0561
19.93	1.0553
19.94	1.0547
19.95	1.054
19.96	1.0534
19.97	1.0529
19.98	1.0525
19.99	1.0521
20	1.0518
20.01	1.0516
20.02	1.0514
20.03	1.0511
20.04	1.0509
20.05	1.0506
20.06	1.0501
20.07	1.0496
20.08	1.049
20.09	1.0482
20.1	1.0472
20.11	1.0461
20.12	1.0449
20.13	1.0436
20.14	1.0422
20.15	1.0408
20.16	1.0395
20.17	1.0382
20.18	1.0369
20.19	1.0358
20.2	1.0348
20.21	1.0339
20.22	1.0331
20.23	1.0324
20.24	1.0318
20.25	1.0313
20.26	1.0309
20.27	1.0305
20.28	1.0302
20.29	1.0299
20.3	1.0297
20.31	1.0294
20.32	1.0292
20.33	1.029
20.34	1.0288
20.35	1.0286
20.36	1.0284
20.37	1.0281
20.38	1.0277
20.39	1.0273
20.4	1.0267
20.41	1.0261
20.42	1.0253
20.43	1.0244
20.44	1.0233
20.45	1.0222
20.46	1.0209
20.47	1.0196
20.48	1.0183
20.49	1.017
20.5	1.0157
20.51	1.0144
20.52	1.0133
20.53	1.0122
20.54	1.0113
20.55	1.0105
20.56	1.0097
20.57	1.0091
20.58	1.0085
20.59	1.0079
20.6	1.0073
20.61	1.0067
20.62	1.006
20.63	1.0052
20.64	1.0043
20.65	1.0033
20.66	1.0022
20.67	1.0011
20.68	.99991
20.69	.99869
20.7	.99747
20.71	.9963
20.72	.99517
20.73	.99412
20.74	.99315
20.75	.99227
20.76	.99146
20.77	.99074
20.78	.99009
20.79	.98952
20.8	.98902
20.81	.9886
20.82	.98825
20.83	.98799
20.84	.98782
20.85	.98774
20.86	.98775
20.87	.98784
20.88	.988
20.89	.98823
20.9	.98849
20.91	.98877
20.92	.98905
20.93	.98931
20.94	.98953
20.95	.98969
20.96	.9898
20.97	.98984
20.98	.98982
20.99	.98973
21	.9896
21.01	.98943
21.02	.98924
21.03	.98903
21.04	.98881
21.05	.98861
21.06	.98842
21.07	.98826
21.08	.98812
21.09	.988
21.1	.98789
21.11	.98779
21.12	.98768
21.13	.98755
21.14	.98739
21.15	.98717
21.16	.98689
21.17	.98654
21.18	.98611
21.19	.98562
21.2	.98508
21.21	.98449
21.22	.98389
21.23	.98329
21.24	.98272
21.25	.98221
21.26	.98179
21.27	.98147
21.28	.98127
21.29	.98121
21.3	.9813
21.31	.98153
21.32	.98192
21.33	.98246
21.34	.98314
21.35	.98395
21.36	.98488
21.37	.9859
21.38	.98697
21.39	.98807
21.4	.98916
21.41	.99019
21.42	.99111
21.43	.99188
21.44	.99247
21.45	.99283
21.46	.99294
21.47	.9928
21.48	.99239
21.49	.99173
21.5	.99083
21.51	.98973
21.52	.98846
21.53	.98707
21.54	.9856
21.55	.98411
21.56	.98264
21.57	.98124
21.58	.97996
21.59	.97884
21.6	.97792
21.61	.97723
21.62	.97678
21.63	.9766
21.64	.97669
21.65	.97702
21.66	.97759
21.67	.97834
21.68	.97924
21.69	.98023
21.7	.98125
21.71	.98224
21.72	.98315
21.73	.98394
21.74	.98457
21.75	.98504
21.76	.98534
21.77	.98548
21.78	.98551
21.79	.98545
21.8	.98534
21.81	.98522
21.82	.98512
21.83	.98507
21.84	.98508
21.85	.98514
21.86	.98525
21.87	.98538
21.88	.98551
21.89	.98561
21.9	.98565
21.91	.98563
21.92	.98552
21.93	.98534
21.94	.98509
21.95	.9848
21.96	.9845
21.97	.98421
21.98	.98398
21.99	.9838
22	.98371
22.01	.98371
22.02	.98378
22.03	.98391
22.04	.98406
22.05	.9842
22.06	.98429
22.07	.9843
22.08	.98418
22.09	.98392
22.1	.9835
22.11	.9829
22.12	.98214
22.13	.98122
22.14	.98017
22.15	.97903
22.16	.97782
22.17	.97658
22.18	.97535
22.19	.97415
22.2	.97301
22.21	.97197
22.22	.97102
22.23	.97019
22.24	.96947
22.25	.96888
22.26	.96842
22.27	.96808
22.28	.96787
22.29	.96777
22.3	.96778
22.31	.96789
22.32	.96809
22.33	.96836
22.34	.96868
22.35	.96903
22.36	.96939
22.37	.96974
22.38	.97006
22.39	.97033
22.4	.97054
22.41	.97067
22.42	.97073
22.43	.97071
22.44	.97062
22.45	.97045
22.46	.97021
22.47	.96991
22.48	.96956
22.49	.96915
22.5	.9687
22.51	.96822
22.52	.9677
22.53	.96715
22.54	.96658
22.55	.966
22.56	.9654
22.57	.96481
22.58	.96422
22.59	.96366
22.6	.96314
22.61	.96267
22.62	.96226
22.63	.96195
22.64	.96174
22.65	.96165
22.66	.9617
22.67	.96189
22.68	.96222
22.69	.9627
22.7	.96331
22.71	.96404
22.72	.96487
22.73	.96579
22.74	.96676
22.75	.96775
22.76	.96875
22.77	.96973
22.78	.97067
22.79	.97155
22.8	.97236
22.81	.9731
22.82	.97376
22.83	.97434
22.84	.97486
22.85	.97533
22.86	.97577
22.87	.97619
22.88	.97659
22.89	.977
22.9	.97741
22.91	.97782
22.92	.97822
22.93	.97861
22.94	.97896
22.95	.97925
22.96	.97948
22.97	.97962
22.98	.97965
22.99	.97957
23	.97937
23.01	.97904
23.02	.9786
23.03	.97804
23.04	.97738
23.05	.97663
23.06	.97578
23.07	.97486
23.08	.97388
23.09	.97282
23.1	.97171
23.11	.97053
23.12	.96931
23.13	.96802
23.14	.9667
23.15	.96534
23.16	.96396
23.17	.96259
23.18	.96126
23.19	.96
23.2	.95884
23.21	.95784
23.22	.95703
23.23	.95645
23.24	.95611
23.25	.95605
23.26	.95626
23.27	.95673
23.28	.95744
23.29	.95836
23.3	.95943
23.31	.96059
23.32	.9618
23.33	.96297
23.34	.96407
23.35	.96503
23.36	.96582
23.37	.96642
23.38	.96681
23.39	.96699
23.4	.96699
23.41	.96681
23.42	.96649
23.43	.96606
23.44	.96555
23.45	.96499
23.46	.9644
23.47	.96379
23.48	.96319
23.49	.96259
23.5	.96201
23.51	.96144
23.52	.96089
23.53	.96036
23.54	.95986
23.55	.95938
23.56	.95895
23.57	.95857
23.58	.95826
23.59	.95804
23.6	.95792
23.61	.95792
23.62	.95805
23.63	.95831
23.64	.9587
23.65	.95922
23.66	.95983
23.67	.96053
23.68	.96126
23.69	.962
23.7	.9627
23.71	.96332
23.72	.96381
23.73	.96415
23.74	.96429
23.75	.96423
23.76	.96396
23.77	.96349
23.78	.96284
23.79	.96204
23.8	.96115
23.81	.96019
23.82	.95923
23.83	.9583
23.84	.95745
23.85	.9567
23.86	.95609
23.87	.95562
23.88	.9553
23.89	.95513
23.9	.95509
23.91	.95518
23.92	.95538
23.93	.95568
23.94	.95605
23.95	.95648
23.96	.95696
23.97	.95746
23.98	.95797
23.99	.95848
24	.95896
24.01	.9594
24.02	.95978
24.03	.96008
24.04	.9603
24.05	.96042
24.06	.96045
24.07	.96038
24.08	.96022
24.09	.95999
24.1	.9597
24.11	.95937
24.12	.95901
24.13	.95866
24.14	.95831
24.15	.958
24.16	.95773
24.17	.9575
24.18	.95733
24.19	.95721
24.2	.95714
24.21	.95711
24.22	.95712
24.23	.95716
24.24	.95722
24.25	.9573
24.26	.9574
24.27	.95751
24.28	.95763
24.29	.95777
24.3	.95794
24.31	.95814
24.32	.95839
24.33	.9587
24.34	.95909
24.35	.95957
24.36	.96016
24.37	.96087
24.38	.96171
24.39	.96267
24.4	.96375
24.41	.96494
24.42	.9662
24.43	.96753
24.44	.96889
24.45	.97025
24.46	.97159
24.47	.97289
24.48	.97414
24.49	.97532
24.5	.97643
24.51	.97749
24.52	.97848
24.53	.97943
24.54	.98033
24.55	.98119
24.56	.98202
24.57	.9828
24.58	.98353
24.59	.98421
24.6	.98481
24.61	.98532
24.62	.98573
24.63	.98604
24.64	.98622
24.65	.98629
24.66	.98624
24.67	.98608
24.68	.98582
24.69	.98547
24.7	.98505
24.71	.98457
24.72	.98405
24.73	.98352
24.74	.98298
24.75	.98245
24.76	.98196
24.77	.98151
24.78	.98113
24.79	.98084
24.8	.98064
24.81	.98057
24.82	.98063
24.83	.98085
24.84	.98121
24.85	.98174
24.86	.98241
24.87	.98321
24.88	.98411
24.89	.98508
24.9	.98607
24.91	.98703
24.92	.98793
24.93	.98871
24.94	.98934
24.95	.9898
24.96	.99008
24.97	.99016
24.98	.99006
24.99	.9898
25	.98941
25.01	.98892
25.02	.98836
25.03	.98776
25.04	.98716
25.05	.98658
25.06	.98603
25.07	.98554
25.08	.98511
25.09	.98476
25.1	.98448
25.11	.98428
25.12	.98417
25.13	.98415
25.14	.98422
25.15	.98439
25.16	.98465
25.17	.98501
25.18	.98546
25.19	.98601
25.2	.98664
25.21	.98737
25.22	.98817
25.23	.98905
25.24	.99001
25.25	.99104
25.26	.99213
25.27	.99329
25.28	.99451
25.29	.99577
25.3	.99707
25.31	.99839
25.32	.99972
25.33	1.001
25.34	1.0023
25.35	1.0035
25.36	1.0047
25.37	1.0058
25.38	1.0068
25.39	1.0077
25.4	1.0085
25.41	1.0092
25.42	1.0099
25.43	1.0105
25.44	1.011
25.45	1.0116
25.46	1.0123
25.47	1.013
25.48	1.0138
25.49	1.0148
25.5	1.0159
25.51	1.017
25.52	1.0183
25.53	1.0196
25.54	1.021
25.55	1.0223
25.56	1.0234
25.57	1.0245
25.58	1.0253
25.59	1.026
25.6	1.0264
25.61	1.0267
25.62	1.0267
25.63	1.0266
25.64	1.0264
25.65	1.0261
25.66	1.0258
25.67	1.0255
25.68	1.0253
25.69	1.0252
25.7	1.0251
25.71	1.0253
25.72	1.0255
25.73	1.0259
25.74	1.0265
25.75	1.0272
25.76	1.0281
25.77	1.029
25.78	1.0301
25.79	1.0311
25.8	1.0322
25.81	1.0333
25.82	1.0343
25.83	1.0352
25.84	1.0361
25.85	1.0368
25.86	1.0373
25.87	1.0378
25.88	1.038
25.89	1.0382
25.9	1.0383
25.91	1.0382
25.92	1.0382
25.93	1.038
25.94	1.0379
25.95	1.0378
25.96	1.0378
25.97	1.0379
25.98	1.038
25.99	1.0383
26	1.0387
26.01	1.0391
26.02	1.0397
26.03	1.0403
26.04	1.041
26.05	1.0418
26.06	1.0426
26.07	1.0434
26.08	1.0443
26.09	1.0452
26.1	1.0461
26.11	1.0469
26.12	1.0478
26.13	1.0487
26.14	1.0497
26.15	1.0506
26.16	1.0515
26.17	1.0524
26.18	1.0534
26.19	1.0543
26.2	1.0553
26.21	1.0562
26.22	1.0572
26.23	1.0581
26.24	1.0589
26.25	1.0597
26.26	1.0604
26.27	1.061
26.28	1.0615
26.29	1.0619
26.3	1.0622
26.31	1.0623
26.32	1.0623
26.33	1.0623
26.34	1.0622
26.35	1.062
26.36	1.0618
26.37	1.0615
26.38	1.0613
26.39	1.061
26.4	1.0607
26.41	1.0603
26.42	1.0599
26.43	1.0595
26.44	1.0589
26.45	1.0582
26.46	1.0575
26.47	1.0566
26.48	1.0556
26.49	1.0545
26.5	1.0533
26.51	1.052
26.52	1.0506
26.53	1.0492
26.54	1.0477
26.55	1.0461
26.56	1.0445
26.57	1.0429
26.58	1.0412
26.59	1.0394
26.6	1.0375
26.61	1.0355
26.62	1.0335
26.63	1.0313
26.64	1.029
26.65	1.0267
26.66	1.0242
26.67	1.0217
26.68	1.0191
26.69	1.0165
26.7	1.0138
26.71	1.0112
26.72	1.0086
26.73	1.0059
26.74	1.0034
26.75	1.0008
26.76	.9984
26.77	.99596
26.78	.99356
26.79	.99118
26.8	.98883
26.81	.98649
26.82	.98415
26.83	.9818
26.84	.97943
26.85	.97705
26.86	.97464
26.87	.9722
26.88	.96974
26.89	.96724
26.9	.96471
26.91	.96213
26.92	.9595
26.93	.95682
26.94	.95408
26.95	.95129
26.96	.94843
26.97	.94553
26.98	.9426
26.99	.93967
27	.93675
27.01	.93389
27.02	.9311
27.03	.92843
27.04	.92588
27.05	.92349
27.06	.92126
27.07	.91919
27.08	.91727
27.09	.91548
27.1	.91381
27.11	.91223
27.12	.91073
27.13	.90927
27.14	.90785
27.15	.90645
27.16	.90506
27.17	.90367
27.18	.90229
27.19	.9009
27.2	.8995
27.21	.89809
27.22	.89665
27.23	.89516
27.24	.89363
27.25	.89202
27.26	.89033
27.27	.88855
27.28	.88667
27.29	.88469
27.3	.88261
27.31	.88043
27.32	.87818
27.33	.87586
27.34	.87348
27.35	.87105
27.36	.86859
27.37	.86609
27.38	.86355
27.39	.86097
27.4	.85835
27.41	.85568
27.42	.85298
27.43	.85024
27.44	.84747
27.45	.8447
27.46	.84196
27.47	.83925
27.48	.83662
27.49	.83409
27.5	.83169
27.51	.82944
27.52	.82735
27.53	.82543
27.54	.8237
27.55	.82215
27.56	.82078
27.57	.81958
27.58	.81853
27.59	.81762
27.6	.81681
27.61	.81608
27.62	.81538
27.63	.81469
27.64	.81397
27.65	.81319
27.66	.81232
27.67	.81134
27.68	.81023
27.69	.809
27.7	.80766
27.71	.80621
27.72	.80468
27.73	.80309
27.74	.80148
27.75	.79986
27.76	.79825
27.77	.79667
27.78	.79512
27.79	.79361
27.8	.79211
27.81	.79062
27.82	.78912
27.83	.78758
27.84	.78597
27.85	.78428
27.86	.78249
27.87	.78058
27.88	.77855
27.89	.77639
27.9	.7741
27.91	.77169
27.92	.76917
27.93	.76655
27.94	.76385
27.95	.76107
27.96	.75823
27.97	.75533
27.98	.75239
27.99	.74942
28	.74642
28.01	.74341
28.02	.74039
28.03	.73739
28.04	.73442
28.05	.73149
28.06	.72862
28.07	.72584
28.08	.72314
28.09	.72055
28.1	.71806
28.11	.71568
28.12	.7134
28.13	.71122
28.14	.70911
28.15	.70707
28.16	.70508
28.17	.70313
28.18	.7012
28.19	.69928
28.2	.69736
28.21	.69543
28.22	.69349
28.23	.69153
28.24	.68957
28.25	.68759
28.26	.68561
28.27	.68364
28.28	.68168
28.29	.67975
28.3	.67784
28.31	.67596
28.32	.67411
28.33	.67227
28.34	.67045
28.35	.66863
28.36	.66679
28.37	.66491
28.38	.66299
28.39	.66101
28.4	.65896
28.41	.65684
28.42	.65464
28.43	.65237
28.44	.65004
28.45	.64766
28.46	.64524
28.47	.64278
28.48	.6403
28.49	.63781
28.5	.63531
28.51	.63282
28.52	.63034
28.53	.62788
28.54	.62544
28.55	.62302
28.56	.62063
28.57	.61827
28.58	.61595
28.59	.61368
28.6	.61146
28.61	.60929
28.62	.60719
28.63	.60517
28.64	.60322
28.65	.60135
28.66	.59956
28.67	.59784
28.68	.59619
28.69	.5946
28.7	.59305
28.71	.59153
28.72	.59002
28.73	.5885
28.74	.58696
28.75	.58538
28.76	.58376
28.77	.58208
28.78	.58034
28.79	.57854
28.8	.5767
28.81	.57482
28.82	.57293
28.83	.57105
28.84	.56919
28.85	.56738
28.86	.56564
28.87	.56399
28.88	.56241
28.89	.56092
28.9	.5595
28.91	.55813
28.92	.55678
28.93	.55543
28.94	.55405
28.95	.55261
28.96	.5511
28.97	.54948
28.98	.54776
28.99	.54594
29	.54402
29.01	.54202
29.02	.53996
29.03	.53786
29.04	.53574
29.05	.53365
29.06	.53159
29.07	.52959
29.08	.52766
29.09	.52582
29.1	.52408
29.11	.52245
29.12	.52091
29.13	.51947
29.14	.51813
29.15	.51687
29.16	.5157
29.17	.51462
29.18	.51361
29.19	.51267
29.2	.5118
29.21	.511
29.22	.51027
29.23	.50958
29.24	.50894
29.25	.50833
29.26	.50772
29.27	.50709
29.28	.50643
29.29	.50571
29.3	.5049
29.31	.504
29.32	.50298
29.33	.50186
29.34	.50061
29.35	.49927
29.36	.49783
29.37	.49631
29.38	.49474
29.39	.49314
29.4	.49151
29.41	.48988
29.42	.48826
29.43	.48667
29.44	.4851
29.45	.48357
29.46	.48208
29.47	.48063
29.48	.47924
29.49	.47789
29.5	.4766
29.51	.47537
29.52	.47418
29.53	.47304
29.54	.47193
29.55	.47085
29.56	.46978
29.57	.46871
29.58	.46764
29.59	.46655
29.6	.46544
29.61	.46431
29.62	.46318
29.63	.46204
29.64	.46091
29.65	.4598
29.66	.45873
29.67	.45771
29.68	.45673
29.69	.45582
29.7	.45496
29.71	.45416
29.72	.4534
29.73	.45268
29.74	.45198
29.75	.4513
29.76	.45063
29.77	.44996
29.78	.44929
29.79	.4486
29.8	.44791
29.81	.44721
29.82	.4465
29.83	.44578
29.84	.44505
29.85	.44429
29.86	.44352
29.87	.44271
29.88	.44186
29.89	.44096
29.9	.44001
29.91	.439
29.92	.43795
29.93	.43685
29.94	.43573
29.95	.43459
29.96	.43346
29.97	.43235
29.98	.43128
29.99	.43026
30	.42931
30.01	.42843
30.02	.42763
30.03	.42691
30.04	.42628
30.05	.42572
30.06	.42525
30.07	.42486
30.08	.42456
30.09	.42434
30.1	.4242
30.11	.42413
30.12	.42415
30.13	.42423
30.14	.42436
30.15	.42454
30.16	.42474
30.17	.42494
30.18	.42514
30.19	.4253
30.2	.42542
30.21	.42549
30.22	.4255
30.23	.42545
30.24	.42535
30.25	.42522
30.26	.42506
30.27	.42489
30.28	.42471
30.29	.42455
30.3	.42441
30.31	.42428
30.32	.42416
30.33	.42403
30.34	.42389
30.35	.42371
30.36	.42349
30.37	.42322
30.38	.42289
30.39	.42249
30.4	.42205
30.41	.42156
30.42	.42103
30.43	.42049
30.44	.41995
30.45	.41942
30.46	.4189
30.47	.41842
30.48	.41797
30.49	.41758
30.5	.41723
30.51	.41695
30.52	.41674
30.53	.41661
30.54	.41657
30.55	.41664
30.56	.41683
30.57	.41712
30.58	.41752
30.59	.41803
30.6	.41863
30.61	.41928
30.62	.41998
30.63	.42069
30.64	.42139
30.65	.42203
30.66	.42259
30.67	.42306
30.68	.42342
30.69	.42365
30.7	.42375
30.71	.42372
30.72	.42357
30.73	.42332
30.74	.42296
30.75	.42251
30.76	.422
30.77	.42142
30.78	.4208
30.79	.42014
30.8	.41946
30.81	.41877
30.82	.41808
30.83	.41741
30.84	.41676
30.85	.41614
30.86	.41557
30.87	.41504
30.88	.41455
30.89	.41411
30.9	.41372
30.91	.41336
30.92	.41304
30.93	.41275
30.94	.41249
30.95	.41226
30.96	.41207
30.97	.41192
30.98	.41183
30.99	.41179
31	.41182
31.01	.41193
31.02	.41211
31.03	.41236
31.04	.41268
31.05	.41306
31.06	.41348
31.07	.41394
31.08	.4144
31.09	.41486
31.1	.41531
31.11	.41573
31.12	.41612
31.13	.41647
31.14	.41679
31.15	.41706
31.16	.4173
31.17	.41752
31.18	.41771
31.19	.41788
31.2	.41804
31.21	.41819
31.22	.41834
31.23	.4185
31.24	.41868
31.25	.41888
31.26	.41912
31.27	.41939
31.28	.41971
31.29	.42008
31.3	.4205
31.31	.42097
31.32	.42148
31.33	.42203
31.34	.42261
31.35	.4232
31.36	.4238
31.37	.42438
31.38	.42493
31.39	.42545
31.4	.42592
31.41	.42634
31.42	.4267
31.43	.42701
31.44	.42726
31.45	.42746
31.46	.42762
31.47	.42775
31.48	.42784
31.49	.42791
31.5	.42797
31.51	.42801
31.52	.42803
31.53	.42805
31.54	.42804
31.55	.42801
31.56	.42795
31.57	.42785
31.58	.4277
31.59	.42749
31.6	.42722
31.61	.42688
31.62	.42647
31.63	.42598
31.64	.42542
31.65	.42479
31.66	.4241
31.67	.42336
31.68	.42257
31.69	.42175
31.7	.42092
31.71	.42009
31.72	.41928
31.73	.4185
31.74	.41777
31.75	.41711
31.76	.41652
31.77	.41601
31.78	.41559
31.79	.41527
31.8	.41503
31.81	.41486
31.82	.41475
31.83	.41467
31.84	.4146
31.85	.41452
31.86	.41438
31.87	.41418
31.88	.41388
31.89	.41349
31.9	.41298
31.91	.41237
31.92	.41166
31.93	.41086
31.94	.40998
31.95	.40904
31.96	.40805
31.97	.40702
31.98	.40594
31.99	.40483
32	.40368
32.01	.40247
32.02	.4012
32.03	.39987
32.04	.39846
32.05	.39697
32.06	.39539
32.07	.39372
32.08	.39196
32.09	.39012
32.1	.3882
32.11	.38622
32.12	.38417
32.13	.38208
32.14	.37995
32.15	.37779
32.16	.37562
32.17	.37344
32.18	.37125
32.19	.36906
32.2	.36686
32.21	.36467
32.22	.36246
32.23	.36024
32.24	.35801
32.25	.35575
32.26	.35347
32.27	.35116
32.28	.34883
32.29	.34648
32.3	.34412
32.31	.34176
32.32	.33941
32.33	.33709
32.34	.33481
32.35	.33259
32.36	.33043
32.37	.32835
32.38	.32634
32.39	.32442
32.4	.32256
32.41	.32077
32.42	.31904
32.43	.31735
32.44	.31569
32.45	.31403
32.46	.31236
32.47	.31067
32.48	.30894
32.49	.30717
32.5	.30533
32.51	.30344
32.52	.30148
32.53	.29947
32.54	.2974
32.55	.29529
32.56	.29313
32.57	.29096
32.58	.28877
32.59	.28659
32.6	.28441
32.61	.28226
32.62	.28015
32.63	.27808
32.64	.27607
32.65	.27411
32.66	.27222
32.67	.27039
32.68	.26863
32.69	.26695
32.7	.26533
32.71	.26378
32.72	.2623
32.73	.26088
32.74	.25952
32.75	.25823
32.76	.25698
32.77	.25579
32.78	.25463
32.79	.25351
32.8	.25242
32.81	.25134
32.82	.25028
32.83	.24923
32.84	.2482
32.85	.24717
32.86	.24617
32.87	.24519
32.88	.24426
32.89	.24337
32.9	.24255
32.91	.24181
32.92	.24115
32.93	.24058
32.94	.2401
32.95	.23971
32.96	.23939
32.97	.23912
32.98	.23891
32.99	.23871
33	.23852
33.01	.23832
33.02	.2381
33.03	.23784
33.04	.23754
33.05	.23721
33.06	.23684
33.07	.23644
33.08	.23603
33.09	.2356
33.1	.23517
33.11	.23475
33.12	.23434
33.13	.23395
33.14	.23358
33.15	.23322
33.16	.23288
33.17	.23254
33.18	.2322
33.19	.23186
33.2	.2315
33.21	.23114
33.22	.23075
33.23	.23034
33.24	.22991
33.25	.22947
33.26	.22901
33.27	.22855
33.28	.22809
33.29	.22764
33.3	.22721
33.31	.22681
33.32	.22643
33.33	.22609
33.34	.22577
33.35	.22549
33.36	.22523
33.37	.22498
33.38	.22475
33.39	.22451
33.4	.22428
33.41	.22403
33.42	.22378
33.43	.22352
33.44	.22324
33.45	.22296
33.46	.22267
33.47	.22237
33.48	.22206
33.49	.22175
33.5	.22142
33.51	.22107
33.52	.22071
33.53	.22032
33.54	.2199
33.55	.21945
33.56	.21898
33.57	.21847
33.58	.21794
33.59	.21739
33.6	.21683
33.61	.21625
33.62	.21567
33.63	.21508
33.64	.21448
33.65	.21387
33.66	.21325
33.67	.21262
33.68	.21196
33.69	.21127
33.7	.21055
33.71	.20979
33.72	.209
33.73	.20817
33.74	.20731
33.75	.20641
33.76	.20549
33.77	.20456
33.78	.20362
33.79	.20269
33.8	.20177
33.81	.20088
33.82	.20002
33.83	.19922
33.84	.19846
33.85	.19778
33.86	.19715
33.87	.1966
33.88	.19611
33.89	.19568
33.9	.1953
33.91	.19495
33.92	.19463
33.93	.19432
33.94	.19401
33.95	.19368
33.96	.19332
33.97	.19293
33.98	.19249
33.99	.19201
34	.19149
34.01	.19093
34.02	.19033
34.03	.18971
34.04	.18907
34.05	.18842
34.06	.18777
34.07	.18712
34.08	.18649
34.09	.18586
34.1	.18525
34.11	.18465
34.12	.18408
34.13	.18351
34.14	.18296
34.15	.18241
34.16	.18187
34.17	.18132
34.18	.18077
34.19	.18021
34.2	.17963
34.21	.17904
34.22	.17843
34.23	.1778
34.24	.17716
34.25	.1765
34.26	.17585
34.27	.1752
34.28	.17456
34.29	.17394
34.3	.17335
34.31	.17279
34.32	.17226
34.33	.17176
34.34	.17128
34.35	.17082
34.36	.17037
34.37	.16992
34.38	.16946
34.39	.16898
34.4	.16848
34.41	.16796
34.42	.1674
34.43	.16682
34.44	.16622
34.45	.1656
34.46	.16498
34.47	.16437
34.48	.16378
34.49	.16322
34.5	.16271
34.51	.16225
34.52	.16186
34.53	.16154
34.54	.16129
34.55	.16111
34.56	.16099
34.57	.16094
34.58	.16093
34.59	.16096
34.6	.16101
34.61	.16106
34.62	.16111
34.63	.16113
34.64	.16111
34.65	.16106
34.66	.16096
34.67	.1608
34.68	.16061
34.69	.16036
34.7	.16007
34.71	.15975
34.72	.15939
34.73	.15899
34.74	.15857
34.75	.15813
34.76	.15766
34.77	.15717
34.78	.15666
34.79	.15614
34.8	.15561
34.81	.15508
34.82	.15455
34.83	.15403
34.84	.15353
34.85	.15306
34.86	.15262
34.87	.15223
34.88	.15189
34.89	.1516
34.9	.15137
34.91	.1512
34.92	.15109
34.93	.15103
34.94	.15102
34.95	.15105
34.96	.15111
34.97	.15119
34.98	.15128
34.99	.15137
35	.15144
35.01	.15148
35.02	.15148
35.03	.15143
35.04	.15132
35.05	.15115
35.06	.15091
35.07	.15061
35.08	.15025
35.09	.14984
35.1	.14938
35.11	.14889
35.12	.14836
35.13	.14782
35.14	.14727
35.15	.14672
35.16	.14618
35.17	.14564
35.18	.14511
35.19	.14459
35.2	.14409
35.21	.1436
35.22	.14311
35.23	.14264
35.24	.14216
35.25	.14169
35.26	.14122
35.27	.14075
35.28	.14028
35.29	.13982
35.3	.13936
35.31	.13891
35.32	.13847
35.33	.13804
35.34	.13763
35.35	.13722
35.36	.13684
35.37	.13646
35.38	.13609
35.39	.13572
35.4	.13535
35.41	.13498
35.42	.13459
35.43	.13419
35.44	.13377
35.45	.13333
35.46	.13286
35.47	.13237
35.48	.13186
35.49	.13133
35.5	.13078
35.51	.13022
35.52	.12967
35.53	.12912
35.54	.12859
35.55	.12808
35.56	.12759
35.57	.12714
35.58	.12672
35.59	.12633
35.6	.12597
35.61	.12564
35.62	.12533
35.63	.12504
35.64	.12476
35.65	.12449
35.66	.12423
35.67	.12396
35.68	.1237
35.69	.12343
35.7	.12316
35.71	.12289
35.72	.12261
35.73	.12232
35.74	.12204
35.75	.12174
35.76	.12144
35.77	.12113
35.78	.1208
35.79	.12046
35.8	.1201
35.81	.11973
35.82	.11933
35.83	.11891
35.84	.11848
35.85	.11803
35.86	.11757
35.87	.11711
35.88	.11665
35.89	.11619
35.9	.11573
35.91	.11529
35.92	.11487
35.93	.11445
35.94	.11405
35.95	.11365
35.96	.11326
35.97	.11286
35.98	.11246
35.99	.11205
36	.11163
36.01	.1112
36.02	.11075
36.03	.11029
36.04	.10982
36.05	.10935
36.06	.10888
36.07	.10843
36.08	.10799
36.09	.10758
36.1	.10719
36.11	.10684
36.12	.10651
36.13	.10621
36.14	.10593
36.15	.10567
36.16	.10541
36.17	.10516
36.18	.1049
36.19	.10464
36.2	.10437
36.21	.1041
36.22	.10382
36.23	.10354
36.24	.10328
36.25	.10303
36.26	.1028
36.27	.1026
36.28	.10243
36.29	.1023
36.3	.1022
36.31	.10213
36.32	.1021
36.33	.10209
36.34	.10211
36.35	.10216
36.36	.10223
36.37	.10232
36.38	.10243
36.39	.10256
36.4	.1027
36.41	.10284
36.42	.10298
36.43	.10312
36.44	.10325
36.45	.10336
36.46	.10345
36.47	.1035
36.48	.10353
36.49	.10353
36.5	.10351
36.51	.10346
36.52	.1034
36.53	.10333
36.54	.10325
36.55	.10318
36.56	.10311
36.57	.10306
36.58	.10301
36.59	.10299
36.6	.10297
36.61	.10297
36.62	.10299
36.63	.10301
36.64	.10304
36.65	.10309
36.66	.10314
36.67	.1032
36.68	.10326
36.69	.10333
36.7	.1034
36.71	.10347
36.72	.10354
36.73	.10361
36.74	.10368
36.75	.10375
36.76	.10381
36.77	.10387
36.78	.10392
36.79	.10398
36.8	.10404
36.81	.10411
36.82	.10419
36.83	.10428
36.84	.10439
36.85	.10451
36.86	.10464
36.87	.10478
36.88	.10494
36.89	.10509
36.9	.10525
36.91	.1054
36.92	.10555
36.93	.10568
36.94	.10581
36.95	.10592
36.96	.10602
36.97	.10611
36.98	.10618
36.99	.10625
37	.1063
37.01	.10634
37.02	.10637
37.03	.10639
37.04	.10639
37.05	.10638
37.06	.10636
37.07	.10634
37.08	.10631
37.09	.10628
37.1	.10626
37.11	.10625
37.12	.10626
37.13	.10629
37.14	.10636
37.15	.10646
37.16	.1066
37.17	.10678
37.18	.10699
37.19	.10723
37.2	.10749
37.21	.10777
37.22	.10805
37.23	.10834
37.24	.10862
37.25	.10889
37.26	.10914
37.27	.10938
37.28	.10961
37.29	.10982
37.3	.11003
37.31	.11024
37.32	.11046
37.33	.11068
37.34	.11091
37.35	.11115
37.36	.11139
37.37	.11162
37.38	.11185
37.39	.11206
37.4	.11224
37.41	.11239
37.42	.11251
37.43	.11258
37.44	.11262
37.45	.11262
37.46	.11259
37.47	.11255
37.48	.11249
37.49	.11243
37.5	.11237
37.51	.11234
37.52	.11233
37.53	.11236
37.54	.11242
37.55	.11253
37.56	.11268
37.57	.11287
37.58	.11311
37.59	.11338
37.6	.11369
37.61	.11403
37.62	.11438
37.63	.11473
37.64	.11508
37.65	.11541
37.66	.1157
37.67	.11595
37.68	.11615
37.69	.11629
37.7	.11638
37.71	.11642
37.72	.11641
37.73	.11637
37.74	.11631
37.75	.11625
37.76	.1162
37.77	.11616
37.78	.11617
37.79	.11621
37.8	.11629
37.81	.11642
37.82	.11659
37.83	.1168
37.84	.11703
37.85	.11728
37.86	.11754
37.87	.1178
37.88	.11806
37.89	.11831
37.9	.11854
37.91	.11874
37.92	.11893
37.93	.1191
37.94	.11924
37.95	.11936
37.96	.11945
37.97	.11953
37.98	.11959
37.99	.11963
38	.11966
38.01	.11968
38.02	.11969
38.03	.11969
38.04	.1197
38.05	.11971
38.06	.11972
38.07	.11974
38.08	.11976
38.09	.11978
38.1	.11981
38.11	.11983
38.12	.11985
38.13	.11987
38.14	.11989
38.15	.1199
38.16	.11992
38.17	.11995
38.18	.11999
38.19	.12006
38.2	.12017
38.21	.12031
38.22	.12049
38.23	.12072
38.24	.12099
38.25	.12131
38.26	.12166
38.27	.12204
38.28	.12244
38.29	.12285
38.3	.12327
38.31	.12369
38.32	.1241
38.33	.12451
38.34	.12492
38.35	.12532
38.36	.12572
38.37	.12612
38.38	.12652
38.39	.12693
38.4	.12733
38.41	.12773
38.42	.12811
38.43	.12849
38.44	.12883
38.45	.12915
38.46	.12944
38.47	.12968
38.48	.12987
38.49	.13002
38.5	.13012
38.51	.13019
38.52	.13021
38.53	.13021
38.54	.13018
38.55	.13015
38.56	.13012
38.57	.13009
38.58	.13009
38.59	.13011
38.6	.13018
38.61	.13028
38.62	.13042
38.63	.13061
38.64	.13084
38.65	.13111
38.66	.13142
38.67	.13176
38.68	.13212
38.69	.13249
38.7	.13287
38.71	.13323
38.72	.13357
38.73	.13389
38.74	.13418
38.75	.13443
38.76	.13464
38.77	.13482
38.78	.13497
38.79	.13509
38.8	.13519
38.81	.13529
38.82	.13538
38.83	.13548
38.84	.1356
38.85	.13573
38.86	.13588
38.87	.13604
38.88	.13623
38.89	.13642
38.9	.13663
38.91	.13684
38.92	.13705
38.93	.13726
38.94	.13747
38.95	.13767
38.96	.13786
38.97	.13805
38.98	.13823
38.99	.13841
39	.13858
39.01	.13875
39.02	.13891
39.03	.13908
39.04	.13925
39.05	.13941
39.06	.13957
39.07	.13973
39.08	.13989
39.09	.14003
39.1	.14016
39.11	.14028
39.12	.14038
39.13	.14046
39.14	.14052
39.15	.14057
39.16	.1406
39.17	.14063
39.18	.14065
39.19	.14067
39.2	.14069
39.21	.14072
39.22	.14076
39.23	.14081
39.24	.14087
39.25	.14095
39.26	.14103
39.27	.14112
39.28	.14121
39.29	.14131
39.3	.14141
39.31	.1415
39.32	.14158
39.33	.14166
39.34	.14174
39.35	.1418
39.36	.14186
39.37	.1419
39.38	.14195
39.39	.14198
39.4	.14202
39.41	.14205
39.42	.14208
39.43	.14212
39.44	.14217
39.45	.14224
39.46	.14232
39.47	.14243
39.48	.14258
39.49	.14275
39.5	.14297
39.51	.14322
39.52	.14352
39.53	.14386
39.54	.14424
39.55	.14467
39.56	.14515
39.57	.14566
39.58	.14622
39.59	.14683
39.6	.14746
39.61	.14814
39.62	.14885
39.63	.14957
39.64	.15031
39.65	.15106
39.66	.15179
39.67	.1525
39.68	.15316
39.69	.15377
39.7	.1543
39.71	.15474
39.72	.1551
39.73	.15534
39.74	.15549
39.75	.15553
39.76	.15548
39.77	.15535
39.78	.15515
39.79	.1549
39.8	.15462
39.81	.15433
39.82	.15404
39.83	.15376
39.84	.15351
39.85	.15329
39.86	.15312
39.87	.15298
39.88	.15289
39.89	.15284
39.9	.15284
39.91	.15288
39.92	.15296
39.93	.15308
39.94	.15325
39.95	.15346
39.96	.15371
39.97	.154
39.98	.15432
39.99	.15467
40	.15504
40.01	.15541
40.02	.15578
40.03	.15613
40.04	.15644
40.05	.15671
40.06	.15692
40.07	.15706
40.08	.15714
40.09	.15716
40.1	.15711
40.11	.15702
40.12	.15689
40.13	.15674
40.14	.1566
40.15	.15647
40.16	.15637
40.17	.15633
40.18	.15635
40.19	.15645
40.2	.15661
40.21	.15685
40.22	.15716
40.23	.15753
40.24	.15794
40.25	.1584
40.26	.15888
40.27	.15937
40.28	.15986
40.29	.16034
40.3	.1608
40.31	.16124
40.32	.16165
40.33	.16203
40.34	.16237
40.35	.16267
40.36	.16293
40.37	.16316
40.38	.16335
40.39	.16351
40.4	.16365
40.41	.16376
40.42	.16386
40.43	.16396
40.44	.16407
40.45	.16419
40.46	.16433
40.47	.1645
40.48	.1647
40.49	.16493
40.5	.16519
40.51	.16547
40.52	.16577
40.53	.16607
40.54	.16637
40.55	.16666
40.56	.16693
40.57	.16716
40.58	.16735
40.59	.1675
40.6	.1676
40.61	.16764
40.62	.16763
40.63	.16756
40.64	.16744
40.65	.16727
40.66	.16707
40.67	.16682
40.68	.16655
40.69	.16625
40.7	.16595
40.71	.16565
40.72	.16536
40.73	.16508
40.74	.16484
40.75	.16462
40.76	.16445
40.77	.16431
40.78	.16422
40.79	.16418
40.8	.16417
40.81	.1642
40.82	.16426
40.83	.16435
40.84	.16446
40.85	.1646
40.86	.16474
40.87	.1649
40.88	.16506
40.89	.16522
40.9	.16537
40.91	.16551
40.92	.16564
40.93	.16574
40.94	.16582
40.95	.16587
40.96	.1659
40.97	.16591
40.98	.16591
40.99	.16589
41	.16586
41.01	.16584
41.02	.16582
41.03	.16581
41.04	.1658
41.05	.16581
41.06	.16581
41.07	.16583
41.08	.16584
41.09	.16585
41.1	.16586
41.11	.16587
41.12	.16587
41.13	.16589
41.14	.16592
41.15	.16596
41.16	.16604
41.17	.16615
41.18	.16629
41.19	.16648
41.2	.16671
41.21	.16698
41.22	.16728
41.23	.16761
41.24	.16796
41.25	.16833
41.26	.1687
41.27	.16907
41.28	.16942
41.29	.16977
41.3	.1701
41.31	.1704
41.32	.17068
41.33	.17093
41.34	.17115
41.35	.17134
41.36	.17149
41.37	.17161
41.38	.17169
41.39	.17175
41.4	.17176
41.41	.17175
41.42	.17172
41.43	.17166
41.44	.1716
41.45	.17152
41.46	.17145
41.47	.1714
41.48	.17137
41.49	.17138
41.5	.17145
41.51	.17157
41.52	.17176
41.53	.17203
41.54	.17237
41.55	.17279
41.56	.17327
41.57	.17381
41.58	.17438
41.59	.17496
41.6	.17554
41.61	.17608
41.62	.17657
41.63	.17699
41.64	.17732
41.65	.17755
41.66	.17767
41.67	.17769
41.68	.17761
41.69	.17745
41.7	.17723
41.71	.17695
41.72	.17663
41.73	.17631
41.74	.17599
41.75	.17569
41.76	.17542
41.77	.17519
41.78	.17501
41.79	.17487
41.8	.17479
41.81	.17474
41.82	.17474
41.83	.17479
41.84	.17487
41.85	.17499
41.86	.17515
41.87	.17535
41.88	.17559
41.89	.17588
41.9	.17621
41.91	.17659
41.92	.17701
41.93	.17746
41.94	.17794
41.95	.17842
41.96	.1789
41.97	.17936
41.98	.17978
41.99	.18014
42	.18044
42.01	.18065
42.02	.18077
42.03	.18081
42.04	.18076
42.05	.18063
42.06	.18044
42.07	.1802
42.08	.17992
42.09	.17962
42.1	.17932
42.11	.17903
42.12	.17877
42.13	.17853
42.14	.17833
42.15	.17818
42.16	.17807
42.17	.17802
42.18	.17801
42.19	.17807
42.2	.17817
42.21	.17834
42.22	.17855
42.23	.17882
42.24	.17914
42.25	.17951
42.26	.17991
42.27	.18034
42.28	.1808
42.29	.18127
42.3	.18175
42.31	.18223
42.32	.18271
42.33	.18317
42.34	.18362
42.35	.18405
42.36	.18444
42.37	.1848
42.38	.18512
42.39	.18538
42.4	.18557
42.41	.1857
42.42	.18575
42.43	.18573
42.44	.18562
42.45	.18544
42.46	.18518
42.47	.18486
42.48	.18448
42.49	.18406
42.5	.1836
42.51	.18311
42.52	.18261
42.53	.18211
42.54	.18162
42.55	.18114
42.56	.18069
42.57	.18026
42.58	.17987
42.59	.17953
42.6	.17923
42.61	.17899
42.62	.1788
42.63	.17867
42.64	.1786
42.65	.17858
42.66	.17862
42.67	.1787
42.68	.17881
42.69	.17896
42.7	.17913
42.71	.17931
42.72	.17948
42.73	.17966
42.74	.17982
42.75	.17998
42.76	.18012
42.77	.18025
42.78	.18038
42.79	.18049
42.8	.1806
42.81	.18071
42.82	.18081
42.83	.1809
42.84	.18099
42.85	.18107
42.86	.18114
42.87	.1812
42.88	.18125
42.89	.18128
42.9	.18131
42.91	.18133
42.92	.18133
42.93	.18133
42.94	.18132
42.95	.1813
42.96	.18126
42.97	.1812
42.98	.18112
42.99	.18102
43	.18088
43.01	.18073
43.02	.18055
43.03	.18035
43.04	.18015
43.05	.17995
43.06	.17975
43.07	.17958
43.08	.17944
43.09	.17934
43.1	.17927
43.11	.17926
43.12	.17928
43.13	.17934
43.14	.17944
43.15	.17955
43.16	.17967
43.17	.1798
43.18	.17991
43.19	.17999
43.2	.18005
43.21	.18007
43.22	.18004
43.23	.17997
43.24	.17985
43.25	.17968
43.26	.17945
43.27	.17918
43.28	.17885
43.29	.17847
43.3	.17803
43.31	.17754
43.32	.17699
43.33	.17639
43.34	.17573
43.35	.17504
43.36	.17432
43.37	.17357
43.38	.17281
43.39	.17206
43.4	.17132
43.41	.17062
43.42	.16995
43.43	.16932
43.44	.16873
43.45	.16818
43.46	.16767
43.47	.16718
43.48	.16669
43.49	.16621
43.5	.16572
43.51	.16519
43.52	.16464
43.53	.16404
43.54	.1634
43.55	.16271
43.56	.16197
43.57	.16119
43.58	.16036
43.59	.1595
43.6	.1586
43.61	.15767
43.62	.15671
43.63	.15572
43.64	.15471
43.65	.15366
43.66	.15258
43.67	.15146
43.68	.15029
43.69	.14908
43.7	.14782
43.71	.1465
43.72	.14512
43.73	.1437
43.74	.14222
43.75	.1407
43.76	.13914
43.77	.13756
43.78	.13595
43.79	.13433
43.8	.1327
43.81	.13108
43.82	.12946
43.83	.12784
43.84	.12624
43.85	.12464
43.86	.12304
43.87	.12144
43.88	.11983
43.89	.1182
43.9	.11656
43.91	.11489
43.92	.1132
43.93	.11148
43.94	.10974
43.95	.10799
43.96	.10622
43.97	.10446
43.98	.10272
43.99	.10099
44	.09931
44.01	.097668
44.02	.09608
44.03	.094552
44.04	.093088
44.05	.091687
44.06	.090348
44.07	.089065
44.08	.087833
44.09	.086644
44.1	.085489
44.11	.084361
44.12	.083252
44.13	.082157
44.14	.081073
44.15	.079998
44.16	.078932
44.17	.077878
44.18	.076838
44.19	.075819
44.2	.074824
44.21	.073859
44.22	.07293
44.23	.072041
44.24	.071194
44.25	.070393
44.26	.069637
44.27	.068928
44.28	.068262
44.29	.067637
44.3	.067048
44.31	.066492
44.32	.065963
44.33	.065454
44.34	.064961
44.35	.064478
44.36	.064001
44.37	.063525
44.38	.063048
44.39	.062568
44.4	.062084
44.41	.061597
44.42	.061109
44.43	.060621
44.44	.060135
44.45	.059654
44.46	.059181
44.47	.058717
44.48	.058263
44.49	.05782
44.5	.057386
44.51	.056961
44.52	.056541
44.53	.056122
44.54	.055699
44.55	.055269
44.56	.054827
44.57	.054367
44.58	.053888
44.59	.053386
44.6	.052862
44.61	.052316
44.62	.051752
44.63	.051175
44.64	.050589
44.65	.050002
44.66	.04942
44.67	.048852
44.68	.048302
44.69	.047776
44.7	.047277
44.71	.046806
44.72	.046365
44.73	.04595
44.74	.045558
44.75	.045185
44.76	.044826
44.77	.044472
44.78	.044119
44.79	.043759
44.8	.043384
44.81	.042987
44.82	.04256
44.83	.042095
44.84	.041582
44.85	.041011
44.86	.04037
44.87	.039645
44.88	.038823
44.89	.037889
44.9	.036828
44.91	.035629
44.92	.034282
44.93	.03278
44.94	.031124
44.95	.029321
44.96	.027384
44.97	.025335
44.98	.0232
44.99	.021013
45	.018812
45.01	.016636
