0	0
.01	.0000298
.02	.0000596
.03	.0000894
.04	.0001192
.05	.000149
.06	.0001788
.07	.0002087
.08	.0002385
.09	.0002683
.1	.0002982
.11	.0003281
.12	.0003579
.13	.0003878
.14	.0004177
.15	.0004476
.16	.0004775
.17	.0005075
.18	.0005374
.19	.0005674
.2	.0005974
.21	.0006274
.22	.0006574
.23	.0006874
.24	.0007175
.25	.0007476
.26	.0007777
.27	.0008078
.28	.000838
.29	.0008682
.3	.0008984
.31	.0009286
.32	.0009589
.33	.0009892
.34	.0010196
.35	.0010499
.36	.0010803
.37	.0011108
.38	.0011412
.39	.0011717
.4	.0012023
.41	.0012328
.42	.0012635
.43	.0012941
.44	.0013248
.45	.0013555
.46	.0013863
.47	.0014171
.48	.001448
.49	.0014789
.5	.0015099
.51	.0015409
.52	.001572
.53	.0016031
.54	.0016342
.55	.0016654
.56	.0016967
.57	.001728
.58	.0017594
.59	.0017908
.6	.0018223
.61	.0018539
.62	.0018855
.63	.0019171
.64	.0019488
.65	.0019806
.66	.0020125
.67	.0020444
.68	.0020764
.69	.0021084
.7	.0021405
.71	.0021727
.72	.002205
.73	.0022373
.74	.0022697
.75	.0023022
.76	.0023347
.77	.0023674
.78	.0024001
.79	.0024328
.8	.0024657
.81	.0024986
.82	.0025316
.83	.0025648
.84	.002598
.85	.0026312
.86	.0026646
.87	.002698
.88	.0027316
.89	.0027652
.9	.0027989
.91	.0028327
.92	.0028666
.93	.0029006
.94	.0029347
.95	.0029689
.96	.0030032
.97	.0030376
.98	.0030721
.99	.0031067
1	.0031414
1.01	.0031762
1.02	.0032111
1.03	.0032461
1.04	.0032812
1.05	.0033165
1.06	.0033518
1.07	.0033873
1.08	.0034229
1.09	.0034586
1.1	.0034944
1.11	.0035303
1.12	.0035664
1.13	.0036026
1.14	.0036389
1.15	.0036753
1.16	.0037118
1.17	.0037485
1.18	.0037854
1.19	.0038223
1.2	.0038594
1.21	.0038966
1.22	.0039339
1.23	.0039714
1.24	.004009
1.25	.0040468
1.26	.0040847
1.27	.0041227
1.28	.0041609
1.29	.0041992
1.3	.0042377
1.31	.0042764
1.32	.0043152
1.33	.0043541
1.34	.0043932
1.35	.0044325
1.36	.0044719
1.37	.0045115
1.38	.0045512
1.39	.0045911
1.4	.0046312
1.41	.0046714
1.42	.0047118
1.43	.0047524
1.44	.0047931
1.45	.004834
1.46	.0048751
1.47	.0049164
1.48	.0049578
1.49	.0049995
1.5	.0050413
1.51	.0050833
1.52	.0051255
1.53	.0051679
1.54	.0052105
1.55	.0052533
1.56	.0052963
1.57	.0053394
1.58	.0053828
1.59	.0054264
1.6	.0054702
1.61	.0055142
1.62	.0055584
1.63	.0056028
1.64	.0056474
1.65	.0056923
1.66	.0057373
1.67	.0057826
1.68	.0058281
1.69	.0058739
1.7	.0059198
1.71	.005966
1.72	.0060125
1.73	.0060591
1.74	.006106
1.75	.0061532
1.76	.0062005
1.77	.0062482
1.78	.0062961
1.79	.0063442
1.8	.0063925
1.81	.0064412
1.82	.0064901
1.83	.0065392
1.84	.0065887
1.85	.0066384
1.86	.0066883
1.87	.0067386
1.88	.0067891
1.89	.0068398
1.9	.0068909
1.91	.0069423
1.92	.0069939
1.93	.0070458
1.94	.0070981
1.95	.0071506
1.96	.0072034
1.97	.0072565
1.98	.0073099
1.99	.0073637
2	.0074178
2.01	.0074721
2.02	.0075268
2.03	.0075818
2.04	.0076371
2.05	.0076928
2.06	.0077488
2.07	.0078051
2.08	.0078618
2.09	.0079188
2.1	.0079762
2.11	.0080338
2.12	.008092
2.13	.0081504
2.14	.0082091
2.15	.0082684
2.16	.0083279
2.17	.0083878
2.18	.0084481
2.19	.0085088
2.2	.0085698
2.21	.0086312
2.22	.0086931
2.23	.0087553
2.24	.0088179
2.25	.008881
2.26	.0089444
2.27	.0090083
2.28	.0090726
2.29	.0091373
2.3	.0092024
2.31	.0092681
2.32	.0093341
2.33	.0094005
2.34	.0094675
2.35	.0095349
2.36	.0096026
2.37	.009671
2.38	.0097398
2.39	.009809
2.4	.0098787
2.41	.009949
2.42	.010019
2.43	.01009
2.44	.010162
2.45	.010234
2.46	.010307
2.47	.01038
2.48	.010454
2.49	.010528
2.5	.010603
2.51	.010679
2.52	.010754
2.53	.010831
2.54	.010908
2.55	.010986
2.56	.011064
2.57	.011143
2.58	.011222
2.59	.011302
2.6	.011383
2.61	.011464
2.62	.011545
2.63	.011628
2.64	.011711
2.65	.011794
2.66	.011879
2.67	.011964
2.68	.012049
2.69	.012136
2.7	.012223
2.71	.01231
2.72	.012399
2.73	.012488
2.74	.012577
2.75	.012668
2.76	.012759
2.77	.012851
2.78	.012944
2.79	.013037
2.8	.013131
2.81	.013226
2.82	.013322
2.83	.013418
2.84	.013516
2.85	.013614
2.86	.013713
2.87	.013812
2.88	.013913
2.89	.014015
2.9	.014117
2.91	.01422
2.92	.014324
2.93	.014429
2.94	.014535
2.95	.014642
2.96	.014749
2.97	.014858
2.98	.014967
2.99	.015078
3	.015189
3.01	.015302
3.02	.015415
3.03	.01553
3.04	.015645
3.05	.015762
3.06	.015879
3.07	.015998
3.08	.016118
3.09	.016238
3.1	.016361
3.11	.016484
3.12	.016608
3.13	.016733
3.14	.01686
3.15	.016987
3.16	.017116
3.17	.017246
3.18	.017377
3.19	.01751
3.2	.017644
3.21	.017778
3.22	.017915
3.23	.018053
3.24	.018191
3.25	.018332
3.26	.018474
3.27	.018617
3.28	.018761
3.29	.018907
3.3	.019054
3.31	.019203
3.32	.019354
3.33	.019505
3.34	.019658
3.35	.019813
3.36	.01997
3.37	.020127
3.38	.020287
3.39	.020449
3.4	.020611
3.41	.020776
3.42	.020942
3.43	.02111
3.44	.02128
3.45	.021452
3.46	.021625
3.47	.0218
3.48	.021977
3.49	.022156
3.5	.022337
3.51	.02252
3.52	.022704
3.53	.022891
3.54	.02308
3.55	.023271
3.56	.023463
3.57	.023659
3.58	.023856
3.59	.024055
3.6	.024257
3.61	.024461
3.62	.024667
3.63	.024876
3.64	.025086
3.65	.025299
3.66	.025515
3.67	.025734
3.68	.025954
3.69	.026177
3.7	.026403
3.71	.026631
3.72	.026862
3.73	.027097
3.74	.027333
3.75	.027572
3.76	.027815
3.77	.02806
3.78	.028307
3.79	.028559
3.8	.028813
3.81	.02907
3.82	.029331
3.83	.029594
3.84	.029861
3.85	.030131
3.86	.030405
3.87	.030681
3.88	.030962
3.89	.031246
3.9	.031533
3.91	.031824
3.92	.03212
3.93	.032418
3.94	.03272
3.95	.033027
3.96	.033338
3.97	.033651
3.98	.033971
3.99	.034294
4	.03462
4.01	.034952
4.02	.035288
4.03	.035628
4.04	.035974
4.05	.036323
4.06	.036677
4.07	.037037
4.08	.037402
4.09	.03777
4.1	.038145
4.11	.038525
4.12	.038909
4.13	.039299
4.14	.039696
4.15	.040097
4.16	.040504
4.17	.040918
4.18	.041337
4.19	.041761
4.2	.042194
4.21	.042632
4.22	.043074
4.23	.043527
4.24	.043984
4.25	.044447
4.26	.044919
4.27	.045398
4.28	.045883
4.29	.046376
4.3	.046878
4.31	.047385
4.32	.047901
4.33	.048427
4.34	.048959
4.35	.049499
4.36	.05005
4.37	.050607
4.38	.051173
4.39	.051751
4.4	.052337
4.41	.05293
4.42	.053537
4.43	.054152
4.44	.054774
4.45	.055412
4.46	.056058
4.47	.056713
4.48	.057382
4.49	.058062
4.5	.058751
4.51	.059455
4.52	.060171
4.53	.060897
4.54	.061636
4.55	.062391
4.56	.063157
4.57	.063935
4.58	.064732
4.59	.065539
4.6	.06636
4.61	.067201
4.62	.068054
4.63	.068919
4.64	.069808
4.65	.07071
4.66	.071625
4.67	.072564
4.68	.073519
4.69	.074488
4.7	.07548
4.71	.076492
4.72	.077519
4.73	.078569
4.74	.079642
4.75	.080732
4.76	.081844
4.77	.082984
4.78	.084141
4.79	.085321
4.8	.086532
4.81	.087763
4.82	.089016
4.83	.090306
4.84	.091617
4.85	.092949
4.86	.094323
4.87	.095721
4.88	.097142
4.89	.098605
4.9	.10009
4.91	.10161
4.92	.10317
4.93	.10477
4.94	.10639
4.95	.10806
4.96	.10976
4.97	.1115
4.98	.11328
4.99	.11512
5	.11698
5.01	.11889
5.02	.12086
5.03	.12286
5.04	.12491
5.05	.12702
5.06	.12918
5.07	.13138
5.08	.13366
5.09	.13599
5.1	.13837
5.11	.14082
5.12	.14334
5.13	.14591
5.14	.14856
5.15	.15129
5.16	.15408
5.17	.15695
5.18	.15991
5.19	.16294
5.2	.16605
5.21	.16927
5.22	.17257
5.23	.17595
5.24	.17947
5.25	.18306
5.26	.18675
5.27	.19059
5.28	.19453
5.29	.19856
5.3	.20276
5.31	.20708
5.32	.2115
5.33	.21609
5.34	.22082
5.35	.22566
5.36	.23068
5.37	.23587
5.38	.24119
5.39	.24668
5.4	.25238
5.41	.25823
5.42	.26426
5.43	.27055
5.44	.27701
5.45	.28366
5.46	.29064
5.47	.29782
5.48	.3052
5.49	.31298
5.5	.32101
5.51	.32927
5.52	.33796
5.53	.34697
5.54	.35626
5.55	.366
5.56	.37615
5.57	.38661
5.58	.39755
5.59	.40899
5.6	.42079
5.61	.43308
5.62	.44599
5.63	.45931
5.64	.47312
5.65	.4877
5.66	.50275
5.67	.51831
5.68	.53481
5.69	.55186
5.7	.56948
5.71	.58818
5.72	.60757
5.73	.62763
5.74	.64886
5.75	.67101
5.76	.69393
5.77	.71813
5.78	.7435
5.79	.7698
5.8	.79744
5.81	.8266
5.82	.85683
5.83	.88849
5.84	.92204
5.85	.95684
5.86	.99311
5.87	1.0317
5.88	1.0717
5.89	1.1131
5.9	1.1574
5.91	1.2032
5.92	1.2506
5.93	1.3008
5.94	1.3529
5.95	1.4066
5.96	1.4629
5.97	1.5213
5.98	1.5812
5.99	1.6433
6	1.7073
6.01	1.7726
6.02	1.8394
6.03	1.9074
6.04	1.9761
6.05	2.0453
6.06	2.1145
6.07	2.1832
6.08	2.2512
6.09	2.3169
6.1	2.3807
6.11	2.4423
6.12	2.4986
6.13	2.5511
6.14	2.5998
6.15	2.6406
6.16	2.6753
6.17	2.7046
6.18	2.7246
6.19	2.7365
6.2	2.742
6.21	2.7382
6.22	2.7254
6.23	2.7065
6.24	2.6795
6.25	2.6441
6.26	2.6036
6.27	2.5575
6.28	2.5047
6.29	2.4486
6.3	2.3892
6.31	2.3257
6.32	2.2607
6.33	2.1943
6.34	2.1265
6.35	2.0586
6.36	1.9906
6.37	1.9233
6.38	1.8568
6.39	1.7912
6.4	1.7273
6.41	1.6651
6.42	1.6043
6.43	1.5455
6.44	1.489
6.45	1.4341
6.46	1.3813
6.47	1.3312
6.48	1.2827
6.49	1.2362
6.5	1.1924
6.51	1.1503
6.52	1.1098
6.53	1.0721
6.54	1.0358
6.55	1.0011
6.56	.9687
6.57	.93769
6.58	.90792
6.59	.88003
6.6	.85343
6.61	.82785
6.62	.80372
6.63	.78077
6.64	.75865
6.65	.73763
6.66	.71774
6.67	.69855
6.68	.68024
6.69	.66303
6.7	.64647
6.71	.63066
6.72	.61594
6.73	.60187
6.74	.58845
6.75	.57609
6.76	.56434
6.77	.55321
6.78	.54297
6.79	.53334
6.8	.52425
6.81	.51588
6.82	.50808
6.83	.50073
6.84	.49396
6.85	.48771
6.86	.48184
6.87	.47645
6.88	.47156
6.89	.46702
6.9	.46289
6.91	.45925
6.92	.45594
6.93	.45296
6.94	.45043
6.95	.44816
6.96	.4461
6.97	.44438
6.98	.44279
6.99	.4413
7	.43998
7.01	.43874
7.02	.43753
7.03	.43646
7.04	.43552
7.05	.4347
7.06	.43411
7.07	.43381
7.08	.43381
7.09	.43419
7.1	.43502
7.11	.43626
7.12	.43794
7.13	.4401
7.14	.44262
7.15	.44548
7.16	.44867
7.17	.45206
7.18	.45557
7.19	.4592
7.2	.46283
7.21	.46643
7.22	.47001
7.23	.47354
7.24	.47704
7.25	.48058
7.26	.4842
7.27	.48796
7.28	.49194
7.29	.4962
7.3	.50078
7.31	.50571
7.32	.51103
7.33	.5167
7.34	.52273
7.35	.5291
7.36	.53575
7.37	.54266
7.38	.54982
7.39	.55718
7.4	.56472
7.41	.57244
7.42	.58031
7.43	.5883
7.44	.5964
7.45	.60458
7.46	.61278
7.47	.62099
7.48	.62915
7.49	.63721
7.5	.64515
7.51	.65294
7.52	.66056
7.53	.668
7.54	.67526
7.55	.68235
7.56	.68926
7.57	.69601
7.58	.70259
7.59	.709
7.6	.71526
7.61	.72136
7.62	.72732
7.63	.73318
7.64	.73897
7.65	.74476
7.66	.75063
7.67	.75666
7.68	.76294
7.69	.76956
7.7	.7766
7.71	.78409
7.72	.79208
7.73	.80055
7.74	.80946
7.75	.81875
7.76	.82834
7.77	.83813
7.78	.848
7.79	.85787
7.8	.86763
7.81	.87721
7.82	.88656
7.83	.89561
7.84	.90434
7.85	.91274
7.86	.92081
7.87	.92853
7.88	.93593
7.89	.94303
7.9	.94987
7.91	.95649
7.92	.96295
7.93	.96932
7.94	.97568
7.95	.98212
7.96	.98871
7.97	.99553
7.98	1.0026
7.99	1.01
8	1.0178
8.01	1.0259
8.02	1.0344
8.03	1.0431
8.04	1.052
8.05	1.061
8.06	1.0701
8.07	1.0792
8.08	1.0883
8.09	1.0972
8.1	1.1061
8.11	1.1149
8.12	1.1236
8.13	1.1323
8.14	1.1411
8.15	1.1499
8.16	1.159
8.17	1.1682
8.18	1.1777
8.19	1.1875
8.2	1.1976
8.21	1.2079
8.22	1.2184
8.23	1.2291
8.24	1.2399
8.25	1.2508
8.26	1.2617
8.27	1.2726
8.28	1.2836
8.29	1.2945
8.3	1.3054
8.31	1.3163
8.32	1.3272
8.33	1.3383
8.34	1.3495
8.35	1.3609
8.36	1.3724
8.37	1.384
8.38	1.3958
8.39	1.4077
8.4	1.4196
8.41	1.4315
8.42	1.4433
8.43	1.455
8.44	1.4666
8.45	1.478
8.46	1.4894
8.47	1.5007
8.48	1.5122
8.49	1.5239
8.5	1.5359
8.51	1.5483
8.52	1.5612
8.53	1.5746
8.54	1.5885
8.55	1.6028
8.56	1.6174
8.57	1.6321
8.58	1.6467
8.59	1.6611
8.6	1.675
8.61	1.6883
8.62	1.7006
8.63	1.712
8.64	1.7224
8.65	1.7317
8.66	1.74
8.67	1.7473
8.68	1.754
8.69	1.76
8.7	1.7658
8.71	1.7715
8.72	1.7773
8.73	1.7836
8.74	1.7904
8.75	1.7979
8.76	1.8062
8.77	1.8154
8.78	1.8254
8.79	1.8362
8.8	1.8475
8.81	1.8593
8.82	1.8713
8.83	1.8834
8.84	1.8952
8.85	1.9065
8.86	1.9172
8.87	1.927
8.88	1.9359
8.89	1.9437
8.9	1.9504
8.91	1.9559
8.92	1.9605
8.93	1.964
8.94	1.9667
8.95	1.9687
8.96	1.9701
8.97	1.971
8.98	1.9716
8.99	1.972
9	1.9723
9.01	1.9727
9.02	1.9733
9.03	1.9741
9.04	1.9753
9.05	1.977
9.06	1.9792
9.07	1.9821
9.08	1.9855
9.09	1.9897
9.1	1.9944
9.11	1.9997
9.12	2.0054
9.13	2.0114
9.14	2.0175
9.15	2.0236
9.16	2.0296
9.17	2.0353
9.18	2.0406
9.19	2.0453
9.2	2.0495
9.21	2.053
9.22	2.0559
9.23	2.0581
9.24	2.0597
9.25	2.0605
9.26	2.0607
9.27	2.0602
9.28	2.059
9.29	2.0573
9.3	2.055
9.31	2.0523
9.32	2.0492
9.33	2.0458
9.34	2.0421
9.35	2.0384
9.36	2.0346
9.37	2.0309
9.38	2.0274
9.39	2.024
9.4	2.0209
9.41	2.018
9.42	2.0154
9.43	2.0131
9.44	2.0109
9.45	2.009
9.46	2.0072
9.47	2.0054
9.48	2.0036
9.49	2.0018
9.5	1.9999
9.51	1.9978
9.52	1.9955
9.53	1.9931
9.54	1.9904
9.55	1.9876
9.56	1.9847
9.57	1.9816
9.58	1.9784
9.59	1.9752
9.6	1.9719
9.61	1.9685
9.62	1.9649
9.63	1.9613
9.64	1.9574
9.65	1.9533
9.66	1.949
9.67	1.9444
9.68	1.9396
9.69	1.9345
9.7	1.9293
9.71	1.9239
9.72	1.9185
9.73	1.9131
9.74	1.9077
9.75	1.9025
9.76	1.8974
9.77	1.8924
9.78	1.8876
9.79	1.8828
9.8	1.878
9.81	1.8731
9.82	1.8681
9.83	1.8628
9.84	1.8572
9.85	1.8513
9.86	1.8451
9.87	1.8385
9.88	1.8317
9.89	1.8248
9.9	1.8178
9.91	1.8108
9.92	1.8039
9.93	1.7972
9.94	1.7909
9.95	1.7848
9.96	1.7791
9.97	1.7738
9.98	1.7688
9.99	1.764
10	1.7594
10.01	1.755
10.02	1.7506
10.03	1.7462
10.04	1.7417
10.05	1.7372
10.06	1.7325
10.07	1.7276
10.08	1.7227
10.09	1.7177
10.1	1.7126
10.11	1.7076
10.12	1.7026
10.13	1.6977
10.14	1.693
10.15	1.6884
10.16	1.6839
10.17	1.6797
10.18	1.6756
10.19	1.6717
10.2	1.6679
10.21	1.6643
10.22	1.6608
10.23	1.6575
10.24	1.6542
10.25	1.6511
10.26	1.6481
10.27	1.6452
10.28	1.6424
10.29	1.6397
10.3	1.6372
10.31	1.6348
10.32	1.6326
10.33	1.6304
10.34	1.6283
10.35	1.6263
10.36	1.6244
10.37	1.6225
10.38	1.6205
10.39	1.6186
10.4	1.6166
10.41	1.6145
10.42	1.6124
10.43	1.6103
10.44	1.6082
10.45	1.6061
10.46	1.604
10.47	1.6019
10.48	1.6
10.49	1.5981
10.5	1.5963
10.51	1.5946
10.52	1.593
10.53	1.5916
10.54	1.5903
10.55	1.5892
10.56	1.5882
10.57	1.5874
10.58	1.5867
10.59	1.5862
10.6	1.5857
10.61	1.5854
10.62	1.5852
10.63	1.585
10.64	1.5849
10.65	1.5848
10.66	1.5848
10.67	1.5849
10.68	1.585
10.69	1.5852
10.7	1.5855
10.71	1.5859
10.72	1.5864
10.73	1.587
10.74	1.5878
10.75	1.5886
10.76	1.5894
10.77	1.5903
10.78	1.5911
10.79	1.592
10.8	1.5928
10.81	1.5935
10.82	1.5942
10.83	1.5947
10.84	1.5952
10.85	1.5956
10.86	1.5958
10.87	1.5959
10.88	1.5959
10.89	1.5958
10.9	1.5955
10.91	1.5951
10.92	1.5946
10.93	1.594
10.94	1.5934
10.95	1.5927
10.96	1.5921
10.97	1.5916
10.98	1.5913
10.99	1.5912
11	1.5914
11.01	1.592
11.02	1.593
11.03	1.5943
11.04	1.5959
11.05	1.5978
11.06	1.6
11.07	1.6023
11.08	1.6046
11.09	1.607
11.1	1.6092
11.11	1.6113
11.12	1.6133
11.13	1.6151
11.14	1.6168
11.15	1.6183
11.16	1.6197
11.17	1.621
11.18	1.6223
11.19	1.6235
11.2	1.6248
11.21	1.6261
11.22	1.6274
11.23	1.6288
11.24	1.6301
11.25	1.6314
11.26	1.6327
11.27	1.634
11.28	1.6353
11.29	1.6364
11.3	1.6376
11.31	1.6386
11.32	1.6396
11.33	1.6405
11.34	1.6414
11.35	1.6422
11.36	1.6429
11.37	1.6437
11.38	1.6444
11.39	1.6452
11.4	1.6461
11.41	1.6471
11.42	1.6483
11.43	1.6498
11.44	1.6514
11.45	1.6533
11.46	1.6553
11.47	1.6576
11.48	1.66
11.49	1.6624
11.5	1.6649
11.51	1.6673
11.52	1.6696
11.53	1.6717
11.54	1.6736
11.55	1.6752
11.56	1.6766
11.57	1.6779
11.58	1.6789
11.59	1.6797
11.6	1.6805
11.61	1.6811
11.62	1.6817
11.63	1.6823
11.64	1.6829
11.65	1.6834
11.66	1.684
11.67	1.6844
11.68	1.6849
11.69	1.6852
11.7	1.6853
11.71	1.6853
11.72	1.6852
11.73	1.6848
11.74	1.6842
11.75	1.6834
11.76	1.6824
11.77	1.6813
11.78	1.6801
11.79	1.6788
11.8	1.6775
11.81	1.6763
11.82	1.6752
11.83	1.6742
11.84	1.6735
11.85	1.6729
11.86	1.6726
11.87	1.6724
11.88	1.6724
11.89	1.6725
11.9	1.6726
11.91	1.6727
11.92	1.6727
11.93	1.6726
11.94	1.6722
11.95	1.6716
11.96	1.6707
11.97	1.6695
11.98	1.668
11.99	1.6664
12	1.6645
12.01	1.6624
12.02	1.6603
12.03	1.6581
12.04	1.6559
12.05	1.6537
12.06	1.6517
12.07	1.6497
12.08	1.648
12.09	1.6464
12.1	1.645
12.11	1.6438
12.12	1.6428
12.13	1.6419
12.14	1.6412
12.15	1.6407
12.16	1.6402
12.17	1.6398
12.18	1.6395
12.19	1.6392
12.2	1.6389
12.21	1.6386
12.22	1.6382
12.23	1.6378
12.24	1.6372
12.25	1.6365
12.26	1.6357
12.27	1.6346
12.28	1.6333
12.29	1.6318
12.3	1.63
12.31	1.628
12.32	1.6259
12.33	1.6236
12.34	1.6213
12.35	1.6189
12.36	1.6166
12.37	1.6144
12.38	1.6123
12.39	1.6104
12.4	1.6086
12.41	1.607
12.42	1.6056
12.43	1.6044
12.44	1.6033
12.45	1.6024
12.46	1.6017
12.47	1.6011
12.48	1.6007
12.49	1.6004
12.5	1.6002
12.51	1.6
12.52	1.5998
12.53	1.5995
12.54	1.599
12.55	1.5983
12.56	1.5972
12.57	1.5957
12.58	1.5939
12.59	1.5916
12.6	1.589
12.61	1.586
12.62	1.5827
12.63	1.5793
12.64	1.5757
12.65	1.5721
12.66	1.5686
12.67	1.5653
12.68	1.5622
12.69	1.5594
12.7	1.557
12.71	1.555
12.72	1.5533
12.73	1.5521
12.74	1.5513
12.75	1.5509
12.76	1.5508
12.77	1.551
12.78	1.5515
12.79	1.5523
12.8	1.5532
12.81	1.5543
12.82	1.5555
12.83	1.5566
12.84	1.5577
12.85	1.5586
12.86	1.5593
12.87	1.5596
12.88	1.5596
12.89	1.5592
12.9	1.5583
12.91	1.557
12.92	1.5552
12.93	1.5531
12.94	1.5506
12.95	1.5479
12.96	1.545
12.97	1.5421
12.98	1.5392
12.99	1.5365
13	1.5339
13.01	1.5315
13.02	1.5295
13.03	1.5278
13.04	1.5265
13.05	1.5255
13.06	1.5249
13.07	1.5246
13.08	1.5247
13.09	1.525
13.1	1.5256
13.11	1.5263
13.12	1.5272
13.13	1.5281
13.14	1.5289
13.15	1.5296
13.16	1.5302
13.17	1.5305
13.18	1.5306
13.19	1.5303
13.2	1.5298
13.21	1.5289
13.22	1.5278
13.23	1.5263
13.24	1.5247
13.25	1.5229
13.26	1.5209
13.27	1.5189
13.28	1.5168
13.29	1.5148
13.3	1.5129
13.31	1.5111
13.32	1.5094
13.33	1.5079
13.34	1.5066
13.35	1.5056
13.36	1.5046
13.37	1.5039
13.38	1.5033
13.39	1.5028
13.4	1.5023
13.41	1.5019
13.42	1.5013
13.43	1.5007
13.44	1.4999
13.45	1.4988
13.46	1.4976
13.47	1.4962
13.48	1.4946
13.49	1.4928
13.5	1.4909
13.51	1.489
13.52	1.4872
13.53	1.4854
13.54	1.4839
13.55	1.4825
13.56	1.4815
13.57	1.4808
13.58	1.4805
13.59	1.4804
13.6	1.4807
13.61	1.4813
13.62	1.482
13.63	1.483
13.64	1.484
13.65	1.4852
13.66	1.4863
13.67	1.4875
13.68	1.4886
13.69	1.4896
13.7	1.4906
13.71	1.4916
13.72	1.4925
13.73	1.4933
13.74	1.4942
13.75	1.495
13.76	1.4958
13.77	1.4967
13.78	1.4975
13.79	1.4984
13.8	1.4992
13.81	1.5001
13.82	1.5008
13.83	1.5015
13.84	1.5019
13.85	1.5022
13.86	1.5023
13.87	1.502
13.88	1.5014
13.89	1.5005
13.9	1.4992
13.91	1.4975
13.92	1.4954
13.93	1.4931
13.94	1.4904
13.95	1.4876
13.96	1.4847
13.97	1.4819
13.98	1.4791
13.99	1.4766
14	1.4745
14.01	1.4729
14.02	1.4719
14.03	1.4715
14.04	1.4719
14.05	1.473
14.06	1.4749
14.07	1.4774
14.08	1.4807
14.09	1.4846
14.1	1.4889
14.11	1.4937
14.12	1.4989
14.13	1.5042
14.14	1.5097
14.15	1.5152
14.16	1.5207
14.17	1.5261
14.18	1.5315
14.19	1.5367
14.2	1.5417
14.21	1.5466
14.22	1.5513
14.23	1.5558
14.24	1.5601
14.25	1.5643
14.26	1.5683
14.27	1.5721
14.28	1.5758
14.29	1.5794
14.3	1.5829
14.31	1.5863
14.32	1.5897
14.33	1.5931
14.34	1.5966
14.35	1.6001
14.36	1.6037
14.37	1.6075
14.38	1.6114
14.39	1.6155
14.4	1.6199
14.41	1.6244
14.42	1.6291
14.43	1.6341
14.44	1.6393
14.45	1.6448
14.46	1.6504
14.47	1.6562
14.48	1.6621
14.49	1.6682
14.5	1.6742
14.51	1.6802
14.52	1.686
14.53	1.6915
14.54	1.6967
14.55	1.7015
14.56	1.7056
14.57	1.7092
14.58	1.7121
14.59	1.7144
14.6	1.716
14.61	1.7171
14.62	1.7176
14.63	1.7178
14.64	1.7176
14.65	1.7172
14.66	1.7168
14.67	1.7164
14.68	1.7161
14.69	1.716
14.7	1.7161
14.71	1.7165
14.72	1.7171
14.73	1.7181
14.74	1.7192
14.75	1.7206
14.76	1.7221
14.77	1.7238
14.78	1.7255
14.79	1.7272
14.8	1.7288
14.81	1.7304
14.82	1.7318
14.83	1.7331
14.84	1.7342
14.85	1.735
14.86	1.7356
14.87	1.736
14.88	1.7361
14.89	1.7359
14.9	1.7354
14.91	1.7347
14.92	1.7338
14.93	1.7326
14.94	1.7312
14.95	1.7296
14.96	1.7279
14.97	1.726
14.98	1.7241
14.99	1.7221
15	1.7202
15.01	1.7184
15.02	1.7168
15.03	1.7153
15.04	1.7141
15.05	1.7131
15.06	1.7123
15.07	1.7119
15.08	1.7116
15.09	1.7115
15.1	1.7114
15.11	1.7114
15.12	1.7114
15.13	1.7113
15.14	1.7109
15.15	1.7104
15.16	1.7096
15.17	1.7085
15.18	1.7072
15.19	1.7058
15.2	1.7042
15.21	1.7025
15.22	1.7009
15.23	1.6993
15.24	1.6978
15.25	1.6964
15.26	1.6951
15.27	1.694
15.28	1.693
15.29	1.6919
15.3	1.6909
15.31	1.6897
15.32	1.6884
15.33	1.6869
15.34	1.6852
15.35	1.6833
15.36	1.681
15.37	1.6786
15.38	1.6759
15.39	1.673
15.4	1.67
15.41	1.6668
15.42	1.6636
15.43	1.6603
15.44	1.6569
15.45	1.6535
15.46	1.6502
15.47	1.6468
15.48	1.6434
15.49	1.6401
15.5	1.6368
15.51	1.6335
15.52	1.6304
15.53	1.6273
15.54	1.6244
15.55	1.6216
15.56	1.6189
15.57	1.6165
15.58	1.6142
15.59	1.6122
15.6	1.6103
15.61	1.6085
15.62	1.607
15.63	1.6055
15.64	1.6042
15.65	1.6029
15.66	1.6016
15.67	1.6004
15.68	1.5991
15.69	1.5978
15.7	1.5965
15.71	1.5951
15.72	1.5937
15.73	1.5921
15.74	1.5905
15.75	1.5889
15.76	1.5871
15.77	1.5853
15.78	1.5834
15.79	1.5814
15.8	1.5794
15.81	1.5773
15.82	1.5751
15.83	1.5729
15.84	1.5707
15.85	1.5684
15.86	1.5661
15.87	1.5637
15.88	1.5614
15.89	1.559
15.9	1.5566
15.91	1.5543
15.92	1.5522
15.93	1.5501
15.94	1.5482
15.95	1.5466
15.96	1.5452
15.97	1.5441
15.98	1.5432
15.99	1.5426
16	1.5423
16.01	1.5421
16.02	1.542
16.03	1.5419
16.04	1.5419
16.05	1.5417
16.06	1.5413
16.07	1.5407
16.08	1.5399
16.09	1.5388
16.1	1.5375
16.11	1.5359
16.12	1.5341
16.13	1.5321
16.14	1.5299
16.15	1.5276
16.16	1.5251
16.17	1.5226
16.18	1.52
16.19	1.5173
16.2	1.5147
16.21	1.512
16.22	1.5093
16.23	1.5067
16.24	1.5042
16.25	1.5018
16.26	1.4996
16.27	1.4976
16.28	1.4958
16.29	1.4943
16.3	1.493
16.31	1.4919
16.32	1.491
16.33	1.4903
16.34	1.4897
16.35	1.4892
16.36	1.4888
16.37	1.4884
16.38	1.488
16.39	1.4876
16.4	1.4872
16.41	1.4867
16.42	1.4862
16.43	1.4856
16.44	1.4849
16.45	1.4842
16.46	1.4835
16.47	1.4826
16.48	1.4816
16.49	1.4806
16.5	1.4794
16.51	1.4782
16.52	1.4768
16.53	1.4755
16.54	1.4741
16.55	1.4727
16.56	1.4714
16.57	1.4702
16.58	1.4692
16.59	1.4683
16.6	1.4676
16.61	1.4672
16.62	1.467
16.63	1.4669
16.64	1.4671
16.65	1.4673
16.66	1.4677
16.67	1.4681
16.68	1.4684
16.69	1.4686
16.7	1.4687
16.71	1.4685
16.72	1.4681
16.73	1.4674
16.74	1.4665
16.75	1.4652
16.76	1.4637
16.77	1.462
16.78	1.4601
16.79	1.4581
16.8	1.4561
16.81	1.4542
16.82	1.4524
16.83	1.4509
16.84	1.4496
16.85	1.4486
16.86	1.4479
16.87	1.4475
16.88	1.4474
16.89	1.4475
16.9	1.4478
16.91	1.4481
16.92	1.4486
16.93	1.449
16.94	1.4493
16.95	1.4494
16.96	1.4495
16.97	1.4493
16.98	1.4489
16.99	1.4484
17	1.4477
17.01	1.4469
17.02	1.446
17.03	1.445
17.04	1.444
17.05	1.4431
17.06	1.4421
17.07	1.4412
17.08	1.4404
17.09	1.4396
17.1	1.4389
17.11	1.4382
17.12	1.4376
17.13	1.4371
17.14	1.4366
17.15	1.4361
17.16	1.4357
17.17	1.4353
17.18	1.4349
17.19	1.4346
17.2	1.4342
17.21	1.4337
17.22	1.4332
17.23	1.4326
17.24	1.4319
17.25	1.4311
17.26	1.4301
17.27	1.4291
17.28	1.4279
17.29	1.4266
17.3	1.4253
17.31	1.4238
17.32	1.4224
17.33	1.4208
17.34	1.4192
17.35	1.4175
17.36	1.4157
17.37	1.4138
17.38	1.4119
17.39	1.4098
17.4	1.4077
17.41	1.4054
17.42	1.4032
17.43	1.4009
17.44	1.3987
17.45	1.3966
17.46	1.3945
17.47	1.3927
17.48	1.391
17.49	1.3895
17.5	1.3882
17.51	1.3871
17.52	1.3862
17.53	1.3855
17.54	1.385
17.55	1.3845
17.56	1.3842
17.57	1.3839
17.58	1.3837
17.59	1.3835
17.6	1.3833
17.61	1.3831
17.62	1.3829
17.63	1.3826
17.64	1.3823
17.65	1.3819
17.66	1.3815
17.67	1.3811
17.68	1.3807
17.69	1.3803
17.7	1.3799
17.71	1.3797
17.72	1.3795
17.73	1.3795
17.74	1.3796
17.75	1.3798
17.76	1.3802
17.77	1.3807
17.78	1.3813
17.79	1.3819
17.8	1.3825
17.81	1.383
17.82	1.3835
17.83	1.3839
17.84	1.3841
17.85	1.3841
17.86	1.3839
17.87	1.3835
17.88	1.3829
17.89	1.3822
17.9	1.3814
17.91	1.3805
17.92	1.3796
17.93	1.3788
17.94	1.3781
17.95	1.3774
17.96	1.3768
17.97	1.3764
17.98	1.376
17.99	1.3756
18	1.3753
18.01	1.3749
18.02	1.3744
18.03	1.3738
18.04	1.3731
18.05	1.3723
18.06	1.3714
18.07	1.3704
18.08	1.3694
18.09	1.3683
18.1	1.3673
18.11	1.3664
18.12	1.3655
18.13	1.3647
18.14	1.364
18.15	1.3633
18.16	1.3626
18.17	1.3618
18.18	1.3611
18.19	1.3602
18.2	1.3592
18.21	1.3581
18.22	1.3569
18.23	1.3556
18.24	1.3542
18.25	1.3529
18.26	1.3516
18.27	1.3504
18.28	1.3493
18.29	1.3485
18.3	1.3479
18.31	1.3475
18.32	1.3474
18.33	1.3475
18.34	1.3478
18.35	1.3483
18.36	1.3488
18.37	1.3494
18.38	1.3499
18.39	1.3503
18.4	1.3505
18.41	1.3505
18.42	1.3501
18.43	1.3495
18.44	1.3484
18.45	1.347
18.46	1.3452
18.47	1.343
18.48	1.3405
18.49	1.3377
18.5	1.3346
18.51	1.3312
18.52	1.3277
18.53	1.3241
18.54	1.3205
18.55	1.3169
18.56	1.3133
18.57	1.3098
18.58	1.3064
18.59	1.3032
18.6	1.3001
18.61	1.2972
18.62	1.2944
18.63	1.2917
18.64	1.289
18.65	1.2865
18.66	1.2839
18.67	1.2812
18.68	1.2785
18.69	1.2757
18.7	1.2727
18.71	1.2695
18.72	1.2661
18.73	1.2626
18.74	1.2589
18.75	1.255
18.76	1.2511
18.77	1.2471
18.78	1.2431
18.79	1.2392
18.8	1.2354
18.81	1.2318
18.82	1.2283
18.83	1.2249
18.84	1.2218
18.85	1.2188
18.86	1.216
18.87	1.2134
18.88	1.2109
18.89	1.2085
18.9	1.2063
18.91	1.2041
18.92	1.2022
18.93	1.2003
18.94	1.1986
18.95	1.1971
18.96	1.1957
18.97	1.1945
18.98	1.1934
18.99	1.1924
19	1.1915
19.01	1.1906
19.02	1.1897
19.03	1.1887
19.04	1.1876
19.05	1.1865
19.06	1.1852
19.07	1.1839
19.08	1.1825
19.09	1.181
19.1	1.1796
19.11	1.1781
19.12	1.1767
19.13	1.1753
19.14	1.1739
19.15	1.1726
19.16	1.1713
19.17	1.1699
19.18	1.1685
19.19	1.1671
19.2	1.1655
19.21	1.1638
19.22	1.1621
19.23	1.1602
19.24	1.1583
19.25	1.1563
19.26	1.1543
19.27	1.1523
19.28	1.1503
19.29	1.1483
19.3	1.1464
19.31	1.1445
19.32	1.1426
19.33	1.1407
19.34	1.1389
19.35	1.137
19.36	1.1352
19.37	1.1333
19.38	1.1315
19.39	1.1296
19.4	1.1277
19.41	1.1258
19.42	1.1239
19.43	1.1221
19.44	1.1202
19.45	1.1184
19.46	1.1166
19.47	1.1149
19.48	1.1132
19.49	1.1116
19.5	1.1101
19.51	1.1087
19.52	1.1073
19.53	1.106
19.54	1.1048
19.55	1.1037
19.56	1.1025
19.57	1.1015
19.58	1.1004
19.59	1.0994
19.6	1.0983
19.61	1.0971
19.62	1.0959
19.63	1.0946
19.64	1.0932
19.65	1.0916
19.66	1.09
19.67	1.0882
19.68	1.0863
19.69	1.0843
19.7	1.0822
19.71	1.0801
19.72	1.0781
19.73	1.076
19.74	1.0741
19.75	1.0722
19.76	1.0705
19.77	1.069
19.78	1.0676
19.79	1.0663
19.8	1.0652
19.81	1.0643
19.82	1.0634
19.83	1.0626
19.84	1.0618
19.85	1.0611
19.86	1.0603
19.87	1.0596
19.88	1.0588
19.89	1.0581
19.9	1.0573
19.91	1.0565
19.92	1.0557
19.93	1.055
19.94	1.0543
19.95	1.0537
19.96	1.0531
19.97	1.0526
19.98	1.0522
19.99	1.0518
20	1.0515
20.01	1.0513
20.02	1.051
20.03	1.0508
20.04	1.0505
20.05	1.0502
20.06	1.0498
20.07	1.0493
20.08	1.0486
20.09	1.0478
20.1	1.0469
20.11	1.0458
20.12	1.0446
20.13	1.0433
20.14	1.0419
20.15	1.0405
20.16	1.0392
20.17	1.0379
20.18	1.0366
20.19	1.0355
20.2	1.0345
20.21	1.0336
20.22	1.0328
20.23	1.0321
20.24	1.0315
20.25	1.031
20.26	1.0306
20.27	1.0302
20.28	1.0299
20.29	1.0296
20.3	1.0294
20.31	1.0291
20.32	1.0289
20.33	1.0287
20.34	1.0285
20.35	1.0283
20.36	1.0281
20.37	1.0278
20.38	1.0274
20.39	1.027
20.4	1.0264
20.41	1.0258
20.42	1.025
20.43	1.0241
20.44	1.023
20.45	1.0219
20.46	1.0206
20.47	1.0193
20.48	1.018
20.49	1.0167
20.5	1.0154
20.51	1.0141
20.52	1.013
20.53	1.0119
20.54	1.011
20.55	1.0102
20.56	1.0095
20.57	1.0088
20.58	1.0082
20.59	1.0077
20.6	1.0071
20.61	1.0064
20.62	1.0057
20.63	1.0049
20.64	1.004
20.65	1.0031
20.66	1.002
20.67	1.0008
20.68	.99964
20.69	.99842
20.7	.99721
20.71	.99603
20.72	.99491
20.73	.99386
20.74	.99289
20.75	.992
20.76	.9912
20.77	.99047
20.78	.98983
20.79	.98926
20.8	.98876
20.81	.98834
20.82	.988
20.83	.98774
20.84	.98757
20.85	.98749
20.86	.9875
20.87	.98759
20.88	.98775
20.89	.98797
20.9	.98824
20.91	.98852
20.92	.9888
20.93	.98906
20.94	.98928
20.95	.98945
20.96	.98955
20.97	.98959
20.98	.98957
20.99	.98949
21	.98936
21.01	.98919
21.02	.98899
21.03	.98878
21.04	.98857
21.05	.98837
21.06	.98818
21.07	.98802
21.08	.98788
21.09	.98776
21.1	.98765
21.11	.98755
21.12	.98745
21.13	.98732
21.14	.98715
21.15	.98694
21.16	.98666
21.17	.98631
21.18	.98588
21.19	.98539
21.2	.98485
21.21	.98426
21.22	.98366
21.23	.98306
21.24	.98249
21.25	.98199
21.26	.98156
21.27	.98124
21.28	.98105
21.29	.98099
21.3	.98107
21.31	.98131
21.32	.9817
21.33	.98224
21.34	.98292
21.35	.98373
21.36	.98466
21.37	.98568
21.38	.98675
21.39	.98786
21.4	.98894
21.41	.98997
21.42	.9909
21.43	.99167
21.44	.99225
21.45	.99262
21.46	.99273
21.47	.99259
21.48	.99218
21.49	.99151
21.5	.99062
21.51	.98952
21.52	.98825
21.53	.98686
21.54	.9854
21.55	.9839
21.56	.98243
21.57	.98104
21.58	.97976
21.59	.97864
21.6	.97771
21.61	.97702
21.62	.97658
21.63	.9764
21.64	.97649
21.65	.97682
21.66	.97739
21.67	.97814
21.68	.97904
21.69	.98003
21.7	.98105
21.71	.98204
21.72	.98295
21.73	.98374
21.74	.98437
21.75	.98484
21.76	.98514
21.77	.98529
21.78	.98531
21.79	.98525
21.8	.98514
21.81	.98502
21.82	.98493
21.83	.98488
21.84	.98489
21.85	.98495
21.86	.98506
21.87	.98519
21.88	.98532
21.89	.98542
21.9	.98547
21.91	.98544
21.92	.98533
21.93	.98515
21.94	.9849
21.95	.98461
21.96	.98431
21.97	.98403
21.98	.98379
21.99	.98362
22	.98353
22.01	.98353
22.02	.9836
22.03	.98372
22.04	.98388
22.05	.98402
22.06	.98411
22.07	.98412
22.08	.98401
22.09	.98374
22.1	.98332
22.11	.98272
22.12	.98196
22.13	.98104
22.14	.98
22.15	.97885
22.16	.97764
22.17	.97641
22.18	.97517
22.19	.97397
22.2	.97284
22.21	.97179
22.22	.97085
22.23	.97001
22.24	.9693
22.25	.96871
22.26	.96825
22.27	.96791
22.28	.9677
22.29	.9676
22.3	.96761
22.31	.96772
22.32	.96792
22.33	.96819
22.34	.96851
22.35	.96886
22.36	.96922
22.37	.96957
22.38	.96989
22.39	.97016
22.4	.97037
22.41	.97051
22.42	.97057
22.43	.97055
22.44	.97046
22.45	.97029
22.46	.97005
22.47	.96975
22.48	.9694
22.49	.96899
22.5	.96854
22.51	.96806
22.52	.96754
22.53	.96699
22.54	.96642
22.55	.96584
22.56	.96524
22.57	.96465
22.58	.96407
22.59	.96351
22.6	.96298
22.61	.96251
22.62	.96211
22.63	.9618
22.64	.96159
22.65	.9615
22.66	.96155
22.67	.96174
22.68	.96207
22.69	.96255
22.7	.96316
22.71	.96389
22.72	.96472
22.73	.96564
22.74	.96661
22.75	.9676
22.76	.9686
22.77	.96959
22.78	.97052
22.79	.97141
22.8	.97222
22.81	.97295
22.82	.97361
22.83	.97419
22.84	.97472
22.85	.97519
22.86	.97563
22.87	.97604
22.88	.97645
22.89	.97686
22.9	.97726
22.91	.97768
22.92	.97808
22.93	.97846
22.94	.97881
22.95	.97911
22.96	.97934
22.97	.97947
22.98	.97951
22.99	.97943
23	.97923
23.01	.9789
23.02	.97846
23.03	.9779
23.04	.97724
23.05	.97649
23.06	.97565
23.07	.97473
23.08	.97374
23.09	.97269
23.1	.97157
23.11	.9704
23.12	.96917
23.13	.96789
23.14	.96656
23.15	.9652
23.16	.96383
23.17	.96246
23.18	.96112
23.19	.95986
23.2	.95871
23.21	.95771
23.22	.9569
23.23	.95631
23.24	.95598
23.25	.95592
23.26	.95613
23.27	.9566
23.28	.95731
23.29	.95823
23.3	.9593
23.31	.96046
23.32	.96167
23.33	.96284
23.34	.96394
23.35	.9649
23.36	.96569
23.37	.96629
23.38	.96668
23.39	.96687
23.4	.96686
23.41	.96669
23.42	.96637
23.43	.96594
23.44	.96543
23.45	.96486
23.46	.96427
23.47	.96367
23.48	.96306
23.49	.96247
23.5	.96188
23.51	.96132
23.52	.96077
23.53	.96024
23.54	.95973
23.55	.95926
23.56	.95883
23.57	.95845
23.58	.95814
23.59	.95792
23.6	.9578
23.61	.9578
23.62	.95793
23.63	.95819
23.64	.95858
23.65	.9591
23.66	.95972
23.67	.96041
23.68	.96114
23.69	.96188
23.7	.96259
23.71	.9632
23.72	.9637
23.73	.96403
23.74	.96417
23.75	.96411
23.76	.96384
23.77	.96337
23.78	.96272
23.79	.96193
23.8	.96103
23.81	.96008
23.82	.95911
23.83	.95818
23.84	.95733
23.85	.95659
23.86	.95597
23.87	.95551
23.88	.95519
23.89	.95501
23.9	.95498
23.91	.95507
23.92	.95527
23.93	.95557
23.94	.95594
23.95	.95637
23.96	.95685
23.97	.95735
23.98	.95787
23.99	.95837
24	.95885
24.01	.95929
24.02	.95967
24.03	.95997
24.04	.96019
24.05	.96031
24.06	.96034
24.07	.96027
24.08	.96012
24.09	.95988
24.1	.95959
24.11	.95926
24.12	.95891
24.13	.95855
24.14	.95821
24.15	.95789
24.16	.95762
24.17	.9574
24.18	.95723
24.19	.95711
24.2	.95704
24.21	.95701
24.22	.95702
24.23	.95706
24.24	.95712
24.25	.9572
24.26	.9573
24.27	.95741
24.28	.95753
24.29	.95767
24.3	.95784
24.31	.95804
24.32	.95829
24.33	.9586
24.34	.95899
24.35	.95947
24.36	.96006
24.37	.96077
24.38	.96161
24.39	.96257
24.4	.96365
24.41	.96484
24.42	.96611
24.43	.96743
24.44	.96879
24.45	.97016
24.46	.9715
24.47	.9728
24.48	.97404
24.49	.97522
24.5	.97634
24.51	.97739
24.52	.97839
24.53	.97933
24.54	.98024
24.55	.9811
24.56	.98192
24.57	.98271
24.58	.98344
24.59	.98411
24.6	.98471
24.61	.98522
24.62	.98564
24.63	.98594
24.64	.98613
24.65	.9862
24.66	.98615
24.67	.98599
24.68	.98573
24.69	.98538
24.7	.98495
24.71	.98448
24.72	.98396
24.73	.98342
24.74	.98288
24.75	.98236
24.76	.98187
24.77	.98142
24.78	.98104
24.79	.98074
24.8	.98055
24.81	.98048
24.82	.98054
24.83	.98076
24.84	.98113
24.85	.98165
24.86	.98232
24.87	.98312
24.88	.98402
24.89	.98499
24.9	.98598
24.91	.98694
24.92	.98784
24.93	.98862
24.94	.98926
24.95	.98972
24.96	.98999
24.97	.99007
24.98	.98997
24.99	.98971
25	.98932
25.01	.98883
25.02	.98827
25.03	.98768
25.04	.98708
25.05	.98649
25.06	.98595
25.07	.98546
25.08	.98503
25.09	.98467
25.1	.9844
25.11	.9842
25.12	.98409
25.13	.98407
25.14	.98414
25.15	.98431
25.16	.98457
25.17	.98493
25.18	.98538
25.19	.98593
25.2	.98656
25.21	.98728
25.22	.98809
25.23	.98897
25.24	.98993
25.25	.99095
25.26	.99205
25.27	.99321
25.28	.99443
25.29	.99569
25.3	.99699
25.31	.99831
25.32	.99964
25.33	1.0009
25.34	1.0022
25.35	1.0035
25.36	1.0046
25.37	1.0057
25.38	1.0067
25.39	1.0076
25.4	1.0084
25.41	1.0092
25.42	1.0098
25.43	1.0104
25.44	1.011
25.45	1.0115
25.46	1.0122
25.47	1.0129
25.48	1.0137
25.49	1.0147
25.5	1.0158
25.51	1.017
25.52	1.0182
25.53	1.0196
25.54	1.0209
25.55	1.0222
25.56	1.0234
25.57	1.0244
25.58	1.0252
25.59	1.0259
25.6	1.0263
25.61	1.0266
25.62	1.0266
25.63	1.0266
25.64	1.0263
25.65	1.0261
25.66	1.0258
25.67	1.0255
25.68	1.0252
25.69	1.0251
25.7	1.0251
25.71	1.0252
25.72	1.0254
25.73	1.0259
25.74	1.0264
25.75	1.0272
25.76	1.028
25.77	1.029
25.78	1.03
25.79	1.0311
25.8	1.0322
25.81	1.0332
25.82	1.0342
25.83	1.0352
25.84	1.036
25.85	1.0367
25.86	1.0373
25.87	1.0377
25.88	1.038
25.89	1.0381
25.9	1.0382
25.91	1.0382
25.92	1.0381
25.93	1.038
25.94	1.0379
25.95	1.0378
25.96	1.0378
25.97	1.0378
25.98	1.038
25.99	1.0382
26	1.0386
26.01	1.0391
26.02	1.0396
26.03	1.0403
26.04	1.041
26.05	1.0417
26.06	1.0425
26.07	1.0434
26.08	1.0442
26.09	1.0451
26.1	1.046
26.11	1.0469
26.12	1.0478
26.13	1.0487
26.14	1.0496
26.15	1.0505
26.16	1.0514
26.17	1.0524
26.18	1.0533
26.19	1.0543
26.2	1.0552
26.21	1.0562
26.22	1.0571
26.23	1.058
26.24	1.0589
26.25	1.0596
26.26	1.0604
26.27	1.061
26.28	1.0615
26.29	1.0618
26.3	1.0621
26.31	1.0622
26.32	1.0623
26.33	1.0622
26.34	1.0621
26.35	1.0619
26.36	1.0617
26.37	1.0615
26.38	1.0612
26.39	1.0609
26.4	1.0606
26.41	1.0603
26.42	1.0599
26.43	1.0594
26.44	1.0588
26.45	1.0582
26.46	1.0574
26.47	1.0565
26.48	1.0555
26.49	1.0544
26.5	1.0532
26.51	1.0519
26.52	1.0506
26.53	1.0491
26.54	1.0476
26.55	1.0461
26.56	1.0445
26.57	1.0428
26.58	1.0411
26.59	1.0393
26.6	1.0374
26.61	1.0355
26.62	1.0334
26.63	1.0312
26.64	1.029
26.65	1.0266
26.66	1.0242
26.67	1.0216
26.68	1.0191
26.69	1.0164
26.7	1.0138
26.71	1.0111
26.72	1.0085
26.73	1.0059
26.74	1.0033
26.75	1.0008
26.76	.99834
26.77	.9959
26.78	.9935
26.79	.99113
26.8	.98878
26.81	.98643
26.82	.98409
26.83	.98174
26.84	.97938
26.85	.97699
26.86	.97458
26.87	.97215
26.88	.96968
26.89	.96719
26.9	.96465
26.91	.96207
26.92	.95945
26.93	.95677
26.94	.95403
26.95	.95123
26.96	.94838
26.97	.94548
26.98	.94255
26.99	.93961
27	.9367
27.01	.93383
27.02	.93105
27.03	.92837
27.04	.92583
27.05	.92344
27.06	.92121
27.07	.91913
27.08	.91721
27.09	.91543
27.1	.91376
27.11	.91218
27.12	.91067
27.13	.90922
27.14	.9078
27.15	.90639
27.16	.905
27.17	.90362
27.18	.90224
27.19	.90085
27.2	.89945
27.21	.89804
27.22	.89659
27.23	.89511
27.24	.89358
27.25	.89197
27.26	.89028
27.27	.8885
27.28	.88662
27.29	.88464
27.3	.88256
27.31	.88038
27.32	.87813
27.33	.87581
27.34	.87343
27.35	.871
27.36	.86854
27.37	.86604
27.38	.8635
27.39	.86092
27.4	.8583
27.41	.85563
27.42	.85293
27.43	.85018
27.44	.84742
27.45	.84465
27.46	.84191
27.47	.8392
27.48	.83657
27.49	.83404
27.5	.83164
27.51	.82939
27.52	.8273
27.53	.82538
27.54	.82365
27.55	.8221
27.56	.82073
27.57	.81953
27.58	.81848
27.59	.81757
27.6	.81676
27.61	.81603
27.62	.81533
27.63	.81464
27.64	.81393
27.65	.81314
27.66	.81227
27.67	.81129
27.68	.81018
27.69	.80895
27.7	.80761
27.71	.80616
27.72	.80463
27.73	.80305
27.74	.80143
27.75	.79981
27.76	.7982
27.77	.79662
27.78	.79508
27.79	.79356
27.8	.79207
27.81	.79058
27.82	.78907
27.83	.78753
27.84	.78593
27.85	.78424
27.86	.78245
27.87	.78054
27.88	.7785
27.89	.77634
27.9	.77405
27.91	.77164
27.92	.76913
27.93	.76651
27.94	.7638
27.95	.76102
27.96	.75818
27.97	.75529
27.98	.75235
27.99	.74938
28	.74638
28.01	.74336
28.02	.74035
28.03	.73735
28.04	.73437
28.05	.73145
28.06	.72858
28.07	.72579
28.08	.7231
28.09	.72051
28.1	.71802
28.11	.71564
28.12	.71336
28.13	.71117
28.14	.70907
28.15	.70703
28.16	.70504
28.17	.70309
28.18	.70116
28.19	.69924
28.2	.69732
28.21	.69539
28.22	.69345
28.23	.69149
28.24	.68952
28.25	.68755
28.26	.68557
28.27	.6836
28.28	.68164
28.29	.6797
28.3	.6778
28.31	.67592
28.32	.67406
28.33	.67223
28.34	.67041
28.35	.66859
28.36	.66675
28.37	.66487
28.38	.66295
28.39	.66097
28.4	.65892
28.41	.6568
28.42	.6546
28.43	.65233
28.44	.65
28.45	.64762
28.46	.64519
28.47	.64274
28.48	.64026
28.49	.63777
28.5	.63527
28.51	.63278
28.52	.6303
28.53	.62784
28.54	.6254
28.55	.62298
28.56	.62059
28.57	.61823
28.58	.61591
28.59	.61364
28.6	.61142
28.61	.60925
28.62	.60715
28.63	.60513
28.64	.60318
28.65	.60131
28.66	.59952
28.67	.5978
28.68	.59615
28.69	.59456
28.7	.59301
28.71	.59149
28.72	.58998
28.73	.58846
28.74	.58692
28.75	.58535
28.76	.58372
28.77	.58204
28.78	.5803
28.79	.5785
28.8	.57666
28.81	.57478
28.82	.57289
28.83	.57101
28.84	.56915
28.85	.56734
28.86	.56561
28.87	.56395
28.88	.56237
28.89	.56088
28.9	.55946
28.91	.55809
28.92	.55674
28.93	.55539
28.94	.55401
28.95	.55258
28.96	.55106
28.97	.54945
28.98	.54773
28.99	.5459
29	.54398
29.01	.54198
29.02	.53992
29.03	.53782
29.04	.53571
29.05	.53361
29.06	.53155
29.07	.52955
29.08	.52762
29.09	.52579
29.1	.52405
29.11	.52241
29.12	.52087
29.13	.51943
29.14	.51809
29.15	.51684
29.16	.51567
29.17	.51458
29.18	.51357
29.19	.51263
29.2	.51177
29.21	.51097
29.22	.51023
29.23	.50955
29.24	.50891
29.25	.50829
29.26	.50768
29.27	.50706
29.28	.5064
29.29	.50567
29.3	.50487
29.31	.50396
29.32	.50295
29.33	.50182
29.34	.50058
29.35	.49923
29.36	.49779
29.37	.49628
29.38	.49471
29.39	.4931
29.4	.49148
29.41	.48985
29.42	.48823
29.43	.48663
29.44	.48506
29.45	.48353
29.46	.48204
29.47	.4806
29.48	.4792
29.49	.47786
29.5	.47657
29.51	.47534
29.52	.47415
29.53	.47301
29.54	.4719
29.55	.47082
29.56	.46975
29.57	.46868
29.58	.46761
29.59	.46652
29.6	.46541
29.61	.46428
29.62	.46315
29.63	.46201
29.64	.46088
29.65	.45977
29.66	.4587
29.67	.45767
29.68	.4567
29.69	.45578
29.7	.45493
29.71	.45412
29.72	.45337
29.73	.45265
29.74	.45195
29.75	.45127
29.76	.4506
29.77	.44993
29.78	.44925
29.79	.44857
29.8	.44788
29.81	.44718
29.82	.44647
29.83	.44575
29.84	.44501
29.85	.44426
29.86	.44349
29.87	.44268
29.88	.44183
29.89	.44093
29.9	.43998
29.91	.43897
29.92	.43792
29.93	.43682
29.94	.4357
29.95	.43456
29.96	.43343
29.97	.43232
29.98	.43125
29.99	.43023
30	.42928
30.01	.4284
30.02	.4276
30.03	.42688
30.04	.42625
30.05	.42569
30.06	.42522
30.07	.42483
30.08	.42453
30.09	.42431
30.1	.42417
30.11	.4241
30.12	.42412
30.13	.4242
30.14	.42433
30.15	.42451
30.16	.42471
30.17	.42491
30.18	.42511
30.19	.42527
30.2	.42539
30.21	.42546
30.22	.42547
30.23	.42542
30.24	.42532
30.25	.42519
30.26	.42503
30.27	.42486
30.28	.42469
30.29	.42453
30.3	.42438
30.31	.42425
30.32	.42413
30.33	.424
30.34	.42386
30.35	.42368
30.36	.42346
30.37	.42319
30.38	.42286
30.39	.42247
30.4	.42202
30.41	.42153
30.42	.42101
30.43	.42047
30.44	.41992
30.45	.41939
30.46	.41888
30.47	.41839
30.48	.41795
30.49	.41755
30.5	.4172
30.51	.41692
30.52	.41671
30.53	.41658
30.54	.41655
30.55	.41662
30.56	.4168
30.57	.41709
30.58	.4175
30.59	.418
30.6	.4186
30.61	.41926
30.62	.41996
30.63	.42067
30.64	.42136
30.65	.422
30.66	.42257
30.67	.42303
30.68	.42339
30.69	.42362
30.7	.42372
30.71	.42369
30.72	.42355
30.73	.42329
30.74	.42293
30.75	.42249
30.76	.42197
30.77	.42139
30.78	.42077
30.79	.42011
30.8	.41943
30.81	.41874
30.82	.41805
30.83	.41738
30.84	.41673
30.85	.41612
30.86	.41554
30.87	.41501
30.88	.41453
30.89	.41409
30.9	.41369
30.91	.41333
30.92	.41301
30.93	.41272
30.94	.41246
30.95	.41223
30.96	.41204
30.97	.4119
30.98	.4118
30.99	.41176
31	.4118
31.01	.4119
31.02	.41208
31.03	.41234
31.04	.41266
31.05	.41304
31.06	.41346
31.07	.41391
31.08	.41438
31.09	.41484
31.1	.41529
31.11	.41571
31.12	.4161
31.13	.41645
31.14	.41676
31.15	.41704
31.16	.41728
31.17	.41749
31.18	.41768
31.19	.41785
31.2	.41801
31.21	.41816
31.22	.41832
31.23	.41848
31.24	.41866
31.25	.41886
31.26	.41909
31.27	.41937
31.28	.41969
31.29	.42005
31.3	.42047
31.31	.42094
31.32	.42146
31.33	.42201
31.34	.42259
31.35	.42318
31.36	.42377
31.37	.42435
31.38	.42491
31.39	.42542
31.4	.42589
31.41	.42631
31.42	.42667
31.43	.42698
31.44	.42723
31.45	.42744
31.46	.4276
31.47	.42772
31.48	.42782
31.49	.42789
31.5	.42794
31.51	.42798
31.52	.42801
31.53	.42802
31.54	.42802
31.55	.42799
31.56	.42793
31.57	.42783
31.58	.42768
31.59	.42747
31.6	.4272
31.61	.42686
31.62	.42644
31.63	.42596
31.64	.4254
31.65	.42477
31.66	.42408
31.67	.42333
31.68	.42255
31.69	.42173
31.7	.4209
31.71	.42007
31.72	.41926
31.73	.41848
31.74	.41775
31.75	.41708
31.76	.41649
31.77	.41599
31.78	.41557
31.79	.41525
31.8	.41501
31.81	.41484
31.82	.41473
31.83	.41465
31.84	.41458
31.85	.41449
31.86	.41436
31.87	.41416
31.88	.41386
31.89	.41347
31.9	.41296
31.91	.41235
31.92	.41164
31.93	.41084
31.94	.40996
31.95	.40902
31.96	.40803
31.97	.407
31.98	.40592
31.99	.40481
32	.40365
32.01	.40245
32.02	.40118
32.03	.39985
32.04	.39844
32.05	.39695
32.06	.39537
32.07	.3937
32.08	.39194
32.09	.3901
32.1	.38818
32.11	.38619
32.12	.38415
32.13	.38206
32.14	.37993
32.15	.37777
32.16	.3756
32.17	.37342
32.18	.37123
32.19	.36904
32.2	.36684
32.21	.36465
32.22	.36244
32.23	.36022
32.24	.35799
32.25	.35573
32.26	.35345
32.27	.35114
32.28	.34881
32.29	.34646
32.3	.3441
32.31	.34174
32.32	.33939
32.33	.33707
32.34	.33479
32.35	.33257
32.36	.33041
32.37	.32833
32.38	.32632
32.39	.3244
32.4	.32254
32.41	.32076
32.42	.31902
32.43	.31733
32.44	.31567
32.45	.31401
32.46	.31234
32.47	.31065
32.48	.30892
32.49	.30715
32.5	.30531
32.51	.30342
32.52	.30147
32.53	.29945
32.54	.29738
32.55	.29527
32.56	.29312
32.57	.29094
32.58	.28875
32.59	.28657
32.6	.28439
32.61	.28225
32.62	.28013
32.63	.27807
32.64	.27605
32.65	.27409
32.66	.2722
32.67	.27037
32.68	.26862
32.69	.26693
32.7	.26531
32.71	.26376
32.72	.26228
32.73	.26086
32.74	.2595
32.75	.25821
32.76	.25696
32.77	.25577
32.78	.25461
32.79	.25349
32.8	.2524
32.81	.25132
32.82	.25026
32.83	.24922
32.84	.24818
32.85	.24715
32.86	.24615
32.87	.24517
32.88	.24424
32.89	.24335
32.9	.24254
32.91	.24179
32.92	.24113
32.93	.24057
32.94	.24009
32.95	.23969
32.96	.23937
32.97	.23911
32.98	.23889
32.99	.23869
33	.2385
33.01	.2383
33.02	.23808
33.03	.23782
33.04	.23753
33.05	.23719
33.06	.23682
33.07	.23642
33.08	.23601
33.09	.23558
33.1	.23515
33.11	.23473
33.12	.23433
33.13	.23394
33.14	.23356
33.15	.23321
33.16	.23286
33.17	.23252
33.18	.23218
33.19	.23184
33.2	.23149
33.21	.23112
33.22	.23073
33.23	.23032
33.24	.2299
33.25	.22945
33.26	.229
33.27	.22854
33.28	.22808
33.29	.22763
33.3	.2272
33.31	.22679
33.32	.22642
33.33	.22607
33.34	.22576
33.35	.22547
33.36	.22521
33.37	.22497
33.38	.22473
33.39	.2245
33.4	.22426
33.41	.22402
33.42	.22376
33.43	.2235
33.44	.22322
33.45	.22294
33.46	.22265
33.47	.22235
33.48	.22205
33.49	.22173
33.5	.2214
33.51	.22106
33.52	.22069
33.53	.2203
33.54	.21989
33.55	.21944
33.56	.21896
33.57	.21846
33.58	.21793
33.59	.21738
33.6	.21681
33.61	.21624
33.62	.21565
33.63	.21506
33.64	.21446
33.65	.21386
33.66	.21324
33.67	.2126
33.68	.21194
33.69	.21125
33.7	.21053
33.71	.20978
33.72	.20898
33.73	.20815
33.74	.20729
33.75	.2064
33.76	.20548
33.77	.20455
33.78	.20361
33.79	.20267
33.8	.20175
33.81	.20086
33.82	.20001
33.83	.1992
33.84	.19845
33.85	.19776
33.86	.19714
33.87	.19658
33.88	.19609
33.89	.19566
33.9	.19528
33.91	.19494
33.92	.19462
33.93	.19431
33.94	.19399
33.95	.19366
33.96	.19331
33.97	.19291
33.98	.19248
33.99	.192
34	.19148
34.01	.19091
34.02	.19032
34.03	.1897
34.04	.18906
34.05	.18841
34.06	.18776
34.07	.18711
34.08	.18647
34.09	.18584
34.1	.18523
34.11	.18464
34.12	.18406
34.13	.18349
34.14	.18294
34.15	.18239
34.16	.18185
34.17	.18131
34.18	.18075
34.19	.18019
34.2	.17962
34.21	.17902
34.22	.17841
34.23	.17778
34.24	.17714
34.25	.17649
34.26	.17583
34.27	.17518
34.28	.17455
34.29	.17393
34.3	.17334
34.31	.17278
34.32	.17224
34.33	.17174
34.34	.17126
34.35	.1708
34.36	.17035
34.37	.1699
34.38	.16944
34.39	.16897
34.4	.16847
34.41	.16794
34.42	.16739
34.43	.16681
34.44	.1662
34.45	.16559
34.46	.16497
34.47	.16436
34.48	.16376
34.49	.16321
34.5	.16269
34.51	.16224
34.52	.16184
34.53	.16152
34.54	.16127
34.55	.16109
34.56	.16098
34.57	.16093
34.58	.16092
34.59	.16095
34.6	.161
34.61	.16105
34.62	.16109
34.63	.16111
34.64	.1611
34.65	.16104
34.66	.16094
34.67	.16079
34.68	.16059
34.69	.16035
34.7	.16006
34.71	.15973
34.72	.15937
34.73	.15898
34.74	.15856
34.75	.15811
34.76	.15764
34.77	.15715
34.78	.15665
34.79	.15613
34.8	.1556
34.81	.15506
34.82	.15453
34.83	.15401
34.84	.15351
34.85	.15304
34.86	.15261
34.87	.15222
34.88	.15188
34.89	.15159
34.9	.15136
34.91	.15119
34.92	.15107
34.93	.15101
34.94	.151
34.95	.15103
34.96	.15109
34.97	.15118
34.98	.15127
34.99	.15136
35	.15143
35.01	.15147
35.02	.15147
35.03	.15142
35.04	.15131
35.05	.15114
35.06	.1509
35.07	.1506
35.08	.15024
35.09	.14983
35.1	.14937
35.11	.14887
35.12	.14835
35.13	.14781
35.14	.14726
35.15	.14671
35.16	.14616
35.17	.14562
35.18	.1451
35.19	.14458
35.2	.14408
35.21	.14359
35.22	.1431
35.23	.14262
35.24	.14215
35.25	.14168
35.26	.14121
35.27	.14074
35.28	.14027
35.29	.13981
35.3	.13935
35.31	.1389
35.32	.13846
35.33	.13803
35.34	.13761
35.35	.13721
35.36	.13682
35.37	.13645
35.38	.13607
35.39	.13571
35.4	.13534
35.41	.13496
35.42	.13458
35.43	.13418
35.44	.13376
35.45	.13332
35.46	.13285
35.47	.13236
35.48	.13185
35.49	.13131
35.5	.13077
35.51	.13021
35.52	.12966
35.53	.12911
35.54	.12858
35.55	.12807
35.56	.12758
35.57	.12713
35.58	.12671
35.59	.12632
35.6	.12596
35.61	.12562
35.62	.12532
35.63	.12502
35.64	.12475
35.65	.12448
35.66	.12421
35.67	.12395
35.68	.12369
35.69	.12342
35.7	.12315
35.71	.12288
35.72	.1226
35.73	.12231
35.74	.12202
35.75	.12173
35.76	.12143
35.77	.12112
35.78	.12079
35.79	.12045
35.8	.12009
35.81	.11972
35.82	.11932
35.83	.1189
35.84	.11847
35.85	.11802
35.86	.11756
35.87	.1171
35.88	.11663
35.89	.11617
35.9	.11572
35.91	.11528
35.92	.11485
35.93	.11444
35.94	.11403
35.95	.11364
35.96	.11324
35.97	.11285
35.98	.11245
35.99	.11204
36	.11162
36.01	.11119
36.02	.11074
36.03	.11028
36.04	.10981
36.05	.10934
36.06	.10887
36.07	.10842
36.08	.10798
36.09	.10757
36.1	.10718
36.11	.10683
36.12	.1065
36.13	.1062
36.14	.10592
36.15	.10566
36.16	.1054
36.17	.10515
36.18	.10489
36.19	.10463
36.2	.10436
36.21	.10409
36.22	.10381
36.23	.10353
36.24	.10327
36.25	.10302
36.26	.10279
36.27	.10259
36.28	.10242
36.29	.10229
36.3	.10219
36.31	.10212
36.32	.10209
36.33	.10208
36.34	.1021
36.35	.10215
36.36	.10222
36.37	.10231
36.38	.10242
36.39	.10255
36.4	.10268
36.41	.10283
36.42	.10297
36.43	.10311
36.44	.10324
36.45	.10335
36.46	.10344
36.47	.10349
36.48	.10352
36.49	.10352
36.5	.1035
36.51	.10345
36.52	.10339
36.53	.10332
36.54	.10324
36.55	.10317
36.56	.1031
36.57	.10305
36.58	.103
36.59	.10298
36.6	.10296
36.61	.10296
36.62	.10297
36.63	.103
36.64	.10303
36.65	.10308
36.66	.10313
36.67	.10319
36.68	.10325
36.69	.10332
36.7	.10339
36.71	.10346
36.72	.10353
36.73	.1036
36.74	.10367
36.75	.10374
36.76	.1038
36.77	.10386
36.78	.10391
36.79	.10397
36.8	.10403
36.81	.1041
36.82	.10418
36.83	.10427
36.84	.10438
36.85	.1045
36.86	.10463
36.87	.10477
36.88	.10493
36.89	.10508
36.9	.10524
36.91	.10539
36.92	.10554
36.93	.10567
36.94	.1058
36.95	.10591
36.96	.10601
36.97	.1061
36.98	.10617
36.99	.10624
37	.10629
37.01	.10633
37.02	.10636
37.03	.10638
37.04	.10638
37.05	.10637
37.06	.10635
37.07	.10633
37.08	.1063
37.09	.10627
37.1	.10625
37.11	.10624
37.12	.10625
37.13	.10628
37.14	.10635
37.15	.10646
37.16	.10659
37.17	.10677
37.18	.10698
37.19	.10722
37.2	.10748
37.21	.10776
37.22	.10804
37.23	.10833
37.24	.10861
37.25	.10888
37.26	.10913
37.27	.10937
37.28	.1096
37.29	.10981
37.3	.11002
37.31	.11024
37.32	.11045
37.33	.11067
37.34	.1109
37.35	.11114
37.36	.11138
37.37	.11161
37.38	.11184
37.39	.11205
37.4	.11223
37.41	.11238
37.42	.1125
37.43	.11257
37.44	.11261
37.45	.11261
37.46	.11258
37.47	.11254
37.48	.11248
37.49	.11242
37.5	.11236
37.51	.11233
37.52	.11232
37.53	.11235
37.54	.11241
37.55	.11252
37.56	.11267
37.57	.11286
37.58	.1131
37.59	.11337
37.6	.11368
37.61	.11402
37.62	.11437
37.63	.11472
37.64	.11507
37.65	.1154
37.66	.11569
37.67	.11594
37.68	.11614
37.69	.11628
37.7	.11637
37.71	.11641
37.72	.1164
37.73	.11636
37.74	.1163
37.75	.11624
37.76	.11619
37.77	.11616
37.78	.11616
37.79	.1162
37.8	.11628
37.81	.11641
37.82	.11658
37.83	.11679
37.84	.11702
37.85	.11727
37.86	.11753
37.87	.1178
37.88	.11805
37.89	.1183
37.9	.11853
37.91	.11874
37.92	.11892
37.93	.11909
37.94	.11923
37.95	.11935
37.96	.11944
37.97	.11952
37.98	.11958
37.99	.11962
38	.11965
38.01	.11967
38.02	.11968
38.03	.11969
38.04	.11969
38.05	.1197
38.06	.11971
38.07	.11973
38.08	.11975
38.09	.11977
38.1	.1198
38.11	.11982
38.12	.11984
38.13	.11986
38.14	.11988
38.15	.11989
38.16	.11991
38.17	.11994
38.18	.11998
38.19	.12006
38.2	.12016
38.21	.1203
38.22	.12048
38.23	.12071
38.24	.12099
38.25	.1213
38.26	.12165
38.27	.12203
38.28	.12243
38.29	.12284
38.3	.12326
38.31	.12368
38.32	.12409
38.33	.1245
38.34	.12491
38.35	.12531
38.36	.12571
38.37	.12611
38.38	.12652
38.39	.12692
38.4	.12732
38.41	.12772
38.42	.12811
38.43	.12848
38.44	.12883
38.45	.12915
38.46	.12943
38.47	.12967
38.48	.12986
38.49	.13001
38.5	.13012
38.51	.13018
38.52	.1302
38.53	.1302
38.54	.13018
38.55	.13014
38.56	.13011
38.57	.13009
38.58	.13008
38.59	.13011
38.6	.13017
38.61	.13027
38.62	.13041
38.63	.1306
38.64	.13083
38.65	.13111
38.66	.13142
38.67	.13176
38.68	.13211
38.69	.13249
38.7	.13286
38.71	.13322
38.72	.13357
38.73	.13388
38.74	.13417
38.75	.13442
38.76	.13463
38.77	.13481
38.78	.13496
38.79	.13508
38.8	.13518
38.81	.13528
38.82	.13538
38.83	.13548
38.84	.13559
38.85	.13572
38.86	.13587
38.87	.13604
38.88	.13622
38.89	.13642
38.9	.13662
38.91	.13683
38.92	.13704
38.93	.13725
38.94	.13746
38.95	.13766
38.96	.13786
38.97	.13804
38.98	.13823
38.99	.1384
39	.13857
39.01	.13874
39.02	.13891
39.03	.13907
39.04	.13924
39.05	.1394
39.06	.13957
39.07	.13973
39.08	.13988
39.09	.14002
39.1	.14015
39.11	.14027
39.12	.14037
39.13	.14045
39.14	.14051
39.15	.14056
39.16	.1406
39.17	.14062
39.18	.14064
39.19	.14066
39.2	.14068
39.21	.14071
39.22	.14075
39.23	.1408
39.24	.14086
39.25	.14094
39.26	.14102
39.27	.14111
39.28	.14121
39.29	.1413
39.3	.1414
39.31	.14149
39.32	.14158
39.33	.14166
39.34	.14173
39.35	.14179
39.36	.14185
39.37	.1419
39.38	.14194
39.39	.14198
39.4	.14201
39.41	.14204
39.42	.14208
39.43	.14212
39.44	.14217
39.45	.14223
39.46	.14232
39.47	.14243
39.48	.14257
39.49	.14274
39.5	.14296
39.51	.14321
39.52	.14351
39.53	.14385
39.54	.14424
39.55	.14467
39.56	.14514
39.57	.14566
39.58	.14622
39.59	.14682
39.6	.14746
39.61	.14813
39.62	.14884
39.63	.14957
39.64	.15031
39.65	.15105
39.66	.15178
39.67	.15249
39.68	.15315
39.69	.15376
39.7	.15429
39.71	.15474
39.72	.15509
39.73	.15534
39.74	.15548
39.75	.15553
39.76	.15548
39.77	.15534
39.78	.15515
39.79	.1549
39.8	.15462
39.81	.15432
39.82	.15403
39.83	.15375
39.84	.1535
39.85	.15329
39.86	.15311
39.87	.15298
39.88	.15288
39.89	.15284
39.9	.15283
39.91	.15287
39.92	.15295
39.93	.15308
39.94	.15324
39.95	.15345
39.96	.1537
39.97	.15399
39.98	.15431
39.99	.15466
40	.15503
40.01	.15541
40.02	.15577
40.03	.15612
40.04	.15643
40.05	.1567
40.06	.15691
40.07	.15706
40.08	.15714
40.09	.15715
40.1	.15711
40.11	.15701
40.12	.15688
40.13	.15674
40.14	.15659
40.15	.15646
40.16	.15637
40.17	.15633
40.18	.15635
40.19	.15644
40.2	.15661
40.21	.15685
40.22	.15715
40.23	.15752
40.24	.15794
40.25	.15839
40.26	.15887
40.27	.15936
40.28	.15985
40.29	.16033
40.3	.1608
40.31	.16124
40.32	.16165
40.33	.16202
40.34	.16236
40.35	.16266
40.36	.16293
40.37	.16315
40.38	.16335
40.39	.16351
40.4	.16364
40.41	.16376
40.42	.16386
40.43	.16396
40.44	.16406
40.45	.16419
40.46	.16433
40.47	.1645
40.48	.1647
40.49	.16492
40.5	.16518
40.51	.16546
40.52	.16576
40.53	.16606
40.54	.16637
40.55	.16665
40.56	.16692
40.57	.16715
40.58	.16735
40.59	.1675
40.6	.16759
40.61	.16763
40.62	.16762
40.63	.16755
40.64	.16744
40.65	.16727
40.66	.16706
40.67	.16681
40.68	.16654
40.69	.16625
40.7	.16595
40.71	.16564
40.72	.16535
40.73	.16508
40.74	.16483
40.75	.16462
40.76	.16444
40.77	.16431
40.78	.16422
40.79	.16417
40.8	.16416
40.81	.16419
40.82	.16425
40.83	.16434
40.84	.16446
40.85	.16459
40.86	.16474
40.87	.16489
40.88	.16506
40.89	.16522
40.9	.16537
40.91	.16551
40.92	.16563
40.93	.16573
40.94	.16581
40.95	.16587
40.96	.1659
40.97	.16591
40.98	.1659
40.99	.16588
41	.16586
41.01	.16584
41.02	.16582
41.03	.1658
41.04	.1658
41.05	.1658
41.06	.16581
41.07	.16582
41.08	.16583
41.09	.16584
41.1	.16585
41.11	.16586
41.12	.16587
41.13	.16588
41.14	.16591
41.15	.16596
41.16	.16603
41.17	.16614
41.18	.16629
41.19	.16647
41.2	.1667
41.21	.16697
41.22	.16727
41.23	.16761
41.24	.16796
41.25	.16832
41.26	.16869
41.27	.16906
41.28	.16942
41.29	.16976
41.3	.17009
41.31	.17039
41.32	.17067
41.33	.17092
41.34	.17114
41.35	.17133
41.36	.17148
41.37	.1716
41.38	.17169
41.39	.17174
41.4	.17176
41.41	.17175
41.42	.17171
41.43	.17166
41.44	.17159
41.45	.17152
41.46	.17145
41.47	.17139
41.48	.17137
41.49	.17138
41.5	.17144
41.51	.17156
41.52	.17175
41.53	.17202
41.54	.17237
41.55	.17278
41.56	.17327
41.57	.1738
41.58	.17437
41.59	.17496
41.6	.17553
41.61	.17608
41.62	.17657
41.63	.17699
41.64	.17731
41.65	.17754
41.66	.17766
41.67	.17768
41.68	.17761
41.69	.17745
41.7	.17722
41.71	.17694
41.72	.17663
41.73	.1763
41.74	.17598
41.75	.17568
41.76	.17542
41.77	.17519
41.78	.175
41.79	.17487
41.8	.17478
41.81	.17474
41.82	.17474
41.83	.17478
41.84	.17486
41.85	.17498
41.86	.17514
41.87	.17534
41.88	.17559
41.89	.17587
41.9	.17621
41.91	.17659
41.92	.177
41.93	.17746
41.94	.17793
41.95	.17842
41.96	.1789
41.97	.17936
41.98	.17977
41.99	.18014
42	.18043
42.01	.18064
42.02	.18077
42.03	.1808
42.04	.18075
42.05	.18063
42.06	.18043
42.07	.18019
42.08	.17991
42.09	.17962
42.1	.17932
42.11	.17903
42.12	.17876
42.13	.17852
42.14	.17833
42.15	.17817
42.16	.17807
42.17	.17801
42.18	.17801
42.19	.17806
42.2	.17817
42.21	.17833
42.22	.17855
42.23	.17882
42.24	.17914
42.25	.1795
42.26	.1799
42.27	.18034
42.28	.18079
42.29	.18126
42.3	.18174
42.31	.18222
42.32	.1827
42.33	.18317
42.34	.18362
42.35	.18404
42.36	.18444
42.37	.1848
42.38	.18511
42.39	.18537
42.4	.18557
42.41	.1857
42.42	.18575
42.43	.18572
42.44	.18562
42.45	.18543
42.46	.18518
42.47	.18486
42.48	.18448
42.49	.18405
42.5	.18359
42.51	.18311
42.52	.18261
42.53	.18211
42.54	.18161
42.55	.18114
42.56	.18068
42.57	.18026
42.58	.17987
42.59	.17952
42.6	.17923
42.61	.17898
42.62	.1788
42.63	.17866
42.64	.17859
42.65	.17858
42.66	.17861
42.67	.17869
42.68	.17881
42.69	.17896
42.7	.17912
42.71	.1793
42.72	.17948
42.73	.17965
42.74	.17982
42.75	.17997
42.76	.18012
42.77	.18025
42.78	.18037
42.79	.18049
42.8	.1806
42.81	.1807
42.82	.1808
42.83	.1809
42.84	.18099
42.85	.18107
42.86	.18114
42.87	.1812
42.88	.18124
42.89	.18128
42.9	.18131
42.91	.18132
42.92	.18133
42.93	.18133
42.94	.18132
42.95	.18129
42.96	.18125
42.97	.1812
42.98	.18112
42.99	.18101
43	.18088
43.01	.18072
43.02	.18054
43.03	.18035
43.04	.18015
43.05	.17994
43.06	.17975
43.07	.17958
43.08	.17944
43.09	.17933
43.1	.17927
43.11	.17925
43.12	.17928
43.13	.17934
43.14	.17943
43.15	.17955
43.16	.17967
43.17	.17979
43.18	.1799
43.19	.17999
43.2	.18004
43.21	.18006
43.22	.18004
43.23	.17996
43.24	.17984
43.25	.17967
43.26	.17945
43.27	.17917
43.28	.17885
43.29	.17846
43.3	.17803
43.31	.17753
43.32	.17698
43.33	.17638
43.34	.17573
43.35	.17504
43.36	.17431
43.37	.17356
43.38	.17281
43.39	.17206
43.4	.17132
43.41	.17061
43.42	.16994
43.43	.16931
43.44	.16873
43.45	.16818
43.46	.16766
43.47	.16717
43.48	.16669
43.49	.16621
43.5	.16571
43.51	.16519
43.52	.16463
43.53	.16404
43.54	.16339
43.55	.1627
43.56	.16197
43.57	.16118
43.58	.16036
43.59	.15949
43.6	.1586
43.61	.15767
43.62	.15671
43.63	.15572
43.64	.1547
43.65	.15366
43.66	.15258
43.67	.15145
43.68	.15029
43.69	.14908
43.7	.14781
43.71	.14649
43.72	.14512
43.73	.14369
43.74	.14222
43.75	.1407
43.76	.13914
43.77	.13755
43.78	.13595
43.79	.13433
43.8	.1327
43.81	.13107
43.82	.12945
43.83	.12784
43.84	.12623
43.85	.12463
43.86	.12303
43.87	.12143
43.88	.11982
43.89	.1182
43.9	.11655
43.91	.11488
43.92	.11319
43.93	.11147
43.94	.10974
43.95	.10798
43.96	.10622
43.97	.10446
43.98	.10271
43.99	.10099
44	.099306
44.01	.097664
44.02	.096076
44.03	.094549
44.04	.093084
44.05	.091683
44.06	.090344
44.07	.089062
44.08	.087829
44.09	.08664
44.1	.085485
44.11	.084357
44.12	.083248
44.13	.082153
44.14	.081069
44.15	.079994
44.16	.078928
44.17	.077874
44.18	.076834
44.19	.075815
44.2	.07482
44.21	.073855
44.22	.072926
44.23	.072037
44.24	.07119
44.25	.070389
44.26	.069634
44.27	.068924
44.28	.068258
44.29	.067633
44.3	.067045
44.31	.066488
44.32	.065959
44.33	.06545
44.34	.064957
44.35	.064474
44.36	.063997
44.37	.063521
44.38	.063044
44.39	.062564
44.4	.06208
44.41	.061594
44.42	.061105
44.43	.060617
44.44	.060131
44.45	.05965
44.46	.059177
44.47	.058713
44.48	.058259
44.49	.057816
44.5	.057383
44.51	.056957
44.52	.056537
44.53	.056118
44.54	.055696
44.55	.055266
44.56	.054823
44.57	.054364
44.58	.053884
44.59	.053383
44.6	.052859
44.61	.052313
44.62	.051749
44.63	.051171
44.64	.050585
44.65	.049998
44.66	.049417
44.67	.048848
44.68	.048298
44.69	.047772
44.7	.047273
44.71	.046803
44.72	.046361
44.73	.045946
44.74	.045555
44.75	.045182
44.76	.044822
44.77	.044469
44.78	.044116
44.79	.043755
44.8	.04338
44.81	.042983
44.82	.042556
44.83	.042091
44.84	.041579
44.85	.041007
44.86	.040366
44.87	.039641
44.88	.038819
44.89	.037885
44.9	.036825
44.91	.035626
44.92	.034278
44.93	.032777
44.94	.031121
44.95	.029318
44.96	.027381
44.97	.025331
44.98	.023197
44.99	.02101
45	.018809
45.01	.016632
