1.000000000000000036e-10 1.000000000000000036e-10 1.000000000000000036e-10 0.000000000000000000e+00
1.000000000000000036e-10 1.000000000000000036e-10 1.000000000000000036e-10 0.000000000000000000e+00
1.000000000000000036e-10 1.000000000000000036e-10 1.000000000000000036e-10 0.000000000000000000e+00
1.000000000000000036e-10 1.000000000000000036e-10 1.000000000000000036e-10 0.000000000000000000e+00
1.000000000000000036e-10 1.000000000000000036e-10 1.000000000000000036e-10 0.000000000000000000e+00
1.000000000000000036e-10 1.000000000000000036e-10 1.000000000000000036e-10 0.000000000000000000e+00
1.000000000000000036e-10 1.000000000000000036e-10 1.000000000000000036e-10 0.000000000000000000e+00
1.000000000000000036e-10 1.000000000000000036e-10 1.000000000000000036e-10 0.000000000000000000e+00
1.000000000000000036e-10 1.000000000000000036e-10 1.000000000000000036e-10 0.000000000000000000e+00
1.000000000000000036e-10 1.000000000000000036e-10 1.000000000000000036e-10 0.000000000000000000e+00
1.000000000000000036e-10 1.000000000000000036e-10 1.000000000000000036e-10 0.000000000000000000e+00
1.000000000000000036e-10 1.000000000000000036e-10 1.000000000000000036e-10 0.000000000000000000e+00
1.000000000000000036e-10 1.000000000000000036e-10 1.000000000000000036e-10 0.000000000000000000e+00
1.000000000000000036e-10 1.000000000000000036e-10 1.000000000000000036e-10 0.000000000000000000e+00
1.000000000000000036e-10 1.000000000000000036e-10 1.000000000000000036e-10 0.000000000000000000e+00
1.000000000000000036e-10 1.000000000000000036e-10 1.000000000000000036e-10 0.000000000000000000e+00
1.000000000000000036e-10 1.000000000000000036e-10 1.000000000000000036e-10 0.000000000000000000e+00
1.000000000000000036e-10 1.000000000000000036e-10 1.000000000000000036e-10 0.000000000000000000e+00
1.000000000000000036e-10 1.000000000000000036e-10 1.000000000000000036e-10 0.000000000000000000e+00
1.000000000000000036e-10 1.000000000000000036e-10 1.000000000000000036e-10 0.000000000000000000e+00
1.000000000000000036e-10 1.000000000000000036e-10 1.000000000000000036e-10 0.000000000000000000e+00
1.000000000000000036e-10 1.000000000000000036e-10 1.000000000000000036e-10 0.000000000000000000e+00
1.000000000000000036e-10 1.000000000000000036e-10 1.000000000000000036e-10 0.000000000000000000e+00
1.000000000000000036e-10 1.000000000000000036e-10 1.000000000000000036e-10 0.000000000000000000e+00
1.000000000000000036e-10 1.000000000000000036e-10 1.000000000000000036e-10 0.000000000000000000e+00
1.000000000000000036e-10 1.000000000000000036e-10 1.000000000000000036e-10 0.000000000000000000e+00
1.000000000000000036e-10 1.000000000000000036e-10 1.000000000000000036e-10 0.000000000000000000e+00
1.000000000000000036e-10 1.000000000000000036e-10 1.000000000000000036e-10 0.000000000000000000e+00
1.000000000000000036e-10 1.000000000000000036e-10 1.000000000000000036e-10 0.000000000000000000e+00
1.000000000000000036e-10 1.000000000000000036e-10 1.000000000000000036e-10 0.000000000000000000e+00
1.000000000000000036e-10 1.000000000000000036e-10 1.000000000000000036e-10 0.000000000000000000e+00
1.000000000000000036e-10 1.000000000000000036e-10 1.000000000000000036e-10 0.000000000000000000e+00
1.000000000000000036e-10 1.000000000000000036e-10 1.000000000000000036e-10 0.000000000000000000e+00
1.000000000000000036e-10 1.000000000000000036e-10 1.000000000000000036e-10 0.000000000000000000e+00
1.000000000000000036e-10 1.000000000000000036e-10 1.000000000000000036e-10 0.000000000000000000e+00
1.000000000000000036e-10 1.000000000000000036e-10 1.000000000000000036e-10 0.000000000000000000e+00
1.000000000000000036e-10 1.000000000000000036e-10 1.000000000000000036e-10 0.000000000000000000e+00
1.000000000000000036e-10 1.000000000000000036e-10 1.000000000000000036e-10 0.000000000000000000e+00
1.000000000000000036e-10 1.000000000000000036e-10 1.000000000000000036e-10 0.000000000000000000e+00
1.000000000000000036e-10 1.000000000000000036e-10 1.000000000000000036e-10 0.000000000000000000e+00
1.000000000000000036e-10 1.000000000000000036e-10 1.000000000000000036e-10 0.000000000000000000e+00
1.000000000000000036e-10 1.000000000000000036e-10 1.000000000000000036e-10 0.000000000000000000e+00
1.000000000000000036e-10 1.000000000000000036e-10 1.000000000000000036e-10 0.000000000000000000e+00
1.000000000000000036e-10 1.000000000000000036e-10 1.000000000000000036e-10 0.000000000000000000e+00
1.000000000000000036e-10 1.000000000000000036e-10 1.000000000000000036e-10 0.000000000000000000e+00
1.000000000000000036e-10 1.000000000000000036e-10 1.000000000000000036e-10 0.000000000000000000e+00
1.000000000000000036e-10 1.000000000000000036e-10 1.000000000000000036e-10 0.000000000000000000e+00
1.000000000000000036e-10 1.000000000000000036e-10 1.000000000000000036e-10 0.000000000000000000e+00
1.000000000000000036e-10 1.000000000000000036e-10 1.000000000000000036e-10 0.000000000000000000e+00
1.000000000000000036e-10 1.000000000000000036e-10 1.000000000000000036e-10 0.000000000000000000e+00
1.000000000000000036e-10 1.000000000000000036e-10 1.000000000000000036e-10 0.000000000000000000e+00
1.000000000000000036e-10 1.000000000000000036e-10 1.000000000000000036e-10 0.000000000000000000e+00
1.000000000000000036e-10 1.000000000000000036e-10 1.000000000000000036e-10 0.000000000000000000e+00
1.000000000000000036e-10 1.000000000000000036e-10 1.000000000000000036e-10 0.000000000000000000e+00
1.000000000000000036e-10 1.000000000000000036e-10 1.000000000000000036e-10 0.000000000000000000e+00
1.000000000000000036e-10 1.000000000000000036e-10 1.000000000000000036e-10 0.000000000000000000e+00
1.000000000000000036e-10 1.000000000000000036e-10 1.000000000000000036e-10 0.000000000000000000e+00
1.000000000000000036e-10 1.000000000000000036e-10 1.000000000000000036e-10 0.000000000000000000e+00
1.000000000000000036e-10 1.000000000000000036e-10 1.000000000000000036e-10 0.000000000000000000e+00
1.000000000000000036e-10 1.000000000000000036e-10 1.000000000000000036e-10 0.000000000000000000e+00
1.000000000000000036e-10 1.000000000000000036e-10 1.000000000000000036e-10 0.000000000000000000e+00
1.000000000000000036e-10 1.000000000000000036e-10 1.000000000000000036e-10 0.000000000000000000e+00
1.000000000000000036e-10 1.000000000000000036e-10 5.217391313913043865e-02 0.000000000000000000e+00
1.000000000000000036e-10 1.000000000000000036e-10 8.829431447391303256e-02 0.000000000000000000e+00
1.000000000000000036e-10 1.000000000000000036e-10 1.163879599565217360e-01 0.000000000000000000e+00
1.000000000000000036e-10 1.000000000000000036e-10 1.364548495869565281e-01 0.000000000000000000e+00
1.000000000000000036e-10 1.000000000000000036e-10 1.565217392173913202e-01 0.000000000000000000e+00
1.000000000000000036e-10 1.000000000000000036e-10 1.725752509217391428e-01 0.000000000000000000e+00
1.000000000000000036e-10 1.000000000000000036e-10 1.846153846999999959e-01 0.000000000000000000e+00
1.000000000000000036e-10 1.000000000000000036e-10 2.006688964043478463e-01 0.000000000000000000e+00
1.000000000000000036e-10 1.000000000000000036e-10 2.127090301826086993e-01 0.000000000000000000e+00
1.000000000000000036e-10 1.000000000000000036e-10 2.247491639608695801e-01 0.000000000000000000e+00
1.000000000000000036e-10 1.000000000000000036e-10 2.327759198130434914e-01 0.000000000000000000e+00
1.000000000000000036e-10 1.000000000000000036e-10 2.448160535913043445e-01 0.000000000000000000e+00
1.000000000000000036e-10 1.000000000000000036e-10 2.568561873695652253e-01 0.000000000000000000e+00
1.000000000000000036e-10 1.000000000000000036e-10 2.648829432217391644e-01 0.000000000000000000e+00
1.000000000000000036e-10 1.000000000000000036e-10 2.729096990739130479e-01 0.000000000000000000e+00
1.000000000000000036e-10 1.000000000000000036e-10 2.849498328521739010e-01 0.000000000000000000e+00
1.000000000000000036e-10 1.000000000000000036e-10 2.929765887043478401e-01 0.000000000000000000e+00
1.000000000000000036e-10 1.000000000000000036e-10 3.010033445565217236e-01 0.000000000000000000e+00
1.000000000000000036e-10 1.000000000000000036e-10 3.090301004086956627e-01 0.000000000000000000e+00
1.000000000000000036e-10 1.000000000000000036e-10 3.170568562608695462e-01 0.000000000000000000e+00
1.000000000000000036e-10 1.000000000000000036e-10 3.250836121130434853e-01 0.000000000000000000e+00
1.000000000000000036e-10 1.000000000000000036e-10 3.331103679652174243e-01 0.000000000000000000e+00
1.000000000000000036e-10 1.000000000000000036e-10 3.371237458913043383e-01 0.000000000000000000e+00
1.000000000000000036e-10 1.000000000000000036e-10 3.451505017434782774e-01 0.000000000000000000e+00
1.000000000000000036e-10 1.000000000000000036e-10 3.531772575956521609e-01 0.000000000000000000e+00
1.000000000000000036e-10 1.000000000000000036e-10 3.612040134478261000e-01 0.000000000000000000e+00
1.000000000000000036e-10 1.000000000000000036e-10 3.652173913739130695e-01 0.000000000000000000e+00
1.000000000000000036e-10 1.000000000000000036e-10 3.732441472260869531e-01 0.000000000000000000e+00
1.000000000000000036e-10 1.000000000000000036e-10 3.812709030782608921e-01 0.000000000000000000e+00
1.000000000000000036e-10 1.000000000000000036e-10 3.852842810043478616e-01 0.000000000000000000e+00
1.000000000000000036e-10 1.000000000000000036e-10 3.933110368565217452e-01 0.000000000000000000e+00
1.000000000000000036e-10 1.000000000000000036e-10 3.973244147826087147e-01 0.000000000000000000e+00
1.000000000000000036e-10 1.000000000000000036e-10 4.053511706347825982e-01 0.000000000000000000e+00
1.000000000000000036e-10 1.000000000000000036e-10 4.093645485608695678e-01 0.000000000000000000e+00
1.000000000000000036e-10 1.000000000000000036e-10 4.173913044130435068e-01 0.000000000000000000e+00
1.000000000000000036e-10 1.000000000000000036e-10 4.214046823391304208e-01 0.000000000000000000e+00
1.000000000000000036e-10 1.000000000000000036e-10 4.254180602652173904e-01 0.000000000000000000e+00
1.000000000000000036e-10 1.000000000000000036e-10 4.334448161173913294e-01 0.000000000000000000e+00
1.000000000000000036e-10 1.000000000000000036e-10 4.374581940434782434e-01 0.000000000000000000e+00
1.000000000000000036e-10 1.000000000000000036e-10 4.414715719695652130e-01 0.000000000000000000e+00
1.000000000000000036e-10 1.000000000000000036e-10 4.494983278217391520e-01 0.000000000000000000e+00
1.000000000000000036e-10 1.000000000000000036e-10 4.535117057478261215e-01 0.000000000000000000e+00
1.000000000000000036e-10 1.000000000000000036e-10 4.575250836739130356e-01 0.000000000000000000e+00
1.000000000000000036e-10 1.000000000000000036e-10 4.615384616000000051e-01 0.000000000000000000e+00
1.000000000000000036e-10 1.000000000000000036e-10 4.695652174521739441e-01 0.000000000000000000e+00
1.000000000000000036e-10 1.000000000000000036e-10 4.735785953782608582e-01 0.000000000000000000e+00
1.000000000000000036e-10 1.000000000000000036e-10 4.775919733043478277e-01 0.000000000000000000e+00
1.000000000000000036e-10 1.000000000000000036e-10 4.816053512304347972e-01 0.000000000000000000e+00
1.000000000000000036e-10 1.000000000000000036e-10 4.856187291565217667e-01 0.000000000000000000e+00
1.000000000000000036e-10 1.000000000000000036e-10 4.936454850086956503e-01 0.000000000000000000e+00
1.000000000000000036e-10 1.000000000000000036e-10 4.976588629347826198e-01 0.000000000000000000e+00
1.000000000000000036e-10 1.000000000000000036e-10 5.016722408608695893e-01 0.000000000000000000e+00
1.000000000000000036e-10 1.000000000000000036e-10 5.056856187869565034e-01 0.000000000000000000e+00
1.000000000000000036e-10 1.000000000000000036e-10 5.096989967130435284e-01 0.000000000000000000e+00
1.000000000000000036e-10 1.000000000000000036e-10 5.137123746391304424e-01 0.000000000000000000e+00
1.000000000000000036e-10 1.000000000000000036e-10 5.177257525652173564e-01 0.000000000000000000e+00
1.000000000000000036e-10 1.000000000000000036e-10 5.217391304913043815e-01 0.000000000000000000e+00
1.000000000000000036e-10 1.000000000000000036e-10 5.257525084173912955e-01 0.000000000000000000e+00
1.000000000000000036e-10 1.000000000000000036e-10 5.337792642695652345e-01 0.000000000000000000e+00
1.000000000000000036e-10 1.000000000000000036e-10 5.377926421956521486e-01 0.000000000000000000e+00
1.000000000000000036e-10 1.000000000000000036e-10 5.418060201217391736e-01 0.000000000000000000e+00
1.000000000000000036e-10 1.000000000000000036e-10 5.458193980478260876e-01 0.000000000000000000e+00
1.000000000000000036e-10 1.000000000000000036e-10 5.498327759739130016e-01 0.000000000000000000e+00
1.000000000000000036e-10 1.000000000000000036e-10 5.538461539000000267e-01 0.000000000000000000e+00
1.000000000000000036e-10 1.000000000000000036e-10 5.578595318260869407e-01 0.000000000000000000e+00
1.000000000000000036e-10 1.000000000000000036e-10 5.618729097521739657e-01 0.000000000000000000e+00
1.000000000000000036e-10 1.000000000000000036e-10 5.658862876782608797e-01 0.000000000000000000e+00
1.000000000000000036e-10 1.000000000000000036e-10 5.698996656043477937e-01 0.000000000000000000e+00
1.000000000000000036e-10 1.000000000000000036e-10 5.739130435304348188e-01 0.000000000000000000e+00
1.000000000000000036e-10 1.000000000000000036e-10 5.779264214565217328e-01 0.000000000000000000e+00
1.000000000000000036e-10 1.000000000000000036e-10 5.779264214565217328e-01 0.000000000000000000e+00
1.000000000000000036e-10 1.000000000000000036e-10 5.819397993826087578e-01 0.000000000000000000e+00
1.000000000000000036e-10 1.000000000000000036e-10 5.859531773086956719e-01 0.000000000000000000e+00
1.000000000000000036e-10 1.000000000000000036e-10 5.899665552347825859e-01 0.000000000000000000e+00
1.000000000000000036e-10 1.000000000000000036e-10 5.939799331608696109e-01 0.000000000000000000e+00
1.000000000000000036e-10 1.000000000000000036e-10 5.979933110869565249e-01 0.000000000000000000e+00
1.000000000000000036e-10 1.000000000000000036e-10 6.020066890130434389e-01 0.000000000000000000e+00
1.000000000000000036e-10 1.000000000000000036e-10 6.060200669391304640e-01 0.000000000000000000e+00
1.000000000000000036e-10 1.000000000000000036e-10 6.100334448652173780e-01 0.000000000000000000e+00
1.000000000000000036e-10 1.000000000000000036e-10 6.140468227913044030e-01 0.000000000000000000e+00
1.000000000000000036e-10 1.000000000000000036e-10 6.140468227913044030e-01 0.000000000000000000e+00
1.000000000000000036e-10 8.026755862173912126e-02 6.180602007173913170e-01 0.000000000000000000e+00
1.000000000000000036e-10 1.163879599565217360e-01 6.220735786434782311e-01 0.000000000000000000e+00
1.000000000000000036e-10 1.444816054391304394e-01 6.260869565695652561e-01 0.000000000000000000e+00
1.000000000000000036e-10 1.685618729956521733e-01 6.301003344956521701e-01 0.000000000000000000e+00
1.000000000000000036e-10 1.886287626260869654e-01 6.341137124217390841e-01 0.000000000000000000e+00
1.000000000000000036e-10 2.046822743304347880e-01 6.381270903478261092e-01 0.000000000000000000e+00
1.000000000000000036e-10 2.207357860347826106e-01 6.381270903478261092e-01 0.000000000000000000e+00
1.000000000000000036e-10 2.367892977391304332e-01 6.421404682739130232e-01 0.000000000000000000e+00
1.000000000000000036e-10 2.528428094434782558e-01 6.461538462000000482e-01 0.000000000000000000e+00
1.000000000000000036e-10 2.648829432217391644e-01 6.501672241260869622e-01 0.000000000000000000e+00
1.000000000000000036e-10 2.769230770000000175e-01 6.541806020521738763e-01 0.000000000000000000e+00
1.000000000000000036e-10 2.889632107782608705e-01 6.581939799782609013e-01 0.000000000000000000e+00
1.000000000000000036e-10 3.010033445565217236e-01 6.581939799782609013e-01 0.000000000000000000e+00
1.000000000000000036e-10 3.130434783347826322e-01 6.622073579043478153e-01 0.000000000000000000e+00
1.000000000000000036e-10 3.250836121130434853e-01 6.662207358304348404e-01 0.000000000000000000e+00
1.000000000000000036e-10 3.371237458913043383e-01 6.702341137565217544e-01 0.000000000000000000e+00
1.000000000000000036e-10 3.451505017434782774e-01 6.702341137565217544e-01 0.000000000000000000e+00
1.000000000000000036e-10 3.571906355217391305e-01 6.742474916826086684e-01 0.000000000000000000e+00
1.000000000000000036e-10 3.652173913739130695e-01 6.782608696086956934e-01 0.000000000000000000e+00
1.000000000000000036e-10 3.732441472260869531e-01 6.822742475347826074e-01 0.000000000000000000e+00
1.000000000000000036e-10 3.852842810043478616e-01 6.862876254608695215e-01 0.000000000000000000e+00
1.000000000000000036e-10 3.933110368565217452e-01 6.862876254608695215e-01 0.000000000000000000e+00
1.000000000000000036e-10 4.013377927086956842e-01 6.903010033869565465e-01 0.000000000000000000e+00
1.000000000000000036e-10 4.093645485608695678e-01 6.943143813130434605e-01 0.000000000000000000e+00
1.000000000000000036e-10 4.173913044130435068e-01 6.983277592391304855e-01 0.000000000000000000e+00
1.000000000000000036e-10 4.294314381913043599e-01 6.983277592391304855e-01 0.000000000000000000e+00
1.000000000000000036e-10 4.374581940434782434e-01 7.023411371652173996e-01 0.000000000000000000e+00
1.000000000000000036e-10 4.454849498956521825e-01 7.063545150913043136e-01 0.000000000000000000e+00
1.000000000000000036e-10 4.535117057478261215e-01 7.063545150913043136e-01 0.000000000000000000e+00
1.000000000000000036e-10 4.575250836739130356e-01 7.103678930173913386e-01 0.000000000000000000e+00
1.000000000000000036e-10 4.655518395260869746e-01 7.143812709434782526e-01 0.000000000000000000e+00
1.000000000000000036e-10 4.735785953782608582e-01 7.183946488695652777e-01 0.000000000000000000e+00
1.000000000000000036e-10 4.816053512304347972e-01 7.183946488695652777e-01 0.000000000000000000e+00
1.000000000000000036e-10 4.896321070826086808e-01 7.224080267956521917e-01 0.000000000000000000e+00
1.000000000000000036e-10 4.976588629347826198e-01 7.264214047217391057e-01 0.000000000000000000e+00
1.000000000000000036e-10 5.016722408608695893e-01 7.264214047217391057e-01 0.000000000000000000e+00
1.000000000000000036e-10 5.096989967130435284e-01 7.304347826478261307e-01 0.000000000000000000e+00
1.000000000000000036e-10 5.177257525652173564e-01 7.344481605739130448e-01 0.000000000000000000e+00
1.000000000000000036e-10 5.217391304913043815e-01 7.384615384999999588e-01 0.000000000000000000e+00
1.000000000000000036e-10 5.297658863434783205e-01 7.384615384999999588e-01 0.000000000000000000e+00
1.000000000000000036e-10 5.377926421956521486e-01 7.424749164260869838e-01 0.000000000000000000e+00
1.000000000000000036e-10 5.418060201217391736e-01 7.464882943521738978e-01 0.000000000000000000e+00
1.000000000000000036e-10 5.498327759739130016e-01 7.464882943521738978e-01 0.000000000000000000e+00
1.000000000000000036e-10 5.578595318260869407e-01 7.505016722782609229e-01 0.000000000000000000e+00
1.000000000000000036e-10 5.618729097521739657e-01 7.545150502043478369e-01 0.000000000000000000e+00
1.000000000000000036e-10 5.698996656043477937e-01 7.545150502043478369e-01 0.000000000000000000e+00
1.000000000000000036e-10 5.739130435304348188e-01 7.585284281304347509e-01 0.000000000000000000e+00
1.000000000000000036e-10 5.819397993826087578e-01 7.625418060565217759e-01 0.000000000000000000e+00
1.000000000000000036e-10 5.859531773086956719e-01 7.625418060565217759e-01 0.000000000000000000e+00
1.000000000000000036e-10 5.939799331608696109e-01 7.665551839826086900e-01 0.000000000000000000e+00
1.000000000000000036e-10 5.979933110869565249e-01 7.705685619086957150e-01 0.000000000000000000e+00
1.000000000000000036e-10 6.060200669391304640e-01 7.705685619086957150e-01 0.000000000000000000e+00
1.000000000000000036e-10 6.100334448652173780e-01 7.745819398347826290e-01 0.000000000000000000e+00
1.000000000000000036e-10 6.180602007173913170e-01 7.785953177608695430e-01 0.000000000000000000e+00
1.000000000000000036e-10 6.220735786434782311e-01 7.785953177608695430e-01 0.000000000000000000e+00
1.000000000000000036e-10 6.260869565695652561e-01 7.826086956869565681e-01 0.000000000000000000e+00
1.000000000000000036e-10 6.341137124217390841e-01 7.826086956869565681e-01 0.000000000000000000e+00
1.000000000000000036e-10 6.381270903478261092e-01 7.866220736130434821e-01 0.000000000000000000e+00
1.000000000000000036e-10 6.461538462000000482e-01 7.906354515391303961e-01 0.000000000000000000e+00
1.000000000000000036e-10 6.501672241260869622e-01 7.906354515391303961e-01 0.000000000000000000e+00
1.000000000000000036e-10 6.541806020521738763e-01 7.946488294652174211e-01 0.000000000000000000e+00
1.000000000000000036e-10 6.622073579043478153e-01 7.986622073913043351e-01 0.000000000000000000e+00
1.000000000000000036e-10 6.662207358304348404e-01 7.986622073913043351e-01 0.000000000000000000e+00
1.000000000000000036e-10 6.702341137565217544e-01 8.026755853173913602e-01 0.000000000000000000e+00
1.000000000000000036e-10 6.782608696086956934e-01 8.026755853173913602e-01 0.000000000000000000e+00
1.000000000000000036e-10 6.822742475347826074e-01 8.066889632434782742e-01 0.000000000000000000e+00
1.000000000000000036e-10 6.862876254608695215e-01 8.107023411695651882e-01 0.000000000000000000e+00
1.000000000000000036e-10 6.903010033869565465e-01 8.107023411695651882e-01 0.000000000000000000e+00
1.000000000000000036e-10 6.983277592391304855e-01 8.147157190956522133e-01 0.000000000000000000e+00
1.000000000000000036e-10 7.023411371652173996e-01 8.187290970217391273e-01 0.000000000000000000e+00
1.000000000000000036e-10 7.063545150913043136e-01 8.187290970217391273e-01 0.000000000000000000e+00
1.000000000000000036e-10 7.103678930173913386e-01 8.227424749478260413e-01 0.000000000000000000e+00
1.000000000000000036e-10 7.183946488695652777e-01 8.227424749478260413e-01 0.000000000000000000e+00
1.000000000000000036e-10 7.224080267956521917e-01 8.267558528739130663e-01 0.000000000000000000e+00
2.809364558260869782e-02 7.264214047217391057e-01 8.267558528739130663e-01 0.000000000000000000e+00
1.163879599565217360e-01 7.304347826478261307e-01 8.307692307999999803e-01 0.000000000000000000e+00
1.645484950695652315e-01 7.344481605739130448e-01 8.347826087260870054e-01 0.000000000000000000e+00
2.006688964043478463e-01 7.424749164260869838e-01 8.347826087260870054e-01 0.000000000000000000e+00
2.287625418869565219e-01 7.464882943521738978e-01 8.387959866521739194e-01 0.000000000000000000e+00
2.528428094434782558e-01 7.505016722782609229e-01 8.387959866521739194e-01 0.000000000000000000e+00
2.769230770000000175e-01 7.545150502043478369e-01 8.428093645782608334e-01 0.000000000000000000e+00
2.969899666304348096e-01 7.585284281304347509e-01 8.468227425043478584e-01 0.000000000000000000e+00
3.170568562608695462e-01 7.625418060565217759e-01 8.468227425043478584e-01 0.000000000000000000e+00
3.371237458913043383e-01 7.705685619086957150e-01 8.508361204304347725e-01 0.000000000000000000e+00
3.531772575956521609e-01 7.745819398347826290e-01 8.508361204304347725e-01 0.000000000000000000e+00
3.692307692999999835e-01 7.785953177608695430e-01 8.548494983565217975e-01 0.000000000000000000e+00
3.852842810043478616e-01 7.826086956869565681e-01 8.548494983565217975e-01 0.000000000000000000e+00
3.973244147826087147e-01 7.866220736130434821e-01 8.588628762826087115e-01 0.000000000000000000e+00
4.133779264869565373e-01 7.906354515391303961e-01 8.628762542086956255e-01 0.000000000000000000e+00
4.254180602652173904e-01 7.946488294652174211e-01 8.628762542086956255e-01 0.000000000000000000e+00
4.374581940434782434e-01 7.986622073913043351e-01 8.668896321347826506e-01 0.000000000000000000e+00
4.535117057478261215e-01 8.026755853173913602e-01 8.668896321347826506e-01 0.000000000000000000e+00
4.655518395260869746e-01 8.107023411695651882e-01 8.709030100608695646e-01 0.000000000000000000e+00
4.775919733043478277e-01 8.147157190956522133e-01 8.709030100608695646e-01 0.000000000000000000e+00
4.856187291565217667e-01 8.187290970217391273e-01 8.749163879869564786e-01 0.000000000000000000e+00
4.976588629347826198e-01 8.227424749478260413e-01 8.749163879869564786e-01 0.000000000000000000e+00
5.096989967130435284e-01 8.267558528739130663e-01 8.789297659130435036e-01 0.000000000000000000e+00
5.177257525652173564e-01 8.307692307999999803e-01 8.829431438391304177e-01 0.000000000000000000e+00
5.297658863434783205e-01 8.347826087260870054e-01 8.829431438391304177e-01 0.000000000000000000e+00
5.377926421956521486e-01 8.387959866521739194e-01 8.869565217652174427e-01 0.000000000000000000e+00
5.498327759739130016e-01 8.428093645782608334e-01 8.869565217652174427e-01 0.000000000000000000e+00
5.578595318260869407e-01 8.468227425043478584e-01 8.909698996913043567e-01 0.000000000000000000e+00
5.658862876782608797e-01 8.508361204304347725e-01 8.909698996913043567e-01 0.000000000000000000e+00
5.779264214565217328e-01 8.548494983565217975e-01 8.949832776173912707e-01 0.000000000000000000e+00
5.859531773086956719e-01 8.588628762826087115e-01 8.949832776173912707e-01 0.000000000000000000e+00
5.939799331608696109e-01 8.628762542086956255e-01 8.989966555434782958e-01 0.000000000000000000e+00
6.020066890130434389e-01 8.668896321347826506e-01 8.989966555434782958e-01 0.000000000000000000e+00
6.100334448652173780e-01 8.709030100608695646e-01 9.030100334695652098e-01 0.000000000000000000e+00
6.220735786434782311e-01 8.749163879869564786e-01 9.030100334695652098e-01 0.000000000000000000e+00
6.301003344956521701e-01 8.789297659130435036e-01 9.070234113956522348e-01 0.000000000000000000e+00
6.381270903478261092e-01 8.829431438391304177e-01 9.110367893217391488e-01 0.000000000000000000e+00
6.461538462000000482e-01 8.869565217652174427e-01 9.110367893217391488e-01 0.000000000000000000e+00
6.541806020521738763e-01 8.909698996913043567e-01 9.150501672478260629e-01 0.000000000000000000e+00
6.581939799782609013e-01 8.949832776173912707e-01 9.150501672478260629e-01 0.000000000000000000e+00
6.662207358304348404e-01 8.989966555434782958e-01 9.190635451739130879e-01 0.000000000000000000e+00
6.742474916826086684e-01 9.030100334695652098e-01 9.190635451739130879e-01 0.000000000000000000e+00
6.822742475347826074e-01 9.070234113956522348e-01 9.230769231000000019e-01 0.000000000000000000e+00
6.903010033869565465e-01 9.110367893217391488e-01 9.230769231000000019e-01 0.000000000000000000e+00
6.983277592391304855e-01 9.150501672478260629e-01 9.270903010260869159e-01 0.000000000000000000e+00
7.023411371652173996e-01 9.190635451739130879e-01 9.270903010260869159e-01 0.000000000000000000e+00
7.103678930173913386e-01 9.230769231000000019e-01 9.311036789521739410e-01 0.000000000000000000e+00
7.183946488695652777e-01 9.270903010260869159e-01 9.311036789521739410e-01 0.000000000000000000e+00
7.264214047217391057e-01 9.311036789521739410e-01 9.351170568782608550e-01 0.000000000000000000e+00
7.304347826478261307e-01 9.351170568782608550e-01 9.351170568782608550e-01 0.000000000000000000e+00
7.384615384999999588e-01 9.391304348043478800e-01 9.391304348043478800e-01 0.000000000000000000e+00
7.464882943521738978e-01 9.431438127304347940e-01 9.391304348043478800e-01 0.000000000000000000e+00
7.505016722782609229e-01 9.471571906565217080e-01 9.431438127304347940e-01 0.000000000000000000e+00
7.585284281304347509e-01 9.471571906565217080e-01 9.431438127304347940e-01 0.000000000000000000e+00
7.625418060565217759e-01 9.511705685826087331e-01 9.471571906565217080e-01 0.000000000000000000e+00
7.705685619086957150e-01 9.551839465086956471e-01 9.471571906565217080e-01 0.000000000000000000e+00
7.785953177608695430e-01 9.591973244347825611e-01 9.511705685826087331e-01 0.000000000000000000e+00
7.826086956869565681e-01 9.632107023608695862e-01 9.511705685826087331e-01 0.000000000000000000e+00
7.906354515391303961e-01 9.672240802869565002e-01 9.551839465086956471e-01 0.000000000000000000e+00
7.946488294652174211e-01 9.712374582130435252e-01 9.551839465086956471e-01 0.000000000000000000e+00
8.026755853173913602e-01 9.752508361391304392e-01 9.591973244347825611e-01 0.000000000000000000e+00
8.066889632434782742e-01 9.792642140652173532e-01 9.591973244347825611e-01 0.000000000000000000e+00
8.147157190956522133e-01 9.832775919913043783e-01 9.632107023608695862e-01 0.000000000000000000e+00
8.187290970217391273e-01 9.872909699173912923e-01 9.632107023608695862e-01 0.000000000000000000e+00
8.267558528739130663e-01 9.872909699173912923e-01 9.672240802869565002e-01 0.000000000000000000e+00
8.307692307999999803e-01 9.913043478434783173e-01 9.672240802869565002e-01 0.000000000000000000e+00
8.387959866521739194e-01 9.953177257695652314e-01 9.712374582130435252e-01 0.000000000000000000e+00
8.428093645782608334e-01 9.993311036956521454e-01 9.712374582130435252e-01 0.000000000000000000e+00
8.468227425043478584e-01 1.003344481621739170e+00 9.752508361391304392e-01 0.000000000000000000e+00
8.548494983565217975e-01 1.007357859547826084e+00 9.752508361391304392e-01 0.000000000000000000e+00
8.588628762826087115e-01 1.011371237473912998e+00 9.792642140652173532e-01 0.000000000000000000e+00
8.628762542086956255e-01 1.015384615399999912e+00 9.792642140652173532e-01 0.000000000000000000e+00
8.709030100608695646e-01 1.015384615399999912e+00 9.792642140652173532e-01 0.000000000000000000e+00
8.749163879869564786e-01 1.019397993326087049e+00 9.832775919913043783e-01 0.000000000000000000e+00
8.829431438391304177e-01 1.023411371252173963e+00 9.832775919913043783e-01 0.000000000000000000e+00
8.869565217652174427e-01 1.027424749178260877e+00 9.872909699173912923e-01 0.000000000000000000e+00
8.909698996913043567e-01 1.031438127104347791e+00 9.872909699173912923e-01 0.000000000000000000e+00
8.989966555434782958e-01 1.035451505030434705e+00 9.913043478434783173e-01 0.000000000000000000e+00
9.030100334695652098e-01 1.039464882956521841e+00 9.913043478434783173e-01 0.000000000000000000e+00
9.070234113956522348e-01 1.039464882956521841e+00 9.953177257695652314e-01 0.000000000000000000e+00
9.110367893217391488e-01 1.043478260882608755e+00 9.953177257695652314e-01 0.000000000000000000e+00
9.190635451739130879e-01 1.047491638808695669e+00 9.993311036956521454e-01 0.000000000000000000e+00
9.230769231000000019e-01 1.051505016734782583e+00 9.993311036956521454e-01 0.000000000000000000e+00
