1.202007400754657063e+00
1.578816012087445042e-01
1.583300956713870333e-01
1.584240022430976891e-01
1.582864920725586821e-01
1.580114433959496356e-01
1.576423316713878309e-01
1.571997432479101120e-01
1.566939957874851075e-01
1.561306410308784531e-01
1.555129507266709843e-01
1.548431046963998359e-01
1.541227870071141814e-01
1.533534929269632086e-01
1.525366861130277030e-01
1.516738752469770357e-01
1.507666466057389631e-01
1.498166725995255244e-01
1.488257075311463229e-01
1.477955769561059007e-01
1.467281642509636885e-01
1.456253964018966451e-01
1.444892301041175720e-01
1.433216387324933172e-01
1.421246004416736874e-01
1.409000874848357898e-01
1.396500567481273047e-01
1.383764414500739670e-01
1.370811439324615688e-01
1.357660294602888451e-01
1.344329209468811959e-01
1.330835945225399553e-01
1.317197758691918963e-01
1.303431372481971828e-01
1.289552951534255754e-01
1.275578085264462147e-01
1.261521774752583924e-01
1.247398424422971330e-01
1.233221837714894575e-01
1.219005216279949871e-01
1.204761162278773362e-01
1.190501683383931725e-01
1.176238200128301298e-01
1.161981555269145233e-01
1.147742024867285937e-01
1.133529330808255159e-01
1.119352654517952461e-01
1.105220651650405672e-01
1.091141467546883626e-01
1.077122753287879237e-01
1.063171682178302435e-01
1.049294966524973310e-01
1.035498874581924356e-01
1.021789247554514002e-01
1.008171516567482051e-01
9.946507195146003788e-02
9.812315177196266613e-02
9.679182123482243938e-02
9.547147605203792908e-02
9.416247910812261535e-02
9.286516199955570372e-02
9.157982653383572869e-02
9.030674618594448921e-02
8.904616751057002622e-02
8.779831150890247959e-02
8.656337494920625375e-02
8.534153164076123399e-02
8.413293366102854443e-02
8.293771253620629835e-02
8.175598037551615183e-02
8.058783095981336686e-02
7.943334078521403774e-02
7.829257006261398921e-02
7.716556367405941197e-02
7.605235208702346150e-02
7.495295222771945765e-02
7.386736831462642483e-02
7.279559265345375563e-02
7.173760639478586609e-02
7.069338025567314943e-02
6.966287520644663667e-02
6.864604312401512143e-02
6.764282741292908241e-02
6.665316359543134450e-02
6.567697987175984131e-02
6.471419765189262430e-02
6.376473205992541637e-02
6.282849241224396086e-02
6.190538267060591293e-02
6.099530187125487557e-02
6.009814453109432048e-02
5.921380103197993600e-02
5.834215798411216541e-02
5.748309856949405938e-02
5.663650286637727377e-02
5.580224815559722829e-02
5.498020920964022396e-02
5.417025856528511624e-02
5.337226678059789342e-02
5.258610267704657421e-02
5.181163356745632081e-02
5.104872547051243770e-02
5.029724331247022173e-02
4.955705111671079161e-02
4.882801218175965297e-02
4.810998924834214430e-02
4.740284465603930575e-02
4.670644049007097870e-02
4.602063871871892725e-02
4.534530132186651713e-02
4.468029041112207139e-02
4.402546834196324060e-02
4.338069781831937338e-02
4.274584198999436396e-02
4.212076454330636321e-02
4.150532978531069894e-02
4.089940272193985649e-02
4.030284913040321076e-02
3.971553562614228011e-02
3.913732972464827042e-02
3.856809989841976372e-02
3.800771562932607484e-02
3.745604745663513868e-02
3.691296702094221810e-02
3.637834710423538953e-02
3.585206166630874186e-02
3.533398587773746435e-02
3.482399614960487305e-02
3.432197016017247276e-02
3.382778687866925399e-02
3.334132658636717456e-02
3.286247089510309360e-02
3.239110276339984135e-02
3.192710651032643759e-02
3.147036782723915821e-02
3.102077378752557055e-02
3.057821285448134030e-02
3.014257488742884059e-02
2.971375114619403957e-02
2.929163429404134031e-02
2.887611839916512033e-02
2.846709893483703388e-02
2.806447277828768433e-02
2.766813820841941204e-02
2.727799490241623187e-02
2.689394393133555036e-02
2.651588775475126336e-02
2.614373021451006640e-02
2.577737652767130017e-02
2.541673327868792381e-02
2.506170841088328077e-02
2.471221121728262374e-02
2.436815233084384594e-02
2.402944371414149349e-02
2.369599864854577201e-02
2.336773172294012713e-02
2.304455882201768974e-02
2.272639711419646366e-02
2.241316503918642372e-02
2.210478229524472440e-02
2.180116982614974455e-02
2.150224980792411061e-02
2.120794563533659818e-02
2.091818190820650750e-02
2.063288441754033975e-02
2.035198013151847882e-02
2.007539718135996701e-02
1.980306484708034900e-02
1.953491354316958667e-02
1.927087480420067861e-02
1.901088127039012032e-02
1.875486667312691730e-02
1.850276582048450066e-02
1.825451458272768501e-02
1.801004987783088110e-02
1.776930965701886342e-02
1.753223289033991467e-02
1.729875955228492648e-02
1.706883060746017602e-02
1.684238799632471056e-02
1.661937462099873433e-02
1.639973433115397144e-02
1.618341190999013010e-02
1.597035306030786597e-02
1.576050439068042361e-02
1.555381340173443011e-02
1.535022847253976128e-02
1.514969884711921295e-02
1.495217462107685351e-02
1.475760672835399814e-02
1.456594692811211990e-02
1.437714779174969690e-02
1.419116269005321618e-02
1.400794578048671427e-02
1.382745199462148689e-02
1.364963702570809977e-02
1.347445731639285854e-02
1.330187004657917837e-02
1.313183312143721346e-02
1.296430515956156077e-02
1.279924548127670675e-02
1.263661409709342619e-02
1.247637169631687915e-02
1.231847963580197901e-02
1.216289992886280744e-02
1.200959523433151044e-02
1.185852884576884397e-02
1.170966468082465343e-02
1.156296727074927408e-02
1.141840175005459992e-02
1.127593384632449847e-02
1.113552987017388599e-02
1.099715670535589447e-02
1.086078179901615870e-02
1.072637315209272642e-02
1.059389930986231847e-02
1.046332935262927512e-02
1.033463288655931366e-02
1.020778003465347764e-02
1.008274142786360315e-02
9.959488196347617700e-03
9.837991960861823190e-03
9.718224824290827568e-03
9.600159363312389324e-03
9.483768620196533078e-03
9.369026094736884053e-03
9.255905736312932536e-03
9.144381936082751280e-03
9.034429519302023329e-03
8.926023737771470595e-03
8.819140262407905786e-03
8.713755175939584194e-03
8.609844965722299182e-03
8.507386516676911786e-03
8.406357104345075701e-03
8.306734388062028338e-03
8.208496404244437425e-03
8.111621559793523450e-03
8.016088625609107260e-03
7.921876730215210785e-03
7.828965353494681673e-03
7.737334320531234592e-03
7.646963795557640275e-03
7.557834276009070019e-03
7.469926586677720290e-03
7.383221873970688062e-03
7.297701600266122586e-03
7.213347538369285078e-03
7.130141766063595801e-03
7.048066660758382437e-03
6.967104894229908876e-03
6.887239427454507415e-03
6.808453505532932257e-03
6.730730652704095505e-03
6.654054667446562821e-03
6.578409617666557997e-03
6.503779835971294256e-03
6.430149915026128239e-03
6.357504702993596428e-03
6.285829299054098047e-03
6.215109049005332689e-03
6.145329540941325309e-03
6.076476601007253439e-03
6.008536289230516358e-03
5.941494895426380901e-03
5.875338935176375489e-03
5.810055145878888563e-03
5.745630482870393678e-03
5.682052115616099963e-03
5.619307423968907325e-03
5.557383994495452076e-03
5.496269616867982717e-03
5.435952280321194180e-03
5.376420170172587637e-03
5.317661664405375771e-03
5.259665330312863173e-03
5.202419921203200320e-03
5.145914373163339335e-03
5.090137801881316343e-03
5.035079499525621852e-03
4.980728931681178626e-03
4.927075734339802886e-03
4.874109710945486243e-03
4.821820829492772312e-03
4.770199219677248755e-03
4.719235170097576225e-03
4.668919125507796537e-03
4.619241684119369286e-03
4.570193594951685312e-03
4.521765755230305016e-03
4.473949207832264921e-03
4.426735138777210428e-03
4.380114874763926282e-03
4.334079880751105958e-03
4.288621757581730261e-03
4.243732239650565077e-03
4.199403192612905650e-03
4.155626611135451211e-03
4.112394616686982848e-03
4.069699455369302568e-03
4.027533495786814188e-03
3.985889226954573462e-03
3.944759256244051090e-03
3.904136307365604647e-03
3.864013218387438251e-03
3.824382939789872961e-03
3.785238532554816883e-03
3.746573166289283996e-03
3.708380117382836360e-03
3.670652767197710685e-03
3.633384600291700382e-03
3.596569202672876726e-03
3.560200260085044557e-03
3.524271556324713121e-03
3.488776971587428857e-03
3.453710480844095036e-03
3.419066152245997612e-03
3.384838145558720281e-03
3.351020710623529766e-03
3.317608185846606869e-03
3.284594996714778042e-03
3.251975654338333781e-03
3.219744754018890806e-03
3.187896973843681869e-03
3.156427073303986856e-03
3.125329891938725610e-03
3.094600348001912745e-03
3.064233437153504776e-03
3.034224231173959611e-03
3.004567876701069035e-03
2.975259593989571134e-03
2.946294675692318846e-03
2.917668485663162895e-03
2.889376457781247295e-03
2.861414094795534761e-03
2.833776967190059035e-03
2.806460712069041522e-03
2.779461032061652376e-03
2.752773694246148008e-03
2.726394529092733641e-03
2.700319429425120533e-03
2.674544349400192426e-03
2.649065303505689691e-03
2.623878365575424594e-03
2.598979667821568404e-03
2.574365399884115304e-03
2.550031807896698671e-03
2.525975193568949246e-03
2.502191913284644922e-03
2.478678377215754944e-03
2.455431048451761373e-03
2.432446442144156791e-03
2.409721124665884905e-03
2.387251712785253086e-03
2.365034872854347627e-03
2.343067320011282123e-03
2.321345817396283737e-03
2.299867175381647283e-03
2.278628250814598681e-03
2.257625946273447270e-03
2.236857209336364297e-03
2.216319031863095510e-03
2.196008449288722273e-03
2.175922539929633828e-03
2.156058424301466551e-03
2.136413264448838896e-03
2.116984263286288744e-03
2.097768663950782229e-03
2.078763749165186882e-03
2.059966840612473607e-03
2.041375298320954532e-03
2.022986520059524580e-03
2.004797940743752865e-03
1.986807031851486015e-03
1.969011300848945694e-03
1.951408290626081973e-03
1.933995578941910239e-03
1.916770777878923967e-03
1.899731533306997728e-03
1.882875524356094352e-03
1.866200462898115822e-03
1.849704093037308301e-03
1.833384190609432937e-03
1.817238562689169014e-03
1.801265047105873483e-03
1.785461511967695357e-03
1.769825855193161339e-03
1.754356004051186788e-03
1.739049914708325466e-03
1.723905571783955438e-03
1.708920987912497958e-03
1.694094203313410750e-03
1.679423285367855848e-03
1.664906328202813085e-03
1.650541452281839962e-03
1.636326804002795777e-03
1.622260555302109135e-03
1.608340903265741920e-03
1.594566069746440129e-03
1.580934300987428326e-03
1.567443867252194933e-03
1.554093062460584979e-03
1.540880203830625019e-03
1.527803631526472930e-03
1.514861708312010766e-03
1.502052819210165664e-03
1.489375371167845187e-03
1.476827792726277851e-03
1.464408533696858351e-03
1.452116064842201744e-03
1.439948877562416104e-03
1.427905483586530992e-03
1.415984414668892011e-03
1.404184222290552663e-03
1.392503477365417608e-03
1.380940769951288696e-03
1.369494708965492613e-03
1.358163921905107497e-03
1.346947054571806957e-03
1.335842770800974109e-03
1.324849752195423041e-03
1.313966697863176930e-03
1.303192324159587736e-03
1.292525364433561334e-03
1.281964568777960948e-03
1.271508703783709449e-03
1.261156552298296979e-03
1.250906913187632696e-03
1.240758601102143763e-03
1.230710446246307578e-03
1.220761294152015357e-03
1.210910005455466095e-03
1.201155455677613889e-03
1.191496535008136756e-03
1.181932148092821114e-03
1.172461213824240725e-03
1.163082665135859763e-03
1.153795448799323220e-03
1.144598525224919255e-03
1.135490868265221723e-03
1.126471465021884047e-03
1.117539315655323353e-03
1.108693433197511288e-03
1.099932843367675255e-03
1.091256584390827913e-03
1.082663706819218157e-03
1.074153273356518628e-03
1.065724358684771436e-03
1.057376049294014029e-03
1.049107443314584122e-03
1.040917650352018910e-03
1.032805791324481123e-03
1.024770998302796917e-03
1.016812414352861885e-03
1.008929193380551578e-03
1.001120499979036129e-03
9.933855092783543551e-04
9.857234067974735090e-04
9.781333882984356767e-04
9.706146596429183733e-04
9.631664366508477498e-04
9.557879449612918755e-04
9.484784198954173675e-04
9.412371063215930643e-04
9.340632585224828855e-04
9.269561400642545128e-04
9.199150236676914951e-04
9.129391910813396431e-04
9.060279329565379836e-04
8.991805487243692942e-04
8.923963464744732966e-04
8.856746428356477002e-04
8.790147628583325039e-04
8.724160398988291308e-04
8.658778155052550447e-04
8.593994393052122732e-04
8.529802688952108211e-04
8.466196697316765362e-04
8.403170150236015422e-04
8.340716856268704134e-04
8.278830699400936081e-04
8.217505638020318600e-04
8.156735703905476685e-04
8.096515001231100166e-04
8.036837705586410063e-04
7.977698063009883633e-04
7.919090389037673977e-04
7.861009067765546395e-04
7.803448550925616263e-04
7.746403356976693660e-04
7.689868070206762373e-04
7.633837339850871925e-04
7.578305879220147015e-04
7.523268464844645471e-04
7.468719935628235660e-04
7.414655192016947295e-04
7.361069195177690448e-04
7.307956966190752622e-04
7.255313585253699449e-04
7.203134190895873470e-04
