1.202007435474782060e+00
1.562922384390425801e-01
1.556457581218804453e-01
1.554882090860602584e-01
1.553082006532399695e-01
1.550526500883515069e-01
1.547209264068368506e-01
1.543178681636566962e-01
1.538480559043364782e-01
1.533153253667386140e-01
1.527228956344736377e-01
1.520735385889192548e-01
1.513697232229396505e-01
1.506137275957540600e-01
1.498077199866128251e-01
1.489538138348653618e-01
1.480541021353050934e-01
1.471106767441890950e-01
1.461256371801855358e-01
1.451010924584813511e-01
1.440391585365610183e-01
1.429419531746337346e-01
1.418115894318946191e-01
1.406501686036921439e-01
1.394597731166012933e-01
1.382424597034881408e-01
1.370002530509337735e-01
1.357351400260132235e-01
1.344490645338334567e-01
1.331439230212017044e-01
1.318215606186887712e-01
1.304837678986736915e-01
1.291322782178406514e-01
1.277687656071428701e-01
1.263948431692410168e-01
1.250120619421248302e-01
1.236219101874517362e-01
1.222258130627633665e-01
1.208251326379768398e-01
1.194211682181421513e-01
1.180151569363737801e-01
1.166082745829299383e-01
1.152016366386367646e-01
1.137962994830988284e-01
1.123932617504413145e-01
1.109934658075437258e-01
1.095977993319744992e-01
1.082070969689479106e-01
1.068221420486624162e-01
1.054436683473264497e-01
1.040723618770103137e-01
1.027088626911587671e-01
1.013537666942054272e-01
1.000076274451840164e-01
9.867095794659491714e-02
9.734423241101600177e-02
9.602788799907781281e-02
9.472232652341858183e-02
9.342791611419519471e-02
9.214499284248801880e-02
9.087386229873609111e-02
8.961480112394358544e-02
8.836805849198504925e-02
8.713385754187261134e-02
8.591239675923692531e-02
8.470385130671871654e-02
8.350837430325189215e-02
8.232609805253073010e-02
8.115713522119405443e-02
8.000157996745473066e-02
7.885950902108038174e-02
7.773098271577189022e-02
7.661604597510207615e-02
7.551472925325902752e-02
7.442704943191943978e-02
7.335301067461515168e-02
7.229260524002555088e-02
7.124581425558795811e-02
7.021260845290283603e-02
6.919294886635807273e-02
6.818678749641246539e-02
6.719406793895608965e-02
6.621472598214936389e-02
6.524869017211019917e-02
6.429588234879873854e-02
6.335621815339914642e-02
6.242960750848308704e-02
6.151595507218438758e-02
6.061516066758669552e-02
5.972711968847865122e-02
5.885172348258952552e-02
5.798885971339031581e-02
5.713841270148656976e-02
5.630026374659911903e-02
5.547429143108877081e-02
5.466037190593802525e-02
5.385837916006331466e-02
5.306818527380181144e-02
5.228966065736689178e-02
5.152267427504440833e-02
5.076709385585315149e-02
5.002278609137763427e-02
4.928961682142508904e-02
4.856745120815106342e-02
4.785615389925362839e-02
4.715558918080912237e-02
4.646562112030076103e-02
4.578611370035744893e-02
4.511693094369992330e-02
4.445793702976305606e-02
4.380899640344691065e-02
4.316997387641598183e-02
4.254073472135202344e-02
4.192114475954797359e-02
4.131107044220535401e-02
4.071037892577607925e-02
4.011893814168857042e-02
3.953661686075850973e-02
3.896328475258523799e-02
3.839881244021473017e-02
3.784307155033514447e-02
3.729593475925489093e-02
3.675727583490501910e-02
3.622696967509444338e-02
3.570489234222804648e-02
3.519092109469604268e-02
3.468493441512882774e-02
3.418681203569353538e-02
3.369643496061737464e-02
3.321368548609035520e-02
3.273844721771229649e-02
3.227060508562656221e-02
3.181004535748341994e-02
3.135665564936289396e-02
3.091032493478620968e-02
3.047094355192938447e-02
3.003840320915739798e-02
2.961259698898169312e-02
2.919341935054110826e-02
2.878076613070474146e-02
2.837453454388575921e-02
2.797462318064887488e-02
2.758093200519853502e-02
2.719336235181479128e-02
2.681181692032062053e-02
2.643619977063825163e-02
2.606641631650660415e-02
2.570237331841757414e-02
2.534397887582958905e-02
2.499114241871048733e-02
2.464377469846829385e-02
2.430178777830971013e-02
2.396509502307730272e-02
2.363361108860956294e-02
2.330725191066098170e-02
2.298593469342269727e-02
2.266957789768253573e-02
2.235810122865226554e-02
2.205142562350353649e-02
2.174947323863279242e-02
2.145216743669325909e-02
2.115943277341418918e-02
2.087119498423710418e-02
2.058738097078952403e-02
2.030791878722235100e-02
2.003273762642809874e-02
1.976176780616376721e-02
1.949494075509418736e-02
1.923218899877351257e-02
1.897344614558356055e-02
1.871864687264121474e-02
1.846772691169213179e-02
1.822062303500146876e-02
1.797727304125726344e-02
1.773761574149519335e-02
1.750159094505730414e-02
1.726913944559569161e-02
1.704020300712802069e-02
1.681472435015664291e-02
1.659264713785737685e-02
1.637391596234653163e-02
1.615847633103325090e-02
1.594627465306349898e-02
1.573725822586063625e-02
1.553137522177120214e-02
1.532857467481689093e-02
1.512880646756037221e-02
1.493202131808809077e-02
1.473817076711410844e-02
1.454720716520805680e-02
1.435908366015135711e-02
1.417375418442347670e-02
1.399117344282118681e-02
1.381129690021377227e-02
1.363408076943488714e-02
1.345948199931395854e-02
1.328745826284752525e-02
1.311796794551360092e-02
1.295097013372802607e-02
1.278642460344462176e-02
1.262429180890082756e-02
1.246453287150799984e-02
1.230710956888606336e-02
1.215198432404574966e-02
1.199912019471527022e-02
1.184848086281281403e-02
1.170003062406491795e-02
1.155373437776962067e-02
1.140955761670487366e-02
1.126746641718053693e-02
1.112742742923456679e-02
1.098940786697196956e-02
1.085337549904553944e-02
1.071929863927880734e-02
1.058714613742858975e-02
1.045688737008719678e-02
1.032849223172298617e-02
1.020193112585838884e-02
1.007717495638342162e-02
9.954195119004961151e-03
9.832963492829050259e-03
9.713452432075855153e-03
9.595634757925476307e-03
9.479483750493964203e-03
9.364973140936979495e-03
9.252077103681239853e-03
9.140770248780584126e-03
9.031027614397398040e-03
8.922824659404976141e-03
8.816137256112960632e-03
8.710941683111046718e-03
8.607214618231358652e-03
8.504933131627921347e-03
8.404074678970526596e-03
8.304617094753320022e-03
8.206538585714425946e-03
8.109817724367064662e-03
8.014433442639671071e-03
7.920365025623127275e-03
7.827592105424842003e-03
7.736094655126887418e-03
7.645852982847612181e-03
7.556847725904333388e-03
7.469059845076789911e-03
7.382470618968850484e-03
7.297061638467503344e-03
7.212814801297264336e-03
7.129712306669295716e-03
7.047736650022886837e-03
6.966870617858371244e-03
6.887097282660283211e-03
6.808399997908876761e-03
6.730762393178180494e-03
6.654168369320785995e-03
6.578602093736602048e-03
6.504047995724173900e-03
6.430490761914394934e-03
6.357915331784071145e-03
6.286306893248672263e-03
6.215650878332857482e-03
6.145932958917569265e-03
6.077139042561948389e-03
6.009255268399358099e-03
5.942268003106405440e-03
5.876163836943111389e-03
5.810929579862931377e-03
5.746552257693066795e-03
5.683019108381473158e-03
5.620317578311260533e-03
5.558435318680419318e-03
5.497360181946260756e-03
5.437080218333095911e-03
5.377583672402075875e-03
5.318858979682593822e-03
5.260894763363289581e-03
5.203679831042716530e-03
5.147203171537691538e-03
5.091453951748623613e-03
5.036421513581349450e-03
4.982095370923505205e-03
4.928465206675196851e-03
4.875520869832991600e-03
4.823252372625677804e-03
4.771649887701638962e-03
4.720703745366556375e-03
4.670404430870293833e-03
4.620742581742572248e-03
4.571708985176631962e-03
4.523294575458980567e-03
4.475490431446008631e-03
4.428287774085258068e-03
4.381677963981217387e-03
4.335652499004855401e-03
4.290203011945611412e-03
4.245321268205721338e-03
4.200999163535969888e-03
4.157228721811054295e-03
4.114002092846194558e-03
4.071311550251320403e-03
4.029149489324721466e-03
3.987508424983857852e-03
3.946380989733227866e-03
3.905759931668471938e-03
3.865638112516481175e-03
3.826008505710009125e-03
3.786864194496945054e-03
3.748198370083353614e-03
3.710004329809595252e-03
3.672275475358763221e-03
3.635005310997286698e-03
3.598187441846949306e-03
3.561815572187239289e-03
3.525883503788557801e-03
3.490385134274444790e-03
3.455314455513368473e-03
3.420665552038883173e-03
3.386432599497887080e-03
3.352609863126454308e-03
3.319191696252727763e-03
3.286172538826242703e-03
3.253546915973494491e-03
3.221309436578875807e-03
3.189454791890927385e-03
3.157977754153114269e-03
3.126873175258784547e-03
3.096135985430095456e-03
3.065761191920010446e-03
3.035743877737304315e-03
3.006079200394053390e-03
2.976762390675125915e-03
2.947788751429543819e-03
2.919153656382780879e-03
2.890852548970180257e-03
2.862880941190693029e-03
2.835234412481109009e-03
2.807908608609347833e-03
2.780899240587874580e-03
2.754202083605738517e-03
2.727812975979255778e-03
2.701727818121374587e-03
2.675942571528743333e-03
2.650453257786369171e-03
2.625255957590180711e-03
2.600346809785943503e-03
2.575722010425328043e-03
2.551377811838429020e-03
2.527310521722077926e-03
2.503516502244227011e-03
2.479992169163891969e-03
2.456733990966311620e-03
2.433738488012890475e-03
2.411002231706242931e-03
2.388521843669285695e-03
2.366293994938702822e-03
2.344315405172458545e-03
2.322582841870538244e-03
2.301093119609578467e-03
2.279843099290564199e-03
2.258829687399059941e-03
2.238049835278778637e-03
2.217500538417100254e-03
2.197178835743127633e-03
2.177081808937623032e-03
2.157206581754883903e-03
2.137550319355920395e-03
2.118110227653497053e-03
2.098883552667863469e-03
2.079867579893768421e-03
2.061059633678069287e-03
2.042457076608123184e-03
2.024057308910334491e-03
2.005857767859157113e-03
1.987855927195894459e-03
1.970049296557424643e-03
1.952435420914699774e-03
1.935011880020503887e-03
1.917776287866872643e-03
1.900726292151224371e-03
1.883859573751913916e-03
1.867173846212251929e-03
1.850666855233582681e-03
1.834336378176422248e-03
1.818180223570378326e-03
1.802196230632069265e-03
1.786382268791116088e-03
1.770736237224045497e-03
1.755256064396197536e-03
1.739939707610991312e-03
1.724785152566774699e-03
1.709790412921231590e-03
1.694953529862786587e-03
1.680272571689321332e-03
1.665745633393698978e-03
1.651370836256401894e-03
1.637146327444605849e-03
1.623070279618243168e-03
1.609140890542209209e-03
1.595356382705197208e-03
1.581715002944803720e-03
1.568215022078739635e-03
1.554854734542056999e-03
1.541632458030472953e-03
1.528546533149477459e-03
1.515595323069165610e-03
1.502777213184733817e-03
1.490090610782543587e-03
1.477533944711665508e-03
1.465105665060708294e-03
1.452804242839954340e-03
1.440628169668718966e-03
1.428575957467623919e-03
1.416646138156166549e-03
1.404837263354776931e-03
1.393147904092141391e-03
1.381576650516991647e-03
1.370122111614508528e-03
1.358782914927571858e-03
1.347557706282250444e-03
1.336445149517807331e-03
1.325443926221038168e-03
1.314552735464947705e-03
1.303770293551511110e-03
1.293095333758578682e-03
1.282526606090881455e-03
1.272062877035010173e-03
1.261702929318301528e-03
1.251445561671470736e-03
1.241289588595206883e-03
1.231233840130382560e-03
1.221277161631856333e-03
1.211418413546011151e-03
1.201656471191672867e-03
1.191990224544624190e-03
1.182418578025444967e-03
1.172940450290705034e-03
1.163554774027513979e-03
1.154260495751278622e-03
1.145056575606560227e-03
1.135941987171230081e-03
1.126915717263561731e-03
1.117976765752404754e-03
1.109124145370284781e-03
1.100356881529564223e-03
1.091674012141239346e-03
1.083074587436841417e-03
1.074557669792864907e-03
1.066122333558114149e-03
1.057767664883618253e-03
1.049492761555240704e-03
1.041296732828884746e-03
1.033178699268218030e-03
1.025137792584980903e-03
1.017173155481645476e-03
1.009283941496618873e-03
1.001469314851777519e-03
9.937284503023589149e-04
9.860605329891300192e-04
9.784647582929120388e-04
9.709403316912343720e-04
9.634864686172351289e-04
9.561023943207521726e-04
9.487873437314612440e-04
9.415405613241932233e-04
9.343613009861968842e-04
9.272488258865386112e-04
9.202024083473956751e-04
9.132213297173339241e-04
9.063048802465650117e-04
8.994523589639770531e-04
8.926630735561841756e-04
8.859363402481998774e-04
8.792714836861088975e-04
8.726678368213939023e-04
8.661247407970540336e-04
8.596415448353568077e-04
8.532176061274089791e-04
8.468522897242945118e-04
8.405449684298178185e-04
8.342950226949145042e-04
8.281018405136755106e-04
8.219648173207613154e-04
8.158833558905545427e-04
8.098568662376425626e-04
8.038847655188898584e-04
7.979664779369008811e-04
7.921014346449370370e-04
7.862890736532742548e-04
7.805288397368813271e-04
7.748201843445134615e-04
7.691625655091401592e-04
7.635554477596482236e-04
7.579983020339464261e-04
7.524906055932136786e-04
7.470318419375169888e-04
7.416215007226245300e-04
7.362590776780267299e-04
7.309440745261753516e-04
7.256759989028971998e-04
7.204543642789751866e-04
7.152786898828627149e-04
