1.202007400674141246e+00
2.222238242315446033e-01
2.218026066330342494e-01
2.207448688737769782e-01
2.194203825864175783e-01
2.179199618342256006e-01
2.162649698572939316e-01
2.144648452853804566e-01
2.125289482867682156e-01
2.104684990613692741e-01
2.082962931395498929e-01
2.060260049569306307e-01
2.036715366735063204e-01
2.012465119529384117e-01
1.987639157897916342e-01
1.962358570833689919e-01
1.936734279140704396e-01
1.910866364776952486e-01
1.884843946193855979e-01
1.858745445942488750e-01
1.832639128205071355e-01
1.806583810120969691e-01
1.780629672575503863e-01
1.754819114180900252e-01
1.729187607027818652e-01
1.703764524839637140e-01
1.678573923787233246e-01
1.653635263752474827e-01
1.628964063582690469e-01
1.604572488150247112e-01
1.580469868094705188e-01
1.556663155221690853e-01
1.533157317875073200e-01
1.509955681367395330e-01
1.487060218894876440e-01
1.464471798400725777e-01
1.442190390676366951e-01
1.420215243679991968e-01
1.398545027660539619e-01
1.377177955243603091e-01
1.356111880192973351e-01
1.335344378128302534e-01
1.314872812067878483e-01
1.294694385284705929e-01
1.274806183617267219e-01
1.255205209065562433e-01
1.235888406227313163e-01
1.216852682888123205e-01
1.198094925868583849e-01
1.179612013050305996e-01
1.161400822347105621e-01
1.143458238254783654e-01
1.125781156500815922e-01
1.108366487219923230e-01
1.091211157002228566e-01
1.074312110093754991e-01
1.057666308974142960e-01
1.041270734489867372e-01
1.025122385684260479e-01
1.009218279434012377e-01
9.935554499766860448e-02
9.781309483934515214e-02
9.629418420943983148e-02
9.479852143405803622e-02
9.332581638264640655e-02
9.187578043381727788e-02
9.044812644960939507e-02
8.904256875859777043e-02
8.765882314784327611e-02
8.629660686340218101e-02
8.495563861893616620e-02
8.363563861180657588e-02
8.233632854594476191e-02
8.105743166074537431e-02
7.979867276522786823e-02
7.855977827668332580e-02
7.734047626305114165e-02
7.614049648832527106e-02
7.495957046029698423e-02
7.379743148000890429e-02
7.265381469232812250e-02
7.152845713712829845e-02
7.042109780056378388e-02
6.933147766603815765e-02
6.825933976446227347e-02
6.720442922347438786e-02
6.616649331532499512e-02
6.514528150317233646e-02
6.414054548558166535e-02
6.315203923903416061e-02
6.217951905831669429e-02
6.122274359465403742e-02
6.028147389150929902e-02
5.935547341797205168e-02
5.844450809969216343e-02
5.754834634733414084e-02
5.666675908253932664e-02
5.579951976139636144e-02
5.494640439544391103e-02
5.410719157023227699e-02
5.328166246147920254e-02
5.246960084887059700e-02
5.167079312755787357e-02
5.088502831741761184e-02
5.011209807012513562e-02
4.935179667412938065e-02
4.860392105758477160e-02
4.786827078932230639e-02
4.714464807793820184e-02
4.643285776906864309e-02
4.573270734093888568e-02
4.504400689825400345e-02
4.436656916452108579e-02
4.370020947286709645e-02
4.304474575543941472e-02
4.239999853145884345e-02
4.176579089399871242e-02
4.114194849556437883e-02
4.052829953254367956e-02
3.992467472859442118e-02
3.933090731704030896e-02
3.874683302233332405e-02
3.817229004065438025e-02
3.760711901970362203e-02
3.705116303774717151e-02
3.650426758197149874e-02
3.596628052619943450e-02
3.543705210802788885e-02
3.491643490542520323e-02
3.440428381284687392e-02
3.390045601691085708e-02
3.340481097167496277e-02
3.291721037356425128e-02
3.243751813598277911e-02
3.196560036365013457e-02
3.150132532670002483e-02
3.104456343457547007e-02
3.059518720975077516e-02
3.015307126131631238e-02
2.971809225845099822e-02
2.929012890381519491e-02
2.886906190688491927e-02
2.845477395726008982e-02
2.804714969796033922e-02
2.764607569874345805e-02
2.725144042945538622e-02
2.686313423343913293e-02
2.648104930101999668e-02
2.610507964308135531e-02
2.573512106475168634e-02
2.537107113921521426e-02
2.501282918166144661e-02
2.466029622338890628e-02
2.431337498607083480e-02
2.397196985619928777e-02
2.363598685971505034e-02
2.330533363683634160e-02
2.297991941709326413e-02
2.265965499457430615e-02
2.234445270339989117e-02
2.203422639342155279e-02
2.172889140615929388e-02
2.142836455098204654e-02
2.113256408153024735e-02
2.084140967239765316e-02
2.055482239606403957e-02
2.027272470009042898e-02
1.999504038457745186e-02
1.972169457989107061e-02
1.945261372465467362e-02
1.918772554401582467e-02
1.892695902818270284e-02
1.867024441123742162e-02
1.841751315022286534e-02
1.816869790450685931e-02
1.792373251542218188e-02
1.768255198618455537e-02
1.744509246208686415e-02
1.721129121097000197e-02
1.698108660397049455e-02
1.675441809654309999e-02
1.653122620975818607e-02
1.631145251187292311e-02
1.609503960017428029e-02
1.588193108309392254e-02
1.567207156259110487e-02
1.546540661680478011e-02
1.526188278296999358e-02
1.506144754060017264e-02
1.486404929492930391e-02
1.466963736061534414e-02
1.447816194570085077e-02
1.428957413582842596e-02
1.410382587870917526e-02
1.392086996884213217e-02
1.374066003248034830e-02
1.356315051284382248e-02
1.338829665557299091e-02
1.321605449442431364e-02
1.304638083720164633e-02
1.287923325192191250e-02
1.271457005321386183e-02
1.255235028894372343e-02
1.239253372706835589e-02
1.223508084271056860e-02
1.207995280545502877e-02
1.192711146686170967e-02
1.177651934819257118e-02
1.162813962835146202e-02
1.148193613203135795e-02
1.133787331806755498e-02
1.119591626799401433e-02
1.105603067479853964e-02
1.091818283187655919e-02
1.078233962217746943e-02
1.064846850754268270e-02
1.051653751823217881e-02
1.038651524263669614e-02
1.025837081717186072e-02
1.013207391635281840e-02
1.000759474304567000e-02
9.884904018893353808e-03
9.763972974911992384e-03
9.644773342258545004e-03
9.527277343161329876e-03
9.411457682016406701e-03
9.297287536643484424e-03
9.184740549700760870e-03
9.073790820253951547e-03
8.964412895499920472e-03
8.856581762639726199e-03
8.750272840899448942e-03
8.645461973696819472e-03
8.542125420951026879e-03
8.440239851531911378e-03
8.339782335848592437e-03
8.240730338572942182e-03
8.143061711497340260e-03
8.046754686521554595e-03
7.951787868771464582e-03
7.858140229841416302e-03
7.765791101162957538e-03
7.674720167494437049e-03
7.584907460531522747e-03
7.496333352635062633e-03
7.408978550674939767e-03
7.322824089987678246e-03
7.237851328445426245e-03
7.154041940635413183e-03
7.071377912146304019e-03
6.989841533960618018e-03
6.909415396951401785e-03
6.830082386480333320e-03
6.751825677096446113e-03
6.674628727332978725e-03
6.598475274600622102e-03
6.523349330175757729e-03
6.449235174281854784e-03
6.376117351261943733e-03
6.303980664840795958e-03
6.232810173475101558e-03
6.162591185790483074e-03
6.093309256102420399e-03
6.024950180021280272e-03
5.957499990138416350e-03
5.890944951792924378e-03
5.825271558916500676e-03
5.760466529956327630e-03
5.696516803872780400e-03
5.633409536212177771e-03
5.571132095252429549e-03
5.509672058219972426e-03
5.449017207577335972e-03
5.389155527379486943e-03
5.330075199697682092e-03
5.271764601110171151e-03
5.214212299257675251e-03
5.157407049462691025e-03
5.101337791412006301e-03
5.045993645900180916e-03
4.991363911633946680e-03
4.937438062095141252e-03
4.884205742462737095e-03
4.831656766590882932e-03
4.779781114043654168e-03
4.728568927184150471e-03
4.678010508317981264e-03
4.628096316888909156e-03
4.578816966727019058e-03
4.530163223347234182e-03
4.482126001298069630e-03
4.434696361558882784e-03
4.387865508985701150e-03
4.341624789803655293e-03
4.295965689145865053e-03
4.250879828637726954e-03
4.206358964025413635e-03
4.162394982848270468e-03
4.118979902153712888e-03
4.076105866254572420e-03
4.033765144526991857e-03
3.991950129249502779e-03
3.950653333480803886e-03
3.909867388977456178e-03
3.869585044148909827e-03
3.829799162050370569e-03
3.790502718412261385e-03
3.751688799705620286e-03
3.713350601243140155e-03
3.675481425314419941e-03
3.638074679355643177e-03
3.601123874152301237e-03
3.564622622074927957e-03
3.528564635346516810e-03
3.492943724342055176e-03
3.457753795918392867e-03
3.422988851774586699e-03
3.388642986842254918e-03
3.354710387704818667e-03
3.321185331045240635e-03
3.288062182122486812e-03
3.255335393274581997e-03
3.222999502449652026e-03
3.191049131762820762e-03
3.159478986079425865e-03
3.128283851623710286e-03
3.097458594612428721e-03
3.066998159913369472e-03
3.036897569727423432e-03
3.007151922294917529e-03
2.977756390624756305e-03
2.948706221246428019e-03
2.919996732984343583e-03
2.891623315754282813e-03
2.863581429381017313e-03
2.835866602437254417e-03
2.808474431103290692e-03
2.781400578046861090e-03
2.754640771323127370e-03
2.728190803293905915e-03
2.702046529566437625e-03
2.676203867950801337e-03
2.650658797435873591e-03
2.625407357183288763e-03
2.600445645539513177e-03
2.575769819064959408e-03
2.551376091580655116e-03
2.527260733231412575e-03
2.503420069565696644e-03
2.479850480631554544e-03
2.456548400088711965e-03
2.433510314335740870e-03
2.410732761653142965e-03
2.388212331361091144e-03
2.365945662991990675e-03
2.343929445477568266e-03
2.322160416350102594e-03
2.300635360957656653e-03
2.279351111692893856e-03
2.258304547235502179e-03
2.237492591807527242e-03
2.216912214442019399e-03
2.196560428263979580e-03
2.176434289783972520e-03
2.156530898204144127e-03
2.136847394735781266e-03
2.117380961929310815e-03
2.098128823015049660e-03
2.079088241256177999e-03
2.060256519312243274e-03
2.041630998613896877e-03
2.023209058748225674e-03
2.004988116854845761e-03
1.986965627032086668e-03
1.969139079753620333e-03
1.951506001294783278e-03
1.934063953168900984e-03
1.916810531573283133e-03
1.899743366844382523e-03
1.882860122922523595e-03
1.866158496825621148e-03
1.849636218131760690e-03
1.833291048470734068e-03
1.817120781024035136e-03
1.801123240033393729e-03
1.785296280317611155e-03
1.769637786797582501e-03
1.754145674029216478e-03
1.738817885744433885e-03
1.723652394399711237e-03
1.708647200732167637e-03
1.693800333323416040e-03
1.679109848170310705e-03
1.664573828263285352e-03
1.650190383171358305e-03
1.635957648634421514e-03
1.621873786162121968e-03
1.607936982639472309e-03
1.594145449939072699e-03
1.580497424539732730e-03
1.566991167151422044e-03
1.553624962346526013e-03
1.540397118197113979e-03
1.527305965918215706e-03
1.514349859517096289e-03
1.501527175448195365e-03
1.488836312273846647e-03
1.476275690330482214e-03
1.463843751400488316e-03
1.451538958389274672e-03
1.439359795007728567e-03
1.427304765459947930e-03
1.415372394135904930e-03
1.403561225309305719e-03
1.391869822840244948e-03
1.380296769882832005e-03
1.368840668597463492e-03
1.357500139867936660e-03
1.346273823022889685e-03
1.335160375562102633e-03
1.324158472886900187e-03
1.313266808035216428e-03
1.302484091420722792e-03
1.291809050576212588e-03
1.281240429901268560e-03
1.270776990413760490e-03
1.260417509505566865e-03
1.250160780702030093e-03
1.240005613425392266e-03
1.229950832762021721e-03
1.219995279233281006e-03
1.210137808570078966e-03
1.200377291491151396e-03
1.190712613484633340e-03
1.181142674593400931e-03
1.171666389203548757e-03
1.162282685836417981e-03
1.152990506943824814e-03
1.143788808706639815e-03
1.134676560836374998e-03
1.125652746380092053e-03
1.116716361528276736e-03
1.107866415425800850e-03
1.099101929985794651e-03
1.090421939706566305e-03
1.081825491491199753e-03
1.073311644470202868e-03
1.064879469826785028e-03
1.056528050624907416e-03
1.048256481640051424e-03
1.040063869192593910e-03
1.031949330983744206e-03
1.023911995934139590e-03
1.015951004024846175e-03
1.008065506140916117e-03
1.000254663917262430e-03
9.925176495870083673e-04
9.848536458321780450e-04
9.772618456366519504e-04
9.697414521414017769e-04
9.622916785019839736e-04
9.549117477481660309e-04
9.476008926458345761e-04
9.403583555608358447e-04
9.331833883250513408e-04
9.260752521045090887e-04
9.190332172694375568e-04
9.120565632663730615e-04
9.051445784921459837e-04
8.982965601698892407e-04
8.915118142268460989e-04
8.847896551740517049e-04
8.781294059878919133e-04
8.715303979933793814e-04
8.649919707492291152e-04
8.585134719347316213e-04
8.520942572381914317e-04
8.457336902472033496e-04
8.394311423404988374e-04
8.331859925814047224e-04
8.269976276129283130e-04
8.208654415544838897e-04
8.147888358999749898e-04
8.087672194176477375e-04
8.028000080512506364e-04
7.968866248227495430e-04
7.910264997364807246e-04
7.852190696847024306e-04
7.794637783546654302e-04
7.737600761368626208e-04
7.681074200348228650e-04
7.625052735761391918e-04
7.569531067248605992e-04
7.514503957951515056e-04
7.459966233662412936e-04
7.405912781985859918e-04
7.352338551513686211e-04
7.299238551010268222e-04
7.246607848612351575e-04
7.194441571037843734e-04
