1.202007400672132187e+00
1.825560608436163912e-01
1.830583596439549487e-01
1.829949562504992466e-01
1.826875103931702438e-01
1.822255736513329616e-01
1.816410002114179356e-01
1.809487828614630422e-01
1.801583923598959192e-01
1.792770817024403607e-01
1.783109739957589868e-01
1.772655101919127507e-01
1.761456858800565239e-01
1.749561977422259551e-01
1.737015379105718571e-01
1.723860526562487894e-01
1.710139756336648276e-01
1.695894433878433194e-01
1.681164991196223979e-01
1.665990892432000214e-01
1.650410560267375204e-01
1.634461285998901892e-01
1.618179138377545401e-01
1.601598880589529261e-01
1.584753900686489136e-01
1.567676157966692574e-01
1.550396145943774562e-01
1.532942871350538305e-01
1.515343847914761011e-01
1.497625103263076907e-01
1.479811197150842361e-01
1.461925249202988553e-01
1.443988974430551187e-01
1.426022724920048557e-01
1.408045536254520502e-01
1.390075177396625505e-01
1.372128202935294361e-01
1.354220006760700479e-01
1.336364876382769851e-01
1.318576047245483274e-01
1.300865756509488325e-01
1.283245295882745329e-01
1.265725063169458875e-01
1.248314612286562375e-01
1.231022701562849708e-01
1.213857340191153572e-01
1.196825832749878193e-01
1.179934821747537083e-01
1.163190328174365656e-01
1.146597790069407014e-01
1.130162099130224557e-01
1.113887635407718180e-01
1.097778300139164165e-01
1.081837546780894665e-01
1.066068410308126102e-01
1.050473534852633395e-01
1.035055199751496596e-01
1.019815344080927944e-01
1.004755589748797806e-01
9.898772632191017717e-02
9.751814159393544512e-02
9.606688435405275062e-02
9.463401038765133222e-02
9.321955339675914998e-02
9.182352659099228542e-02
9.044592418099466069e-02
8.908672278001383837e-02
8.774588271896019420e-02
8.642334928002282091e-02
8.511905385365201027e-02
8.383291502346626456e-02
8.256483958335723849e-02
8.131472349087165430e-02
8.008245276067310625e-02
7.886790430170007027e-02
7.767094670139966517e-02
7.649144096023564876e-02
7.532924117947215059e-02
7.418419520505598053e-02
7.305614523025279194e-02
7.194492835952953635e-02
7.085037713603974108e-02
6.977232003489021450e-02
6.871058192429735367e-02
6.766498449653168823e-02
6.663534667052532778e-02
6.562148496781688989e-02
6.462321386347830154e-02
6.364034611351841730e-02
6.267269306019286612e-02
6.172006491656215760e-02
6.078227103154335009e-02
5.985912013664518305e-02
5.895042057549020748e-02
5.805598051717128505e-02
5.717560815441357497e-02
5.630911188747331902e-02
5.545630049463082939e-02
5.461698329009329056e-02
5.379097027007576082e-02
5.297807224777731361e-02
5.217810097792555113e-02
5.139086927153262846e-02
5.061619110145519629e-02
4.985388169932550295e-02
4.910375764438111579e-02
4.836563694468822006e-02
4.763933911123716808e-02
4.692468522534024716e-02
4.622149799975458495e-02
4.552960183391712573e-02
4.484882286366050769e-02
4.417898900575983889e-02
4.351992999762693132e-02
4.287147743247057829e-02
4.223346479020300553e-02
4.160572746436933672e-02
4.098810278535350987e-02
4.038043004010332532e-02
3.978255048860171450e-02
3.919430737729900915e-02
3.861554594970384446e-02
3.804611345432645786e-02
3.748585915015269221e-02
3.693463430981426543e-02
3.639229222061544922e-02
3.585868818356645338e-02
3.533367951055920581e-02
3.481712551982557580e-02
3.430888752979505130e-02
3.380882885147224598e-02
3.331681477944496705e-02
3.283271258162707290e-02
3.235639148783056585e-02
3.188772267726235760e-02
3.142657926503008431e-02
3.097283628774157721e-02
3.052637068826848099e-02
3.008706129975256133e-02
2.965478882891718973e-02
2.922943583875268342e-02
2.881088673062908931e-02
2.839902772589799826e-02
2.799374684703323513e-02
2.759493389836084956e-02
2.720248044642522775e-02
2.681627980003250394e-02
2.643622699001630869e-02
2.606221874876053779e-02
2.569415348951568229e-02
2.533193128554571058e-02
2.497545384913120448e-02
2.462462451046297518e-02
2.427934819645108724e-02
2.393953140947750746e-02
2.360508220611351460e-02
2.327591017582417501e-02
2.295192641968592240e-02
2.263304352912915915e-02
2.231917556472952716e-02
2.201023803506300947e-02
2.170614787563892797e-02
2.140682342792779927e-02
2.111218441849701741e-02
2.082215193826324542e-02
2.053664842187945261e-02
2.025559762725998372e-02
1.997892461525991106e-02
1.970655572951143450e-02
1.943841857643164792e-02
1.917444200540288982e-02
1.891455608913780034e-02
1.865869210423164518e-02
1.840678251190970907e-02
1.815876093897285729e-02
1.791456215894637535e-02
1.767412207343897756e-02
1.743737769370900387e-02
1.720426712244699577e-02
1.697472953577592453e-02
1.674870516546767343e-02
1.652613528138368107e-02
1.630696217413542606e-02
1.609112913797127592e-02
1.587858045388633108e-02
1.566926137295890017e-02
1.546311809991284154e-02
1.526009777690580209e-02
1.506014846754401455e-02
1.486321914112320210e-02
1.466925965709520163e-02
1.447822074975816352e-02
1.429005401317348656e-02
1.410471188630408462e-02
1.392214763837466666e-02
1.374231535445504665e-02
1.356516992126072241e-02
1.339066701317316588e-02
1.321876307847597021e-02
1.304941532580657440e-02
1.288258171082039792e-02
1.271822092306718055e-02
1.255629237307588457e-02
1.239675617964821654e-02
1.223957315735628611e-02
1.208470480424468987e-02
1.193211328973306333e-02
1.178176144271812081e-02
1.163361273987229515e-02
1.148763129413647201e-02
1.134378184340565851e-02
1.120202973940408013e-02
1.106234093674787755e-02
1.092468198219302515e-02
1.078902000406552208e-02
1.065532270187328004e-02
1.052355833609435083e-02
1.039369571814182693e-02
1.026570420050160193e-02
1.013955366704063880e-02
1.001521452348383932e-02
9.892657688056761753e-03
9.771854582291737354e-03
9.652777121994944934e-03
9.535397708372968933e-03
9.419689219314285669e-03
9.305625000826548560e-03
9.193178858623161920e-03
9.082325049861840818e-03
8.973038275027538091e-03
8.865293669961886100e-03
8.759066798033779064e-03
8.654333642450866976e-03
8.551070598708278292e-03
8.449254467173136773e-03
8.348862445802799487e-03
8.249872122993802750e-03
8.152261470559708442e-03
8.056008836836816775e-03
7.961092939913547509e-03
7.867492860983081940e-03
7.775188037816661846e-03
7.684158258355245144e-03
7.594383654417601395e-03
7.505844695523526157e-03
7.418522182828859134e-03
7.332397243172080609e-03
7.247451323229010638e-03
7.163666183774068837e-03
7.081023894047447712e-03
6.999506826225028455e-03
6.919097649988758050e-03
6.839779327198473001e-03
6.761535106659405207e-03
6.684348518987290322e-03
6.608203371566857137e-03
6.533083743603702344e-03
6.458973981266674484e-03
6.385858692919643004e-03
6.313722744441172680e-03
6.242551254630576002e-03
6.172329590697927040e-03
6.103043363838140008e-03
6.034678424885380268e-03
5.967220860048855560e-03
5.900656986726147621e-03
5.834973349394523973e-03
5.770156715577665074e-03
5.706194071886598607e-03
5.643072620134228536e-03
5.580779773521032938e-03
5.519303152891358137e-03
5.458630583058632531e-03
5.398750089198642299e-03
5.339649893309067474e-03
5.281318410734348566e-03
5.223744246754823822e-03
5.166916193238594093e-03
5.110823225355204565e-03
5.055454498349901300e-03
5.000799344377294259e-03
4.946847269393448397e-03
4.893587950105107894e-03
4.841011230975375210e-03
4.789107121284027872e-03
4.737865792242561443e-03
4.687277574161842313e-03
4.637332953672118792e-03
4.588022570993958472e-03
4.539337217259649566e-03
4.491267831883454659e-03
4.443805499980468809e-03
4.396941449832608359e-03
4.350667050401340122e-03
4.304973808885952276e-03
4.259853368326458820e-03
4.215297505250506158e-03
4.171298127363598333e-03
4.127847271281241855e-03
4.084937100302747301e-03
4.042559902225835965e-03
4.000708087201111304e-03
3.959374185625416827e-03
3.918550846074344077e-03
3.878230833271683296e-03
3.838407026096429114e-03
3.799072415625842029e-03
3.760220103214203559e-03
3.721843298606580287e-03
3.683935318086837413e-03
3.646489582659179739e-03
3.609499616263003256e-03
3.572959044019945792e-03
3.536861590512536090e-03
3.501201078094567931e-03
3.465971425231446391e-03
3.431166644870994095e-03
3.396780842843526594e-03
3.362808216290888962e-03
3.329243052123727169e-03
3.296079725506807778e-03
3.263312698371373735e-03
3.230936517954487684e-03
3.198945815364535351e-03
3.167335304172611433e-03
3.136099779029031219e-03
3.105234114304886855e-03
3.074733262757814271e-03
3.044592254221734854e-03
3.014806194319941297e-03
2.985370263201420071e-03
2.956279714299403505e-03
2.927529873112418631e-03
2.899116136006965432e-03
2.871033969041343961e-03
2.843278906810742680e-03
2.815846551312626948e-03
2.788732570832279812e-03
2.761932698848358451e-03
2.735442732957677446e-03
2.709258533818898352e-03
2.683376024115337669e-03
2.657791187535714882e-03
2.632500067773021427e-03
2.607498767541237793e-03
2.582783447609164097e-03
2.558350325851324689e-03
2.534195676315590708e-03
2.510315828307285984e-03
2.486707165489196025e-03
2.463366124997461420e-03
2.440289196573014376e-03
2.417472921708072649e-03
2.394913892807716462e-03
2.372608752366071796e-03
2.350554192156740097e-03
2.328746952437511265e-03
2.307183821168849909e-03
2.285861633246001785e-03
2.264777269744428553e-03
2.243927657178280272e-03
2.223309766771804606e-03
2.202920613743465043e-03
2.182757256602167913e-03
2.162816796455960776e-03
2.143096376332471412e-03
2.123593180511096096e-03
2.104304433866786232e-03
2.085227401224984921e-03
2.066359386727819290e-03
2.047697733210989985e-03
2.029239821591453680e-03
2.010983070265671361e-03
1.992924934517983047e-03
1.975062905939126319e-03
1.957394511854879983e-03
1.939917314764106476e-03
1.922628911786809476e-03
1.905526934121092378e-03
1.888609046509729956e-03
1.871872946715628537e-03
1.855316365006194406e-03
1.838937063646469078e-03
1.822732836400786822e-03
1.806701508042902853e-03
1.790840933874333039e-03
1.775148999250987340e-03
1.759623619117438613e-03
1.744262737549325546e-03
1.729064327303443454e-03
1.714026389375059543e-03
1.699146952563025973e-03
1.684424073042003773e-03
1.669855833941770494e-03
1.655440344933717433e-03
1.641175741824143271e-03
1.627060186154301660e-03
1.613091864807164773e-03
1.599268989620723303e-03
1.585589797007677399e-03
1.572052547581335741e-03
1.558655525788067535e-03
1.545397039545253143e-03
1.532275419885780051e-03
1.519289020608103821e-03
1.506436217932109094e-03
1.493715410160630997e-03
1.481125017346721735e-03
1.468663480966078422e-03
1.456329263595074067e-03
1.444120848593999015e-03
1.432036739795425253e-03
1.420075461197716328e-03
1.408235556663604620e-03
1.396515589623538445e-03
1.384914142783954909e-03
1.373429817840287476e-03
1.362061235194560356e-03
1.350807033677707634e-03
1.339665870276281244e-03
1.328636419863523732e-03
1.317717374935037378e-03
1.306907445348369891e-03
1.296205358067096516e-03
1.285609856908843419e-03
1.275119702297480275e-03
1.264733671019217494e-03
1.254450555982561909e-03
1.244269165982336486e-03
1.234188325467188568e-03
1.224206874311032246e-03
1.214323667588077492e-03
1.204537575351343056e-03
1.194847482414874290e-03
1.185252288139285789e-03
1.175750906220745075e-03
1.166342264483352653e-03
1.157025304674731518e-03
1.147798982264923049e-03
1.138662266248405622e-03
1.129614138949264993e-03
1.120653595829432768e-03
1.111779645299945229e-03
1.102991308535160525e-03
1.094287619289896702e-03
1.085667623719418140e-03
1.077130380202308800e-03
1.068674959166034935e-03
1.060300442915266877e-03
1.052005925462863633e-03
1.043790512363576431e-03
1.035653320550182629e-03
1.027593478172320138e-03
1.019610124437684336e-03
1.011702409455864570e-03
1.003869494084426049e-03
9.961105497774300991e-04
9.884247584363407575e-04
9.808113122631884496e-04
9.732694136160046413e-04
9.657982748664465777e-04
9.583971182596911489e-04
9.510651757764193148e-04
9.438016889968713552e-04
9.366059089671355774e-04
9.294770960673031518e-04
9.224145198817377926e-04
9.154174590713361421e-04
9.084852012476627402e-04
9.016170428490677836e-04
8.948122890186336080e-04
8.880702534840020446e-04
8.813902584390220438e-04
8.747716344272061812e-04
8.682137202268669189e-04
8.617158627381246326e-04
8.552774168714592177e-04
8.488977454380830468e-04
8.425762190418929591e-04
8.363122159730132076e-04
8.301051221030117649e-04
8.239543307816476298e-04
8.178592427351491371e-04
8.118192659660349768e-04
8.058338156544319567e-04
7.999023140608493886e-04
7.940241904303708530e-04
7.881988808983951805e-04
7.824258283975749333e-04
7.767044825663640614e-04
7.710342996586931272e-04
7.654147424551587279e-04
7.598452801754422949e-04
7.543253883920395843e-04
7.488545489452290860e-04
7.434322498593554616e-04
7.380579852603162292e-04
7.327312552941717908e-04
7.274515660471490928e-04
7.222184294665897350e-04
