1.202007400682806093e+00
1.853428548785421848e-01
1.848872867662112729e-01
1.846811757260601317e-01
1.843306740458479365e-01
1.838325992162450906e-01
1.832146667430798181e-01
1.824950951724154946e-01
1.816841208679259023e-01
1.807878892997561160e-01
1.798107774352696864e-01
1.787565355372129350e-01
1.776287956480126218e-01
1.764312694080138466e-01
1.751678004636680053e-01
1.738423525752222087e-01
1.724589724621815590e-01
1.710217457843116462e-01
1.695347545823026603e-01
1.680020396091632395e-01
1.664275686369552920e-01
1.648152107330899951e-01
1.631687160285143490e-01
1.614917003298090015e-01
1.597876338998824586e-01
1.580598337687269539e-01
1.563114589976965507e-01
1.545455083892419978e-01
1.527648202006573475e-01
1.509720734815256926e-01
1.491697907093023079e-01
1.473603414456772509e-01
1.455459467786789363e-01
1.437286843522855850e-01
1.419104938174481079e-01
1.400931825661329011e-01
1.382784316341391373e-01
1.364678016790738524e-01
1.346627389576623424e-01
1.328645812417563188e-01
1.310745636252350355e-01
1.292938241849027337e-01
1.275234094675891661e-01
1.257642797832511095e-01
1.240173142901669634e-01
1.222833158634423489e-01
1.205630157422391685e-01
1.188570779544949330e-01
1.171661035205680823e-01
1.154906344393017842e-01
1.138311574616411442e-01
1.121881076580902026e-01
1.105618717871657969e-01
1.089527914726316216e-01
1.073611661976340698e-01
1.057872561240559561e-01
1.042312847455209857e-01
1.026934413823484410e-01
1.011738835267085579e-01
9.967273904596887779e-02
9.819010825200555348e-02
9.672606584398209251e-02
9.528066273177597523e-02
9.385392774694133189e-02
9.244586924775349823e-02
9.105647662458019043e-02
8.968572171148628258e-02
8.833356010967982619e-02
8.699993242808236327e-02
8.568476544603527423e-02
8.438797320284163739e-02
8.310945801860124271e-02
8.184911145050151327e-02
8.060681518851321725e-02
7.938244189417727192e-02
7.817585598597119600e-02
7.698691437450079500e-02
7.581546715060513697e-02
7.466135822924196974e-02
7.352442595185940122e-02
7.240450364978534559e-02
7.130142017104020014e-02
7.021500037276455497e-02
6.914506558140870451e-02
6.809143402261429168e-02
6.705392122265774191e-02
6.603234038318039900e-02
6.502650273083356025e-02
6.403621784337072687e-02
6.306129395361598222e-02
6.210153823265889689e-02
6.115675705353821462e-02
6.022675623659744931e-02
5.931134127764006725e-02
5.841031755991965557e-02
5.752349055094257979e-02
5.665066598503591677e-02
5.579165003251148475e-02
5.494624945627012841e-02
5.411427175660200872e-02
5.329552530490058032e-02
5.248981946697801187e-02
5.169696471660967241e-02
5.091677273990841135e-02
5.014905653109903022e-02
4.939363048021328667e-02
4.865031045320841740e-02
4.791891386497938721e-02
4.719925974570168825e-02
4.649116880092399318e-02
4.579446346579589544e-02
4.510896795380588131e-02
4.443450830036786009e-02
4.377091240158458019e-02
4.311801004849635799e-02
4.247563295710162640e-02
4.184361479441876114e-02
4.122179120084907417e-02
4.060999980908142071e-02
4.000808025975757104e-02
3.941587421412359737e-02
3.883322536385895585e-02
3.825997943827403464e-02
3.769598420905959091e-02
3.714108949274910754e-02
3.659514715105365718e-02
3.605801108922328246e-02
3.552953725256655787e-02
3.500958362126362078e-02
3.449801020360287324e-02
3.399467902774393896e-02
3.349945413213284429e-02
3.301220155466099565e-02
3.253278932066901163e-02
3.206108742989079857e-02
3.159696784241770168e-02
3.114030446376644598e-02
3.069097312912964781e-02
3.024885158687618675e-02
2.981381948136998042e-02
2.938575833517516681e-02
2.896455153069639812e-02
2.855008429132409320e-02
2.814224366212350267e-02
2.774091849012829195e-02
2.734599940427549433e-02
2.695737879503165915e-02
2.657495079374892766e-02
2.619861125178514494e-02
2.582825771943251039e-02
2.546378942467739798e-02
2.510510725183277489e-02
2.475211372006335883e-02
2.440471296183917976e-02
2.406281070133600361e-02
2.372631423281172311e-02
2.339513239897700325e-02
2.306917556938318722e-02
2.274835561884611806e-02
2.243258590592429533e-02
2.212178125146739907e-02
2.181585791724958631e-02
2.151473358470313776e-02
2.121832733376870575e-02
2.092655962186642030e-02
2.063935226300769865e-02
2.035662840705275076e-02
2.007831251912581619e-02
1.980433035919541493e-02
1.953460896182910092e-02
1.926907661612888359e-02
1.900766284585389196e-02
1.875029838973775800e-02
1.849691518200391113e-02
1.824744633308631597e-02
1.800182611055740900e-02
1.775998992026851797e-02
1.752187428770642791e-02
1.728741683956808162e-02
1.705655628555697786e-02
1.682923240040191601e-02
1.660538600610279858e-02
1.638495895440109790e-02
1.616789410947978151e-02
1.595413533089172844e-02
1.574362745671684799e-02
1.553631628695009356e-02
1.533214856711850350e-02
1.513107197212909538e-02
1.493303509034518348e-02
1.473798740789269805e-02
1.454587929319385228e-02
1.435666198172975278e-02
1.417028756102771923e-02
1.398670895587615474e-02
1.380587991376126811e-02
1.362775499052727539e-02
1.345228953625957763e-02
1.327943968138379366e-02
1.310916232298610547e-02
1.294141511134729375e-02
1.277615643669221049e-02
1.261334541615037434e-02
1.245294188092741297e-02
1.229490636368400433e-02
1.213920008612114597e-02
1.198578494676856218e-02
1.183462350897451602e-02
1.168567898909559331e-02
1.153891524488166904e-02
1.139429676405701551e-02
1.125178865309260819e-02
1.111135662616781310e-02
1.097296699432039578e-02
1.083658665477992000e-02
1.070218308048545217e-02
1.056972430978100723e-02
1.043917893629030431e-02
1.031051609896591059e-02
1.018370547231010718e-02
1.005871725676778586e-02
9.935522169285225177e-03
9.814091434035394912e-03
9.694396773304598397e-03
9.576410398541347971e-03
9.460105001561785326e-03
9.345453745911024013e-03
9.232430258377879659e-03
9.121008620660347663e-03
9.011163361179195044e-03
8.902869447037931733e-03
8.796102276126821148e-03
8.690837669367438081e-03
8.587051863097621210e-03
8.484721501592502532e-03
8.383823629720487877e-03
8.284335685731964577e-03
8.186235494177986766e-03
8.089501258957000618e-03
7.994111556488197462e-03
7.900045329007902156e-03
7.807281877988357481e-03
7.715800857675958989e-03
7.625582268747418957e-03
7.536606452080776841e-03
7.448854082641226740e-03
7.362306163478064304e-03
7.276944019830854440e-03
7.192749293344818939e-03
7.109703936390449758e-03
7.027790206488921353e-03
6.946990660838475197e-03
6.867288150942001124e-03
6.788665817333062492e-03
6.711107084398662548e-03
6.634595655297773585e-03
6.559115506972489074e-03
6.484650885251970476e-03
6.411186300045829470e-03
6.338706520626314136e-03
6.267196570997556580e-03
6.196641725350039709e-03
6.127027503598930086e-03
6.058339667004536064e-03
5.990564213874167813e-03
5.923687375342409460e-03
5.857695611229898729e-03
5.792575605978637389e-03
5.728314264661782049e-03
5.664898709067671574e-03
5.602316273855601804e-03
5.540554502783396999e-03
5.479601145003522820e-03
5.419444151428694928e-03
5.360071671163787847e-03
5.301472048004123028e-03
5.243633816997913047e-03
5.186545701072646855e-03
5.130196607723339595e-03
5.074575625762300056e-03
5.019672022128369646e-03
4.965475238755118551e-03
4.911974889497321660e-03
4.859160757113330752e-03
4.807022790303412327e-03
4.755551100802912247e-03
4.704735960528240099e-03
4.654567798776283911e-03
4.605037199474514356e-03
4.556134898482313601e-03
4.507851780941533881e-03
4.460178878676068943e-03
4.413107367638764364e-03
4.366628565405920002e-03
4.320733928716970727e-03
4.275415051059732255e-03
4.230663660300225046e-03
4.186471616355142908e-03
4.142830908907739994e-03
4.099733655165178556e-03
4.057172097656844799e-03
4.015138602072947614e-03
3.973625655143165139e-03
3.932625862553155993e-03
3.892131946899557091e-03
3.852136745682596328e-03
3.812633209334666089e-03
3.773614399285302960e-03
3.735073486061136431e-03
3.697003747420568934e-03
3.659398566522337193e-03
3.622251430127234988e-03
3.585555926832597468e-03
3.549305745338869611e-03
3.513494672747449581e-03
3.478116592889536358e-03
3.443165484685093043e-03
3.408635420531507323e-03
3.374520564721571799e-03
3.340815171889720790e-03
3.307513585486624233e-03
3.274610236281106940e-03
3.242099640888864136e-03
3.209976400328339290e-03
3.178235198601776692e-03
3.146870801302168678e-03
3.115878054245478212e-03
3.085251882126615903e-03
3.054987287200528010e-03
3.025079347985955985e-03
2.995523217993041956e-03
2.966314124473417527e-03
2.937447367192640157e-03
2.908918317224567715e-03
2.880722415767164677e-03
2.852855172979576904e-03
2.825312166839600257e-03
2.798089042021835796e-03
2.771181508795457753e-03
2.744585341941748694e-03
2.718296379690554859e-03
2.692310522676070669e-03
2.666623732910508235e-03
2.641232032776400819e-03
2.616131504036344618e-03
2.591318286860523623e-03
2.566788578871064767e-03
2.542538634203469258e-03
2.518564762584393248e-03
2.494863328425760054e-03
2.471430749934674410e-03
2.448263498238949665e-03
2.425358096527986847e-03
2.402711119208841232e-03
2.380319191076597785e-03
2.358178986499744577e-03
2.336287228619479510e-03
2.314640688563030999e-03
2.293236184670504295e-03
2.272070581735629018e-03
2.251140790259161060e-03
2.230443765715562493e-03
2.209976507832394840e-03
2.189736059881868847e-03
2.169719507985075086e-03
2.149923980428021519e-03
2.130346646989395194e-03
2.110984718280067580e-03
2.091835445093951067e-03
2.072896117769857955e-03
2.054164065564631665e-03
2.035636656036707987e-03
2.017311294440374790e-03
1.999185423130583200e-03
1.981256520977567326e-03
1.963522102791792970e-03
1.945979718758578505e-03
1.928626953882351270e-03
1.911461427440427820e-03
1.894480792445971725e-03
1.877682735120125021e-03
1.861064974373286647e-03
1.844625261294816207e-03
1.828361378651675471e-03
1.812271140395345370e-03
1.796352391177315991e-03
1.780603005872490388e-03
1.765020889110736598e-03
1.749603974816315091e-03
1.734350225755087755e-03
1.719257633089303931e-03
1.704324215939741248e-03
1.689548020955331138e-03
1.674927121890017060e-03
1.660459619186431708e-03
1.646143639566838377e-03
1.631977335630631744e-03
1.617958885458735917e-03
1.604086492224425292e-03
1.590358383810784636e-03
1.576772812434253709e-03
1.563328054274706587e-03
1.550022409111501479e-03
1.536854199965465018e-03
1.523821772746972603e-03
1.510923495909743562e-03
1.498157760110281969e-03
1.485522977873004764e-03
1.473017583260889532e-03
1.460640031551408216e-03
1.448388798917861660e-03
1.436262382115978398e-03
1.424259298175485590e-03
1.412378084096850518e-03
1.400617296552951301e-03
1.388975511595518745e-03
1.377451324366455810e-03
1.366043348813793766e-03
1.354750217412253183e-03
1.343570580888415154e-03
1.332503107950219149e-03
1.321546485020926249e-03
1.310699415977342004e-03
1.299960621892257921e-03
1.289328840781075146e-03
1.278802827352457918e-03
1.268381352763056245e-03
1.258063204376098096e-03
1.247847185523867598e-03
1.237732115274055994e-03
1.227716828199718665e-03
1.217800174153053309e-03
1.207981018042646052e-03
1.198258239614381077e-03
1.188630733235793244e-03
1.179097407683755505e-03
1.169657185935763909e-03
1.160309004964245588e-03
1.151051815534358952e-03
1.141884582004863702e-03
1.132806282132181206e-03
1.123815906877522310e-03
1.114912460217083430e-03
1.106094958955163281e-03
1.097362432540303001e-03
1.088713922884288789e-03
1.080148484183894760e-03
1.071665182745558343e-03
1.063263096812742340e-03
1.054941316395885398e-03
1.046698943105233435e-03
1.038535089986016621e-03
1.030448881356400403e-03
1.022439452647817219e-03
1.014505950247845218e-03
1.006647531345510613e-03
9.988633637789184547e-04
9.911526258853755635e-04
9.835145063536937862e-04
9.759482040788132300e-04
9.684529280187264980e-04
9.610278970534603081e-04
9.536723398464264177e-04
9.463854947076430144e-04
9.391666094593061152e-04
9.320149413032766421e-04
9.249297566905932211e-04
9.179103311929907557e-04
9.109559493764168587e-04
9.040659046764423865e-04
8.972394992755755062e-04
8.904760439823813933e-04
8.837748581125277978e-04
8.771352693715849577e-04
8.705566137395851726e-04
8.640382353573493020e-04
8.575794864145134004e-04
8.511797270392583090e-04
8.448383251896965590e-04
8.385546565468683395e-04
8.323281044093398069e-04
8.261580595894646700e-04
8.200439203110820169e-04
8.139850921088114975e-04
8.079809877288154311e-04
8.020310270311259600e-04
7.961346368932865816e-04
7.902912511155657732e-04
7.845003103274840201e-04
7.787612618957571358e-04
7.730735598336359272e-04
7.674366647115356266e-04
7.618500435690243704e-04
7.563131698280919045e-04
7.508255232076832281e-04
7.453865896395534462e-04
7.399958611852582155e-04
7.346528359544764577e-04
7.293570180244263830e-04
7.241079173605677018e-04
