1.202007406178274174e+00
1.572403412670139167e-01
1.564960259017292299e-01
1.560587890791048371e-01
1.556607896848730410e-01
1.552387160367322272e-01
1.547769464706126585e-01
1.542710033934876768e-01
1.537192440660061499e-01
1.531209702864480271e-01
1.524759813295793465e-01
1.517844482449168531e-01
1.510468564000658764e-01
1.502639621182953467e-01
1.494367537292850823e-01
1.485664161254803550e-01
1.476542989744703271e-01
1.467018885038761378e-01
1.457107825441205096e-01
1.446826684339221347e-01
1.436193034087397957e-01
1.425224971464507662e-01
1.413940962053536754e-01
1.402359701429746752e-01
1.390499991463988450e-01
1.378380630361712711e-01
1.366020315282676367e-01
1.353437556543718445e-01
1.340650602516548495e-01
1.327677374409153288e-01
1.314535410174944574e-01
1.301241816835707055e-01
1.287813230538361886e-01
1.274265783696059418e-01
1.260615078591953431e-01
1.246876166852144141e-01
1.233063534222836738e-01
1.219191090115474135e-01
1.205272161413913912e-01
1.191319490068059733e-01
1.177345234028994020e-01
1.163360971112164938e-01
1.149377705405356248e-01
1.135405875868625569e-01
1.121455366802868447e-01
1.107535519891992976e-01
1.093655147550762208e-01
1.079822547336713040e-01
1.066045517208544513e-01
1.052331371436621837e-01
1.038686956992689175e-01
1.025118670265642018e-01
1.011632473968845231e-01
9.982339141209357891e-02
9.849281369981356671e-02
9.717199059694694996e-02
9.586136181396442968e-02
9.456133207353037418e-02
9.327227271812305043e-02
9.199452328218901687e-02
9.072839302522765770e-02
8.947416242291346411e-02
8.823208461401936542e-02
8.700238680148528192e-02
8.578527160643804883e-02
8.458091837445552708e-02
8.338948443370367003e-02
8.221110630490327531e-02
8.104590086339392985e-02
7.989396645374527428e-02
7.875538395761355615e-02
7.763021781567971957e-02
7.651851700463235817e-02
7.542031597030801615e-02
7.433563551813826553e-02
7.326448366215380925e-02
7.220685643384859576e-02
7.116273865219895078e-02
7.013210465622299328e-02
6.911491900140115385e-02
6.811113712134947429e-02
6.712070595606881018e-02
6.614356454812711505e-02
6.517964460809057281e-02
6.422887105048354084e-02
6.329116250156206769e-02
6.236643178012239025e-02
6.145458635255497681e-02
6.055552876329476503e-02
5.966915704182043645e-02
5.879536508726528748e-02
5.793404303171922898e-02
5.708507758321895720e-02
5.624835234940830930e-02
5.542374814280703194e-02
5.461114326858986651e-02
5.381041379573370947e-02
5.302143381236687492e-02
5.224407566610528297e-02
5.147821019013847088e-02
5.072370691578435842e-02
4.998043427220327795e-02
4.924825977393781223e-02
4.852705019689357996e-02
4.781667174337656673e-02
4.711699019674279315e-02
4.642787106621783927e-02
4.574917972239350705e-02
4.508078152390265769e-02
4.442254193573545035e-02
4.377432663964472143e-02
4.313600163706979990e-02
4.250743334497073672e-02
4.188848868496890948e-02
4.127903516614760820e-02
4.067894096186450148e-02
4.008807498090366517e-02
3.950630693327238097e-02
3.893350739095015334e-02
3.836954784386057554e-02
3.781430075133822982e-02
3.726763958934182358e-02
3.672943889365080233e-02
3.619957429928045978e-02
3.567792257632299707e-02
3.516436166242351696e-02
3.465877069208748301e-02
3.416103002299494817e-02
3.367102125950771629e-02
3.318862727352379222e-02
3.271373222284430782e-02
3.224622156719601090e-02
3.178598208205313247e-02
3.133290187038775126e-02
3.088687037248373513e-02
3.044777837391972677e-02
3.001551801185128529e-02
2.958998277968567445e-02
2.917106753025557747e-02
2.875866847759377468e-02
2.835268319738781795e-02
2.795301062621207908e-02
2.755955105961215360e-02
2.717220614912086579e-02
2.679087889827928837e-02
2.641547365773081954e-02
2.604589611945336974e-02
2.568205331019279489e-02
2.532385358415432941e-02
2.497120661500891112e-02
2.462402338726450354e-02
2.428221618705219895e-02
2.394569859237554929e-02
2.361438546286508122e-02
2.328819292907838290e-02
2.296703838138794418e-02
2.265084045849153835e-02
2.233951903558052676e-02
2.203299521219885884e-02
2.173119129982359690e-02
2.143403080919643877e-02
2.114143843743331377e-02
2.085334005493837822e-02
2.056966269214620738e-02
2.029033452611538751e-02
2.001528486699460582e-02
1.974444414438339401e-02
1.947774389360213201e-02
1.921511674189456745e-02
1.895649639457644767e-02
1.870181762114368415e-02
1.845101624136303783e-02
1.820402911134763602e-02
1.796079410963992429e-02
1.772125012330874952e-02
1.748533703407460435e-02
1.725299570446878206e-02
1.702416796404477087e-02
1.679879659564116612e-02
1.657682532171165374e-02
1.635819879072704375e-02
1.614286256365569244e-02
1.593076310053215608e-02
1.572184774711715693e-02
1.551606472165632279e-02
1.531336310174215981e-02
1.511369281128497992e-02
1.491700460759595205e-02
1.472325006858783009e-02
1.453238158009458394e-02
1.434435232331753712e-02
1.415911626239516920e-02
1.397662813210531069e-02
1.379684342569695993e-02
1.361971838285827921e-02
1.344520997781829125e-02
1.327327590758826427e-02
1.310387458034040220e-02
1.293696510392837624e-02
1.277250727454685118e-02
1.261046156553574313e-02
1.245078911632445037e-02
1.229345172152095794e-02
1.213841182014326059e-02
1.198563248499542010e-02
1.183507741218627063e-02
1.168671091079146254e-02
1.154049789265966866e-02
1.139640386236110900e-02
1.125439490727917630e-02
1.111443768784200342e-02
1.097649942789843437e-02
1.084054790523213824e-02
1.070655144221615944e-02
1.057447889660741852e-02
1.044429965247750149e-02
1.031598361128231549e-02
1.018950118306589589e-02
1.006482327780067014e-02
9.941921296860388099e-03
9.820767124626457803e-03
9.701333120224498244e-03
9.583592109392004288e-03
9.467517376474554602e-03
9.353082656548347348e-03
9.240262127670307440e-03
9.129030403252023571e-03
9.019362524557270402e-03
8.911233953321058554e-03
8.804620564489046633e-03
8.699498639076886849e-03
8.595844857145580262e-03
8.493636290893787077e-03
8.392850397865230655e-03
8.293465014267472485e-03
8.195458348403902166e-03
8.098808974215110368e-03
8.003495824928904059e-03
7.909498186817368048e-03
7.816795693059928538e-03
7.725368317709848699e-03
7.635196369764376580e-03
7.546260487335151347e-03
7.458541631918613746e-03
7.372021082764750217e-03
7.286680431342921690e-03
7.202501575902005813e-03
7.119466716125455452e-03
7.037558347878762437e-03
6.956759258047009835e-03
6.877052519463107763e-03
6.798421485923747225e-03
6.720849787292403239e-03
6.644321324687590090e-03
6.568820265755510000e-03
6.494331040025339702e-03
6.420838334345929307e-03
6.348327088402788525e-03
6.276782490313694875e-03
6.206189972302003643e-03
6.136535206446377608e-03
6.067804100504886090e-03
5.999982793813559215e-03
5.933057653257402426e-03
5.867015269312103598e-03
5.801842452156894155e-03
5.737526227855188447e-03
5.674053834604047414e-03
5.611412719049440299e-03
5.549590532667746795e-03
5.488575128210928730e-03
5.428354556215447650e-03
5.368917061573206563e-03
5.310251080163519259e-03
5.252345235545199074e-03
5.195188335707779173e-03
5.138769369880381160e-03
5.083077505397870337e-03
5.028102084622923691e-03
4.973832621922850104e-03
4.920258800700774184e-03
4.867370470479651968e-03
4.815157644038381250e-03
4.763610494599416698e-03
4.712719353066516757e-03
4.662474705311601443e-03
4.612867189510955201e-03
4.563887593528033124e-03
4.515526852343917409e-03
4.467776045533495936e-03
4.420626394786724561e-03
4.374069261474207264e-03
4.328096144256670871e-03
4.282698676736512028e-03
4.237868625152353165e-03
4.193597886113782473e-03
4.149878484377444478e-03
4.106702570662371793e-03
4.064062419504591017e-03
4.021950427150053874e-03
3.980359109485259554e-03
3.939281100004604630e-03
3.898709147814458792e-03
3.858636115672413412e-03
3.819054978061930169e-03
3.779958819300926944e-03
3.741340831684689550e-03
3.703194313661143863e-03
3.665512668039328827e-03
3.628289400229341675e-03
3.591518116513802653e-03
3.555192522350225127e-03
3.519306420703148357e-03
3.483853710406428425e-03
3.448828384554363750e-03
3.414224528921428782e-03
3.380036320410144055e-03
3.346258025526441162e-03
3.312883998881995321e-03
3.279908681723294785e-03
3.247326600486681678e-03
3.215132365378751012e-03
3.183320668982295241e-03
3.151886284886609539e-03
3.120824066341994305e-03
3.090128944938344731e-03
3.059795929306458311e-03
3.029820103843000514e-03
3.000196627457229516e-03
2.970920732340375566e-03
2.941987722756276777e-03
2.913392973853464775e-03
2.885131930498205377e-03
2.857200106127818617e-03
2.829593081624389144e-03
2.802306504207865197e-03
2.775336086348911737e-03
2.748677604700740587e-03
2.722326899049399770e-03
2.696279871282587521e-03
2.670532484376581146e-03
2.645080761400569070e-03
2.619920784538552153e-03
2.595048694128384952e-03
2.570460687717129010e-03
2.546153019133436373e-03
2.522121997575433282e-03
2.498363986714925884e-03
2.474875403816961719e-03
2.451652718874589108e-03
2.428692453758722961e-03
2.405991181382685466e-03
2.383545524881222621e-03
2.361352156803477910e-03
2.339407798320307808e-03
2.317709218444950325e-03
2.296253233267113794e-03
2.275036705200495033e-03
2.254056542242905466e-03
2.233309697249419822e-03
2.212793167217855673e-03
2.192503992586368293e-03
2.172439256543374185e-03
2.152596084348935932e-03
2.132971642668159140e-03
2.113563138915574083e-03
2.094367820610911878e-03
2.075382974745902231e-03
2.056605927161608317e-03
2.038034041936729896e-03
2.019664720785937020e-03
2.001495402468588675e-03
1.983523562207528852e-03
1.965746711117556320e-03
1.948162395643734382e-03
1.930768197009146868e-03
1.913561730671919491e-03
1.896540645791416164e-03
1.879702624703518321e-03
1.863045382404639443e-03
1.846566666044479992e-03
1.830264254427233254e-03
1.814135957521256651e-03
1.798179615976902091e-03
1.782393100652359882e-03
1.766774312147574534e-03
1.751321180345878116e-03
1.736031663963187675e-03
1.720903750104900692e-03
1.705935453829999192e-03
1.691124817722489994e-03
1.676469911469955594e-03
1.661968831449111596e-03
1.647619700318202207e-03
1.633420666616148577e-03
1.619369904368349799e-03
1.605465612699018838e-03
1.591706015449827856e-03
1.578089360805004981e-03
1.564613920922337809e-03
1.551277991570563716e-03
1.538079891772502986e-03
1.525017963454060495e-03
1.512090571099175551e-03
1.499296101410080208e-03
1.486632962973459321e-03
1.474099585931883073e-03
1.461694421660570320e-03
1.449415942449576401e-03
1.437262641190978265e-03
1.425233031071309296e-03
1.413325645268844865e-03
1.401539036655878893e-03
1.389871777505857211e-03
1.378322459205156723e-03
1.366889691969561766e-03
1.355572104565376740e-03
1.344368344034945796e-03
1.333277075426682811e-03
1.322296981529345362e-03
1.311426762610663722e-03
1.300665136160145119e-03
1.290010836635988858e-03
1.279462615216009087e-03
1.269019239552672323e-03
1.258679493531900421e-03
1.248442177035807669e-03
1.238306105709227395e-03
1.228270110729869991e-03
1.218333038582277827e-03
1.208493750835185846e-03
1.198751123922569975e-03
1.189104048928122910e-03
1.179551431373111530e-03
1.170092191007524648e-03
1.160725261604736176e-03
1.151449590759139443e-03
1.142264139687152510e-03
1.133167883031295682e-03
1.124159808667268791e-03
1.115238917514245519e-03
1.106404223347925075e-03
1.097654752616690314e-03
1.088989544260481144e-03
1.080407649532618254e-03
1.071908131824384630e-03
1.063490066492239717e-03
1.055152540687883528e-03
1.046894653190828502e-03
1.038715514243602296e-03
1.030614245389564147e-03
1.022589979313147900e-03
1.014641859682625588e-03
1.006769040995333887e-03
9.989706884251268668e-04
9.912459776724048127e-04
9.835940948162962688e-04
9.760142361691643946e-04
9.685056081333020010e-04
9.610674270598711013e-04
9.536989191100456696e-04
9.463993201181248281e-04
9.391678754569114749e-04
9.320038399050006254e-04
9.249064775162010301e-04
9.178750614908817934e-04
9.109088740492808558e-04
9.040072063067262258e-04
8.971693581508134382e-04
8.903946381203642476e-04
8.836823632862240204e-04
8.770318591339630945e-04
8.704424594481417754e-04
8.639135061985490135e-04
8.574443494280323654e-04
8.510343471419468857e-04
8.446828651994603898e-04
8.383892772062775034e-04
8.321529644091183852e-04
8.259733155917075263e-04
8.198497269723278120e-04
8.137816021028772880e-04
8.077683517695204629e-04
8.018093938947092828e-04
7.959041534406988963e-04
7.900520623145187429e-04
7.842525592743402035e-04
7.785050898372177170e-04
7.728091061882066178e-04
7.671640670907836418e-04
7.615694377987047587e-04
7.560246899689735539e-04
7.505293015762874850e-04
7.450827568285965305e-04
7.396845460839894439e-04
7.343341657687085539e-04
7.290311182965023614e-04
7.237749119889985878e-04
7.185650609973485590e-04
7.134010852249879917e-04
