1.202007400707123308e+00
1.539475345007750573e-01
1.544480978160836238e-01
1.544510450817246638e-01
1.542791109718932574e-01
1.540035932585879785e-01
1.536527937583485881e-01
1.532393436997007974e-01
1.527688165738336212e-01
1.522436669533351050e-01
1.516651449888746783e-01
1.510341852991919920e-01
1.503517820845631237e-01
1.496191199638201852e-01
1.488375965185055605e-01
1.480088017371127829e-01
1.471344839199363874e-01
1.462165144860896882e-01
1.452568562674561303e-01
1.442575364661300152e-01
1.432206241013436743e-01
1.421482113320247098e-01
1.410423979788347770e-01
1.399052786450936114e-01
1.387389319469443383e-01
1.375454114692046537e-01
1.363267381517060672e-01
1.350848938796746224e-01
1.338218161033796483e-01
1.325393933502282129e-01
1.312394615199877768e-01
1.299238008736596228e-01
1.285941336408404634e-01
1.272521221807792202e-01
1.258993676400692041e-01
1.245374090556773533e-01
1.231677228566351728e-01
1.217917227214251608e-01
1.204107597513231209e-01
1.190261229227949219e-01
1.176390397846664160e-01
1.162506773682763783e-01
1.148621432811722937e-01
1.134744869571798764e-01
1.120887010379049559e-01
1.107057228628167272e-01
1.093264360471244145e-01
1.079516721286106068e-01
1.065822122664421834e-01
1.052187889767438184e-01
1.038620878913825707e-01
1.025127495279544304e-01
1.011713710604278393e-01
9.983850808122811393e-02
9.851467634675682705e-02
9.720035349952883819e-02
9.589598076105861069e-02
9.460196459063441310e-02
9.331867830591578095e-02
9.204646366205378183e-02
9.078563238673272029e-02
8.953646766909696686e-02
8.829922560108217910e-02
8.707413657014641262e-02
8.586140660277233327e-02
8.466121865849933481e-02
8.347373387454824767e-02
8.229909276133699769e-02
8.113741634946107506e-02
7.998880728885239544e-02
7.885335090101475153e-02
7.773111618536621137e-02
7.662215678080153136e-02
7.552651188370820834e-02
7.444420712368457482e-02
7.337525539830641597e-02
7.231965766827901099e-02
7.127740371436706857e-02
7.024847285746535497e-02
6.923283464321502989e-02
6.823044949252707325e-02
6.724126931937005058e-02
6.626523811717724421e-02
6.530229251517072342e-02
6.435236230589694295e-02
6.341537094521867979e-02
6.249123602599430949e-02
6.157986972660981634e-02
6.068117923552255460e-02
5.979506715291746377e-02
5.892143187053727055e-02
5.806016793072799054e-02
5.721116636567667724e-02
5.637431501779936044e-02
5.554949884218961936e-02
5.473660019200088378e-02
5.393549908760401218e-02
5.314607347032122842e-02
5.236819944150178374e-02
5.160175148767489478e-02
5.084660269248195141e-02
5.010262493604978468e-02
4.936968908245442655e-02
4.864766515586940732e-02
4.793642250599462057e-02
4.723582996330248640e-02
4.654575598463978059e-02
4.586606878967994239e-02
4.519663648870381883e-02
4.453732720216475871e-02
4.388800917246599154e-02
4.324855086836567469e-02
4.261882108239588296e-02
4.199868902166806889e-02
4.138802439241780207e-02
4.078669747862639916e-02
4.019457921503283987e-02
3.961154125484325772e-02
3.903745603242231299e-02
3.847219682124320556e-02
3.791563778734881318e-02
3.736765403858102047e-02
3.682812166979929774e-02
3.629691780431902604e-02
3.577392063177948361e-02
3.525900944263768433e-02
3.475206465947917878e-02
3.425296786532895654e-02
3.376160182913059277e-02
3.327785052855383729e-02
3.280159917028886013e-02
3.233273420797220382e-02
3.187114335787682301e-02
3.141671561250900663e-02
3.096934125222425283e-02
3.052891185499055637e-02
3.009532030440306705e-02
2.966846079606156802e-02
2.924822884241008725e-02
2.883452127613250759e-02
2.842723625219651870e-02
2.802627324862979469e-02
2.763153306611306273e-02
2.724291782646273696e-02
2.686033097007774553e-02
2.648367725242153220e-02
2.611286273960211624e-02
2.574779480311312554e-02
2.538838211379419729e-02
2.503453463506555288e-02
2.468616361549359067e-02
2.434318158072937971e-02
2.400550232487434765e-02
2.367304090131429339e-02
2.334571361306343740e-02
2.302343800266103482e-02
2.270613284165346607e-02
2.239371811970319176e-02
2.208611503335328186e-02
2.178324597448160968e-02
2.148503451847320542e-02
2.119140541214125859e-02
2.090228456142089949e-02
2.061759901886196095e-02
2.033727697094453099e-02
2.006124772523995917e-02
1.978944169743712678e-02
1.952179039825441623e-02
1.925822642025547260e-02
1.899868342458866516e-02
1.874309612766181937e-02
1.849140028777418454e-02
1.824353269171193406e-02
1.799943114132992669e-02
1.775903444012509949e-02
1.752228237981673722e-02
1.728911572694480370e-02
1.705947620949536947e-02
1.683330650356481065e-02
1.661055022006910700e-02
1.639115189150995577e-02
1.617505695880269018e-02
1.596221175817573792e-02
1.575256350814556797e-02
1.554606029657671848e-02
1.534265106783062708e-02
1.514228561000760184e-02
1.494491454229113225e-02
1.475048930239327739e-02
1.455896213411100870e-02
1.437028607499217514e-02
1.418441494411861771e-02
1.400130333000791302e-02
1.382090657863484402e-02
1.364318078158022370e-02
1.346808276430164902e-02
1.329557007453696822e-02
1.312560097083497954e-02
1.295813441121916945e-02
1.279313004198391959e-02
1.263054818662593011e-02
1.247034983490859054e-02
1.231249663206547378e-02
1.215695086813806461e-02
1.200367546745072060e-02
1.185263397822408464e-02
1.170379056232587547e-02
1.155710998515755393e-02
1.141255760568079744e-02
1.127009936657933503e-02
1.112970178455948561e-02
1.099133194078576181e-02
1.085495747145359680e-02
1.072054655849704642e-02
1.058806792043177902e-02
1.045749080333169788e-02
1.032878497193939586e-02
1.020192070090890878e-02
1.007686876617966930e-02
9.953600436481507135e-03
9.832087464968820162e-03
9.712302080983621633e-03
9.594216981945390479e-03
9.477805325366931918e-03
9.363040720996628277e-03
9.249897223082096179e-03
9.138349322758483606e-03
9.028371940557019734e-03
8.919940419032925880e-03
8.813030515512920021e-03
8.707618394959568825e-03
8.603680622951066434e-03
8.501194158776001139e-03
8.400136348641229489e-03
8.300484918990521169e-03
8.202217969935143849e-03
8.105313968791931500e-03
8.009751743728922915e-03
7.915510477517805413e-03
7.822569701390570326e-03
7.730909288999052338e-03
7.640509450476591982e-03
7.551350726599992055e-03
7.463413983050296886e-03
7.376680404771351028e-03
7.291131490424180607e-03
7.206749046936267514e-03
7.123515184143875897e-03
7.041412309526791716e-03
6.960423123033615718e-03
6.880530611995235891e-03
6.801718046127977306e-03
6.723968972620898189e-03
6.647267211310751121e-03
6.571596849938757257e-03
6.496942239490998555e-03
6.423287989619519758e-03
6.350618964143691682e-03
6.278920276630077686e-03
6.208177286049367839e-03
6.138375592509932345e-03
6.069501033066258648e-03
6.001539677600422132e-03
5.934477824776985058e-03
5.868301998068196045e-03
5.802998941849827480e-03
5.738555617566200653e-03
5.674959199962067123e-03
5.612197073382061037e-03
5.550256828135083018e-03
5.489126256923381429e-03
5.428793351334889467e-03
5.369246298397514425e-03
5.310473477195067765e-03
5.252463455543154164e-03
5.195204986723812174e-03
5.138687006278756450e-03
5.082898628859374920e-03
5.027829145132807834e-03
4.973468018743266474e-03
4.919804883327464837e-03
4.866829539583218851e-03
4.814531952390209597e-03
4.762902247982366694e-03
4.711930711170446776e-03
4.661607782614293587e-03
4.611924056143856809e-03
4.562870276127809106e-03
4.514437334889349375e-03
4.466616270168089799e-03
4.419398262627370969e-03
4.372774633405597348e-03
4.326736841712271360e-03
4.281276482465840375e-03
4.236385283974554439e-03
4.192055105658372763e-03
4.148277935811748099e-03
4.105045889405813629e-03
4.062351205930863143e-03
4.020186247276020218e-03
3.978543495648063574e-03
3.937415551526105700e-03
3.896795131653960076e-03
3.856675067067409732e-03
3.817048301157038945e-03
3.777907887765656180e-03
3.739246989319397127e-03
3.701058874992289253e-03
3.663336918903381881e-03
3.626074598345968656e-03
3.589265492048632211e-03
3.552903278466673816e-03
3.516981734104394214e-03
3.481494731866840477e-03
3.446436239441221829e-03
3.411800317706624019e-03
3.377581119172456785e-03
3.343772886443859785e-03
3.310369950715239679e-03
3.277366730289851468e-03
3.244757729125553360e-03
3.212537535406988394e-03
3.180700820142236956e-03
3.149242335784693900e-03
3.118156914879198407e-03
3.087439468732243539e-03
3.057084986105314869e-03
3.027088531931524697e-03
2.997445246054903506e-03
2.968150341991685967e-03
2.939199105713591505e-03
2.910586894452361732e-03
2.882309135525527432e-03
2.854361325182490881e-03
2.826739027471157715e-03
2.799437873124313407e-03
2.772453558465474630e-03
2.745781844334020758e-03
2.719418555029101160e-03
2.693359577271840343e-03
2.667600859186101177e-03
2.642138409296474356e-03
2.616968295544304206e-03
2.592086644320373053e-03
2.567489639514952335e-03
2.543173521583852632e-03
2.519134586631088454e-03
2.495369185507403595e-03
2.471873722924317496e-03
2.448644656583726011e-03
2.425678496322391294e-03
2.402971803271393685e-03
2.380521189030127081e-03
2.358323314854395870e-03
2.336374890858828549e-03
2.314672675232694234e-03
2.293213473469615186e-03
2.271994137610121051e-03
2.251011565497768648e-03
2.230262700047457285e-03
2.209744528526797445e-03
2.189454081849544036e-03
2.169388433881221708e-03
2.149544700756614822e-03
2.129920040208972427e-03
2.110511650910675864e-03
2.091316771825027683e-03
2.072332681569439856e-03
2.053556697789029467e-03
2.034986176541154004e-03
2.016618511690532797e-03
1.998451134314169642e-03
1.980481512116903219e-03
1.962707148856655467e-03
1.945125583779119902e-03
1.927734391062707131e-03
1.910531179272167458e-03
1.893513590821788075e-03
1.876679301447665461e-03
1.860026019688768711e-03
1.843551486376751071e-03
1.827253474134330792e-03
1.811129786882151966e-03
1.795178259353946877e-03
1.779396756619660083e-03
1.763783173616759528e-03
1.748335434689208623e-03
1.733051493134318962e-03
1.717929330757034809e-03
1.702966957431602734e-03
1.688162410670808770e-03
1.673513755201967539e-03
1.659019082550430542e-03
1.644676510629539600e-03
1.630484183337794135e-03
1.616440270162313115e-03
1.602542965789234596e-03
1.588790489720148195e-03
1.575181085895310763e-03
1.561713022322615057e-03
1.548384590713028494e-03
1.535194106121822409e-03
1.522139906595798694e-03
1.509220352826261616e-03
1.496433827807661316e-03
1.483778736501865187e-03
1.471253505507985572e-03
1.458856582737365001e-03
1.446586437094184554e-03
1.434441558161022451e-03
1.422420455889694462e-03
1.410521660296989912e-03
1.398743721165464837e-03
1.387085207749056163e-03
1.375544708483354694e-03
1.364120830700807753e-03
1.352812200350272508e-03
1.341617461721252187e-03
1.330535277172563641e-03
1.319564326865298566e-03
1.308703308500157531e-03
1.297950937058989186e-03
1.287305944550496501e-03
1.276767079759897738e-03
1.266333108002848980e-03
1.256002810883018704e-03
1.245774986053718768e-03
1.235648446983262684e-03
1.225622022724185160e-03
1.215694557685882736e-03
1.205864911411156900e-03
1.196131958356093069e-03
1.186494587673587705e-03
1.176951703000159470e-03
1.167502222246263443e-03
1.158145077389830403e-03
1.148879214273097315e-03
1.139703592402701270e-03
1.130617184752756056e-03
1.121618977571219511e-03
1.112707970189200351e-03
1.103883174833243533e-03
1.095143616440614727e-03
1.086488332477434727e-03
1.077916372759694366e-03
1.069426799277034372e-03
1.061018686019211217e-03
1.052691118805475787e-03
1.044443195116353347e-03
1.036274023928185394e-03
1.028182725550195109e-03
1.020168431464141441e-03
1.012230284166312257e-03
1.004367437012141902e-03
9.965790540630505186e-04
9.888643099358273257e-04
9.812223896541716860e-04
9.736524885026034753e-04
9.661538118825997550e-04
9.587255751709788856e-04
9.513670035803714056e-04
9.440773320218942251e-04
9.368558049699107163e-04
9.297016763288402713e-04
9.226142093020159177e-04
9.155926762625477087e-04
9.086363586261216301e-04
9.017445467257540837e-04
8.949165396884210637e-04
8.881516453136507156e-04
8.814491799537747243e-04
8.748084683961758262e-04
8.682288437472356762e-04
8.617096473180004164e-04
8.552502285115946281e-04
8.488499447123747793e-04
8.425081611767094077e-04
8.362242509253705377e-04
8.299975946375843594e-04
8.238275805466474967e-04
8.177136043371081029e-04
8.116550690435181837e-04
8.056513849506166322e-04
7.997019694950508557e-04
7.938062471685730257e-04
7.879636494226591268e-04
7.821736145744957258e-04
7.764355877144949250e-04
7.707490206149880587e-04
7.651133716404335877e-04
7.595281056588834264e-04
7.539926939547438077e-04
7.485066141428548632e-04
7.430693500837860267e-04
7.376803918004477692e-04
7.323392353958749212e-04
7.270453829722137856e-04
7.217983425509186778e-04
7.165976279941188619e-04
7.114427589270991802e-04
