1.202007400713821506e+00
1.670615529367766861e-01
1.685434415591598178e-01
1.687938393733219022e-01
1.686492401289833576e-01
1.683360880439453422e-01
1.679226761025219006e-01
1.674312975330760067e-01
1.668699840453204131e-01
1.662422531848047891e-01
1.655502523337305798e-01
1.647957977296966303e-01
1.639807149149492826e-01
1.631069410490026683e-01
1.621765449693283456e-01
1.611917190958525314e-01
1.601547622698434037e-01
1.590680603205390509e-01
1.579340667705894374e-01
1.567552845193989908e-01
1.555342487807913066e-01
1.542735113520798396e-01
1.529756262217560336e-01
1.516431364975127372e-01
1.502785626252389206e-01
1.488843918624152829e-01
1.474630689630541669e-01
1.460169880252857044e-01
1.445484854471045244e-01
1.430598339308422340e-01
1.415532374729877862e-01
1.400308272729965942e-01
1.384946584929160340e-01
1.369467077988928139e-01
1.353888716157852778e-01
1.338229650272433902e-01
1.322507212554167311e-01
1.306737916569127300e-01
1.290937461745631509e-01
1.275120741878970065e-01
1.259301857087587462e-01
1.243494128722733155e-01
1.227710116771738164e-01
1.211961639333101470e-01
1.196259793779443914e-01
1.180614979260898867e-01
1.165036920236598023e-01
1.149534690755628641e-01
1.134116739240227933e-01
1.118790913553552868e-01
1.103564486161930230e-01
1.088444179226561864e-01
1.073436189483154141e-01
1.058546212788532837e-01
1.043779468233148044e-01
1.029140721734794761e-01
1.014634309044937649e-01
1.000264158112318807e-01
9.860338107609106784e-02
9.719464436498830018e-02
9.580048884926299635e-02
9.442116515201941229e-02
9.305689321812120329e-02
9.170786410768339003e-02
9.037424171341332246e-02
8.905616440257206612e-02
8.775374658473102107e-02
8.646708020674735706e-02
8.519623617667754223e-02
8.394126571850486773e-02
8.270220165972998194e-02
8.147905965398714867e-02
8.027183934091230988e-02
7.908052544557885033e-02
7.790508881980341693e-02
7.674548742767611786e-02
7.560166727761798156e-02
7.447356330330377749e-02
7.336110019568276019e-02
7.226419318835741734e-02
7.118274879846783754e-02
7.011666552522180518e-02
6.906583450810892255e-02
6.803014014679202581e-02
6.700946068459222305e-02
6.600366875741942030e-02
6.501263190992422059e-02
6.403621308055790218e-02
6.307427105720915528e-02
6.212666090494141369e-02
6.119323436734561139e-02
6.027384024292760378e-02
5.936832473788167253e-02
5.847653179654897088e-02
5.759830341079129334e-02
5.673347990944113683e-02
5.588190022894957282e-02
5.504340216627788551e-02
5.421782261503954592e-02
5.340499778583333856e-02
5.260476341168012632e-02
5.181695493939800917e-02
5.104140770773640118e-02
5.027795711302771725e-02
4.952643876307389476e-02
4.878668861996155598e-02
4.805854313244226073e-02
4.734183935849580610e-02
4.663641507864701996e-02
4.594210890059013258e-02
4.525876035562768213e-02
4.458620998741724684e-02
4.392429943348191701e-02
4.327287149991995707e-02
4.263177022972437780e-02
4.200084096509773546e-02
4.137993040412729639e-02
4.076888665216606839e-02
4.016755926824873424e-02
3.957579930683678693e-02
3.899345935519854534e-02
3.842039356668623673e-02
3.785645769017045859e-02
3.730150909587485325e-02
3.675540679784292109e-02
3.621801147324711645e-02
3.568918547875007258e-02
3.516879286410565936e-02
3.465669938318306775e-02
3.415277250258366010e-02
3.365688140801054856e-02
3.316889700854791512e-02
3.268869193898155112e-02
3.221614056031039952e-02
3.175111895856085054e-02
3.129350494203442939e-02
3.084317803709707428e-02
3.040001948261160034e-02
2.996391222312640504e-02
2.953474090089545576e-02
2.911239184683540523e-02
2.869675307049420615e-02
2.828771424910960647e-02
2.788516671583302770e-02
2.748900344719037644e-02
2.709911904984047687e-02
2.671540974669460097e-02
2.633777336245412062e-02
2.596610930862530350e-02
2.560031856804948630e-02
2.524030367901363911e-02
2.488596871896984683e-02
2.453721928791862891e-02
2.419396249148677777e-02
2.385610692374017308e-02
2.352356264976894831e-02
2.319624118807041280e-02
2.287405549276912142e-02
2.255691993569388515e-02
2.224475028834561191e-02
2.193746370377549701e-02
2.163497869840034019e-02
2.133721513377515380e-02
2.104409419834345901e-02
2.075553838918536148e-02
2.047147149377803038e-02
2.019181857178910244e-02
1.991650593691477941e-02
1.964546113877818287e-02
1.937861294490175051e-02
1.911589132276392961e-02
1.885722742195286225e-02
1.860255355642739111e-02
1.835180318689388912e-02
1.810491090330914460e-02
1.786181240751552948e-02
1.762244449601815116e-02
1.738674504290832826e-02
1.715465298294188701e-02
1.692610829477500523e-02
1.670105198436668686e-02
1.647942606854713860e-02
1.626117355876228326e-02
1.604623844499198509e-02
1.583456567984975125e-02
1.562610116286483955e-02
1.542079172494822958e-02
1.521858511304816780e-02
1.501942997499203063e-02
1.482327584452104198e-02
1.463007312651509045e-02
1.443977308241144869e-02
1.425232781581594992e-02
1.406769025830901729e-02
1.388581415544512705e-02
1.370665405294659890e-02
1.353016528309265720e-02
1.335630395129981489e-02
1.318502692289834181e-02
1.301629181010011301e-02
1.285005695915849427e-02
1.268628143771901619e-02
1.252492502236131691e-02
1.236594818632911000e-02
1.220931208744778854e-02
1.205497855622917822e-02
1.190291008416085629e-02
1.175306981217931306e-02
1.160542151932431390e-02
1.145992961157504993e-02
1.131655911086370050e-02
1.117527564426637650e-02
1.103604543336945791e-02
1.089883528380876550e-02
1.076361257498075104e-02
1.063034524992267048e-02
1.049900180536087434e-02
1.036955128192363490e-02
1.024196325451927694e-02
1.011620782287462120e-02
9.992255602233195838e-03
9.870077714211401496e-03
9.749645777809748393e-03
9.630931900577552329e-03
9.513908669929321826e-03
9.398549144609569944e-03
9.284826846306054246e-03
9.172715751406533904e-03
9.062190282900116009e-03
8.953225302418125683e-03
8.845796102415275433e-03
8.739878398486264355e-03
8.635448321818332829e-03
8.532482411775713441e-03
8.430957608615062202e-03
8.330851246329941048e-03
8.232141045621432091e-03
8.134805106993787255e-03
8.038821903972870331e-03
7.944170276445183115e-03
7.850829424115577868e-03
7.758778900082662945e-03
7.667998604528193651e-03
7.578468778520522885e-03
7.490169997928656891e-03
7.403083167446212684e-03
7.317189514722920521e-03
7.232470584601778836e-03
7.148908233460065341e-03
7.066484623653234570e-03
6.985182218059188264e-03
6.904983774720470022e-03
6.825872341585173531e-03
6.747831251341914437e-03
6.670844116349496436e-03
6.594894823658317348e-03
6.519967530122530719e-03
6.446046657601002712e-03
6.373116888246213411e-03
6.301163159878334780e-03
6.230170661444624919e-03
6.160124828560461889e-03
6.091011339133180214e-03
6.022816109064879804e-03
5.955525288034198630e-03
5.889125255355229412e-03
5.823602615911893307e-03
5.758944196167390707e-03
5.695137040245702893e-03
5.632168406085816779e-03
5.570025761665896302e-03
5.508696781296437694e-03
5.448169341981904702e-03
5.388431519848541768e-03
5.329471586637737207e-03
5.271278006264022188e-03
5.213839431435505871e-03
5.157144700336777077e-03
5.101182833372615820e-03
5.045943029970685438e-03
4.991414665443660685e-03
4.937587287908575678e-03
4.884450615262253721e-03
4.831994532212557057e-03
4.780209087363861478e-03
4.729084490355982967e-03
4.678611109055224974e-03
4.628779466797251427e-03
4.579580239679911964e-03
4.531004253906159920e-03
4.483042483174900714e-03
4.435686046120285858e-03
4.388926203797096845e-03
4.342754357212563233e-03
4.297162044902940077e-03
4.252140940554685958e-03
4.207682850668484353e-03
4.163779712266602734e-03
4.120423590641301287e-03
4.077606677144813424e-03
4.035321287019331613e-03
3.993559857266631638e-03
3.952314944556196454e-03
3.911579223171756346e-03
3.871345482994912289e-03
3.831606627525317721e-03
3.792355671937072247e-03
3.753585741170195351e-03
3.715290068056608958e-03
3.677461991480448448e-03
3.640094954571165570e-03
3.603182502929935891e-03
3.566718282887476870e-03
3.530696039794170831e-03
3.495109616340093261e-03
3.459952950906238812e-03
3.425220075945085377e-03
3.390905116390219992e-03
3.357002288094912933e-03
3.323505896298734920e-03
3.290410334121480606e-03
3.257710081084506330e-03
3.225399701658377555e-03
3.193473843836749232e-03
3.161927237735646847e-03
3.130754694218021526e-03
3.099951103542675831e-03
3.069511434037633119e-03
3.039430730797016301e-03
3.009704114401373556e-03
2.980326779660471756e-03
2.951293994379088851e-03
2.922601098144108657e-03
2.894243501133763295e-03
2.866216682947724404e-03
2.838516191458067411e-03
2.811137641680619241e-03
2.784076714666369832e-03
2.757329156412409703e-03
2.730890776792177163e-03
2.704757448504762751e-03
2.678925106042569226e-03
2.653389744677260315e-03
2.628147419463637384e-03
2.603194244261051570e-03
2.578526390771951077e-03
2.554140087597409677e-03
2.530031619309284704e-03
2.506197325538527931e-03
2.482633600079488419e-03
2.459336890010166594e-03
2.436303694827331862e-03
2.413530565597376762e-03
2.391014104121454847e-03
2.368750962115542813e-03
2.346737840404555190e-03
2.324971488130713696e-03
2.303448701975340310e-03
2.282166325394676450e-03
2.261121247868323574e-03
2.240310404161281396e-03
2.219730773598430160e-03
2.199379379351700230e-03
2.179253287739415113e-03
2.159349607537956652e-03
2.139665489305054170e-03
2.120198124714929577e-03
2.100944745904706045e-03
2.081902624832100614e-03
2.063069072644342205e-03
2.044441439057505770e-03
2.026017111746871921e-03
2.007793515747456365e-03
1.989768112865020547e-03
1.971938401096709568e-03
1.954301914062192991e-03
1.936856220443889526e-03
1.919598923437188919e-03
1.902527660209580359e-03
1.885640101369347654e-03
1.868933950443113891e-03
1.852406943362136906e-03
1.836056847957486969e-03
1.819881463463580637e-03
1.803878620030220170e-03
1.788046178242782246e-03
1.772382028650568327e-03
1.756884091302948715e-03
1.741550315293421058e-03
1.726378678311365393e-03
1.711367186201023013e-03
1.696513872528321483e-03
1.681816798154476579e-03
1.667274050817022304e-03
1.652883744717731666e-03
1.638644020117383535e-03
1.624553042937249394e-03
1.610609004367398629e-03
1.596810120481156241e-03
1.583154631856349605e-03
1.569640803202466744e-03
1.556266922994263644e-03
1.543031303111314090e-03
1.529932278483421343e-03
1.516968206742033698e-03
1.504137467877324349e-03
1.491438463900873973e-03
1.478869618513992470e-03
1.466429376781350690e-03
1.454116204810101043e-03
1.441928589434143294e-03
1.429865037903573508e-03
1.417924077579286405e-03
1.406104255632398313e-03
1.394404138748735504e-03
1.382822312837991537e-03
1.371357382747734463e-03
1.360007971981877896e-03
1.348772722423964652e-03
1.337650294064687438e-03
1.326639364733965369e-03
1.315738629837249736e-03
1.304946802096211686e-03
1.294262611293473106e-03
1.283684804021459217e-03
1.273212143435423389e-03
1.262843409010248235e-03
1.252577396301279497e-03
1.242412916708943594e-03
1.232348797247070308e-03
1.222383880315066132e-03
1.212517023473530606e-03
1.202747099223618575e-03
1.193072994789737664e-03
1.183493611905967824e-03
1.174007866605472628e-03
1.164614689013688132e-03
1.155313023144403754e-03
1.146101826699394118e-03
1.136980070870877851e-03
1.127946740147422414e-03
1.119000832122660043e-03
1.110141357307171516e-03
1.101367338943197959e-03
1.092677812822361082e-03
1.084071827106187179e-03
1.075548442149446352e-03
1.067106730326274240e-03
1.058745775859021385e-03
1.050464674649646997e-03
1.042262534113947477e-03
1.034138473018212040e-03
1.026091621318410592e-03
1.018121120001982179e-03
1.010226120931992204e-03
1.002405786693722368e-03
9.946592904435983765e-04
9.869858157605781307e-04
9.793845564996003349e-04
9.718547166475742603e-04
9.643955101812843158e-04
9.570061609277680107e-04
9.496859024265914872e-04
9.424339777943887587e-04
9.352496395914259133e-04
9.281321496901644760e-04
9.210807791459094769e-04
9.140948080693620274e-04
9.071735255011462292e-04
9.003162292882422191e-04
8.935222259622550931e-04
8.867908306196209747e-04
8.801213668035234123e-04
8.735131663876454389e-04
8.669655694616833523e-04
8.604779242185855688e-04
8.540495868434732924e-04
8.476799214042556822e-04
8.413682997438468210e-04
8.351141013740501868e-04
8.289167133710610789e-04
8.227755302723813256e-04
8.166899539754660054e-04
8.106593936377847268e-04
8.046832655783547113e-04
7.987609931808138794e-04
7.928920067978579688e-04
7.870757436571984653e-04
7.813116477687559805e-04
7.755991698334220369e-04
7.699377671530344006e-04
7.643269035416933553e-04
7.587660492385016418e-04
7.532546808214176564e-04
7.477922811225535659e-04
7.423783391445543719e-04
7.370123499783397085e-04
7.316938147219855708e-04
7.264222404007851129e-04
7.211971398885531339e-04
