1.202007400690981553e+00
1.569638886648558052e-01
1.564744737264394947e-01
1.560611105107406749e-01
1.556701217797372139e-01
1.552665207106997125e-01
1.548337643864935442e-01
1.543627882602438273e-01
1.538482975373528794e-01
1.532871914827896864e-01
1.526778105135721264e-01
1.520195154496276624e-01
1.513124124682053706e-01
1.505571562845637035e-01
1.497548048277796695e-01
1.489067114491741395e-01
1.480144450839140646e-01
1.470797310277921488e-01
1.461044066834044641e-01
1.450903880492074027e-01
1.440396438805514601e-01
1.429541753457394537e-01
1.418359996619397989e-01
1.406871366692873937e-01
1.395095976317503872e-01
1.383053757790012050e-01
1.370764382554288396e-01
1.358247192431614736e-01
1.345521140922103509e-01
1.332604743338359765e-01
1.319516034810779281e-01
1.306272535383005973e-01
1.292891221532392887e-01
1.279388503527171816e-01
1.265780208084578973e-01
1.252081565833202681e-01
1.238307203113017119e-01
1.224471137673505822e-01
1.210586777854604640e-01
1.196666924859118297e-01
1.182723777749147692e-01
1.168768940822522279e-01
1.154813433049614313e-01
1.140867699274055319e-01
1.126941622904986673e-01
1.113044539850855941e-01
1.099185253467740292e-01
1.085372050315891318e-01
1.071612716539361437e-01
1.057914554702735765e-01
1.044284400936812962e-01
1.030728642262997014e-01
1.017253233981067762e-01
1.003863717020296309e-01
9.905652351667779132e-02
9.773625520925457999e-02
9.642600681227543602e-02
9.512618366875733034e-02
9.383715804143288874e-02
9.255927068236360911e-02
9.129283236005253377e-02
9.003812534178178006e-02
8.879540482949081770e-02
8.756490034799704891e-02
8.634681708479736983e-02
8.514133718107143312e-02
8.394862097383072597e-02
8.276880818944530593e-02
8.160201908900688306e-02
8.044835556620660855e-02
7.930790219855303469e-02
7.818072725291413949e-02
7.706688364646267775e-02
7.596640986421485109e-02
7.487933083439110571e-02
7.380565876291687866e-02
7.274539392838690055e-02
7.169852543885052443e-02
7.066503195179793528e-02
6.964488235870680555e-02
6.863803643552630895e-02
6.764444546044373618e-02
6.666405280026840852e-02
6.569679446674329959e-02
6.474259964406747780e-02
6.380139118886549165e-02
6.287308610384859109e-02
6.195759598631156440e-02
6.105482745263705185e-02
6.016468253990449322e-02
5.928705908566241078e-02
5.842185108690262085e-02
5.756894903922440271e-02
5.672824025713151669e-02
5.589960917638814308e-02
5.508293763929294345e-02
5.427810516372736510e-02
5.348498919676751562e-02
5.270346535363502893e-02
5.193340764271620058e-02
5.117468867735747856e-02
5.042717987509743455e-02
4.969075164498081704e-02
4.896527356356317889e-02
4.825061454018349238e-02
4.754664297205963425e-02
4.685322688973134891e-02
4.617023409336072637e-02
4.549753228035460090e-02
4.483498916477226398e-02
4.418247258894976437e-02
4.353985062774832354e-02
4.290699168582116918e-02
4.228376458826586803e-02
4.167003866502193288e-02
4.106568382934228795e-02
4.047057065066301390e-02
3.988457042216663612e-02
3.930755522333953533e-02
3.873939797778035848e-02
3.817997250653347441e-02
3.762915357718302212e-02
3.708681694894840064e-02
3.655283941400041398e-02
3.602709883520696654e-02
3.550947418051267346e-02
3.499984555413778592e-02
3.449809422478081200e-02
3.400410265098961077e-02
3.351775450387052546e-02
3.303893468728442279e-02
3.256752935567520241e-02
3.210342592967286440e-02
3.164651310959938624e-02
3.119668088700274997e-02
3.075382055433667147e-02
3.031782471289905592e-02
2.988858727913512939e-02
2.946600348940388303e-02
2.904996990330572723e-02
2.864038440566039900e-02
2.823714620722000967e-02
2.784015584420302183e-02
2.744931517671593199e-02
2.706452738614848266e-02
2.668569697160138449e-02
2.631272974541438991e-02
2.594553282786209863e-02
2.558401464106545634e-02
2.522808490218560878e-02
2.487765461594426686e-02
2.453263606652394957e-02
2.419294280889559834e-02
2.385848965961523752e-02
2.352919268713469028e-02
2.320496920166279647e-02
2.288573774461840835e-02
2.257141807770684030e-02
2.226193117165762778e-02
2.195719919464920664e-02
2.165714550045601955e-02
2.136169461634475700e-02
2.107077223074273198e-02
2.078430518070941910e-02
2.050222143922850529e-02
2.022445010234817306e-02
1.995092137618807368e-02
1.968156656382978945e-02
1.941631805211725681e-02
1.915510929837429058e-02
1.889787481706646857e-02
1.864455016641196686e-02
1.839507193496524654e-02
1.814937772818099593e-02
1.790740615497253205e-02
1.766909681427877160e-02
1.743439028164801147e-02
1.720322809584963475e-02
1.697555274552548649e-02
1.675130765588559237e-02
1.653043717546299682e-02
1.631288656292801190e-02
1.609860197397674011e-02
1.588753044829427016e-02
1.567961989660219060e-02
1.547481908779751655e-02
1.527307763618315599e-02
1.507434598880024422e-02
1.487857541286461208e-02
1.468571798331091971e-02
1.449572657044902527e-02
1.430855482773658177e-02
1.412415717966988837e-02
1.394248880979634397e-02
1.376350564885119379e-02
1.358716436302074941e-02
1.341342234233388817e-02
1.324223768918313462e-02
1.307356920697911977e-02
1.290737638893630496e-02
1.274361940699430228e-02
1.258225910087349374e-02
1.242325696726733625e-02
1.226657514917069494e-02
1.211217642534571926e-02
1.196002419992426083e-02
1.181008249214928960e-02
1.166231592625151595e-02
1.151668972146654459e-02
1.137316968218651282e-02
1.123172218825011989e-02
1.109231418536934903e-02
1.095491317569120479e-02
1.081948720849663058e-02
1.068600487103221752e-02
1.055443527947812210e-02
1.042474807004742203e-02
1.029691339021965302e-02
1.017090189010405599e-02
1.004668471393507269e-02
9.924233491696302784e-03
9.803520330872868629e-03
9.684517808331963989e-03
9.567198962328491915e-03
9.451537284636086708e-03
9.337506712802541575e-03
9.225081622526023345e-03
9.114236820154629493e-03
9.004947535303632275e-03
8.897189413593303495e-03
8.790938509502218071e-03
8.686171279337698281e-03
8.582864574319937906e-03
8.480995633779520038e-03
8.380542078466808945e-03
8.281481903971000744e-03
8.183793474248765229e-03
8.087455515260105754e-03
7.992447108709934897e-03
7.898747685894710185e-03
7.806337021652130607e-03
7.715195228412658791e-03
7.625302750350933766e-03
7.536640357637215681e-03
7.449189140785157127e-03
7.362930505096759726e-03
7.277846165200997988e-03
7.193918139686969991e-03
7.111128745828118429e-03
7.029460594397623531e-03
6.948896584572370957e-03
6.869419898925610904e-03
6.791013998505482548e-03
6.713662617999088117e-03
6.637349760979987211e-03
6.562059695239105296e-03
6.487776948196055313e-03
6.414486302390654676e-03
6.342172791053209135e-03
6.270821693752376066e-03
6.200418532119171718e-03
6.130949065645257580e-03
6.062399287555827673e-03
5.994755420754979518e-03
5.928003913841337069e-03
5.862131437195111303e-03
5.797124879133540992e-03
5.732971342134034545e-03
5.669658139124292111e-03
5.607172789837714007e-03
5.545503017233691274e-03
5.484636743980828531e-03
5.424562089002735697e-03
5.365267364084841221e-03
5.306741070541775782e-03
5.248971895943197949e-03
5.191948710898616065e-03
5.135660565898937310e-03
5.080096688213692722e-03
5.025246478844488073e-03
4.971099509531619678e-03
4.917645519814605425e-03
4.864874414144937029e-03
4.812776259049862670e-03
4.761341280347393401e-03
4.710559860410214010e-03
4.660422535478784579e-03
4.610919993022256219e-03
4.562043069146370054e-03
4.513782746047530214e-03
4.466130149512407242e-03
4.419076546461952158e-03
4.372613342539456022e-03
4.326732079741304506e-03
4.281424434090224523e-03
4.236682213349866714e-03
4.192497354780224186e-03
4.148861922932962909e-03
4.105768107486174566e-03
4.063208221117687105e-03
4.021174697416103790e-03
3.979660088829241153e-03
3.938657064649132324e-03
3.898158409032694959e-03
3.858157019057823975e-03
3.818645902814131899e-03
3.779618177527261768e-03
3.741067067717181518e-03
3.702985903388678317e-03
3.665368118254259261e-03
3.628207247988652229e-03
3.591496928514120203e-03
3.555230894316534825e-03
3.519402976790958048e-03
3.484007102616815121e-03
3.449037292161731723e-03
3.414487657913926368e-03
3.380352402941974588e-03
3.346625819382112281e-03
3.313302286952140609e-03
3.280376271491876067e-03
3.247842323529083648e-03
3.215695076870951196e-03
3.183929247220129623e-03
3.152539630815861995e-03
3.121521103098186169e-03
3.090868617396413161e-03
3.060577203640179895e-03
3.030641967093671788e-03
3.001058087111634336e-03
2.971820815917584815e-03
2.942925477403315112e-03
2.914367465949523495e-03
2.886142245267226628e-03
2.858245347259185960e-03
2.830672370901706706e-03
2.803418981145521828e-03
2.776480907836285754e-03
2.749853944653890721e-03
2.723533948069996845e-03
2.697516836324050440e-03
2.671798588417110577e-03
2.646375243123233207e-03
2.621242898017686878e-03
2.596397708522768088e-03
2.571835886969556575e-03
2.547553701676245029e-03
2.523547476042561390e-03
2.499813587659586826e-03
2.476348467435292473e-03
2.453148598734995224e-03
2.430210516536802836e-03
2.407530806601600789e-03
2.385106104657341939e-03
2.362933095597507128e-03
2.341008512693073217e-03
2.319329136818661617e-03
2.297891795691234078e-03
2.276693363122393905e-03
2.255730758283418323e-03
2.235000944982648129e-03
2.214500930955729929e-03
2.194227767167415948e-03
2.174178547125887699e-03
2.154350406208386994e-03
2.134740520998480457e-03
2.115346108634679530e-03
2.096164426170113275e-03
2.077192769943086558e-03
2.058428474958276435e-03
2.039868914278670804e-03
2.021511498427509042e-03
2.003353674800543386e-03
1.985392927088328735e-03
1.967626774708030029e-03
1.950052772245079811e-03
1.932668508904055197e-03
1.915471607969106019e-03
1.898459726272985239e-03
1.881630553675635743e-03
1.864981812550941392e-03
1.848511257282616817e-03
1.832216673768103168e-03
1.816095878931087409e-03
1.800146720242054446e-03
1.784367075246908558e-03
1.768754851103402585e-03
1.753307984125294016e-03
1.738024439334290207e-03
1.722902210019088606e-03
1.707939317302157754e-03
1.693133809713434417e-03
1.678483762771201598e-03
1.663987278569887011e-03
1.649642485374714371e-03
1.635447537222932098e-03
1.621400613531943837e-03
1.607499918713549327e-03
1.593743681794700020e-03
1.580130156044517922e-03
1.566657618607458606e-03
1.553324370142420210e-03
1.540128734467819012e-03
1.527069058212484351e-03
1.514143710472321512e-03
1.501351082472475841e-03
1.488689587235040180e-03
1.476157659252346366e-03
1.463753754165343819e-03
1.451476348447383732e-03
1.439323939093004479e-03
1.427295043311981905e-03
1.415388198228091339e-03
1.403601960582938910e-03
1.391934906444487231e-03
1.380385630920384328e-03
1.368952747875774650e-03
1.357634889655825062e-03
1.346430706812572252e-03
1.335338867836322052e-03
1.324358058891246135e-03
1.313486983555210361e-03
1.302724362563914984e-03
1.292068933558933883e-03
1.281519450839981511e-03
1.271074685121011431e-03
1.260733423290221443e-03
1.250494468173952945e-03
1.240356638304244063e-03
1.230318767690163819e-03
1.220379705592772313e-03
1.210538316303558150e-03
1.200793478926545687e-03
1.191144087163678285e-03
1.181589049103722857e-03
1.172127287014461047e-03
1.162757737138107872e-03
1.153479349490049537e-03
1.144291087660697899e-03
1.135191928620424284e-03
1.126180862527584791e-03
1.117256892539598067e-03
1.108419034626900983e-03
1.099666317389867438e-03
1.090997781878568851e-03
1.082412481415342530e-03
1.073909481420103930e-03
1.065487859238475454e-03
1.057146703972398297e-03
1.048885116313602681e-03
1.040702208379430367e-03
1.032597103551432518e-03
1.024568936316229200e-03
1.016616852109006102e-03
1.008740007159345973e-03
1.000937568339424055e-03
9.932087130146113104e-04
9.855526288962989691e-04
9.779685138969790737e-04
9.704555759876257095e-04
9.630130330571911841e-04
9.556401127742955495e-04
9.483360524509447734e-04
9.411000989084553721e-04
9.339315083453108733e-04
9.268295462070776135e-04
9.197934870583172016e-04
9.128226144564145512e-04
9.059162208272797390e-04
8.990736073430382908e-04
8.922940838014392769e-04
8.855769685072448954e-04
8.789215881552261923e-04
8.723272777150639428e-04
8.657933803179447899e-04
8.593192471448085146e-04
8.529042373163234171e-04
8.465477177845492571e-04
8.402490632261076699e-04
8.340076559370635618e-04
8.278228857292898018e-04
8.216941498284967066e-04
8.156208527735827338e-04
8.096024063177106834e-04
8.036382293307378502e-04
7.977277477030078265e-04
7.918703942507847619e-04
7.860656086228819811e-04
7.803128372088287586e-04
7.746115330482171392e-04
7.689611557416374402e-04
7.633611713626558886e-04
7.578110523712467154e-04
7.523102775285200883e-04
7.468583318125258984e-04
7.414547063355436630e-04
7.360988982623460413e-04
7.307904107297903901e-04
7.255287527676074948e-04
7.203134392202090175e-04
