1.202007400633607448e+00
1.689732453261230394e-01
1.692493362987858851e-01
1.692851889021363132e-01
1.691343613921342526e-01
1.688607473160534667e-01
1.684913852123681999e-01
1.680375083975588768e-01
1.675047050909257984e-01
1.668967366238018057e-01
1.662168262745580549e-01
1.654680462409749142e-01
1.646534154942903005e-01
1.637759181608401671e-01
1.628385059488235975e-01
1.618440999233661248e-01
1.607955931590033805e-01
1.596958530290664979e-01
1.585477220812334664e-01
1.573540171004438326e-01
1.561175264444174260e-01
1.548410059872531164e-01
1.535271740895379766e-01
1.521787060017668058e-01
1.507982280521391327e-01
1.493883118998892423e-01
1.479514690665621190e-01
1.464901458969362913e-01
1.450067190507680626e-01
1.435034915860387839e-01
1.419826896629142465e-01
1.404464598735924996e-01
1.388968671854614589e-01
1.373358934720742552e-01
1.357654365975148048e-01
1.341873100137946639e-01
1.326032428274243335e-01
1.310148802896125009e-01
1.294237846642419809e-01
1.278314364285995097e-01
1.262392357633091711e-01
1.246485042901090551e-01
1.230604870185422889e-01
1.214763544653998106e-01
1.198972049135973300e-01
1.183240667800880830e-01
1.167579010653015531e-01
1.151996038594020888e-01
1.136500088833782979e-01
1.121098900455364256e-01
1.105799639963758046e-01
1.090608926670917356e-01
1.075532857789929103e-01
1.060577033130561259e-01
1.045746579305419921e-01
1.031046173371792801e-01
1.016480065848329867e-01
1.002052103057984728e-01
9.877657487602953257e-02
9.736241050454633172e-02
9.596299324715223955e-02
9.457856694334736136e-02
9.320934507596725926e-02
9.185551255361328049e-02
9.051722741648453308e-02
8.919462246651883863e-02
8.788780682318553250e-02
8.659686740648186998e-02
8.532187034893705391e-02
8.406286233858874246e-02
8.281987189505390923e-02
8.159291058088692650e-02
8.038197415052543426e-02
7.918704363912916488e-02
7.800808639367606823e-02
7.684505704865066122e-02
7.569789844867114148e-02
7.456654252036197528e-02
7.345091109574247712e-02
7.235091668935000886e-02
7.126646323128045524e-02
7.019744675824715618e-02
6.914375606469712332e-02
6.810527331597879264e-02
6.708187462545156521e-02
6.607343059738077229e-02
6.507980683738288918e-02
6.410086443210694096e-02
6.313646039977072189e-02
6.218644811311015153e-02
6.125067769621223707e-02
6.032899639663918262e-02
5.942124893420144133e-02
5.852727782764692577e-02
5.764692370049016162e-02
5.678002556713837579e-02
5.592642110041180087e-02
5.508594688150540708e-02
5.425843863337685008e-02
5.344373143850503910e-02
5.264165994190336123e-02
5.185205854023334365e-02
5.107476155781621313e-02
5.030960341029669380e-02
4.955641875667278484e-02
4.881504264036942015e-02
4.808531061999219564e-02
4.736705889036800510e-02
4.666012439444013754e-02
4.596434492656256005e-02
4.527955922769626856e-02
4.460560707299381089e-02
4.394232935222583403e-02
4.328956814347783427e-02
4.264716678052085652e-02
4.201496991424554656e-02
4.139282356851053946e-02
4.078057519075261456e-02
4.017807369768040815e-02
3.958516951635282499e-02
3.900171462092574121e-02
3.842756256534549109e-02
3.786256851223376158e-02
3.730658925821131455e-02
3.675948325588546117e-02
3.622111063271396536e-02
3.569133320694315575e-02
3.517001450082182790e-02
3.465701975125683176e-02
3.415221591808594026e-02
3.365547169012866185e-02
3.316665748916016593e-02
3.268564547195108860e-02
3.221230953051209406e-02
3.174652529066010476e-02
3.128817010902838758e-02
3.083712306863516800e-02
3.039326497311074446e-02
2.995647833968326929e-02
2.952664739101682964e-02
2.910365804599310269e-02
2.868739790950913110e-02
2.827775626138098741e-02
2.787462404441608255e-02
2.747789385173149065e-02
2.708745991337514411e-02
2.670321808231552324e-02
2.632506581985648297e-02
2.595290218052940384e-02
2.558662779651248512e-02
2.522614486162932240e-02
2.487135711496488155e-02
2.452216982414353111e-02
2.417848976831194277e-02
2.384022522085407769e-02
2.350728593188540147e-02
2.317958311054659284e-02
2.285702940713520842e-02
2.253953889509874992e-02
2.222702705292053590e-02
2.191941074591534366e-02
2.161660820796862045e-02
2.131853902322993627e-02
2.102512410778823240e-02
2.073628569134580713e-02
2.045194729890676896e-02
2.017203373249745746e-02
1.989647105293470414e-02
1.962518656165631800e-02
1.935810878262318041e-02
1.909516744430907881e-02
1.883629346178891315e-02
1.858141891893347677e-02
1.833047705072142486e-02
1.808340222567800248e-02
1.784012992844737078e-02
1.760059674250685768e-02
1.736474033302878167e-02
1.713249942989642990e-02
1.690381381088128243e-02
1.667862428498279037e-02
1.645687267594002703e-02
1.623850180591453196e-02
1.602345547935267803e-02
1.581167846702568117e-02
1.560311649025565225e-02
1.539771620532444027e-02
1.519542518807270176e-02
1.499619191868690679e-02
1.479996576667808560e-02
1.460669697605270802e-02
1.441633665067707133e-02
1.422883673983499700e-02
1.404415002398038369e-02
1.386223010068501384e-02
1.368303137078060762e-02
1.350650902469406091e-02
1.333261902898062040e-02
1.316131811304704219e-02
1.299256375607102908e-02
1.282631417411058371e-02
1.266252830740787622e-02
1.250116580788102061e-02
1.234218702680735767e-02
1.218555300269371505e-02
1.203122544933436268e-02
1.187916674405452289e-02
1.172933991613779245e-02
1.158170863543586150e-02
1.143623720115973311e-02
1.129289053084976333e-02
1.115163414952348962e-02
1.101243417899833849e-02
1.087525732738984716e-02
1.074007087877997847e-02
1.060684268305695475e-02
1.047554114592217679e-02
1.034613521906455925e-02
1.021859439049706622e-02
1.009288867505804196e-02
9.968988605070410250e-03
9.846865221159467260e-03
9.726490063227594129e-03
9.607835161582098729e-03
9.490873028214880450e-03
9.375576648232490304e-03
9.261919471432721387e-03
9.149875404028732367e-03
9.039418800514726141e-03
8.930524455674321641e-03
8.823167596727734749e-03
8.717323875616900947e-03
8.612969361425125772e-03
8.510080532930622971e-03
8.408634271291067636e-03
8.308607852857254408e-03
8.209978942113699274e-03
8.112725584745442489e-03
8.016826200826970839e-03
7.922259578132612168e-03
7.829004865567158397e-03
7.737041566712528524e-03
7.646349533491274796e-03
7.556908959942484211e-03
7.468700376110523793e-03
7.381704642042860066e-03
7.295902941896662171e-03
7.211276778150504073e-03
7.127807965922351545e-03
7.045478627388468418e-03
6.964271186304438199e-03
6.884168362625055389e-03
6.805153167221756824e-03
6.727208896696083851e-03
6.650319128287173441e-03
6.574467714871978959e-03
6.499638780056524005e-03
6.425816713356386108e-03
6.352986165465018993e-03
6.281132043608771143e-03
6.210239506986054911e-03
6.140293962290049520e-03
6.071281059313429589e-03
6.003186686633185838e-03
5.935996967374056535e-03
5.869698255050348479e-03
5.804277129482989482e-03
5.739720392791403808e-03
5.676015065459553109e-03
5.613148382473152204e-03
5.551107789527885347e-03
5.489880939307748703e-03
5.429455687830474567e-03
5.369820090860934203e-03
5.310962400389918937e-03
5.252871061177303777e-03
5.195534707358717523e-03
5.138942159114953494e-03
5.083082419401527448e-03
5.027944670738769550e-03
4.973518272060756425e-03
4.919792755621850769e-03
4.866757823960039288e-03
4.814403346915853768e-03
4.762719358706158854e-03
4.711696055051027565e-03
4.661323790353953493e-03
4.611593074933116772e-03
4.562494572303638779e-03
4.514019096509606921e-03
4.466157609504656928e-03
4.418901218580842914e-03
4.372241173844274714e-03
4.326168865736934425e-03
4.280675822603940105e-03
4.235753708304992003e-03
4.191394319869731593e-03
4.147589585195592642e-03
4.104331560787996026e-03
4.061612429541451921e-03
4.019424498561165182e-03
3.977760197024645186e-03
3.936612074081742400e-03
3.895972796793325046e-03
3.855835148107268802e-03
3.816192024871183173e-03
3.777036435881488130e-03
3.738361499967768516e-03
3.700160444111721871e-03
3.662426601600576089e-03
3.625153410213779927e-03
3.588334410442569570e-03
3.551963243741707368e-03
3.516033650812940003e-03
3.480539469919613580e-03
3.445474635231351047e-03
3.410833175198994902e-03
3.376609210958753538e-03
3.342796954765045979e-03
3.309390708451612206e-03
3.276384861920458857e-03
3.243773891657698340e-03
3.211552359276350320e-03
3.179714910085355752e-03
3.148256271683727917e-03
3.117171252580799769e-03
3.086454740840258257e-03
3.056101702749359009e-03
3.026107181511016823e-03
2.996466295960148463e-03
2.967174239302384272e-03
2.938226277875325126e-03
2.909617749932306117e-03
2.881344064447206779e-03
2.853400699941115344e-03
2.825783203329470996e-03
2.798487188789734823e-03
2.771508336649423834e-03
2.744842392293477592e-03
2.718485165091459686e-03
2.692432527343081340e-03
2.666680413243138325e-03
2.641224817864171528e-03
2.616061796157236746e-03
2.591187461970561635e-03
2.566597987084983084e-03
2.542289600266829826e-03
2.518258586337253271e-03
2.494501285257805755e-03
2.471014091232424936e-03
2.447793451824597892e-03
2.424835867090662043e-03
2.402137888727649134e-03
2.379696119236418637e-03
2.357507211099395348e-03
2.335567865972209937e-03
2.313874833890154897e-03
2.292424912487771044e-03
2.271214946232392919e-03
2.250241825670812150e-03
2.229502486689364984e-03
2.208993909786207115e-03
2.188713119356965834e-03
2.168657182991988799e-03
2.148823210786356911e-03
2.129208354661423983e-03
2.109809807698315165e-03
2.090624803482559694e-03
2.071650615460379676e-03
2.052884556305920212e-03
2.034323977299142428e-03
2.015966267714516032e-03
1.997808854220493174e-03
1.979849200288671604e-03
1.962084805613466352e-03
1.944513205541636806e-03
1.927131970511395970e-03
1.909938705501254769e-03
1.892931049488046297e-03
1.876106674914432716e-03
1.859463287165095957e-03
1.842998624052179278e-03
1.826710455309169760e-03
1.810596582093478273e-03
1.794654836497424407e-03
1.778883081067407328e-03
1.763279208331229629e-03
1.747841140333372505e-03
1.732566828178151329e-03
1.717454251580339880e-03
1.702501418423704900e-03
1.687706364326532239e-03
1.673067152214682786e-03
1.658581871901769868e-03
1.644248639676200528e-03
1.630065597895315709e-03
1.616030914586104837e-03
1.602142783052728755e-03
1.588399421490406700e-03
1.574799072605855997e-03
1.561340003243934455e-03
1.548020504020539492e-03
1.534838888961490748e-03
1.521793495147506781e-03
1.508882682364891606e-03
1.496104832762136213e-03
1.483458350512002885e-03
1.470941661479390275e-03
1.458553212894417826e-03
1.446291473030999076e-03
1.434154930890765281e-03
1.422142095891890069e-03
1.410251497563357439e-03
1.398481685243915459e-03
1.386831227786127245e-03
1.375298713265146223e-03
1.363882748692261037e-03
1.352581959733177748e-03
1.341394990430629314e-03
1.330320502931813453e-03
1.319357177219966301e-03
1.308503710850469556e-03
1.297758818691036606e-03
1.287121232666254113e-03
1.276589701506159651e-03
1.266162990498877509e-03
1.255839881247201861e-03
1.245619171429173050e-03
1.235499674562370517e-03
1.225480219772068528e-03
1.215559651563072980e-03
1.205736829595234092e-03
1.196010628462404034e-03
1.186379937475150670e-03
1.176843660446693545e-03
1.167400715482411460e-03
1.158050034772598524e-03
1.148790564388502524e-03
1.139621264081660135e-03
1.130541107086378491e-03
1.121549079925270942e-03
1.112644182217947201e-03
1.103825426492669208e-03
1.095091838001003084e-03
1.086442454535314949e-03
1.077876326249275389e-03
1.069392515480931767e-03
1.060990096578845552e-03
1.052668155730706418e-03
1.044425790794784557e-03
1.036262111133878392e-03
1.028176237451948515e-03
1.020167301633269352e-03
1.012234446584073634e-03
1.004376826076577552e-03
9.965936045955850128e-04
9.888839571873385848e-04
9.812470693107326961e-04
9.736821366908516911e-04
9.661883651747209603e-04
9.587649705893854174e-04
9.514111786019781389e-04
9.441262245821539735e-04
9.369093534664288533e-04
9.297598196248585975e-04
9.226768867294117809e-04
9.156598276246997667e-04
9.087079242004088286e-04
9.018204672658800772e-04
8.949967564264366864e-04
8.882360999617194960e-04
8.815378147057613498e-04
8.749012259289966256e-04
8.683256672219429300e-04
8.618104803807121687e-04
8.553550152942270652e-04
8.489586298331630804e-04
8.426206897405524128e-04
8.363405685239645379e-04
8.301176473494651644e-04
8.239513149370167452e-04
8.178409674574928234e-04
8.117860084312919023e-04
8.057858486284046875e-04
7.998399059699648440e-04
7.939476054312972521e-04
7.881083789464851230e-04
7.823216653141729961e-04
7.765869101049232897e-04
7.709035655699260445e-04
7.652710905509874833e-04
7.596889503919423449e-04
7.541566168512972221e-04
7.486735680162353310e-04
7.432392882178295163e-04
7.378532679475604183e-04
7.325150037749673070e-04
7.272239982666486380e-04
7.219797599063416081e-04
7.167818030161996444e-04
