1.202007400685842553e+00
1.614330759597544518e-01
1.625341409688456640e-01
1.628008164021161608e-01
1.627227594561475588e-01
1.624689667936848603e-01
1.621037909921387576e-01
1.616545542795602419e-01
1.611341560769432579e-01
1.605494213315634133e-01
1.599044729041511348e-01
1.592021934723233390e-01
1.584448940494641578e-01
1.576346321642110027e-01
1.567733674354024886e-01
1.558630382889449328e-01
1.549055988100353498e-01
1.539030346274427585e-01
1.528573673741889238e-01
1.517706527672289529e-01
1.506449751023943295e-01
1.494824397932943971e-01
1.482851649466714328e-01
1.470552726016542966e-01
1.457948800392497302e-01
1.445060914275327069e-01
1.431909899742033199e-01
1.418516306935440618e-01
1.404900338490721878e-01
1.391081791004864232e-01
1.377080003597544733e-01
1.362913813442003796e-01
1.348601518022535806e-01
1.334160843790781759e-01
1.319608920836288224e-01
1.304962263151612789e-01
1.290236754053697699e-01
1.275447636316771050e-01
1.260609506575786076e-01
1.245736313569541925e-01
1.230841359808725610e-01
1.215937306273539714e-01
1.201036179767845935e-01
1.186149382580314049e-01
1.171287704127952078e-01
1.156461334282045533e-01
1.141679878101587858e-01
1.126952371722941548e-01
1.112287299178156552e-01
1.097692609936805758e-01
1.083175736986782822e-01
1.068743615290001364e-01
1.054402700467250015e-01
1.040158987583627848e-01
1.026018029922332597e-01
1.011984957648839473e-01
9.980644962811648091e-02
9.842609848940232775e-02
9.705783939958563533e-02
9.570203430277081369e-02
9.435901174417143933e-02
9.302906853252648767e-02
9.171247135439249132e-02
9.040945833825793365e-02
8.912024056698190921e-02
8.784500353756560798e-02
8.658390856767493593e-02
8.533709414873243138e-02
8.410467724568287951e-02
8.288675454386042196e-02
8.168340364357611072e-02
8.049468420327909879e-02
7.932063903227214163e-02
7.816129513414724062e-02
7.701666470216241012e-02
7.588674606791294408e-02
7.477152460468688977e-02
7.367097358697048681e-02
7.258505500755638162e-02
7.151372035380434977e-02
7.045691134452057580e-02
6.941456062899557800e-02
6.838659244969552686e-02
6.737292327008208292e-02
6.637346236903619856e-02
6.538811240330767716e-02
6.441676993939425555e-02
6.345932595622512384e-02
6.251566631996126333e-02
6.158567223221716319e-02
6.066922065293994110e-02
5.976618469915596921e-02
5.887643402074899807e-02
5.799983515438504600e-02
5.713625185666183076e-02
5.628554541752241874e-02
5.544757495491572930e-02
5.462219769166246769e-02
5.380926921543167929e-02
5.300864372270043534e-02
5.222017424753009479e-02
5.144371287594706743e-02
5.067911094669332039e-02
4.992621923906540721e-02
4.918488814852923358e-02
4.845496785077023361e-02
4.773630845479945317e-02
4.702876014571276408e-02
4.633217331766432273e-02
4.564639869759714447e-02
4.497128746022955453e-02
4.430669133479906568e-02
4.365246270400604395e-02
4.300845469560708040e-02
4.237452126706488936e-02
4.175051728365233167e-02
4.113629859037746389e-02
4.053172207809407901e-02
3.993664574411956436e-02
3.935092874768524041e-02
3.877443146052029360e-02
3.820701551285261149e-02
3.764854383509578378e-02
3.709888069547624678e-02
3.655789173385076696e-02
3.602544399193143010e-02
3.550140594014546819e-02
3.498564750132727302e-02
3.447804007144317229e-02
3.397845653752548656e-02
3.348677129299681282e-02
3.300286025054564865e-02
3.252660085270338980e-02
3.205787208028079704e-02
3.159655445879148289e-02
3.114253006300077287e-02
3.069568251972014036e-02
3.025589700896594639e-02
2.982306026359228535e-02
2.939706056750365781e-02
2.897778775254268926e-02
2.856513319415063257e-02
2.815898980588473627e-02
2.775925203287749402e-02
2.736581584431529643e-02
2.697857872500886156e-02
2.659743966612833008e-02
2.622229915516709892e-02
2.585305916519294034e-02
2.548962314345110114e-02
2.513189599936838103e-02
2.477978409201429810e-02
2.443319521706496453e-02
2.409203859331703404e-02
2.375622484879436405e-02
2.342566600648978911e-02
2.310027546977551013e-02
2.277996800752460707e-02
2.246465973897028220e-02
2.215426811834141779e-02
2.184871191929889378e-02
2.154791121920125382e-02
2.125178738323086833e-02
2.096026304839734150e-02
2.067326210744712192e-02
2.039070969269871428e-02
2.011253215982301834e-02
1.983865707158912264e-02
1.956901318158988864e-02
1.930353041796941532e-02
1.904213986716217499e-02
1.878477375765966184e-02
1.853136544382036691e-02
1.828184938973062904e-02
1.803616115313336557e-02
1.779423736942947060e-02
1.755601573576710470e-02
1.732143499522375771e-02
1.709043492109182938e-02
1.686295630127463904e-02
1.663894092279982750e-02
1.641833155645804759e-02
1.620107194156960792e-02
1.598710677088874960e-02
1.577638167564650307e-02
1.556884321074092879e-02
1.536443884007334879e-02
1.516311692203977692e-02
1.496482669517628858e-02
1.476951826396428330e-02
1.457714258479706967e-02
1.438765145210860012e-02
1.420099748466920227e-02
1.401713411204761131e-02
1.383601556124146661e-02
1.365759684347704617e-02
1.348183374118027550e-02
1.330868279511788696e-02
1.313810129171089601e-02
1.297004725051934503e-02
1.280447941189938668e-02
1.264135722483215526e-02
1.248064083492387948e-02
1.232229107257838165e-02
1.216626944133837249e-02
1.201253810639941848e-02
1.186105988329127885e-02
1.171179822672838503e-02
1.156471721962845471e-02
1.141978156229728376e-02
1.127695656177833856e-02
1.113620812136779069e-02
1.099750273029132322e-02
1.086080745354335575e-02
1.072608992188581190e-02
1.059331832200620903e-02
1.046246138683207955e-02
1.033348838600181216e-02
1.020636911648968061e-02
1.008107389338201015e-02
9.957573540805409948e-03
9.835839383003409236e-03
9.715843235560460076e-03
9.597557396771644669e-03
9.480954639156024752e-03
9.366008201111468076e-03
9.252691778711366610e-03
9.140979517637448995e-03
9.030846005251303224e-03
8.922266262799025474e-03
8.815215737749723668e-03
8.709670296265072456e-03
8.605606215797973260e-03
8.503000177818237706e-03
8.401829260664916282e-03
8.302070932521537355e-03
8.203703044513583481e-03
8.106703823926593444e-03
8.011051867541970489e-03
7.916726135090000616e-03
7.823705942817111084e-03
7.731970957166673514e-03
7.641501188571049596e-03
7.552276985352994639e-03
7.464279027734648658e-03
7.377488321953783700e-03
7.291886194482611466e-03
7.207454286351462798e-03
7.124174547571709808e-03
7.042029231659432086e-03
6.961000890255824095e-03
6.881072367844701110e-03
6.802226796564100897e-03
6.724447591110804985e-03
6.647718443736681457e-03
6.572023319334922842e-03
6.497346450614074030e-03
6.423672333359732242e-03
6.350985721781114007e-03
6.279271623941880265e-03
6.208515297273111029e-03
6.138702244168035838e-03
6.069818207655581360e-03
6.001849167152429124e-03
5.934781334292689101e-03
5.868601148832183756e-03
5.803295274627683423e-03
5.738850595688499596e-03
5.675254212300218440e-03
5.612493437218524922e-03
5.550555791932290997e-03
5.489429002994576472e-03
5.429100998420080190e-03
5.369559904148429180e-03
5.310794040571493839e-03
5.252791919124001445e-03
5.195542238936512978e-03
5.139033883548299944e-03
5.083255917681220142e-03
5.028197584071751776e-03
4.973848300360527580e-03
4.920197656038830317e-03
4.867235409450576013e-03
4.814951484848620927e-03
4.763335969505106023e-03
4.712379110874038296e-03
4.662071313805501820e-03
4.612403137810938171e-03
4.563365294377650511e-03
4.514948644332562530e-03
4.467144195253840155e-03
4.419943098929408898e-03
4.373336648861833424e-03
4.327316277818596575e-03
4.281873555426661537e-03
4.237000185810906906e-03
4.192688005275614985e-03
4.148928980027347981e-03
4.105715203940121100e-03
4.063038896360478616e-03
4.020892399952250007e-03
3.979268178581013907e-03
3.938158815236316584e-03
3.897557009991647111e-03
3.857455578001465352e-03
3.817847447534447516e-03
3.778725658042096647e-03
3.740083358262558891e-03
3.701913804358393078e-03
3.664210358088251969e-03
3.626966485011186726e-03
3.590175752723774073e-03
3.553831829128582115e-03
3.517928480734208978e-03
3.482459570985647034e-03
3.447419058624712467e-03
3.412800996080132994e-03
3.378599527886322687e-03
3.344808889130827453e-03
3.311423403929194750e-03
3.278437483927733320e-03
3.245845626832571332e-03
3.213642414965389802e-03
3.181822513844977367e-03
3.150380670793915573e-03
3.119311713570362132e-03
3.088610549024191874e-03
3.058272161777094225e-03
3.028291612926217388e-03
2.998664038770848354e-03
2.969384649561846844e-03
2.940448728273238610e-03
2.911851629395602933e-03
2.883588777750954214e-03
2.855655667328618058e-03
2.828047860141719334e-03
2.800760985103882810e-03
2.773790736925939478e-03
2.747132875031916936e-03
2.720783222494381481e-03
2.694737664988444085e-03
2.668992149764205617e-03
2.643542684637362021e-03
2.618385336997540100e-03
2.593516232834017395e-03
2.568931555778716444e-03
2.544627546165557051e-03
2.520600500107030451e-03
2.496846768586201675e-03
2.473362756565051276e-03
2.450144922108231805e-03
2.427189775522254223e-03
2.404493878509397341e-03
2.382053843336791321e-03
2.359866332019594937e-03
2.337928055518571913e-03
2.316235772951556315e-03
2.294786290818607959e-03
2.273576462240696049e-03
2.252603186211384577e-03
2.231863406861440535e-03
2.211354112736681546e-03
2.191072336087458716e-03
2.171015152171124323e-03
2.151179678566031948e-03
2.131563074497734318e-03
2.112162540176449905e-03
2.092975316146056773e-03
2.073998682644232015e-03
2.055229958973635741e-03
2.036666502883715917e-03
2.018305709963265446e-03
2.000145013043115247e-03
1.982181881609284234e-03
1.964413821226009861e-03
1.946838372968554042e-03
1.929453112865731328e-03
1.912255651352006260e-03
1.895243632728578747e-03
1.878414734633987015e-03
1.861766667523439027e-03
1.845297174156966709e-03
1.829004029096396259e-03
1.812885038210536271e-03
1.796938038188998716e-03
1.781160896063969934e-03
1.765551508740224179e-03
1.750107802532847130e-03
1.734827732712839604e-03
1.719709283060379861e-03
1.704750465425405566e-03
1.689949319295669166e-03
1.675303911371968076e-03
1.660812335150520626e-03
1.646472710512179426e-03
1.632283183318610506e-03
1.618241925015141604e-03
1.604347132240175949e-03
1.590597026441142045e-03
1.576989853496723161e-03
1.563523883345471028e-03
1.550197409620416916e-03
1.537008749289829699e-03
1.523956242303831001e-03
1.511038251246847250e-03
1.498253160995791523e-03
1.485599378383875005e-03
1.473075331869900173e-03
1.460679471212966100e-03
1.448410267152597372e-03
1.436266211093975044e-03
1.424245814798433566e-03
1.412347610078866543e-03
1.400570148500234532e-03
1.388912001084863929e-03
1.377371758022588339e-03
1.365948028385507778e-03
1.354639439847536361e-03
1.343444638408286367e-03
1.332362288121587265e-03
1.321391070828307514e-03
1.310529685893538528e-03
1.299776849947954565e-03
1.289131296633397317e-03
1.278591776352464232e-03
1.268157056022262575e-03
1.257825918831984198e-03
1.247597164004399066e-03
1.237469606561200294e-03
1.227442077092061280e-03
1.217513421527375000e-03
1.207682500914671790e-03
1.197948191198525223e-03
1.188309383004003319e-03
1.178764981423569046e-03
1.169313905807277008e-03
1.159955089556431772e-03
1.150687479920403178e-03
1.141510037796639827e-03
1.132421737533989602e-03
1.123421566738911324e-03
1.114508526084922969e-03
1.105681629124908270e-03
1.096939902106457794e-03
1.088282383790089430e-03
1.079708125270271123e-03
1.071216189799327565e-03
1.062805652613982169e-03
1.054475600764762187e-03
1.046225132947887094e-03
1.038053359339917350e-03
1.029959401434925662e-03
1.021942391884149122e-03
1.014001474338200931e-03
1.006135803291691860e-03
9.983445439302571396e-04
9.906268719799581676e-04
9.829819735589634400e-04
9.754090450316179727e-04
9.679072928646438329e-04
9.604759334856199883e-04
9.531141931436063830e-04
9.458213077719131081e-04
9.385965228530056660e-04
9.314390932854299966e-04
9.243482832527361200e-04
9.173233660945518623e-04
9.103636241794245887e-04
9.034683487797467733e-04
8.966368399485531195e-04
8.898684063981013000e-04
8.831623653803826867e-04
8.765180425694665736e-04
8.699347719455154809e-04
8.634118956806503256e-04
8.569487640264585905e-04
8.505447352033269903e-04
8.441991752912184023e-04
8.379114581223546078e-04
8.316809651752919089e-04
8.255070854707178066e-04
8.193892154687472396e-04
8.133267589677592576e-04
8.073191270047598176e-04
8.013657377572649563e-04
7.954660164465203508e-04
7.896193952423272329e-04
7.838253131691601304e-04
7.780832160137438362e-04
7.723925562339670897e-04
7.667527928691285268e-04
7.611633914515437364e-04
7.556238239195091962e-04
7.501335685313912857e-04
7.446921097811570701e-04
7.392989383150133566e-04
7.339535508493594783e-04
7.286554500899034264e-04
7.234041446519519575e-04
7.181991489819098025e-04
