1.202007400646821544e+00
2.236699379013911138e-01
2.228683929962194943e-01
2.217840302075619607e-01
2.205037575993276100e-01
2.190301026823701092e-01
2.173765756588516840e-01
2.155586746054743708e-01
2.135924468741852711e-01
2.114941787598179634e-01
2.092801240520701933e-01
2.069662146010495529e-01
2.045677902079267307e-01
2.020993733415493709e-01
1.995744993650387378e-01
1.970056033920191962e-01
1.944039593356494400e-01
1.917796637958284478e-01
1.891416562454057149e-01
1.864977669151431372e-01
1.838547844073728788e-01
1.812185360785662225e-01
1.785939754016706571e-01
1.759852717025446878e-01
1.733958987684489639e-01
1.708287197994126094e-01
1.682860669933046449e-01
1.657698147205205752e-01
1.632814457643366191e-01
1.608221104946445379e-01
1.583926791256908551e-01
1.559937874020195236e-01
1.536258761797943129e-01
1.512892254391585978e-01
1.489839832912686624e-01
1.467101905425897690e-01
1.444678013579188958e-01
1.422567005296996312e-01
1.400767178197251939e-01
1.379276397943548227e-01
1.358092195287023130e-01
1.337211845107227626e-01
1.316632430341890536e-01
1.296350893306905672e-01
1.276364076556579519e-01
1.256668755118940939e-01
1.237261661662476947e-01
1.218139505907010617e-01
1.199298989379659341e-01
1.180736816433919645e-01
1.162449702294246906e-01
1.144434378754773940e-01
1.126687598048458777e-01
1.109206135308019314e-01
1.091986789960142645e-01
1.075026386328307715e-01
1.058321773664270687e-01
1.041869825782555520e-01
1.025667440434832461e-01
1.009711538530437963e-01
9.939990632838784090e-02
9.785269793503957592e-02
9.632922719938899481e-02
9.482919463188067832e-02
9.335230265869916277e-02
9.189825556327087253e-02
9.046675943823764832e-02
8.905752214812186207e-02
8.767025330249483828e-02
8.630466423923664754e-02
8.496046801726553355e-02
8.363737941800221398e-02
8.233511495474465924e-02
8.105339288911114770e-02
7.979193325367155143e-02
7.855045787992795403e-02
7.732869043080697891e-02
7.612635643687477860e-02
7.494318333555065326e-02
7.377890051260455051e-02
7.263323934533186255e-02
7.150593324680235008e-02
7.039671771067679273e-02
6.930533035611380344e-02
6.823151097235104212e-02
6.717500156259349764e-02
6.613554638688441678e-02
6.511289200368122754e-02
6.410678730990752860e-02
6.311698357926417979e-02
6.214323449864380539e-02
6.118529620251446366e-02
6.024292730515920513e-02
5.931588893068485274e-02
5.840394474075919634e-02
5.750686096001199343e-02
5.662440639909873535e-02
5.575635247541087247e-02
5.490247323144570313e-02
5.406254535085082413e-02
5.323634817218055038e-02
5.242366370040234952e-02
5.162427661619600761e-02
5.083797428310805888e-02
5.006454675261303583e-02
4.930378676715078956e-02
4.855548976120642457e-02
4.781945386049826774e-02
4.709547987935493868e-02
4.638337131634391597e-02
4.568293434823717664e-02
4.499397782238240967e-02
4.431631324755071211e-02
4.364975478334907899e-02
4.299411922825521759e-02
4.234922600635862566e-02
4.171489715287320099e-02
4.109095729849642636e-02
4.047723365268004331e-02
3.987355598587961208e-02
3.927975661085113257e-02
3.869567036305338742e-02
3.812113458022097640e-02
3.755598908116555834e-02
3.700007614386312954e-02
3.645324048288226676e-02
3.591532922620634810e-02
3.538619189150129379e-02
3.486568036188014003e-02
3.435364886120366446e-02
3.384995392897331701e-02
3.335445439485028307e-02
3.286701135284685049e-02
3.238748813522827202e-02
3.191575028616021326e-02
3.145166553514169155e-02
3.099510377025492883e-02
3.054593701126257638e-02
3.010403938258827961e-02
2.966928708620250252e-02
2.924155837444828918e-02
2.882073352282836162e-02
2.840669480277658449e-02
2.799932645444473678e-02
2.759851465951599844e-02
2.720414751407570358e-02
2.681611500155000813e-02
2.643430896573692804e-02
2.605862308394506222e-02
2.568895284025320483e-02
2.532519549890878754e-02
2.496725007787977194e-02
2.461501732256887384e-02
2.426839967970650588e-02
2.392730127143150379e-02
2.359162786956950711e-02
2.326128687012097435e-02
2.293618726796481724e-02
2.261623963178688301e-02
2.230135607924268668e-02
2.199145025235855685e-02
2.168643729317758576e-02
2.138623381965678097e-02
2.109075790182173699e-02
2.079992903818090114e-02
2.051366813240455139e-02
2.023189747027235447e-02
1.995454069689191895e-02
1.968152279419277742e-02
1.941277005869342098e-02
1.914821007955119433e-02
1.888777171688785228e-02
1.863138508039846944e-02
1.837898150824148619e-02
1.813049354621127512e-02
1.788585492719359585e-02
1.764500055090408026e-02
1.740786646390918638e-02
1.717438983992898224e-02
1.694450896042272448e-02
1.671816319545344973e-02
1.649529298483459056e-02
1.627583981955203415e-02
1.605974622346627995e-02
1.584695573528801041e-02
1.563741289082890007e-02
1.543106320552285401e-02
1.522785315721973849e-02
1.502773016924427441e-02
1.483064259372379907e-02
1.463653969517622264e-02
1.444537163436287845e-02
1.425708945239739962e-02
1.407164505511232858e-02
1.388899119767859555e-02
1.370908146947673496e-02
1.353187027921750815e-02
1.335731284030465885e-02
1.318536515644512866e-02
1.301598400749574835e-02
1.284912693554944758e-02
1.268475223125367819e-02
1.252281892036287078e-02
1.236328675051675229e-02
1.220611617824602854e-02
1.205126835619952860e-02
1.189870512059179077e-02
1.174838897886642565e-02
1.160028309757435427e-02
1.145435129046098489e-02
1.131055800676294444e-02
1.116886831970782118e-02
1.102924791521697583e-02
1.089166308080669575e-02
1.075608069468455760e-02
1.062246821504000439e-02
1.049079366952363271e-02
1.036102564491449968e-02
1.023313327697081450e-02
1.010708624046318012e-02
9.982854739384611903e-03
9.860409497338316898e-03
9.739721748096483861e-03
9.620763226330202034e-03
9.503506158506556944e-03
9.387923253950582192e-03
9.273987696068261219e-03
9.161673133730266830e-03
9.050953672810720801e-03
8.941803867881641457e-03
8.834198714057302573e-03
8.728113638988592091e-03
8.623524495003049434e-03
8.520407551389492032e-03
8.418739486822930662e-03
8.318497381930316584e-03
8.219658711990648209e-03
8.122201339771107850e-03
8.026103508493935904e-03
7.931343834933837766e-03
7.837901302642100165e-03
7.745755255295582418e-03
7.654885390169290267e-03
7.565271751729251044e-03
7.476894725343714333e-03
7.389735031110986757e-03
7.303773717802180057e-03
7.218992156915018769e-03
7.135372036839084803e-03
7.052895357128732834e-03
6.971544422882426650e-03
6.891301839226727025e-03
6.812150505902640416e-03
6.734073611952133206e-03
6.657054630504381267e-03
6.581077313658415494e-03
6.506125687460789439e-03
6.432184046977274146e-03
6.359236951456052715e-03
6.287269219580718903e-03
6.216265924812072741e-03
6.146212390816544781e-03
6.077094186979520307e-03
6.008897124002370027e-03
5.941607249582024977e-03
5.875210844170013040e-03
5.809694416811238965e-03
5.745044701060172086e-03
5.681248650972859672e-03
5.618293437173767571e-03
5.556166442995787158e-03
5.494855260692084985e-03
5.434347687718717873e-03
5.374631723085962140e-03
5.315695563778022152e-03
5.257527601239062563e-03
5.200116417924673454e-03
5.143450783917580954e-03
5.087519653605872098e-03
5.032312162423782480e-03
4.977817623651758540e-03
4.924025525277319314e-03
4.870925526913280276e-03
4.818507456773419087e-03
4.766761308704391478e-03
4.715677239272455731e-03
4.665245564904438487e-03
4.615456759081284360e-03
4.566301449584241404e-03
4.517770415791190486e-03
4.469854586023564412e-03
4.422545034942309411e-03
4.375832980991633918e-03
4.329709783890090154e-03
4.284166942168439463e-03
4.239196090752146012e-03
4.194788998589024480e-03
4.150937566320456185e-03
4.107633823995550902e-03
4.064869928826952451e-03
4.022638162988828418e-03
3.980930931454316167e-03
3.939740759873438213e-03
3.899060292489560983e-03
3.858882290094334082e-03
3.819199628019871468e-03
3.780005294168018413e-03
3.741292387075320375e-03
3.703054114013885900e-03
3.665283789126236227e-03
3.627974831595198908e-03
3.591120763846148822e-03
3.554715209782871154e-03
3.518751893055254831e-03
3.483224635358243056e-03
3.448127354762379245e-03
3.413454064074125573e-03
3.379198869226182275e-03
3.345355967697122030e-03
3.311919646959469912e-03
3.278884282956132622e-03
3.246244338604215539e-03
3.213994362325894080e-03
3.182128986606133809e-03
3.150642926576026348e-03
3.119530978622027731e-03
3.088788019020095258e-03
3.058409002594352898e-03
3.028388961400167723e-03
2.998723003430587859e-03
2.969406311346126353e-03
2.940434141227424303e-03
2.911801821350264163e-03
2.883504750982129623e-03
2.855538399201052770e-03
2.827898303734779645e-03
2.800580069821208707e-03
2.773579369088868818e-03
2.746891938457464519e-03
2.720513579058071382e-03
2.694440155172290151e-03
2.668667593190417360e-03
2.643191880588237775e-03
2.618009064921644584e-03
2.593115252839234795e-03
2.568506609112519452e-03
2.544179355682984946e-03
2.520129770726213178e-03
2.496354187732368387e-03
2.472848994602999933e-03
2.449610632763676160e-03
2.426635596292219931e-03
2.403920431062222737e-03
2.381461733901855168e-03
2.359256151766812339e-03
2.337300380928637646e-03
2.315591166176287231e-03
2.294125300032334204e-03
2.272899621982708927e-03
2.251911017719418918e-03
2.231156418397205968e-03
2.210632799902479025e-03
2.190337182135356376e-03
2.170266628303978412e-03
2.150418244231044104e-03
2.130789177672543465e-03
2.111376617648022015e-03
2.092177793782647004e-03
2.073189975660488186e-03
2.054410472188919045e-03
2.035836630974131520e-03
2.017465837707231244e-03
1.999295515561003937e-03
1.981323124596893678e-03
1.963546161182276768e-03
1.945962157417662321e-03
1.928568680573633336e-03
1.911363332537578978e-03
1.894343749269559530e-03
1.877507600267907042e-03
1.860852588043358010e-03
1.844376447602633995e-03
1.828076945940473180e-03
1.811951881540451326e-03
1.795999083884112710e-03
1.780216412968596432e-03
1.764601758832218606e-03
1.749153041088200586e-03
1.733868208466174182e-03
1.718745238361525434e-03
1.703782136392181009e-03
1.688976935962915480e-03
1.674327697836979802e-03
1.659832509714891579e-03
1.645489485820198069e-03
1.631296766492401195e-03
1.617252517786357639e-03
1.603354931078645367e-03
1.589602222680305474e-03
1.575992633456173601e-03
1.562524428450322994e-03
1.549195896518013862e-03
1.536005349963464250e-03
1.522951124183853557e-03
1.510031577319057147e-03
1.497245089907190329e-03
1.484590064545925720e-03
1.472064925559305121e-03
1.459668118670042012e-03
1.447398110677251565e-03
1.435253389139428629e-03
1.423232462062694499e-03
1.411333857593997845e-03
1.399556123719588110e-03
1.387897827968095693e-03
1.376357557118747330e-03
1.364933916914143385e-03
1.353625531777846594e-03
1.342431044536404345e-03
1.331349116146050143e-03
1.320378425423729537e-03
1.309517668782525729e-03
1.298765559971298616e-03
1.288120829818710294e-03
1.277582225981103601e-03
1.267148512694680606e-03
1.256818470531583356e-03
1.246590896159854769e-03
1.236464602107321953e-03
1.226438416529198770e-03
1.216511182979530814e-03
1.206681760186102681e-03
1.196949021829111538e-03
1.187311856323314046e-03
1.177769166603621041e-03
1.168319869914098566e-03
1.158962897600435528e-03
1.149697194905474661e-03
1.140521720768244160e-03
1.131435447626017278e-03
1.122437361219525646e-03
1.113526460401246740e-03
1.104701756946757478e-03
1.095962275369035321e-03
1.087307052735626443e-03
1.078735138488803261e-03
1.070245594268394744e-03
1.061837493737564008e-03
1.053509922411158739e-03
1.045261977486810698e-03
1.037092767678724284e-03
1.029001413053958532e-03
1.020987044871295591e-03
1.013048805422647096e-03
1.005185847876897184e-03
9.973973361261691262e-04
9.896824446344442555e-04
9.820403582886220745e-04
9.744702722517196080e-04
9.669713918185338444e-04
9.595429322733591742e-04
9.521841187499337309e-04
9.448941860936664605e-04
9.376723787257877814e-04
9.305179505097310993e-04
9.234301646194690303e-04
9.164082934099239191e-04
9.094516182893262355e-04
9.025594295935246425e-04
8.957310264622314741e-04
8.889657167170763371e-04
8.822628167416863036e-04
8.756216513633314743e-04
8.690415537366321524e-04
8.625218652288210892e-04
8.560619353068162378e-04
8.496611214260533845e-04
8.433187889209144009e-04
8.370343108968328642e-04
8.308070681240025627e-04
8.246364489327883069e-04
8.185218491105102079e-04
8.124626717999859898e-04
8.064583273994196640e-04
8.005082334639015453e-04
7.946118146083440761e-04
7.887685024118228864e-04
7.829777353234027753e-04
7.772389585693445339e-04
7.715516240616643101e-04
7.659151903080738122e-04
7.603291223232718637e-04
7.547928915414757424e-04
7.493059757303796543e-04
7.438678589062105301e-04
7.384780312501808145e-04
7.331359890261063402e-04
7.278412344992109696e-04
7.225932758561878257e-04
7.173916271264222473e-04
