1.202007400598120279e+00
1.632067358994755135e-01
1.627324934775605247e-01
1.624476689382338968e-01
1.621809215291334927e-01
1.618848592372273132e-01
1.615392675118961785e-01
1.611351019880283286e-01
1.606687396546736257e-01
1.601392759211003325e-01
1.595472181967044212e-01
1.588938402753001244e-01
1.581808522816672280e-01
1.574102249645993878e-01
1.565840918438819451e-01
1.557046918433629412e-01
1.547743335501557960e-01
1.537953712972689180e-01
1.527701878596093299e-01
1.517011809567437586e-01
1.505907520443270087e-01
1.494412965777123792e-01
1.482551953156097391e-01
1.470348064413057598e-01
1.457824583913813199e-01
1.445004433398838495e-01
1.431910113137704055e-01
1.418563649266002535e-01
1.404986547199543745e-01
1.391199751000559148e-01
1.377223608532596455e-01
1.363077842197591982e-01
1.348781525007373694e-01
1.334353061707297117e-01
1.319810174642329637e-01
1.305169894036242451e-01
1.290448552342979005e-01
1.275661782323495863e-01
1.260824518502517422e-01
1.245951001664723640e-01
1.231054786059827266e-01
1.216148748998316514e-01
1.201245102535568737e-01
1.186355406958113506e-01
1.171490585804890738e-01
1.156660942174569107e-01
1.141876176089519496e-01
1.127145402705938132e-01
1.112477171178552632e-01
1.097879484006345913e-01
1.083359816703333978e-01
1.068925137655051261e-01
1.054581928037055527e-01
1.040336201686463263e-01
1.026193524831327253e-01
1.012159035595059375e-01
9.982374632051695118e-02
9.844331468457520606e-02
9.707500541033335650e-02
9.571917989640629787e-02
9.437616593283718047e-02
9.304625940163632758e-02
9.172972592432607208e-02
9.042680245501640013e-02
8.913769881800827355e-02
8.786259918937440461e-02
8.660166352233282516e-02
8.535502891656851499e-02
8.412281093193359205e-02
8.290510484720881035e-02
8.170198686479383798e-02
8.051351526239801382e-02
7.933973149290407534e-02
7.818066123372027776e-02
7.703631538702611359e-02
7.590669103236341586e-02
7.479177233310488337e-02
7.369153139834795641e-02
7.260592910181697113e-02
7.153491585934529384e-02
7.047843236654416366e-02
6.943641029821007171e-02
6.840877297104992760e-02
6.739543597124045271e-02
6.639630774833975291e-02
6.541129017701884096e-02
6.444027908804397797e-02
6.348316476992116320e-02
6.253983244253999429e-02
6.161016270413777196e-02
6.069403195285543590e-02
5.979131278409826472e-02
5.890187436488804329e-02
5.802558278633748734e-02
5.716230139533160642e-02
5.631189110646556140e-02
5.547421069523649634e-02
5.464911707344917435e-02
5.383646554774902671e-02
5.303611006216290419e-02
5.224790342547667998e-02
5.147169752425744677e-02
5.070734352226926450e-02
4.995469204701911969e-02
4.921359336411329499e-02
4.848389754009038016e-02
4.776545459434826391e-02
4.705811464076528616e-02
4.636172801957913481e-02
4.567614542005902362e-02
4.500121799448182636e-02
4.433679746389880549e-02
4.368273621614990332e-02
4.303888739656148293e-02
4.240510499174249270e-02
4.178124390687347478e-02
4.116716003685438191e-02
4.056271033166976986e-02
3.996775285630151803e-02
3.938214684550902372e-02
3.880575275377202982e-02
3.823843230068425803e-02
3.768004851206691042e-02
3.713046575705022251e-02
3.658954978137091141e-02
3.605716773711434980e-02
3.553318820910675302e-02
3.501748123817546854e-02
3.450991834145852866e-02
3.401037252995409849e-02
3.351871832347780300e-02
3.303483176319378656e-02
3.255859042187148750e-02
3.208987341201594012e-02
3.162856139201000727e-02
3.117453657039403331e-02
3.072768270841293170e-02
3.028788512094171548e-02
2.985503067590120074e-02
2.942900779226712005e-02
2.900970643677005037e-02
2.859701811938292551e-02
2.819083588767151705e-02
2.779105432010692961e-02
2.739756951840327526e-02
2.701027909896077869e-02
2.662908218348335534e-02
2.625387938883167599e-02
2.588457281617777272e-02
2.552106603951519864e-02
2.516326409358344424e-02
2.481107346125153296e-02
2.446440206041590112e-02
2.412315923045335597e-02
2.378725571827408278e-02
2.345660366401444361e-02
2.313111658640558399e-02
2.281070936785692393e-02
2.249529823928538702e-02
2.218480076472062121e-02
2.187913582572155111e-02
2.157822360562165059e-02
2.128198557363978824e-02
2.099034446887351399e-02
2.070322428420097796e-02
2.042055025010995270e-02
2.014224881847749560e-02
1.986824764631589177e-02
1.959847557950327238e-02
1.933286263651586012e-02
1.907133999217390172e-02
1.881383996142102499e-02
1.856029598314369936e-02
1.831064260404736965e-02
1.806481546259857546e-02
1.782275127304535148e-02
1.758438780952174124e-02
1.734966389025121083e-02
1.711851936185075987e-02
1.689089508374944093e-02
1.666673291272320959e-02
1.644597568755574654e-02
1.622856721383018896e-02
1.601445224885620841e-02
1.580357648673943669e-02
1.559588654359416425e-02
1.539132994290792582e-02
1.518985510105713699e-02
1.499141131297989510e-02
1.479594873800719156e-02
1.460341838585603111e-02
1.441377210278548850e-02
1.422696255791924477e-02
1.404294322973454433e-02
1.386166839271930906e-02
1.368309310420005517e-02
1.350717319133816659e-02
1.333386523829948461e-02
1.316312657359324650e-02
1.299491525758446515e-02
1.282919007017650596e-02
1.266591049866661045e-02
1.250503672577293023e-02
1.234652961783069824e-02
1.219035071316103801e-02
1.203646221060958310e-02
1.188482695825229113e-02
1.173540844227168554e-02
1.158817077599920940e-02
1.144307868912379511e-02
1.130009751706653742e-02
1.115919319051804012e-02
1.102033222513869488e-02
1.088348171142125391e-02
1.074860930471107159e-02
1.061568321538706311e-02
1.048467219919793636e-02
1.035554554775416740e-02
1.022827307917368971e-02
1.010282512887970482e-02
9.979172540548331485e-03
9.857286657206169520e-03
9.737139312473034117e-03
9.618702821951131965e-03
9.501949974757522080e-03
9.386854025197777923e-03
9.273388684580004260e-03
9.161528113166285750e-03
9.051246912260965324e-03
8.942520116433448629e-03
8.835323185872318366e-03
8.729631998872094262e-03
8.625422844447682563e-03
8.522672415075665045e-03
8.421357799562616611e-03
8.321456476034756397e-03
8.222946305050602908e-03
8.125805522833422223e-03
8.030012734621007689e-03
7.935546908132702637e-03
7.842387367150078711e-03
7.750513785210946284e-03
7.659906179414170332e-03
7.570544904333791243e-03
7.482410646040499845e-03
7.395484416229248029e-03
7.309747546450787517e-03
7.225181682445900797e-03
7.141768778580123711e-03
7.059491092377682096e-03
6.978331179153273757e-03
6.898271886739805805e-03
6.819296350309449715e-03
6.741387987289169416e-03
6.664530492365921578e-03
6.588707832582298314e-03
6.513904242520350205e-03
6.440104219571515798e-03
6.367292519292544820e-03
6.295454150844394942e-03
6.224574372513636336e-03
6.154638687315159250e-03
6.085632838673686595e-03
6.017542806183765434e-03
5.950354801446296193e-03
5.884055263980490259e-03
5.818630857210132720e-03
5.754068464522092870e-03
5.690355185396629711e-03
5.627478331607931213e-03
5.565425423493459631e-03
5.504184186290983147e-03
5.443742546542416905e-03
5.384088628562577403e-03
5.325210750972506762e-03
5.267097423295561028e-03
5.209737342615332681e-03
5.153119390294705685e-03
5.097232628753999538e-03
5.042066298308059240e-03
4.987609814061173992e-03
4.933852762857506187e-03
4.880784900288126157e-03
4.828396147751692381e-03
4.776676589568805767e-03
4.725616470149090857e-03
4.675206191209284844e-03
4.625436309042383828e-03
4.576297531836273809e-03
4.527780717040930450e-03
4.479876868783585694e-03
4.432577135331032883e-03
4.385872806597791891e-03
4.339755311699373605e-03
4.294216216550576955e-03
4.249247221506719484e-03
4.204840159047869980e-03
4.160986991505371060e-03
4.117679808829128631e-03
4.074910826395684686e-03
4.032672382855955438e-03
3.990956938021634690e-03
3.949757070790351800e-03
3.909065477108078501e-03
3.868874967968284530e-03
3.829178467447608755e-03
3.789969010776633729e-03
3.751239742445781466e-03
3.712983914345191570e-03
3.675194883938332369e-03
3.637866112468413071e-03
3.600991163197184066e-03
3.564563699675375123e-03
3.528577484044262327e-03
3.493026375367885850e-03
3.457904327995178252e-03
3.423205389951455152e-03
3.388923701358899625e-03
3.355053492885194666e-03
3.321589084220181402e-03
3.288524882579680914e-03
3.255855381236170010e-03
3.223575158075565449e-03
3.191678874180096243e-03
3.160161272436109569e-03
3.129017176167224468e-03
3.098241487791300684e-03
3.067829187501822444e-03
3.037775331972405232e-03
3.008075053084618977e-03
2.978723556678281124e-03
2.949716121323958488e-03
2.921048097117315799e-03
2.892714904494795691e-03
2.864712033070327020e-03
2.837035040492486438e-03
2.809679551322273681e-03
2.782641255930127979e-03
2.755915909412892054e-03
2.729499330529737942e-03
2.703387400656794438e-03
2.677576062760259317e-03
2.652061320387475492e-03
2.626839236676061732e-03
2.601905933379770886e-03
2.577257589912437374e-03
2.552890442407592265e-03
2.528800782795443368e-03
2.504984957895501664e-03
2.481439368525168929e-03
2.458160468624086183e-03
2.435144764393487506e-03
2.412388813450737877e-03
2.389889223998467420e-03
2.367642654008257370e-03
2.345645810418618867e-03
2.323895448346426692e-03
2.302388370312780271e-03
2.281121425481509937e-03
2.260091508911391423e-03
2.239295560821047675e-03
2.218730565866615639e-03
2.198393552431945550e-03
2.178281591930841376e-03
2.158391798121516748e-03
2.138721326432739458e-03
2.119267373301675361e-03
2.100027175522723930e-03
2.080998009608142109e-03
2.062177191159104278e-03
2.043562074247619841e-03
2.025150050809205234e-03
2.006938550045871909e-03
1.988925037839018705e-03
1.971107016172714364e-03
1.953482022566580423e-03
1.936047629518324173e-03
1.918801443955777666e-03
1.901741106698166123e-03
1.884864291926784162e-03
1.868168706664063549e-03
1.851652090262045740e-03
1.835312213899116269e-03
1.819146880085397572e-03
1.803153922176376324e-03
1.787331203894804762e-03
1.771676618860566115e-03
1.756188090128449732e-03
1.740863569733714896e-03
1.725701038245253376e-03
1.710698504326207611e-03
1.695854004301905948e-03
1.681165601735100639e-03
1.666631387008247729e-03
1.652249476912584676e-03
1.638018014244461279e-03
1.623935167407843409e-03
1.609999130023833042e-03
1.596208120546451078e-03
1.582560381884886127e-03
1.569054181031862526e-03
1.555687808698315820e-03
1.542459578953945696e-03
1.529367828873787324e-03
1.516410918190591204e-03
1.503587228952830458e-03
1.490895165188455690e-03
1.478333152574053079e-03
1.465899638109510218e-03
1.453593089797909979e-03
1.441411996330780763e-03
1.429354866778345581e-03
1.417420230284950579e-03
1.405606635769329977e-03
1.393912651629863756e-03
1.382336865454537097e-03
1.370877883735654047e-03
1.359534331589130202e-03
1.348304852478424912e-03
1.337188107942765625e-03
1.326182777329939751e-03
1.315287557533307552e-03
1.304501162733038211e-03
1.293822324141570166e-03
1.283249789753060453e-03
1.272782324097020351e-03
1.262418707995695017e-03
1.252157738325485655e-03
1.241998227782144509e-03
1.231939004649680851e-03
1.221978912572940258e-03
1.212116810333980100e-03
1.202351571631683118e-03
1.192682084865234011e-03
1.183107252920716137e-03
1.173625992961344630e-03
1.164237236220845659e-03
1.154939927800155940e-03
1.145733026467401746e-03
1.136615504460938841e-03
1.127586347295482820e-03
1.118644553571443261e-03
1.109789134787046673e-03
1.101019115153609694e-03
1.092333531413497861e-03
1.083731432661130985e-03
1.075211880166664340e-03
1.066773947202452784e-03
1.058416718872279153e-03
1.050139291943123603e-03
1.041940774679660144e-03
1.033820286681285663e-03
1.025776958721671440e-03
1.017809932590809426e-03
1.009918360939452862e-03
1.002101407126128633e-03
9.943582450662668496e-04
9.866880590838590041e-04
9.790900437652955927e-04
9.715634038155097256e-04
9.641073539162786253e-04
9.567211185867452450e-04
9.494039320460238331e-04
9.421550380779985124e-04
9.349736898980813386e-04
9.278591500220685065e-04
9.208106901370204361e-04
9.138275909740159030e-04
9.069091421829375294e-04
9.000546422090915282e-04
8.932633981717441000e-04
8.865347257444874214e-04
8.798679490374081190e-04
8.732624004809993578e-04
8.667174207119220358e-04
8.602323584604069191e-04
8.538065704393434704e-04
8.474394212351469852e-04
8.411302832000968829e-04
8.348785363464577506e-04
8.286835682420521342e-04
8.225447739074786060e-04
8.164615557148492339e-04
8.104333232879935411e-04
8.044594934042476790e-04
7.985394898975727235e-04
7.926727435632191510e-04
7.868586920637764921e-04
7.810967798366085955e-04
7.753864580026378558e-04
7.697271842765638413e-04
7.641184228782741100e-04
7.585596444456814023e-04
7.530503259488198096e-04
7.475899506051154582e-04
7.421780077960439970e-04
7.368139929849143541e-04
7.314974076358677756e-04
7.262277591341269496e-04
7.210045607073037452e-04
