-8.801833491031191770e-07
5.422168166674195926e-03
6.674369566166745739e-03
7.349954670804647629e-03
7.698748653675260671e-03
7.888072441956554132e-03
7.992756234509543894e-03
8.048825858974480857e-03
8.074831811419280053e-03
8.080765066615673217e-03
8.072220642353177336e-03
8.052473905323707590e-03
8.023551738986596168e-03
7.986795583938581175e-03
7.943161075220131137e-03
7.893379233756204344e-03
7.838044259415883480e-03
7.777662153692133963e-03
7.712678298306250083e-03
7.643493629098972036e-03
7.570474548595765817e-03
7.493959332193908356e-03
7.414262512070455072e-03
7.331678046131482641e-03
7.246481718408867047e-03
7.158933024323211117e-03
7.069276690397858880e-03
6.977743921516582452e-03
6.884553437335895650e-03
6.789912341380204865e-03
6.694016855358498989e-03
6.597052944119566331e-03
6.499196851773124742e-03
6.400615565765255949e-03
6.301467222875184286e-03
6.201901468709398665e-03
6.102059780322749080e-03
6.002075759929124781e-03
5.902075406231485633e-03
5.802177368708174611e-03
5.702493189141275877e-03
5.603127533775875344e-03
5.504178418801346229e-03
5.405737431145423051e-03
5.307889946090219718e-03
5.210715342758018460e-03
5.114287218177533678e-03
5.018673600300469460e-03
4.923937160160407264e-03
4.830135423127742203e-03
4.737320979118928889e-03
4.645541691488028722e-03
4.554840904236664816e-03
4.465257647202161041e-03
4.376826838756606164e-03
4.289579485635724304e-03
4.203542879446357967e-03
4.118740789482968657e-03
4.035193651447032022e-03
3.952918751736003017e-03
3.871930406993621086e-03
3.792240138633577382e-03
3.713856842119443811e-03
3.636786950777317045e-03
3.561034594019355220e-03
3.486601749830118332e-03
3.413488391438941703e-03
3.341692628143834529e-03
3.271210840235194879e-03
3.202037808079016921e-03
3.134166835345632805e-03
3.067589866481274657e-03
3.002297598490315158e-03
2.938279587130630376e-03
2.875524347637211514e-03
2.814019450123701402e-03
2.753751609761598881e-03
2.694706771948220028e-03
2.636870192570313354e-03
2.580226513567235314e-03
2.524759833936310750e-03
2.470453776380930090e-03
2.417291549751659791e-03
2.365256007466894333e-03
2.314329702098051524e-03
2.264494936274622210e-03
2.215733810087444720e-03
2.168028265163639973e-03
2.121360125582859302e-03
2.075711135766791955e-03
2.031062995545248381e-03
1.987397392506624980e-03
1.944696031806173028e-03
1.902940663571982619e-03
1.862113108034866085e-03
1.822195278521452407e-03
1.783169202440102038e-03
1.745017040372057009e-03
1.707721103392876661e-03
1.671263868725264340e-03
1.635627993839798393e-03
1.600796329093930959e-03
1.566751929009049717e-03
1.533478062280890526e-03
1.500958220598054733e-03
1.469176126363517078e-03
1.438115739382543916e-03
1.407761262602804948e-03
1.378097146965529809e-03
1.349108095437849802e-03
1.320779066287564203e-03
1.293095275652456121e-03
1.266042199468035614e-03
1.239605574793321624e-03
1.213771400592080548e-03
1.188525938009253992e-03
1.163855710182556524e-03
1.139747501639464975e-03
1.116188357302029055e-03
1.093165581141542983e-03
1.070666734517002842e-03
1.048679634224140280e-03
1.027192350283949321e-03
1.006193203495091715e-03
9.856707627768990579e-04
9.656138423290689483e-04
9.460114986139941343e-04
9.268530272086857686e-04
9.081279595096201961e-04
8.898260593415397400e-04
8.719373194595940154e-04
8.544519579725373378e-04
8.373604146984457144e-04
8.206533474643515260e-04
8.043216283560567339e-04
7.883563399401048591e-04
7.727487714551935314e-04
7.574904149882594542e-04
7.425729616464654117e-04
7.279882977211059574e-04
7.137285008634014884e-04
6.997858362690322900e-04
6.861527528808108491e-04
6.728218796142237858e-04
6.597860216104385785e-04
6.470381565177023980e-04
6.345714308127420409e-04
6.223791561554279424e-04
6.104548057867316847e-04
5.987920109715417182e-04
5.873845574849026821e-04
5.762263821494149722e-04
5.653115694202656954e-04
5.546343480219270618e-04
5.441890876391008817e-04
5.339702956599015485e-04
5.239726139755559878e-04
5.141908158321838000e-04
5.046198027427111583e-04
4.952546014519504033e-04
4.860903609601385181e-04
4.771223496031060845e-04
4.683459521883817471e-04
4.597566671888403834e-04
4.513501039929610457e-04
4.431219802113967932e-04
4.350681190395162433e-04
4.271844466753757725e-04
4.194669897936667449e-04
4.119118730727211550e-04
4.045153167792014341e-04
3.972736344004392070e-04
3.901832303359350053e-04
3.832405976364231751e-04
3.764423157971099774e-04
3.697850485988287078e-04
3.632655420039158554e-04
3.568806220951196246e-04
3.506271930671168752e-04
3.445022352646810032e-04
3.385028032659175056e-04
3.326260240139634352e-04
3.268690949914003019e-04
3.212292824397242476e-04
3.157039196223236817e-04
3.102904051293336844e-04
3.049862012245542009e-04
2.997888322327833355e-04
2.946958829666988171e-04
2.897049971947298968e-04
2.848138761435521030e-04
2.800202770416958102e-04
2.753220116972693917e-04
2.707169451128015525e-04
2.662029941335427902e-04
2.617781261319701569e-04
2.574403577237564344e-04
2.531877535178280359e-04
2.490184248966222742e-04
2.449305288299250287e-04
2.409222667153899488e-04
2.369918832531482276e-04
2.331376653456338540e-04
2.293579410277645208e-04
2.256510784233703079e-04
2.220154847294058599e-04
2.184496052267826532e-04
2.149519223148492323e-04
2.115209545728086366e-04
2.081552558443084007e-04
2.048534143466838203e-04
2.016140518018077414e-04
1.984358225907911441e-04
1.953174129310321415e-04
1.922575400721448146e-04
1.892549515161194779e-04
1.863084242547581343e-04
1.834167640296310593e-04
1.805788046089016458e-04
1.777934070842466391e-04
1.750594591861827083e-04
1.723758746166838480e-04
1.697415923993833727e-04
1.671555762462252918e-04
1.646168139422462824e-04
1.621243167438900495e-04
1.596771187951198689e-04
1.572742765569812263e-04
1.549148682543169419e-04
1.525979933340552855e-04
1.503227719396949067e-04
1.480883443986281826e-04
1.458938707230824966e-04
1.437385301230981139e-04
1.416215205339666297e-04
1.395420581540472650e-04
1.374993769955811483e-04
1.354927284469505425e-04
1.335213808464808145e-04
1.315846190666203059e-04
1.296817441098471789e-04
1.278120727137135382e-04
1.259749369676255539e-04
1.241696839384576635e-04
1.223956753061169306e-04
1.206522870082232682e-04
1.189389088947789028e-04
1.172549443908824438e-04
1.155998101679880377e-04
1.139729358245435484e-04
1.123737635742830292e-04
1.108017479419041968e-04
1.092563554679867909e-04
1.077370644197135841e-04
1.062433645107041242e-04
1.047747566265659630e-04
1.033307525584855279e-04
1.019108747426356851e-04
1.005146560073589288e-04
9.914163932591080674e-05
9.779137757534672010e-05
9.646343330272421431e-05
9.515737849565521146e-05
9.387279435980690786e-05
9.260927110165553615e-05
9.136640771620124692e-05
9.014381178134896341e-05
8.894109925595481531e-05
8.775789428409327747e-05
8.659382900337076784e-05
8.544854335892732250e-05
8.432168492115094474e-05
8.321290870883978551e-05
8.212187701608743349e-05
8.104825924390454228e-05
7.999173173592020200e-05
7.895197761804920048e-05
7.792868664230558518e-05
7.692155503429003074e-05
7.593028534482825062e-05
7.495458630483602157e-05
7.399417268399891923e-05
7.304876515299712375e-05
7.211809014891963653e-05
7.120187974423454458e-05
7.029987151874641084e-05
6.941180843456288131e-05
6.853743871485488840e-05
6.767651572475858726e-05
6.682879785543245600e-05
6.599404841112059029e-05
6.517203549883205597e-05
6.436253192065715669e-05
6.356531506899748150e-05
6.278016682353753340e-05
6.200687345192660617e-05
6.124522551167990074e-05
6.049501775513091857e-05
5.975604903662951544e-05
5.902812222156127273e-05
5.831104409793618377e-05
5.760462529013729463e-05
5.690868017420910846e-05
5.622302679590890969e-05
5.554748679007684393e-05
5.488188530233901129e-05
5.422605091231077698e-05
5.357981555906906631e-05
5.294301446790494666e-05
5.231548607919606861e-05
5.169707197887609621e-05
5.108761683000485318e-05
5.048696830710136860e-05
4.989497703080084161e-05
4.931149650487443492e-05
4.873638305415639653e-05
4.816949576433193661e-05
4.761069642299833047e-05
4.705984946211383413e-05
4.651682190158482928e-05
4.598148329434205211e-05
4.545370567299991996e-05
4.493336349697568845e-05
4.442033360146608407e-05
4.391449514759930686e-05
4.341572957307148162e-05
4.292392054492791861e-05
4.243895391243722936e-05
4.196071766179909260e-05
4.148910187137361635e-05
4.102399866827492443e-05
4.056530218580937046e-05
4.011290852169130085e-05
3.966671569763941386e-05
3.922662361954275164e-05
3.879253403857643983e-05
3.836435051341144815e-05
3.794197837291798144e-05
3.752532468006527432e-05
3.711429819639258405e-05
3.670880934723985017e-05
3.630877018820539981e-05
3.591409437161891997e-05
3.552469711437248787e-05
3.514049516629341784e-05
3.476140677894618111e-05
3.438735167562629761e-05
3.401825102160366189e-05
3.365402739511055342e-05
3.329460475917989847e-05
3.293990843387169676e-05
3.258986506909951336e-05
3.224440261827201271e-05
3.190345031238924102e-05
3.156693863449314456e-05
3.123479929504565002e-05
3.090696520771317164e-05
3.058337046546737333e-05
3.026395031754970779e-05
2.994864114657972104e-05
2.963738044640331791e-05
2.933010680046658458e-05
2.902675986029405018e-05
2.872728032502523470e-05
2.843160992059833668e-05
2.813969138019870354e-05
2.785146842453792594e-05
2.756688574278235565e-05
2.728588897401521012e-05
2.700842468870317650e-05
2.673444037098739892e-05
2.646388440106579970e-05
2.619670603805631195e-05
2.593285540328461454e-05
2.567228346369491057e-05
2.541494201583759278e-05
2.516078367013675516e-05
2.490976183543378640e-05
2.466183070392644655e-05
2.441694523623127148e-05
2.417506114716477987e-05
2.393613489132854447e-05
2.370012364926269373e-05
2.346698531398090686e-05
2.323667847754408439e-05
2.300916241803532944e-05
2.278439708673906392e-05
2.256234309578480324e-05
2.234296170568805047e-05
2.212621481352558084e-05
2.191206494106785285e-05
2.170047522327348536e-05
2.149140939707985389e-05
2.128483179025156987e-05
2.108070731056868445e-05
2.087900143532305639e-05
2.067968020078043555e-05
2.048271019207623393e-05
2.028805853315439380e-05
2.009569287714477491e-05
1.990558139661555357e-05
1.971769277423356633e-05
1.953199619364856507e-05
1.934846133027108149e-05
1.916705834265287068e-05
1.898775786369935768e-05
1.881053099217467293e-05
1.863534928443904233e-05
1.846218474623493937e-05
1.829100982469972707e-05
1.812179740054009337e-05
1.795452078031733263e-05
1.778915368895879853e-05
1.762567026229122050e-05
1.746404503989410046e-05
1.730425295790891801e-05
1.714626934214058589e-05
1.699006990117175303e-05
1.683563071970289288e-05
1.668292825200719847e-05
1.653193931541749879e-05
1.638264108408310412e-05
1.623501108269404753e-05
1.608902718056611145e-05
1.594466758548320650e-05
1.580191083797742572e-05
1.566073580559952400e-05
1.552112167721705145e-05
1.538304795758636972e-05
1.524649446188322812e-05
1.511144131042221966e-05
1.497786892347004423e-05
1.484575801607134006e-05
1.471508959309408481e-05
1.458584494432645724e-05
1.445800563959122235e-05
1.433155352405797824e-05
1.420647071355542853e-05
1.408273959008556357e-05
1.396034279731266962e-05
1.383926323612715473e-05
1.371948406041186287e-05
1.360098867275423740e-05
1.348376072037173163e-05
1.336778409095381737e-05
1.325304290873543318e-05
1.313952153053194019e-05
1.302720454186704477e-05
1.291607675329790545e-05
1.280612319656531228e-05
1.269732912108179335e-05
1.258967999023647251e-05
1.248316147798673758e-05
1.237775946530071376e-05
1.227346003692752032e-05
1.217024947793249579e-05
1.206811427049819345e-05
1.196704109068032810e-05
1.186701680535966197e-05
1.176802846903698788e-05
1.167006332086849360e-05
1.157310878165888806e-05
1.147715245095641887e-05
1.138218210417576223e-05
1.128818568975640873e-05
1.119515132641201527e-05
1.110306730041263720e-05
1.101192206289925100e-05
1.092170422724326464e-05
1.083240256651802251e-05
1.074400601091267838e-05
1.065650364522704458e-05
1.056988470655508569e-05
1.048413858171263529e-05
1.039925480496535208e-05
1.031522305573279301e-05
1.023203315625891005e-05
1.014967506937501249e-05
1.006813889635550128e-05
9.987414874694505859e-06
9.907493376004163288e-06
9.828364903977936015e-06
9.750020092227601427e-06
9.672449702382193134e-06
9.595644622059028409e-06
9.519595862898830608e-06
9.444294558698746592e-06
9.369731963494772544e-06
9.295899449735325632e-06
9.222788506468059867e-06
9.150390737511908016e-06
9.078697859786366716e-06
9.007701701503277638e-06
8.937394200509433040e-06
8.867767402617968294e-06
8.798813460007711868e-06
8.730524629497491221e-06
8.662893271115490763e-06
8.595911846434085038e-06
8.529572917057242856e-06
