-4.801821954500435179e-08
9.609093332458745404e-03
1.253203184674854011e-02
1.382860250978911257e-02
1.455061922825883272e-02
1.496652460496790057e-02
1.519301906105418633e-02
1.529457736837610757e-02
1.531057002572177618e-02
1.526621905922471295e-02
1.517817186492205830e-02
1.505768534822111288e-02
1.491254856156492073e-02
1.474827861305256019e-02
1.456887944243592629e-02
1.437733108320393693e-02
1.417590977939344431e-02
1.396640031060589378e-02
1.375023862748472013e-02
1.352860880261278105e-02
1.330250963472853938e-02
1.307280084509123384e-02
1.284023539633500320e-02
1.260548228280057928e-02
1.236914272561452643e-02
1.213176177412216179e-02
1.189383669367275083e-02
1.165582309969520267e-02
1.141813951042557930e-02
1.118117079184747023e-02
1.094527082936149094e-02
1.071076466276024534e-02
1.047795025156608717e-02
1.024709998819395285e-02
1.001846204085962005e-02
9.792261582689393284e-03
9.568701945219052971e-03
9.347965721428460120e-03
9.130215834153557544e-03
8.915596579262023355e-03
8.704234648410984557e-03
8.496240133201483219e-03
8.291707510544577692e-03
8.090716607823518480e-03
7.893333545784005437e-03
7.699611656763962961e-03
7.509592375894731837e-03
7.323306102979828570e-03
7.140773033136271937e-03
6.962003954468992152e-03
6.787001011535169492e-03
6.615758433614680849e-03
6.448263227245566200e-03
6.284495832709914229e-03
6.124430744573521046e-03
5.968037096536565889e-03
5.815279211186861856e-03
5.666117115371914308e-03
5.520507022118049598e-03
5.378401780154000965e-03
5.239751292184785872e-03
5.104502903190053474e-03
4.972601760013566942e-03
4.843991143619807635e-03
4.718612775369423681e-03
4.596407098681775695e-03
4.477313537462685594e-03
4.361270732624017432e-03
4.248216758032281014e-03
4.138089317159820285e-03
4.030825921683674727e-03
3.926364053227122258e-03
3.824641309418347433e-03
3.725595535316320300e-03
3.629164941307856142e-03
3.535288208431853953e-03
3.443904582087172969e-03
3.354953955014821493e-03
3.268376940387023380e-03
3.184114935796976843e-03
3.102110178882350276e-03
3.022305795280586481e-03
2.944645839554871445e-03
2.869075329707142241e-03
2.795540275814206981e-03
2.723987703348623030e-03
2.654365671621602193e-03
2.586623287847181988e-03
2.520710717193176166e-03
2.456579189252019839e-03
2.394181001252815126e-03
2.333469518354909684e-03
2.274399171329541565e-03
2.216925451898958590e-03
2.161004905990454323e-03
2.106595125147105521e-03
2.053654736298674618e-03
2.002143390101495876e-03
1.952021748017241645e-03
1.903251468302753248e-03
1.855795191054158532e-03
1.809616522453161031e-03
1.764680018325468338e-03
1.720951167136302489e-03
1.678396372521915626e-03
1.636982935445981243e-03
1.596679036070392486e-03
1.557453715419436242e-03
1.519276856890706354e-03
1.482119167694590693e-03
1.445952160261004685e-03
1.410748133669655719e-03
1.376480155150583374e-03
1.343122041687488293e-03
1.310648341761031996e-03
1.279034317266225301e-03
1.248255925624838910e-03
1.218289802122623101e-03
1.189113242484091722e-03
1.160704185710195952e-03
1.133041197187163512e-03
1.106103452089432721e-03
1.079870719069312476e-03
1.054323344262388801e-03
1.029442235603110576e-03
1.005208847457172419e-03
9.816051655802046898e-04
9.586136924003905817e-04
9.362174326282626802e-04
9.143998791937192226e-04
8.931449995123963643e-04
8.724372220781385348e-04
8.522614233774329293e-04
8.326029151319110002e-04
8.134474318533976801e-04
7.947811187191811252e-04
7.765905197593003404e-04
7.588625663478017853e-04
7.415845660020671483e-04
7.247441914755093154e-04
7.083294701469536499e-04
6.923287736969109844e-04
6.767308080635975418e-04
6.615246036801882262e-04
6.466995059793185932e-04
6.322451661664167015e-04
6.181515322482390240e-04
6.044088403192945805e-04
5.910076060932859671e-04
5.779386166794473704e-04
5.651929225911801616e-04
5.527618299889521620e-04
5.406368931464646021e-04
5.288099071334721648e-04
5.172729007183703761e-04
5.060181294697903634e-04
4.950380690689344361e-04
4.843254088127062575e-04
4.738730453133200259e-04
4.636740763795597063e-04
4.537217950849908757e-04
4.440096840057797343e-04
4.345314096361311044e-04
4.252808169672959993e-04
4.162519242273526052e-04
4.074389177808541746e-04
3.988361471799330236e-04
3.904381203630738419e-04
3.822394990001448450e-04
3.742350939730589867e-04
3.664198609977666705e-04
3.587888963730815218e-04
3.513374328602038581e-04
3.440608356849390371e-04
3.369545986610952924e-04
3.300143404309842940e-04
3.232358008171166172e-04
3.166148372874294948e-04
3.101474215225350677e-04
3.038296360913292208e-04
2.976576712227856319e-04
2.916278216773444693e-04
2.857364837114472291e-04
2.799801521343018326e-04
2.743554174528944618e-04
2.688589631029156355e-04
2.634875627632197797e-04
2.582380777505717583e-04
2.531074544941045433e-04
2.480927220834396952e-04
2.431909898927089072e-04
2.383994452748861145e-04
2.337153513245888677e-04
2.291360447094326449e-04
2.246589335653143037e-04
2.202814954548861978e-04
2.160012753878792291e-04
2.118158838987148720e-04
2.077229951837331924e-04
2.037203452930189574e-04
1.998057303752156318e-04
1.959770049765037850e-04
1.922320803884484193e-04
1.885689230460734823e-04
1.849855529729833262e-04
1.814800422729091083e-04
1.780505136656856610e-04
1.746951390665084651e-04
1.714121382070873402e-04
1.681997772990219213e-04
1.650563677335932912e-04
1.619802648229658746e-04
1.589698665764054304e-04
1.560236125135907172e-04
1.531399825123966893e-04
1.503174956894581121e-04
1.475547093157097555e-04
1.448502177619370875e-04
1.422026514750116238e-04
1.396106759856213472e-04
1.370729909429314896e-04
1.345883291789113354e-04
1.321554557988876308e-04
1.297731672988160147e-04
1.274402907082114770e-04
1.251556827579095390e-04
1.229182290717295394e-04
1.207268433812408714e-04
1.185804667635378479e-04
1.164780669012396668e-04
1.144186373626651426e-04
1.124011969040213235e-04
1.104247887907847358e-04
1.084884801381002807e-04
1.065913612712427762e-04
1.047325451032987481e-04
1.029111665309997693e-04
1.011263818478403824e-04
9.937736817321112339e-05
9.766332289881543647e-05
9.598346315007046602e-05
9.433702526220319245e-05
9.272326427249093477e-05
9.114145342563066059e-05
8.959088369390272256e-05
8.807086330995787956e-05
8.658071731332720009e-05
8.511978710968832269e-05
8.368743004168599107e-05
8.228301897322935776e-05
8.090594188333460370e-05
7.955560147317391280e-05
7.823141478290293366e-05
7.693281281970429917e-05
7.565924019586459700e-05
7.441015477669893157e-05
7.318502733848393244e-05
7.198334123591473344e-05
7.080459207881725715e-05
6.964828741655979850e-05
6.851394643300233521e-05
6.740109964863247229e-05
6.630928863045120955e-05
6.523806571127615682e-05
6.418699371528964535e-05
6.315564569168630378e-05
6.214360465575659396e-05
6.115046333619186488e-05
6.017582393004086521e-05
5.921929786414731822e-05
5.828050556253584329e-05
5.735907622066766692e-05
5.645464758531136253e-05
5.556686574083268389e-05
5.469538490050078504e-05
5.383986720421747758e-05
5.299998252080408758e-05
5.217540825642900325e-05
5.136582916742450666e-05
5.057093717833164193e-05
4.979043120498664377e-05
4.902401698182701998e-05
4.827140689449299925e-05
4.753231981601833874e-05
4.680648094794239984e-05
4.609362166511067968e-05
4.539347936538386475e-05
4.470579732212899468e-05
4.403032454168983808e-05
4.336681562363201958e-05
4.271503062566536107e-05
4.207473493100272351e-05
4.144569911978081208e-05
4.082769884401190257e-05
4.022051470508878262e-05
3.962393213516060634e-05
3.903774128117035012e-05
3.846173689191817506e-05
3.789571820822066771e-05
3.733948885556754725e-05
3.679285674009845732e-05
3.625563394640582524e-05
3.572763663903052067e-05
3.520868496512652820e-05
3.469860296110385573e-05
3.419721846044983525e-05
3.370436300434840373e-05
3.321987175480152612e-05
3.274358340942914634e-05
3.227534011886778781e-05
3.181498740604336698e-05
3.136237408756443513e-05
3.091735219678671788e-05
3.047977690961353048e-05
3.004950647093353110e-05
2.962640212394423081e-05
2.921032804103260405e-05
2.880115125586613306e-05
2.839874159753009747e-05
2.800297162671165464e-05
2.761371657244696994e-05
2.723085427147244137e-05
2.685426510852227010e-05
2.648383195816082753e-05
2.611944012812070817e-05
2.576097730408152456e-05
2.540833349554747674e-05
2.506140098335908538e-05
2.472007426849025008e-05
2.438425002171804286e-05
2.405382703495922544e-05
2.372870617351926484e-05
2.340879032963391119e-05
2.309398437701275448e-05
2.278419512658829552e-05
2.247933128337335619e-05
2.217930340421671724e-05
2.188402385667053093e-05
2.159340677882350029e-05
2.130736804006132902e-05
2.102582520286985887e-05
2.074869748548770310e-05
2.047590572533961387e-05
2.020737234352444977e-05
1.994302131020215702e-05
1.968277811036871878e-05
1.942656971114205546e-05
1.917432452891060742e-05
1.892597239834264576e-05
1.868144454117167503e-05
1.844067353620894274e-05
1.820359329003055977e-05
1.797013900820102649e-05
1.774024716713099332e-05
1.751385548706482103e-05
1.729090290489157191e-05
1.707132954832662561e-05
1.685507671045979595e-05
1.664208682457865896e-05
1.643230343999022437e-05
1.622567119823930656e-05
1.602213581004847948e-05
1.582164403221963725e-05
1.562414364587489342e-05
1.542958343458217198e-05
1.523791316330493084e-05
1.504908355765730012e-05
1.486304628370021853e-05
1.467975392826819201e-05
1.449915997963297990e-05
1.432121880858131260e-05
1.414588565020751014e-05
1.397311658567344754e-05
1.380286852469571324e-05
1.363509918833324915e-05
1.346976709227374732e-05
1.330683153023720654e-05
1.314625255796482091e-05
1.298799097763143572e-05
1.283200832229514909e-05
1.267826684100719439e-05
1.252672948414956619e-05
1.237735988899629841e-05
1.223012236573817454e-05
1.208498188380516829e-05
1.194190405837957671e-05
1.180085513726699935e-05
1.166180198817000195e-05
1.152471208601687964e-05
1.138955350077713543e-05
1.125629488544964500e-05
1.112490546428116699e-05
1.099535502136876596e-05
1.086761388931374166e-05
1.074165293836821810e-05
1.061744356554998076e-05
1.049495768430520685e-05
1.037416771408364631e-05
1.025504657027915519e-05
1.013756765447917407e-05
1.002170484482238292e-05
9.907432486463918782e-06
9.794725382491836844e-06
9.683558784868923151e-06
9.573908385472780085e-06
9.465750307709043144e-06
9.359061097854370488e-06
9.253817716854607667e-06
9.149997532190682790e-06
9.047578310055005347e-06
8.946538207480334617e-06
8.846855764766153155e-06
8.748509898132978541e-06
8.651479892386083965e-06
8.555745393695757001e-06
8.461286402882229075e-06
8.368083268318965770e-06
8.276116679427252199e-06
8.185367660038614130e-06
8.095817562095908296e-06
8.007448059228480930e-06
7.920241140772762287e-06
7.834179105633405526e-06
7.749244556486101741e-06
7.665420393960191555e-06
7.582689811030558238e-06
7.501036287424165166e-06
7.420443584311026955e-06
7.340895738881868753e-06
7.262377059213770811e-06
7.184872119207909953e-06
7.108365753585125447e-06
7.032843052951976653e-06
6.958289359100692720e-06
6.884690260261026914e-06
6.812031586560368386e-06
6.740299405483614239e-06
6.669480017536811457e-06
6.599559951858548761e-06
6.530525961990208653e-06
6.462365021815449856e-06
6.395064321444302281e-06
6.328611263181379980e-06
6.262993457783199156e-06
6.198198720498078054e-06
6.134215067358751685e-06
6.071030711537871109e-06
6.008634059746025478e-06
5.947013708731657899e-06
5.886158441773906882e-06
5.826057225302820371e-06
5.766699205664177767e-06
5.708073705793676905e-06
5.650170222001494485e-06
5.592978420917759912e-06
5.536488136477529656e-06
5.480689366734758373e-06
5.425572271097568967e-06
5.371127167343872607e-06
5.317344528857703505e-06
5.264214981790307531e-06
5.211729302380209583e-06
5.159878414300414822e-06
5.108653385974936291e-06
5.058045428095200300e-06
5.008045891071322588e-06
4.958646262528400906e-06
4.909838164965786901e-06
4.861613353332039260e-06
4.813963712673486551e-06
4.766881255967367026e-06
4.720358121732190279e-06
4.674386571964885061e-06
4.628958989904408688e-06
4.584067877939498578e-06
4.539705855559298062e-06
4.495865657322100219e-06
4.452540130799121191e-06
4.409722234742716049e-06
4.367405037015401024e-06
4.325581712856559820e-06
4.284245542892411705e-06
4.243389911450270257e-06
4.203008304730305755e-06
4.163094309016113536e-06
4.123641609041642951e-06
4.084643986257702925e-06
4.046095317218060962e-06
4.007989571930130232e-06
3.970320812294019986e-06
3.933083190540644920e-06
3.896270947675404625e-06
3.859878412030653409e-06
3.823899997724112186e-06
3.788330203311574066e-06
3.753163610247345735e-06
3.718394881594931176e-06
3.684018760597107067e-06
3.650030069362701533e-06
3.616423707566609065e-06
