2.326549810165528083e-05
1.273673682498951791e-02
1.366727139290713558e-02
1.386237173774536313e-02
1.389159797888022373e-02
1.387300765863186576e-02
1.383454821472863278e-02
1.378268860374096648e-02
1.371845765091177401e-02
1.364179145910480832e-02
1.355270562282590713e-02
1.345151481780934750e-02
1.333878575734702421e-02
1.321524257665297741e-02
1.308168722832769339e-02
1.293894570751488553e-02
1.278783592150729669e-02
1.262915043893245159e-02
1.246364842703119244e-02
1.229205280152769614e-02
1.211505007214814557e-02
1.193329140276134549e-02
1.174739407615254562e-02
1.155794296152970815e-02
1.136549181708648021e-02
1.117056438581912753e-02
1.097365530408586122e-02
1.077523086708466298e-02
1.057572970040567169e-02
1.037556338224422149e-02
1.017511705239234829e-02
9.974750034716661079e-03
9.774796491161771503e-03
9.575566117879940817e-03
9.377344888202783155e-03
9.180395842596352982e-03
8.984959922510683122e-03
8.791256842798116783e-03
8.599485995931657051e-03
8.409827380581011078e-03
8.222442546750061837e-03
8.037475549886615930e-03
7.855053906658906668e-03
7.675289545687815317e-03
7.498279747118027222e-03
7.324108065674474720e-03
7.152845232527019897e-03
6.984550032017386098e-03
6.819270150006721994e-03
6.657042991241069428e-03
6.497896463720505104e-03
6.341849728637298164e-03
6.188913914895516864e-03
6.039092797701535280e-03
5.892383441060444413e-03
5.748776804357993986e-03
5.608258313482329151e-03
5.470808397165729739e-03
5.336402989422008372e-03
5.205013999125930081e-03
5.076609747856133947e-03
4.951155377266920447e-03
4.828613227301817822e-03
4.708943186554687653e-03
4.592103016228272355e-03
4.478048648987700484e-03
4.366734464146136176e-03
4.258113540512305922e-03
4.152137888232746224e-03
4.048758660920658871e-03
3.947926349337559787e-03
3.849590957816771165e-03
3.753702164605369953e-03
3.660209467219633413e-03
3.569062313881206632e-03
3.480210222031439749e-03
3.393602884859590451e-03
3.309190266777227961e-03
3.226922688648527215e-03
3.146750903584500433e-03
3.068626164052834764e-03
2.992500280996548880e-03
2.918325675605776444e-03
2.846055424371969535e-03
2.775643297969501884e-03
2.707043794512710086e-03
2.640212167668747664e-03
2.575104450084501288e-03
2.511677472545469254e-03
2.449888879267594823e-03
2.389697139681247560e-03
2.331061557026514915e-03
2.273942274090820070e-03
2.218300276356809705e-03
2.164097392826895821e-03
2.111296294765087258e-03
2.059860492577944308e-03
2.009754331034352588e-03
1.960942983012886609e-03
1.913392441945399418e-03
1.867069513115240465e-03
1.821941803944665279e-03
1.777977713414290563e-03
1.735146420721710419e-03
1.693417873290479223e-03
1.652762774231709021e-03
1.613152569340733922e-03
1.574559433715647279e-03
1.536956258065846383e-03
1.500316634784317361e-03
1.464614843831588738e-03
1.429825838495991193e-03
1.395925231076434146e-03
1.362889278526908075e-03
1.330694868101598089e-03
1.299319503047732761e-03
1.268741288355582780e-03
1.238938916610872465e-03
1.209891653968938729e-03
1.181579326269684540e-03
1.153982305308945671e-03
1.127081495294412735e-03
1.100858319486742098e-03
1.075294707044240723e-03
1.050373080084933105e-03
1.026076340968693065e-03
1.002387859802703843e-03
9.792914621943068880e-04
9.567714172312379809e-04
9.348124257115533915e-04
9.133996086180011173e-04
8.925184958393751148e-04
8.721550151371109663e-04
8.522954813666674305e-04
8.329265859397337992e-04
8.140353865364125321e-04
7.956092970621774473e-04
7.776360778469880311e-04
7.601038260857551770e-04
7.430009665150963177e-04
7.263162423281198810e-04
7.100387063166551955e-04
6.941577122435332913e-04
6.786629064398395439e-04
6.635442196211373180e-04
6.487918589210714361e-04
6.343963001359213946e-04
6.203482801785891549e-04
6.066387897357031038e-04
5.932590661252025964e-04
5.802005863479466584e-04
5.674550603312513005e-04
5.550144243580219707e-04
5.428708346798434559e-04
5.310166613040125669e-04
5.194444819608753797e-04
5.081470762328038409e-04
4.971174198553630864e-04
4.863486791725727277e-04
4.758342057569690917e-04
4.655675311737019840e-04
4.555423619017875871e-04
4.457525743935153873e-04
4.361922102790416977e-04
4.268554717066887021e-04
4.177367168177196968e-04
4.088304553488376837e-04
4.001313443627456433e-04
3.916341841030962913e-04
3.833339139648419300e-04
3.752256085835102193e-04
3.673044740368072497e-04
3.595658441562926688e-04
3.520051769436133684e-04
3.446180510924742044e-04
3.374001626103548300e-04
3.303473215373630193e-04
3.234554487609788429e-04
3.167205729214037221e-04
3.101388274086025205e-04
3.037064474437294157e-04
2.974197672470140700e-04
2.912752172854258907e-04
2.852693216030971219e-04
2.793986952241979643e-04
2.736600416356942470e-04
2.680501503389515032e-04
2.625658944745289276e-04
2.572042285138312562e-04
2.519621860183570198e-04
2.468368774625903325e-04
2.418254881204132936e-04
2.369252760116945917e-04
2.321335699076239496e-04
2.274477673946510587e-04
2.228653329928800028e-04
2.183837963277215910e-04
2.140007503562827752e-04
2.097138496415903899e-04
2.055208086792730926e-04
2.014194002684383390e-04
1.974074539323516164e-04
1.934828543825122503e-04
1.896435400265122505e-04
1.858875015183355183e-04
1.822127803503799999e-04
1.786174674849952415e-04
1.750997020251111240e-04
1.716576699217094691e-04
1.682896027190467782e-04
1.649937763344905327e-04
1.617685098731446141e-04
1.586121644754941563e-04
1.555231421982409970e-04
1.524998849254305183e-04
1.495408733114387710e-04
1.466446257524808112e-04
1.438096973879528923e-04
1.410346791284466537e-04
1.383181967125761186e-04
1.356589097886167926e-04
1.330555110219044045e-04
1.305067252282699484e-04
1.280113085301886526e-04
1.255680475370892564e-04
1.231757585481219107e-04
1.208332867767737283e-04
1.185395055974801810e-04
1.162933158128661533e-04
1.140936449403949602e-04
1.119394465195684853e-04
1.098296994381984891e-04
1.077634072761139212e-04
1.057395976682468553e-04
1.037573216838642414e-04
1.018156532238681446e-04
9.991368843343260606e-05
9.805054513171161982e-05
9.622536225655340281e-05
9.443729932370292617e-05
9.268553590213683279e-05
9.096927110185169081e-05
8.928772307738129651e-05
8.764012854283522455e-05
8.602574230152516929e-05
8.444383678720490747e-05
8.289370161876164552e-05
8.137464316508864867e-05
7.988598412388637148e-05
7.842706310989025183e-05
7.699723425490431468e-05
7.559586681827535812e-05
7.422234480830223991e-05
7.287606661294813363e-05
7.155644464047339738e-05
7.026290497026575689e-05
6.899488701220412201e-05
6.775184317535548650e-05
6.653323854532811152e-05
6.533855057041056862e-05
6.416726875532838704e-05
6.301889436362418772e-05
6.189294012792846450e-05
6.078892996726288682e-05
5.970639871179287100e-05
5.864489183606523965e-05
5.760396519713969192e-05
5.658318478081214201e-05
5.558212645458878169e-05
5.460037572645951975e-05
5.363752750991257712e-05
5.269318589583546665e-05
5.176696392927525179e-05
5.085848339257487626e-05
4.996737459429869294e-05
4.909327616279448838e-05
4.823583484559160504e-05
4.739470531449521782e-05
4.656954997433323341e-05
4.576003877762081264e-05
4.496584904382193703e-05
4.418666528274914476e-05
4.342217902311200714e-05
4.267208864488960651e-05
4.193609921626977532e-05
4.121392233448619113e-05
4.050527597114178497e-05
3.980988432059767712e-05
3.912747765325061113e-05
3.845779217165852591e-05
3.780056987058873067e-05
3.715555840079897435e-05
3.652251093580278151e-05
3.590118604236793357e-05
3.529134755409439578e-05
3.469276444773830483e-05
3.410521072381306613e-05
3.352846528842189479e-05
3.296231183984077483e-05
3.240653875653221966e-05
3.186093898848451781e-05
3.132530995149076575e-05
3.079945342357663353e-05
3.028317544410347046e-05
2.977628621560090330e-05
2.927860000771210066e-05
2.878993506369429520e-05
2.831011350909042076e-05
2.783896126268651519e-05
2.737630794974866180e-05
2.692198681710662519e-05
2.647583465077808104e-05
2.603769169488154563e-05
2.560740157325971589e-05
2.518481121266939347e-05
2.476977076766041967e-05
2.436213354761968073e-05
2.396175594541027950e-05
2.356849736768032081e-05
2.318222016694628174e-05
2.280278957530477559e-05
2.243007363962907651e-05
2.206394315842632339e-05
2.170427162035529119e-05
2.135093514370822130e-05
2.100381241800280401e-05
2.066278464628555024e-05
2.032773548960707750e-05
1.999855101186691250e-05
1.967511962691725254e-05
1.935733204614713019e-05
1.904508122768407204e-05
1.873826232695584846e-05
1.843677264798742084e-05
1.814051159605175576e-05
1.784938063172814709e-05
1.756328322535448972e-05
1.728212481323147145e-05
1.700581275449706962e-05
1.673425628914144875e-05
1.646736649665198974e-05
1.620505625647503873e-05
1.594724020827512025e-05
1.569383471396369693e-05
1.544475782045223746e-05
1.519992922273261686e-05
1.495927022859304596e-05
1.472270372372871995e-05
1.449015413751334914e-05
1.426154740997784880e-05
1.403681095916663474e-05
1.381587364952117488e-05
1.359866576078535901e-05
1.338511895777914158e-05
1.317516626076904459e-05
1.296874201647270195e-05
1.276578187001693760e-05
1.256622273694222882e-05
1.237000277661840610e-05
1.217706136545667716e-05
1.198733907158948448e-05
1.180077762918707549e-05
1.161731991428181184e-05
1.143690992022487975e-05
1.125949273464041752e-05
1.108501451599942348e-05
1.091342247148596850e-05
1.074466483470503712e-05
1.057869084444415895e-05
1.041545072360465503e-05
1.025489565862032456e-05
1.009697777923780961e-05
9.941650139257422321e-06
9.788866697060164110e-06
9.638582296836874135e-06
9.490752650449821735e-06
9.345334319175917516e-06
9.202284696497739787e-06
9.061561990639453295e-06
8.923125208113455111e-06
8.786934136906994247e-06
8.652949330837298627e-06
8.521132093580877288e-06
8.391444463391097838e-06
8.263849198144294109e-06
8.138309760674069995e-06
8.014790304227286351e-06
7.893255658542293541e-06
7.773671316188582068e-06
7.656003418851343878e-06
7.540218744497788187e-06
7.426284694240529522e-06
7.314169279917612225e-06
7.203841111666797159e-06
7.095269385950857877e-06
6.988423873670987704e-06
6.883274908711696409e-06
6.779793376679984055e-06
6.677950703721335648e-06
6.577718845785808770e-06
6.479070278083666007e-06
6.381977984703779157e-06
6.286415448408120582e-06
6.192356640831335353e-06
6.099776012686634808e-06
6.008648484352295046e-06
5.918949436435657378e-06
5.830654700843809489e-06
5.743740551761787539e-06
5.658183696901528116e-06
5.573961269171049326e-06
5.491050817973128655e-06
5.409430301431754663e-06
5.329078078057209274e-06
5.249972899028403318e-06
5.172093900597596460e-06
5.095420596403612172e-06
5.019932870294188109e-06
4.945610968952605126e-06
4.872435495018172076e-06
4.800387400008327027e-06
4.729447977689441470e-06
4.659598857373725989e-06
4.590821997485700777e-06
4.523099679171195679e-06
4.456414500073734104e-06
4.390749368304137863e-06
4.326087496439644329e-06
4.262412395624933512e-06
4.199707869947083059e-06
4.137958010747336280e-06
4.077147191237836771e-06
4.017260060959339372e-06
3.958281540668586213e-06
3.900196817106138461e-06
3.842991337959726137e-06
3.786650806885044558e-06
3.731161178702573541e-06
3.676508654585398577e-06
3.622679677468423968e-06
3.569660927424633000e-06
3.517439317265656836e-06
3.466001988052018357e-06
3.415336304961594281e-06
3.365429852893340953e-06
3.316270432562250532e-06
3.267846056232850273e-06
3.220144943952635898e-06
3.173155519573040729e-06
3.126866407000181143e-06
3.081266426436111868e-06
3.036344590711525269e-06
2.992090101787618347e-06
2.948492347212106894e-06
2.905540896616544354e-06
2.863225498438474570e-06
2.821536076614600759e-06
2.780462727279012120e-06
2.739995715654998553e-06
2.700125472916260802e-06
2.660842593180004485e-06
2.622137830449035104e-06
2.584002095735345969e-06
2.546426454143976457e-06
2.509402122160441519e-06
2.472920464737792571e-06
2.436972992756964113e-06
2.401551360210066889e-06
2.366647361752970033e-06
2.332252929994285311e-06
2.298360133161951430e-06
2.264961172512718033e-06
2.232048380022237294e-06
2.199614215955401579e-06
2.167651266626838737e-06
2.136152242060170845e-06
2.105109973792294756e-06
2.074517412740633174e-06
2.044367626981024612e-06
2.014653799685886379e-06
1.985369227116708803e-06
1.956507316490737954e-06
1.928061584118449719e-06
1.900025653401677008e-06
1.872393252926855576e-06
1.845158214604281530e-06
1.818314471876052826e-06
1.791856057850542942e-06
1.765777103570014792e-06
1.740071836291960166e-06
1.714734577784027496e-06
1.689759742632626437e-06
1.665141836645554603e-06
1.640875455237774474e-06
1.616955281840887540e-06
1.593376086398731583e-06
1.570132723788158251e-06
1.547220132404871752e-06
1.524633332667897739e-06
1.502367425585436882e-06
