1.493975046685496778e-02
2.930795827087228841e-02
2.917490484455063926e-02
2.900205871444267586e-02
2.879072377086069195e-02
2.854246582209911745e-02
2.825908483527561979e-02
2.794258367422589734e-02
2.759513458179187542e-02
2.721904444168166473e-02
2.681671978981471291e-02
2.639063246651731851e-02
2.594328669736529341e-02
2.547718826648374957e-02
2.499481630958221359e-02
2.449859811339308996e-02
2.399088717039881552e-02
2.347394460947204234e-02
2.294992400840390953e-02
2.242085949675261952e-02
2.188865697819106920e-02
2.135508824117626075e-02
2.082178768433810834e-02
2.029025135700850829e-02
1.976183800382588091e-02
1.923777180278900961e-02
1.871914649642312384e-02
1.820693063312753962e-02
1.770197365847561016e-02
1.720501262211291543e-02
1.671667929345926548e-02
1.623750750726181066e-02
1.576794058731266837e-02
1.530833872227479499e-02
1.485898619154307591e-02
1.442009836048206879e-02
1.399182838360225889e-02
1.357427357090705382e-02
1.316748138694872824e-02
1.277145506421967398e-02
1.238615882245969364e-02
1.201152269358293778e-02
1.164744695839636628e-02
1.129380620624915489e-02
1.095045303249583303e-02
1.061722139137427287e-02
1.029392962368319217e-02
9.980383179707645255e-03
9.676377058377117271e-03
9.381697983607313260e-03
9.096126338502895370e-03
8.819437877414883220e-03
8.551405235087013862e-03
8.291799251150491767e-03
8.040390127140036036e-03
7.796948432182797956e-03
7.561245972311379272e-03
7.333056537278768473e-03
7.112156537663302455e-03
6.898325543954899643e-03
6.691346738377368722e-03
6.491007289148888020e-03
6.297098656092354162e-03
6.109416835572573264e-03
5.927762552024463082e-03
5.751941402589357683e-03
5.581763960719726865e-03
5.417045844009713354e-03
5.257607750952225829e-03
5.103275470821852858e-03
4.953879870429060868e-03
4.809256861069138335e-03
4.669247348614618577e-03
4.533697169385516625e-03
4.402457014087317495e-03
4.275382341879521535e-03
4.152333286346517049e-03
4.033174554976382171e-03
3.917775323509513526e-03
3.806009126369260930e-03
3.697753744232448042e-03
3.592891089648889841e-03
3.491307091505396927e-03
3.392891579008444798e-03
3.297538165786953208e-03
3.205144134595386100e-03
3.115610323062163386e-03
3.028841010823431993e-03
2.944743808363345112e-03
2.863229547784000139e-03
2.784212175731163880e-03
2.707608648623526654e-03
2.633338830327063441e-03
2.561325392363322101e-03
2.491493716727428281e-03
2.423771801374116283e-03
2.358090168386711878e-03
2.294381774857111918e-03
2.232581926470067306e-03
2.172628193774347495e-03
2.114460331131549128e-03
2.058020198290050860e-03
2.003251684561858318e-03
1.950100635545647760e-03
1.898514782354555072e-03
1.848443673281746288e-03
1.799838607860629889e-03
1.752652573244136130e-03
1.706840182855519621e-03
1.662357617234951242e-03
1.619162567025933964e-03
1.577214178033808575e-03
1.536472998295429493e-03
1.496900927088299369e-03
1.458461165824898823e-03
1.421118170763681268e-03
1.384837607478874586e-03
1.349586307024424389e-03
1.315332223734240122e-03
1.282044394604650800e-03
1.249692900196431667e-03
1.218248827005090178e-03
1.187684231244712230e-03
1.157972103994334796e-03
1.129086337652632265e-03
1.101001693657169571e-03
1.073693771418956838e-03
1.047138978422706545e-03
1.021314501453377682e-03
9.961982789060967909e-04
9.717689741333939823e-04
9.480059497921529410e-04
9.248892431579287159e-04
9.023995423586317647e-04
8.805181634986747243e-04
8.592270286413815350e-04
8.385086446079860912e-04
8.183460825691850652e-04
7.987229583984851132e-04
7.796234137491116992e-04
7.610320978389553898e-04
7.429341499059830250e-04
7.253151823124795970e-04
7.081612642715590751e-04
6.914589061771963694e-04
6.751950445024087729e-04
6.593570272571355230e-04
6.439325999738852984e-04
6.289098922079165753e-04
6.142774045276285042e-04
6.000239959763652760e-04
5.861388719926408997e-04
5.726115727613123336e-04
5.594319619927994296e-04
5.465902160986591592e-04
5.340768137610764008e-04
5.218825258749507784e-04
5.099984058482710109e-04
4.984157802495922489e-04
4.871262397877413643e-04
4.761216306126156515e-04
4.653940459221127886e-04
4.549358178676294229e-04
4.447395097437049135e-04
4.347979084516027937e-04
4.251040172280525766e-04
4.156510486277791125e-04
4.064324177512169478e-04
3.974417357079322978e-04
3.886728033059392456e-04
3.801196049603603410e-04
3.717763028133095693e-04
3.636372310544734479e-04
3.556968904375430534e-04
3.479499429867616051e-04
3.403912068804750457e-04
3.330156515122442012e-04
3.258183927201032531e-04
3.187946881751263788e-04
3.119399329288479535e-04
3.052496551098161709e-04
2.987195117657153332e-04
2.923452848433312750e-04
2.861228773075334599e-04
2.800483093847666387e-04
2.741177149355206069e-04
2.683273379468072649e-04
2.626735291397414604e-04
2.571527426912213689e-04
2.517615330625903565e-04
2.464965519341646787e-04
2.413545452386565179e-04
2.363323502938470295e-04
2.314268930279943432e-04
2.266351852959949253e-04
2.219543222822720327e-04
2.173814799901385350e-04
2.129139128100890029e-04
2.085489511678568489e-04
2.042839992487537916e-04
2.001165327938491528e-04
1.960440969688409518e-04
1.920643042989210588e-04
1.881748326719158654e-04
1.843734234028891294e-04
1.806578793626088277e-04
1.770260631631580760e-04
1.734758954024839036e-04
1.700053529635825792e-04
1.666124673684986487e-04
1.632953231821203486e-04
1.600520564677105175e-04
1.568808532902071036e-04
1.537799482659002567e-04
1.507476231583656330e-04
1.477822055165623752e-04
1.448820673561694832e-04
1.420456238821232221e-04
1.392713322489363731e-04
1.365576903611945758e-04
1.339032357095054572e-04
1.313065442430175753e-04
1.287662292756672113e-04
1.262809404261273428e-04
1.238493625911451102e-04
1.214702149482887832e-04
1.191422499897594760e-04
1.168642525860360149e-04
1.146350390767508033e-04
1.124534563899475377e-04
1.103183811868486161e-04
1.082287190332915472e-04
1.061834035953209917e-04
1.041813958585818193e-04
1.022216833724151429e-04
1.003032795144348098e-04
9.842522277841106871e-05
9.658657608299215486e-05
9.478642610009613528e-05
9.302388260441748276e-05
9.129807784088345721e-05
8.960816591104924910e-05
8.795332217838991310e-05
8.633274268949422709e-05
8.474564361327983453e-05
8.319126069597608801e-05
8.166884873236210569e-05
8.017768105189500272e-05
7.871704902030956586e-05
7.728626155494921297e-05
7.588464465479596930e-05
7.451154094341662555e-05
7.316630922498689490e-05
7.184832405409756863e-05
7.055697531625865714e-05
6.929166782189451613e-05
6.805182091091331858e-05
6.683686806896192213e-05
6.564625655440874087e-05
6.447944703585815039e-05
6.333591324024108178e-05
6.221514161041393311e-05
6.111663097274750952e-05
6.003989221344607432e-05
5.898444796529860707e-05
5.794983230114571817e-05
5.693559043787613184e-05
5.594127844764629323e-05
5.496646297720934031e-05
5.401072097519976829e-05
5.307363942716131016e-05
5.215481509737998828e-05
5.125385427833768428e-05
5.037037254700430059e-05
4.950399452738445387e-05
4.865435366024856650e-05
4.782109197857450494e-05
4.700385988957632243e-05
4.620231596249906660e-05
4.541612672204025752e-05
4.464496644767062503e-05
4.388851697818694142e-05
4.314646752178506950e-05
4.241851447082700303e-05
4.170436122242099250e-05
4.100371800264977421e-05
4.031630169660920128e-05
3.964183568274537049e-05
3.898004967088040804e-05
3.833067954569918532e-05
3.769346721362327860e-05
3.706816045387152138e-05
3.645451277402458309e-05
3.585228326857310297e-05
3.526123648188553327e-05
3.468114227445374931e-05
3.411177569283579578e-05
3.355291684295883973e-05
3.300435076658355554e-05
3.246586732139905568e-05
3.193726106377890088e-05
3.141833113521583535e-05
3.090888115102815594e-05
3.040871909235839672e-05
2.991765720091259885e-05
2.943551187666522913e-05
2.896210357750913353e-05
2.849725672249486398e-05
2.804079959650772840e-05
2.759256425839251553e-05
2.715238645068041991e-05
2.672010551196247715e-05
2.629556429172668949e-05
2.587860906669100475e-05
2.546908946004567721e-05
2.506685836229500635e-05
2.467177185407614192e-05
2.428368913142929723e-05
2.390247243218303726e-05
2.352798696495819291e-05
2.316010083951434271e-05
2.279868499899151722e-05
2.244361315372693077e-05
2.209476171695534837e-05
2.175200974224065587e-05
2.141523886169045108e-05
2.108433322674704825e-05
2.075917944975673300e-05
2.043966654719033511e-05
2.012568588449417374e-05
1.981713112181197943e-05
1.951389816166544777e-05
1.921588509726301702e-05
1.892299216271181692e-05
1.863512168404929476e-05
1.835217803160149488e-05
1.807406757350374181e-05
1.780069863041468107e-05
1.753198143124344246e-05
1.726782807003826519e-05
1.700815246370275199e-05
1.675287031133982594e-05
1.650189905372110221e-05
1.625515783443796597e-05
1.601256746169110967e-05
1.577405037101083096e-05
1.553953058891278350e-05
1.530893369762957823e-05
1.508218680007777347e-05
1.485921848654421137e-05
1.463995880143441987e-05
1.442433921105793890e-05
1.421229257240690787e-05
1.400375310226276656e-05
1.379865634756326660e-05
1.359693915572063112e-05
1.339853964655144021e-05
1.320339718410427614e-05
1.301145234954475537e-05
1.282264691464493045e-05
1.263692381577057951e-05
1.245422712853848876e-05
1.227450204322432298e-05
1.209769484040887820e-05
1.192375286749612276e-05
1.175262451573061676e-05
1.158425919751083572e-05
1.141860732458579033e-05
1.125562028649891550e-05
1.109525042965254482e-05
1.093745103675302133e-05
1.078217630691968561e-05
1.062938133585620206e-05
1.047902209723161096e-05
1.033105542353562366e-05
1.018543898807182533e-05
1.004213128709970303e-05
9.901091622470992089e-06
9.762280084547427094e-06
9.625657535579810808e-06
9.491185593505161567e-06
9.358826616074440710e-06
9.228543685192700628e-06
9.100300592014064517e-06
8.974061821885917343e-06
8.849792539888771021e-06
8.727458576871635398e-06
8.607026415292109189e-06
8.488463175997029836e-06
8.371736604746369054e-06
8.256815059458095718e-06
8.143667497368984278e-06
8.032263462901008394e-06
7.922573075409802183e-06
7.814567017401427337e-06
7.708216523016126726e-06
7.603493366635784619e-06
7.500369851973061513e-06
7.398818801159269418e-06
7.298813544174013078e-06
7.200327908560689572e-06
7.103336209285492228e-06
7.007813238890808466e-06
6.913734257736449878e-06
6.821074984631579635e-06
6.729811587554816878e-06
6.639920674596317103e-06
6.551379285070714332e-06
6.464164880930959045e-06
6.378255338234849172e-06
6.293628938858852361e-06
6.210264362438893264e-06
6.128140678363627220e-06
6.047237338089299312e-06
5.967534167463337182e-06
5.889011359309005331e-06
5.811649466197498489e-06
5.735429393313267058e-06
5.660332391441100150e-06
5.586340050163633639e-06
5.513434291272433324e-06
5.441597362097267422e-06
5.370811829247401303e-06
5.301060572281658433e-06
5.232326777545968543e-06
5.164593932300342717e-06
5.097845818747952646e-06
5.032066508334768298e-06
4.967240356146373986e-06
4.903351995270577860e-06
4.840386331667915899e-06
4.778328538647668103e-06
4.717164051776085950e-06
4.656878563892781722e-06
4.597458020091649176e-06
4.538888612851681942e-06
4.481156777343312394e-06
4.424249186716628248e-06
4.368152747666588421e-06
4.312854595788427130e-06
4.258342091374557825e-06
4.204602815068726656e-06
4.151624563684831687e-06
4.099395346070232517e-06
4.047903379143136185e-06
3.997137083936705967e-06
3.947085081725076574e-06
3.897736190277204406e-06
3.849079420101232733e-06
3.801103970874765777e-06
3.753799227896767981e-06
3.707154758553959389e-06
3.661160308968400276e-06
3.615805800630108274e-06
3.571081327114726929e-06
3.526977150910656324e-06
3.483483700249035241e-06
3.440591566060675765e-06
3.398291498894823399e-06
3.356574406034593978e-06
3.315431348571891926e-06
3.274853538540207116e-06
3.234832336174445502e-06
3.195359247199512696e-06
3.156425920083625417e-06
3.118024143485997076e-06
3.080145843660645377e-06
3.042783081950123891e-06
3.005928052317029608e-06
2.969573078931633198e-06
2.933710613783484542e-06
2.898333234384889566e-06
2.863433641447002935e-06
2.829004656720604693e-06
2.795039220752135924e-06
2.761530390753331692e-06
2.728471338472161797e-06
2.695855348168762117e-06
2.663675814566766840e-06
2.631926240907984223e-06
2.600600236957502285e-06
2.569691517110889081e-06
2.539193898529292539e-06
2.509101299332134313e-06
2.479407736727424733e-06
2.450107325353437042e-06
2.421194275432336509e-06
2.392662891162998088e-06
2.364507569002632378e-06
2.336722796108057800e-06
2.309303148590445541e-06
2.282243290109133475e-06
2.255537970214096611e-06
2.229182022943301613e-06
2.203170365228162620e-06
2.177497995471303892e-06
2.152159992184837459e-06
2.127151512517785753e-06
2.102467790924035478e-06
2.078104137765033519e-06
