4.716117914401561227e-05
6.948610070262242755e-02
6.930203733946742328e-02
6.830588912920228239e-02
6.712536502646232472e-02
6.581929619115031715e-02
6.440354294656108758e-02
6.289034552943197076e-02
6.129272421107413715e-02
5.962462614175893794e-02
5.790048063110161264e-02
5.613470151740519026e-02
5.434124571743769588e-02
5.253326160164421832e-02
5.072283520549349806e-02
4.892082867078156178e-02
4.713679831567404305e-02
4.537897709931529300e-02
4.365430624621673833e-02
4.196850219941496152e-02
4.032614709724011842e-02
3.873079315471016776e-02
3.718507342128461041e-02
3.569081325361736501e-02
3.424913843202049418e-02
3.286057715465168921e-02
3.152515418052338758e-02
3.024247619122236511e-02
2.901180803651701168e-02
2.783213995627278545e-02
2.670224616368686160e-02
2.562073536210158001e-02
2.458609387509341077e-02
2.359672211789437535e-02
2.265096514446928236e-02
2.174713798201924689e-02
2.088354642341597525e-02
2.005850389588939922e-02
1.927034496659236693e-02
1.851743598656937703e-02
1.779818331678022919e-02
1.711103952488605626e-02
1.645450789067570696e-02
1.582714551164739886e-02
1.522756525872353411e-02
1.465443679520117039e-02
1.410648683957008327e-02
1.358249882459664805e-02
1.308131208058555851e-02
1.260182064960491295e-02
1.214297181946160341e-02
1.170376445077709986e-02
1.128324715746629320e-02
1.088051638989865309e-02
1.049471446068489348e-02
1.012502754526367447e-02
9.770683682924313079e-03
9.430950798486497852e-03
9.105134760313814482e-03
8.792577486690596883e-03
8.492655109423354054e-03
8.204776201119421894e-03
7.928380070496548332e-03
7.662935128427379901e-03
7.407937326123359943e-03
7.162908665770960880e-03
6.927395783113228164e-03
6.700968600838271352e-03
6.483219051092912154e-03
6.273759865119413019e-03
6.072223427711844965e-03
5.878260694015637229e-03
5.691540166058919360e-03
5.511746926370592742e-03
5.338581725978552676e-03
5.171760124136718338e-03
5.011011677110120688e-03
4.856079173475708749e-03
4.706717913417391222e-03
4.562695029587616503e-03
4.423788847230769594e-03
4.289788281316898703e-03
4.160492268570602399e-03
4.035709232363422078e-03
3.915256578538169399e-03
3.798960220350765075e-03
3.686654130786296002e-03
3.578179920623888229e-03
3.473386440712935511e-03
3.372129406992081715e-03
3.274271046898058393e-03
3.179679765866576246e-03
3.088229832717480968e-03
2.999801082778813608e-03
2.914278637696869449e-03
2.831552640905137756e-03
2.751518007831871108e-03
2.674074189945603759e-03
2.599124951821743350e-03
2.526578160439500904e-03
2.456345585994429166e-03
2.388342713529529628e-03
2.322488564751788460e-03
2.258705529431215622e-03
2.196919205814132532e-03
2.137058249529828063e-03
2.079054230489801175e-03
2.022841497314011201e-03
1.968357048854354596e-03
1.915540412398473091e-03
1.864333528175498265e-03
1.814680639804310599e-03
1.766528190340403877e-03
1.719824723615166490e-03
1.674520790555689143e-03
1.630568860221675784e-03
1.587923235279283234e-03
1.546539971681582188e-03
1.506376802314888163e-03
1.467393064393288224e-03
1.429549630399634414e-03
1.392808842378815727e-03
1.357134449402670317e-03
1.322491548033420368e-03
1.288846525630688456e-03
1.256167006346256944e-03
1.224421799663522525e-03
1.193580851355098690e-03
1.163615196722955639e-03
1.134496916006453443e-03
1.106199091848288074e-03
1.078695768708277545e-03
1.051961914127251237e-03
1.025973381748702430e-03
1.000706876002650271e-03
9.761399183781633388e-04
9.522508151957965799e-04
9.290186268078686176e-04
9.064231381613481985e-04
8.844448306465365435e-04
8.630648551765767720e-04
8.422650064359838264e-04
8.220276982343264994e-04
8.023359399277637085e-04
7.831733138368382084e-04
7.645239536325095734e-04
7.463725236289157558e-04
7.287041989497121137e-04
7.115046465241950304e-04
6.947600068745416217e-04
6.784568766534362829e-04
6.625822919063694035e-04
6.471237120168356729e-04
6.320690043065125803e-04
6.174064292617994229e-04
6.031246263566869157e-04
5.892126004444046827e-04
5.756597086963973148e-04
5.624556480561984477e-04
5.495904431972594654e-04
5.370544349507729064e-04
5.248382691898116278e-04
5.129328861463460952e-04
5.013295101468083796e-04
4.900196397424448494e-04
4.789950382221050233e-04
4.682477244876740948e-04
4.577699642787509920e-04
4.475542617331479227e-04
4.375933512625309533e-04
4.278801897404749081e-04
4.184079489785615114e-04
4.091700084877423430e-04
4.001599485068160333e-04
3.913715432909497757e-04
3.827987546479530174e-04
3.744357257113943549e-04
3.662767749433937584e-04
3.583163903543523199e-04
3.505492239349346359e-04
3.429700862876675538e-04
3.355739414542202809e-04
3.283559019255273288e-04
3.213112238344951696e-04
3.144353023157904644e-04
3.077236670340137252e-04
3.011719778673460505e-04
2.947760207459026744e-04
2.885317036334138154e-04
2.824350526527871753e-04
2.764822083427611612e-04
2.706694220487121882e-04
2.649930524356939590e-04
2.594495621224927884e-04
2.540355144312365985e-04
2.487475702485141623e-04
2.435824849951768859e-04
2.385371056947945066e-04
2.336083681467282210e-04
2.287932941914410138e-04
2.240889890691431015e-04
2.194926388654657161e-04
2.150015080462299875e-04
2.106129370699304085e-04
2.063243400826749103e-04
2.021332026882248034e-04
1.980370797920796291e-04
1.940335935161096627e-04
1.901204311823975692e-04
1.862953433618417848e-04
1.825561419878308134e-04
1.789006985296758185e-04
1.753269422269361846e-04
1.718328583794582695e-04
1.684164866926542853e-04
1.650759196770300481e-04
1.618093010975870305e-04
1.586148244735439982e-04
1.554907316255806115e-04
1.524353112695365944e-04
1.494468976535488151e-04
1.465238692399745883e-04
1.436646474272705121e-04
1.408676953123354637e-04
1.381315164923077674e-04
1.354546539030198336e-04
1.328356886937037749e-04
1.302732391367978520e-04
1.277659595716049623e-04
1.253125393803131279e-04
1.229117019954588494e-04
1.205622039384730447e-04
1.182628338866478031e-04
1.160124117700257100e-04
1.138097878937142411e-04
1.116538420897703472e-04
1.095434828918240663e-04
1.074776467364287215e-04
1.054552971880337434e-04
1.034754241873161128e-04
1.015370433221007899e-04
9.963919511949614817e-05
9.778094436036532705e-05
9.596137941320182310e-05
9.417961158796207116e-05
9.243477450905124326e-05
9.072602350774745057e-05
8.905253503077616693e-05
8.741350606788331657e-05
8.580815359548591467e-05
8.423571403644831783e-05
8.269544273595624763e-05
8.118661345316037210e-05
7.970851786613399840e-05
7.826046509249319060e-05
7.684178122375596531e-05
7.545180887223597560e-05
7.408990673199471926e-05
7.275544915207816433e-05
7.144782572161393643e-05
7.016644086712478122e-05
6.891071346152225884e-05
6.768007644385336577e-05
6.647397644964287474e-05
6.529187345255771336e-05
6.413324041567507010e-05
6.299756295203949715e-05
6.188433899593202576e-05
6.079307848249846660e-05
5.972330303679050960e-05
5.867454567121462179e-05
5.764635049155316938e-05
5.663827241147396859e-05
5.564987687419300952e-05
5.468073958283586948e-05
5.373044623740376078e-05
5.279859227947356521e-05
5.188478264405365037e-05
5.098863151747779084e-05
5.010976210321825108e-05
4.924780639267273388e-05
4.840240494334472710e-05
4.757320666263996334e-05
4.675986859737850225e-05
4.596205572924321256e-05
4.517944077579571377e-05
4.441170399691390453e-05
4.365853300578832410e-05
4.291962258643456204e-05
4.219467451445164041e-05
4.148339738368448678e-05
4.078550643736960344e-05
4.010072340330887302e-05
3.942877633387416910e-05
3.876939945045573219e-05
3.812233299105543659e-05
3.748732306343027803e-05
3.686412150049799485e-05
3.625248572112618669e-05
3.565217859303661675e-05
3.506296830073992750e-05
3.448462821585040382e-05
3.391693677156571904e-05
3.335967733974108879e-05
3.281263811184299828e-05
3.227561198252246373e-05
3.174839643645688552e-05
3.123079343779755084e-05
3.072260932318548966e-05
3.022365469658018790e-05
2.973374432766689613e-05
2.925269705229557066e-05
2.878033567565833634e-05
2.831648687825047262e-05
2.786098112354340548e-05
2.741365256881660720e-05
2.697433897771450242e-05
2.654288163516351631e-05
2.611912526455670107e-05
2.570291794692290983e-05
2.529411104221348855e-05
2.489255911257383372e-05
2.449811984735094758e-05
2.411065399041596813e-05
2.373002526890052264e-05
2.335610032387604244e-05
2.298874864282565031e-05
2.262784249364538944e-05
2.227325686056010610e-05
2.192486938137248076e-05
2.158256028620660825e-05
2.124621233816778668e-05
2.091571077521598931e-05
2.059094325328450202e-05
2.027179979116462447e-05
1.995817271663996166e-05
1.964995661376822157e-05
1.934704827157980749e-05
1.904934663417642707e-05
1.875675275179793124e-05
1.846916973313918056e-05
1.818650269908884953e-05
1.790865873717548986e-05
1.763554685747356342e-05
1.736707794935176481e-05
1.710316473935247507e-05
1.684372175013843959e-05
1.658866526041749816e-05
1.633791326566630411e-05
1.609138543995779523e-05
1.584900309881982224e-05
1.561068916259307612e-05
1.537636812102689981e-05
1.514596599877484036e-05
1.491941032098296987e-05
1.469663008102168933e-05
1.447755570757623359e-05
1.426211903328480563e-05
1.405025326438832548e-05
1.384189295001867923e-05
1.363697395346692088e-05
1.343543342318940414e-05
1.323720976503438343e-05
1.304224261479857000e-05
1.285047281170731633e-05
1.266184237221435737e-05
1.247629446465280799e-05
1.229377338438915229e-05
1.211422452959886196e-05
1.193759437738738554e-05
1.176383046084335331e-05
1.159288134624176299e-05
1.142469661109281930e-05
1.125922682249633909e-05
1.109642351599510451e-05
1.093623917511370646e-05
1.077862721095576894e-05
1.062354194289699001e-05
1.047093857896465020e-05
1.032077319750511582e-05
1.017300272831520594e-05
1.002758493514586290e-05
9.884478397905107499e-06
9.743642495608556613e-06
9.605037389604504907e-06
9.468624007352569646e-06
9.334364026163761638e-06
9.202219857730595663e-06
9.072154632836356843e-06
8.944132186360254251e-06
8.818117042706999020e-06
8.694074401460598841e-06
8.571970123541977827e-06
8.451770717411827939e-06
8.333443325815515751e-06
8.216955712696919780e-06
8.102276250433544018e-06
7.989373907420836048e-06
7.878218235762020051e-06
7.768779359419913445e-06
7.661027962489283080e-06
7.554935277862970970e-06
7.450473075930143735e-06
7.347613653803333715e-06
7.246329824576932094e-06
7.146594906864123797e-06
7.048382714598917422e-06
6.951667547058692594e-06
6.856424179064314206e-06
6.762627851394065747e-06
6.670254261508074398e-06
6.579279554275822726e-06
6.489680313138775276e-06
6.401433551300602330e-06
6.314516703043900432e-06
6.228907615576270369e-06
6.144584540581297363e-06
6.061526126352761712e-06
5.979711409835694449e-06
5.899119809013429867e-06
5.819731115289077789e-06
5.741525486175594502e-06
5.664483438050371350e-06
5.588585839203336331e-06
5.513813902759459347e-06
5.440149179994019851e-06
5.367573553804704340e-06
5.296069232097870616e-06
5.225618741483675826e-06
5.156204921099760395e-06
5.087810916532843879e-06
5.020420173836221893e-06
4.954016433699465538e-06
4.888583725781233969e-06
4.824106363124147507e-06
4.760568936629486693e-06
4.697956309781079117e-06
4.636253613339217377e-06
4.575446240230422904e-06
4.515519840530851833e-06
4.456460316528298749e-06
4.398253817916775486e-06
4.340886737011207811e-06
4.284345704263247239e-06
4.228617583538948843e-06
4.173689467872617120e-06
4.119548674953318079e-06
4.066182743006887969e-06
4.013579426552459141e-06
3.961726692299042822e-06
3.910612715232778998e-06
3.860225874597670212e-06
3.810554750118083550e-06
3.761588118213188033e-06
3.713314948315916289e-06
3.665724399261704806e-06
3.618805815745793031e-06
3.572548724874212780e-06
3.526942832715429020e-06
3.481978021073495007e-06
3.437644344122991141e-06
3.393932025230850615e-06
3.350831453871560717e-06
3.308333182525138862e-06
3.266427923667240824e-06
3.225106546823915376e-06
3.184360075709025944e-06
3.144179685335841579e-06
3.104556699304193292e-06
3.065482587003669094e-06
3.026948961002364730e-06
2.988947574462656464e-06
2.951470318465843703e-06
2.914509219611826604e-06
2.878056437531416477e-06
2.842104262399718521e-06
2.806645112633356293e-06
2.771671532585385887e-06
2.737176190244505006e-06
2.703151874926685732e-06
2.669591495277850088e-06
2.636488076910477860e-06
2.603834760470170465e-06
2.571624799456746780e-06
2.539851558267886302e-06
2.508508510224273945e-06
2.477589235553430387e-06
2.447087419550335555e-06
2.416996850688985188e-06
2.387311418761987573e-06
2.358025113123127733e-06
2.329132020874821525e-06
2.300626325163025610e-06
2.272502303514477055e-06
2.244754326089374049e-06
2.217376854114156579e-06
2.190364438268704036e-06
2.163711717074545012e-06
2.137413415385921895e-06
2.111464342897062588e-06
