-2.314687636154263848e-05
5.149513742276350288e-03
6.903941938262783684e-03
7.330136454099685922e-03
7.432521922025126480e-03
7.434186054038227631e-03
7.400436208311472926e-03
7.353872862186676233e-03
7.302859563192033027e-03
7.250402625298131391e-03
7.197412112869188208e-03
7.144001004774401010e-03
7.090012120547821428e-03
7.035225415206216616e-03
6.979432788972421073e-03
6.922459980060151688e-03
6.864169035815176172e-03
6.804454871903825759e-03
6.743240904971364511e-03
6.680475271205713224e-03
6.616127850302735633e-03
6.550187920385417036e-03
6.482662214723354695e-03
6.413573202351818131e-03
6.342957481884715920e-03
6.270864232027303746e-03
6.197353698292928752e-03
6.122495716182809605e-03
6.046368280912133714e-03
5.969056177055460065e-03
5.890649680779475733e-03
5.811243344970672478e-03
5.730934874433312246e-03
5.649824095303752208e-03
5.568012020134788589e-03
5.485600007853119395e-03
5.402689016101080120e-03
5.319378942188404159e-03
5.235768048009080237e-03
5.151952463704332318e-03
5.068025764538589863e-03
4.984078615345292375e-03
4.900198476903378474e-03
4.816469368728855914e-03
4.732971682957527217e-03
4.649782044257115207e-03
4.566973210971883405e-03
4.484614012968202515e-03
4.402769321988522604e-03
4.321500050629299185e-03
4.240863176292126828e-03
4.160911786819651743e-03
4.081695144763429310e-03
4.003258767495524589e-03
3.925644520661641240e-03
3.848890722668884146e-03
3.773032258145029606e-03
3.698100698526774355e-03
3.624124428092822744e-03
3.551128774002076157e-03
3.479136138979554288e-03
3.408166135519213272e-03
3.338235720593035923e-03
3.269359329958312736e-03
3.201549011324207779e-03
3.134814555700392042e-03
3.069163626377633108e-03
3.004601885079576009e-03
2.941133114869491812e-03
2.878759339525238919e-03
2.817480939108924116e-03
2.757296761550927146e-03
2.698204230079014922e-03
2.640199446426891739e-03
2.583277289729445439e-03
2.527431511106513137e-03
2.472654823902803965e-03
2.418938989668302422e-03
2.366274899864856483e-03
2.314652653433004262e-03
2.264061630254445359e-03
2.214490560639419819e-03
2.165927590939812925e-03
2.118360345401239849e-03
2.071775984384077816e-03
2.026161259084226576e-03
1.981502562876095996e-03
1.937785979427834654e-03
1.894997327705485839e-03
1.853122204017936675e-03
1.812146021229950679e-03
1.772054045272109966e-03
1.732831429087167922e-03
1.694463244134755599e-03
1.656934509578683601e-03
1.620230219284522679e-03
1.584335366738936395e-03
1.549234968006275642e-03
1.514914082835170164e-03
1.481357834015967169e-03
1.448551425100189820e-03
1.416480156562902092e-03
1.385129440520902660e-03
1.354484814082591686e-03
1.324531951416428382e-03
1.295256674625287980e-03
1.266644963495731045e-03
1.238682964202420444e-03
1.211356997031418819e-03
1.184653563196463562e-03
1.158559350794460732e-03
1.133061239981888188e-03
1.108146307408822097e-03
1.083801829973067609e-03
1.060015287938544408e-03
1.036774367473931348e-03
1.014066962638772613e-03
9.918811768806904457e-04
9.702053240639176533e-04
9.490279290737559364e-04
9.283377280309497610e-04
9.081236681495527671e-04
8.883749072652013775e-04
8.690808130591153079e-04
8.502309620172013565e-04
8.318151381333955272e-04
8.138233313893830341e-04
7.962457360319780998e-04
7.790727486630650385e-04
7.622949661658704563e-04
7.459031834832949813e-04
7.298883912666966024e-04
7.142417734018297829e-04
6.989547044402322782e-04
6.840187469339030707e-04
6.694256486980847999e-04
6.551673400035269712e-04
6.412359307140048708e-04
6.276237073786182508e-04
6.143231302859280488e-04
6.013268304856851133e-04
5.886276067932849848e-04
5.762184227736575313e-04
5.640924037223117452e-04
5.522428336375043937e-04
5.406631521977438119e-04
5.293469517455418440e-04
5.182879742835019453e-04
5.074801084828476369e-04
4.969173867165403409e-04
4.865939821079268385e-04
4.765042056103091506e-04
4.666425031126008108e-04
4.570034525738501290e-04
4.475817611919960005e-04
4.383722626087869535e-04
4.293699141452205414e-04
4.205697940823407131e-04
4.119670989722764003e-04
4.035571409977705055e-04
3.953353453664712838e-04
3.872972477484679966e-04
3.794384917581235424e-04
3.717548264765863520e-04
3.642421040177843761e-04
3.568962771398193870e-04
3.497133968977292860e-04
3.426896103416630316e-04
3.358211582575975468e-04
3.291043729534184046e-04
3.225356760884326218e-04
3.161115765442091803e-04
3.098286683426011538e-04
3.036836286021037047e-04
2.976732155412864598e-04
2.917942665211839255e-04
2.860436961310162062e-04
2.804184943151804741e-04
2.749157245403300556e-04
2.695325220036135189e-04
2.642660918802437905e-04
2.591137076111558113e-04
2.540727092274022193e-04
2.491405017155219549e-04
2.443145534165833718e-04
2.395923944665548583e-04
2.349716152688959415e-04
2.304498650055198240e-04
2.260248501807674102e-04
2.216943332012422953e-04
2.174561309887388576e-04
2.133081136254377514e-04
2.092482030330840379e-04
2.052743716825787036e-04
2.013846413354769484e-04
1.975770818151623067e-04
1.938498098093481667e-04
1.902009876998886893e-04
1.866288224227090797e-04
1.831315643553869184e-04
1.797075062314994610e-04
1.763549820821467922e-04
1.730723662043243507e-04
1.698580721540982063e-04
1.667105517641265299e-04
1.636282941879998879e-04
1.606098249660905641e-04
1.576537051157086359e-04
1.547585302441302989e-04
1.519229296841459920e-04
1.491455656502650674e-04
1.464251324175130931e-04
1.437603555201515592e-04
1.411499909706863420e-04
1.385928244986400337e-04
1.360876708090585962e-04
1.336333728589148581e-04
1.312288011524107402e-04
1.288728530550160660e-04
1.265644521227469457e-04
1.243025474504832106e-04
1.220861130360192210e-04
1.199141471605453234e-04
1.177856717846051691e-04
1.156997319600110803e-04
1.136553952554064163e-04
1.116517511990683956e-04
1.096879107323785180e-04
1.077630056810738887e-04
1.058761882364193994e-04
1.040266304520538266e-04
1.022135237530472719e-04
1.004360784569964049e-04
9.869352330775019969e-05
9.698510502088839610e-05
9.531008784116300745e-05
9.366775311062592766e-05
9.205739884822216636e-05
9.047833934013368030e-05
8.892990474026797609e-05
8.741144068102232032e-05
8.592230789400038355e-05
8.446188184090362022e-05
8.302955235295481822e-05
8.162472327963495868e-05
8.024681214736066473e-05
7.889524982528053519e-05
7.756948020117168891e-05
7.626895986420054218e-05
7.499315779696931689e-05
7.374155507403672648e-05
7.251364456911070717e-05
7.130893066981130622e-05
7.012692899856608881e-05
6.896716614134263247e-05
6.782917938367865089e-05
6.671251645210479015e-05
6.561673526330021251e-05
6.454140367899453281e-05
6.348609926722595810e-05
6.245040906925176602e-05
6.143392937328428323e-05
6.043626549298671458e-05
5.945703155139068791e-05
5.849585027130369756e-05
5.755235277045718111e-05
5.662617836124076467e-05
5.571697435614445307e-05
5.482439587787903720e-05
5.394810567426212562e-05
5.308777393763190603e-05
5.224307812890650979e-05
5.141370280593820618e-05
5.059933945609013719e-05
4.979968633324902486e-05
4.901444829842267113e-05
4.824333666505671196e-05
4.748606904718519119e-05
4.674236921212348092e-05
4.601196693671310222e-05
4.529459786678893037e-05
4.459000338024570728e-05
4.389793045384868351e-05
4.321813153268131102e-05
4.255036440334219517e-05
4.189439207014317921e-05
4.124998263416577207e-05
4.061690917536249008e-05
3.999494963779891564e-05
3.938388671725739210e-05
3.878350775204961149e-05
3.819360461618083002e-05
3.761397361513398355e-05
3.704441538456695947e-05
3.648473479096934710e-05
3.593474083474012355e-05
3.539424655670443556e-05
3.486306894475496300e-05
3.434102884520679025e-05
3.382795087458729351e-05
3.332366333393903919e-05
3.282799812573401044e-05
3.234079067234263378e-05
3.186187983621914516e-05
3.139110784263048081e-05
3.092832020393796924e-05
3.047336564546579708e-05
3.002609603349116717e-05
2.958636630486055321e-05
2.915403439834685781e-05
2.872896118719621821e-05
2.831101041418296457e-05
2.790004862711123237e-05
2.749594511687979132e-05
2.709857185630643579e-05
2.670780344062619716e-05
2.632351702956192365e-05
2.594559229047944523e-05
2.557391134317930440e-05
2.520835870563441957e-05
2.484882124140533436e-05
2.449518810795547335e-05
2.414735070633582649e-05
2.380520263215494834e-05
2.346863962748889295e-05
2.313755953392640654e-05
2.281186224689139854e-05
2.249144967090149579e-05
2.217622567589878796e-05
2.186609605460004835e-05
2.156096848072988143e-05
2.126075246847444831e-05
2.096535933259759563e-05
2.067470214974140760e-05
2.038869572020960409e-05
2.010725653131371785e-05
1.983030272077817110e-05
1.955775404155900597e-05
1.928953182728389672e-05
1.902555895833665239e-05
1.876575982893560076e-05
1.851006031504192576e-05
1.825838774250977510e-05
1.801067085662870718e-05
1.776683979188050844e-05
1.752682604253807670e-05
1.729056243379581423e-05
1.705798309406720176e-05
1.682902342715309835e-05
1.660362008551482626e-05
1.638171094419035382e-05
1.616323507501759877e-05
1.594813272156262579e-05
1.573634527480889626e-05
1.552781524891905452e-05
1.532248625814810642e-05
1.512030299377235095e-05
1.492121120161455019e-05
1.472515766058374991e-05
1.453209016086392199e-05
1.434195748308359633e-05
1.415470937817151497e-05
1.397029654698707530e-05
1.378867062096672839e-05
1.360978414302246955e-05
1.343359054876647210e-05
1.326004414830423618e-05
1.308910010828225228e-05
1.292071443447033735e-05
1.275484395463091528e-05
1.259144630181538481e-05
1.243047989799014770e-05
1.227190393797609659e-05
1.211567837393158642e-05
1.196176389993645675e-05
1.181012193708786365e-05
1.166071461866242751e-05
1.151350477613248985e-05
1.136845592473876040e-05
1.122553225012658846e-05
1.108469859464710239e-05
1.094592044440540663e-05
1.080916391637176929e-05
1.067439574567619736e-05
1.054158327348939424e-05
1.041069443492742066e-05
1.028169774719628775e-05
1.015456229809007981e-05
1.002925773477695796e-05
9.905754252698937445e-06
9.784022584776898217e-06
9.664033990790258852e-06
9.545760247111272651e-06
9.429173636480052477e-06
9.314246938175730879e-06
9.200953418164618190e-06
9.089266819767949262e-06
8.979161354274261365e-06
8.870611691816889996e-06
8.763592952413746048e-06
8.658080697385000108e-06
8.554050920673762854e-06
8.451480040506623864e-06
8.350344891226869955e-06
8.250622715249725391e-06
8.152291155225128717e-06
8.055328246317146028e-06
7.959712408700480481e-06
7.865422440144583641e-06
7.772437508817195802e-06
7.680737146247894215e-06
7.590301240295031989e-06
7.501110028501208468e-06
7.413144091307870401e-06
7.326384345576249353e-06
7.240812038354920390e-06
7.156408740395719121e-06
7.073156340241748193e-06
6.991037038120624646e-06
6.910033340137025515e-06
6.830128052443765382e-06
6.751304275675829378e-06
6.673545399426433415e-06
6.596835096839151657e-06
6.521157319232809757e-06
6.446496290986851739e-06
6.372836504498230351e-06
6.300162715093091254e-06
6.228459936177585640e-06
6.157713434506981998e-06
6.087908725398430717e-06
6.019031568247787255e-06
5.951067961929487164e-06
5.884004140424591461e-06
5.817826568537361343e-06
5.752521937557552491e-06
5.688077161173189718e-06
5.624479371438564779e-06
5.561715914643538751e-06
5.499774347553270552e-06
5.438642433461854865e-06
5.378308138542092945e-06
5.318759628009588720e-06
5.259985262675339095e-06
5.201973595270124264e-06
5.144713367056873127e-06
5.088193504392670063e-06
5.032403115370060921e-06
4.977331486624180113e-06
4.922968080013282707e-06
4.869302529564277549e-06
4.816324638337435652e-06
4.764024375431560376e-06
4.712391872994773421e-06
4.661417423326554233e-06
4.611091476016854883e-06
4.561404635187160447e-06
4.512347656655628122e-06
4.463911445359535477e-06
4.416087052660441747e-06
4.368865673741758715e-06
4.322238645103043455e-06
4.276197442014887095e-06
4.230733676171460406e-06
4.185839093218759015e-06
4.141505570395994417e-06
4.097725114332135175e-06
4.054489858641942712e-06
4.011792061821603501e-06
3.969624105006543920e-06
3.927978489880694589e-06
3.886847836523791713e-06
3.846224881432751314e-06
3.806102475424073874e-06
3.766473581751607536e-06
3.727331274049922879e-06
3.688668734533897382e-06
3.650479252035840659e-06
3.612756220283878816e-06
3.575493135957768198e-06
3.538683597074100347e-06
3.502321301137205353e-06
3.466400043496363227e-06
3.430913715637698427e-06
3.395856303613602901e-06
3.361221886347073957e-06
3.327004634102462348e-06
3.293198806931124881e-06
3.259798753157238680e-06
3.226798907868052621e-06
3.194193791460785372e-06
3.161978008147049388e-06
3.130146244674862424e-06
3.098693268798576533e-06
3.067613928006267395e-06
3.036903148133690254e-06
3.006555932089423767e-06
2.976567358552752078e-06
2.946932580690308691e-06
2.917646824941801796e-06
