-1.575745512975241532e-07
6.413931849468791852e-04
1.835151459921466289e-03
2.367001580429897376e-03
2.627890730411737083e-03
2.775146485406843229e-03
2.867942457907864898e-03
2.931380387925413070e-03
2.977440184396259147e-03
3.012382450988583364e-03
3.039685751680580063e-03
3.061362458604356945e-03
3.078613477743387828e-03
3.092179177399083725e-03
3.102535874345042997e-03
3.110008113581198309e-03
3.114833140244671790e-03
3.117197715294305060e-03
3.117258864790444905e-03
3.115155350164804798e-03
3.111013854342677912e-03
3.104952225855921004e-03
3.097081139089095936e-03
3.087504943965215919e-03
3.076322133414809840e-03
3.063625656059333104e-03
3.049503186833393657e-03
3.034037404605611013e-03
3.017306292082033454e-03
2.999383456682353389e-03
2.980338464007622166e-03
2.960237173622076896e-03
2.939142067570159594e-03
2.917112563706542299e-03
2.894205308090041281e-03
2.870474442626625919e-03
2.845971845873817695e-03
2.820747346362657924e-03
2.794848908804951817e-03
2.768322794380757065e-03
2.741213696848931580e-03
2.713564856518277217e-03
2.685418154337441445e-03
2.656814188410896657e-03
2.627792335215052653e-03
2.598390797706044784e-03
2.568646642366288150e-03
2.538595827107069294e-03
2.508273221711833020e-03
2.477712622403939122e-03
2.446946761861012402e-03
2.416007315895945650e-03
2.384924907802676852e-03
2.353729111268204437e-03
2.322448452557476697e-03
2.291110412591567964e-03
2.259741429409065604e-03
2.228366901402527994e-03
2.197011191618589935e-03
2.165697633371644476e-03
2.134448537296465727e-03
2.103285199963073754e-03
2.072227914095465823e-03
2.041295980393358338e-03
2.010507720963586060e-03
1.979880494267651815e-03
1.949430711547944306e-03
1.919173854628200169e-03
1.889124494985952672e-03
1.859296313984477172e-03
1.829702124158898548e-03
1.800353891413075929e-03
1.771262758036486239e-03
1.742439066390441896e-03
1.713892383165416342e-03
1.685631524093228386e-03
1.657664578983596843e-03
1.629998937019748158e-03
1.602641312168061934e-03
1.575597768647309842e-03
1.548873746345596743e-03
1.522474086119269491e-03
1.496403054903246545e-03
1.470664370538052063e-03
1.445261226297987278e-03
1.420196315029316958e-03
1.395471852866339742e-03
1.371089602479249898e-03
1.347050895817995331e-03
1.323356656323799920e-03
1.300007420573727045e-03
1.277003359338821364e-03
1.254344298041238726e-03
1.232029736594256230e-03
1.210058868611214823e-03
1.188430599982744562e-03
1.167143566808559116e-03
1.146196152692951315e-03
1.125586505398520377e-03
1.105312552863318065e-03
1.085372018582612041e-03
1.065762436373916214e-03
1.046481164517694103e-03
1.027525399298392364e-03
1.008892187947722655e-03
9.905784410089730346e-04
9.725809441287472032e-04
9.548963692960754906e-04
9.375212855412908865e-04
9.204521691081664781e-04
9.036854131190763745e-04
8.872173367415480977e-04
8.710441938816037687e-04
8.551621814104868073e-04
8.395674469478983356e-04
8.242560962165697497e-04
8.092241999742846251e-04
7.944678005609609288e-04
7.799829180499331938e-04
7.657655560385464352e-04
7.518117070851195296e-04
7.381173578058179002e-04
7.246784936536118877e-04
7.114911033802745781e-04
6.985511832107692016e-04
6.858547407308760065e-04
6.733977985070011387e-04
6.611763974519507727e-04
6.491865999422303905e-04
6.374244927085831762e-04
6.258861895013488347e-04
6.145678335482937559e-04
6.034655998132296530e-04
5.925756970666814193e-04
5.818943697752623941e-04
5.714178998261753304e-04
5.611426080865373296e-04
5.510648558131954651e-04
5.411810459233733477e-04
5.314876241230955195e-04
5.219810799139535220e-04
5.126579474792623868e-04
5.035148064533849109e-04
4.945482825917504920e-04
4.857550483342195887e-04
4.771318232780385115e-04
4.686753745654018556e-04
4.603825171836491625e-04
4.522501141924582389e-04
4.442750768777460287e-04
4.364543648377396828e-04
4.287849860095537696e-04
4.212639966329525523e-04
4.138885011628016934e-04
4.066556521319182518e-04
3.995626499654576021e-04
3.926067427523597135e-04
3.857852259784232368e-04
3.790954422212073813e-04
3.725347808122871085e-04
3.661006774678810102e-04
3.597906138911164038e-04
3.536021173492986881e-04
3.475327602260673793e-04
3.415801595549445798e-04
3.357419765309780659e-04
3.300159160062980115e-04
3.243997259699826514e-04
3.188911970158384511e-04
3.134881617954316576e-04
3.081884944634612623e-04
3.029901101101208885e-04
2.978909641912809436e-04
2.928890519471677662e-04
2.879824078181586326e-04
2.831691048555387471e-04
2.784472541308198753e-04
2.738150041392914012e-04
2.692705402058407824e-04
2.648120838886206170e-04
2.604378923820413363e-04
2.561462579233528248e-04
2.519355071976150224e-04
2.478040007478258611e-04
2.437501323852854485e-04
2.397723286060760191e-04
2.358690480077656648e-04
2.320387807140745823e-04
2.282800478006123755e-04
2.245914007295565578e-04
2.209714207849028617e-04
2.174187185180620626e-04
2.139319331954415710e-04
2.105097322550095575e-04
2.071508107670039830e-04
2.038538909032772454e-04
2.006177214116257974e-04
1.974410770977333310e-04
1.943227583136314255e-04
1.912615904553362873e-04
1.882564234636291607e-04
1.853061313357827076e-04
1.824096116442709789e-04
1.795657850604683947e-04
1.767735948878372835e-04
1.740320066019776621e-04
1.713400073990433423e-04
1.686966057500564778e-04
1.661008309637348589e-04
1.635517327560706438e-04
1.610483808292572424e-04
1.585898644549308377e-04
1.561752920674563082e-04
1.538037908638362433e-04
1.514745064093783733e-04
1.491866022534562978e-04
1.469392595490715903e-04
1.447316766831550602e-04
1.425630689105831963e-04
1.404326679970523801e-04
1.383397218684787749e-04
1.362834942670557875e-04
1.342632644139923545e-04
1.322783266785200603e-04
1.303279902549541412e-04
1.284115788443083289e-04
1.265284303431385307e-04
1.246778965391373757e-04
1.228593428116471899e-04
1.210721478400581571e-04
1.193157033160891569e-04
1.175894136641918240e-04
1.158926957658516110e-04
1.142249786902065908e-04
1.125857034314594777e-04
1.109743226501861622e-04
1.093903004202916653e-04
1.078331119826063161e-04
1.063022435023707596e-04
1.047971918322299035e-04
1.033174642808668312e-04
1.018625783853923907e-04
1.004320616895675608e-04
9.902545152726004759e-05
9.764229480874356368e-05
9.628214781327123670e-05
9.494457598550967183e-05
9.362915373701660086e-05
9.233546425028178858e-05
9.106309928936155522e-05
8.981165901313662098e-05
8.858075179293748282e-05
8.736999403429038290e-05
8.617901000289032384e-05
8.500743165382400703e-05
8.385489846473295143e-05
8.272105727285648401e-05
8.160556211561114021e-05
8.050807407441508152e-05
7.942826112247463493e-05
7.836579797486756575e-05
7.732036594386371088e-05
7.629165279558133568e-05
7.527935261041002267e-05
7.428316564731824313e-05
7.330279820975618308e-05
7.233796251597605616e-05
7.138837657112595439e-05
7.045376404299457361e-05
6.953385413981248069e-05
6.862838149143774490e-05
6.773708603267330054e-05
6.685971288945747237e-05
6.599601226757096143e-05
6.514573934378109022e-05
6.430865415928757871e-05
6.348452151592822476e-05
6.267311087426270723e-05
6.187419625406769550e-05
6.108755613718729321e-05
6.031297337259385185e-05
5.955023508312253498e-05
5.879913257487625201e-05
5.805946124829153559e-05
5.733102051111998732e-05
5.661361369384687451e-05
5.590704796606254400e-05
5.521113425591627036e-05
5.452568717043537857e-05
5.385052491779041488e-05
5.318546923158824996e-05
5.253034529665479458e-05
5.188498167627472035e-05
5.124921024168698511e-05
5.062286610206467131e-05
5.000578753750732771e-05
4.939781593189988633e-05
4.879879570863921291e-05
4.820857426691506408e-05
4.762700191989558123e-05
4.705393183389169019e-05
4.648921996922313586e-05
4.593272502208464589e-05
4.538430836796569518e-05
4.484383400611428243e-05
4.431116850538702184e-05
4.378618095099673743e-05
4.326874289289166627e-05
4.275872829490727793e-05
4.225601348509100402e-05
4.176047710726421189e-05
4.127200007354037007e-05
4.079046551778101471e-05
4.031575875042144291e-05
3.984776721381236416e-05
3.938638043895166177e-05
3.893149000277459280e-05
3.848298948681883101e-05
3.804077443642782966e-05
3.760474232102133064e-05
3.717479249491462904e-05
3.675082615985842581e-05
3.633274632707281888e-05
3.592045778135453948e-05
3.551386704510380851e-05
3.511288234345297260e-05
3.471741357051270200e-05
3.432737225536432245e-05
3.394267152999349917e-05
3.356322609684886144e-05
3.318895219791670768e-05
3.281976758390359552e-05
3.245559148416259283e-05
3.209634457778342659e-05
3.174194896447703993e-05
3.139232813682624391e-05
3.104740695264441002e-05
3.070711160797720980e-05
3.037136961104760691e-05
3.004010975637804519e-05
2.971326209950439756e-05
2.939075793238177486e-05
2.907252975925593859e-05
2.875851127290028278e-05
2.844863733162767834e-05
2.814284393644866431e-05
2.784106820906601977e-05
2.754324837010106025e-05
2.724932371774662534e-05
2.695923460712862282e-05
2.667292242980716393e-05
2.639032959381214924e-05
2.611139950412416009e-05
2.583607654367961264e-05
2.556430605452277382e-05
2.529603431944088765e-05
2.503120854403550319e-05
2.476977683919463880e-05
2.451168820389772868e-05
2.425689250826584313e-05
2.400534047691800269e-05
2.375698367313935311e-05
2.351177448276148125e-05
2.326966609881344280e-05
2.303061250609827492e-05
2.279456846659809336e-05
2.256148950469134484e-05
2.233133189289012070e-05
2.210405263803951682e-05
2.187960946724914484e-05
2.165796081484853001e-05
2.143906580894592480e-05
2.122288425876079566e-05
2.100937664180995942e-05
2.079850409171787791e-05
2.059022838586782228e-05
2.038451193374516475e-05
2.018131776519542508e-05
1.998060951907826085e-05
1.978235143200069934e-05
1.958650832744558828e-05
1.939304560500701663e-05
1.920192922991536982e-05
1.901312572265511820e-05
1.882660214889903658e-05
1.864232610974433693e-05
1.846026573169742870e-05
1.828038965751288818e-05
1.810266703657921445e-05
1.792706751602815809e-05
1.775356123154270610e-05
1.758211879882731442e-05
1.741271130474082146e-05
1.724531029904908817e-05
1.707988778605475062e-05
1.691641621654577202e-05
1.675486847976045092e-05
1.659521789572080403e-05
1.643743820741451310e-05
1.628150357350985203e-05
1.612738856076995799e-05
1.597506813704206502e-05
1.582451766409575240e-05
1.567571289064370826e-05
1.552862994570582955e-05
1.538324533178160109e-05
1.523953591837882999e-05
1.509747893560844008e-05
1.495705196786130656e-05
1.481823294769707427e-05
1.468100014970148149e-05
1.454533218464524615e-05
1.441120799362283843e-05
1.427860684232605518e-05
1.414750831542638734e-05
1.401789231116400064e-05
1.388973903587340745e-05
1.376302899871238407e-05
1.363774300649276760e-05
1.351386215852793071e-05
1.339136784175245403e-05
1.327024172569781800e-05
1.315046575772190321e-05
1.303202215832378007e-05
1.291489341652127217e-05
1.279906228516450934e-05
1.268451177672219109e-05
1.257122515861926495e-05
1.245918594918904572e-05
1.234837791326523231e-05
1.223878505819932489e-05
1.213039162971429522e-05
1.202318210789120225e-05
1.191714120329331340e-05
1.181225385321038580e-05
1.170850521769032547e-05
1.160588067601615707e-05
1.150436582300297534e-05
1.140394646539822458e-05
1.130460861844582803e-05
1.120633850241085405e-05
1.110912253920939225e-05
1.101294734906086923e-05
1.091779974731882059e-05
1.082366674119070499e-05
1.073053552661468537e-05
1.063839348524221632e-05
1.054722818132959413e-05
1.045702735880231843e-05
1.036777893836182252e-05
1.027947101458063484e-05
1.019209185309262326e-05
1.010562988787692300e-05
1.002007371844209249e-05
9.935412107294250530e-06
9.851633977231795384e-06
9.768728408744132725e-06
9.686684637571920889e-06
9.605492052165064010e-06
9.525140191313493111e-06
9.445618741624642691e-06
9.366917535306679105e-06
9.289026547759289835e-06
9.211935895389929214e-06
9.135635833295909376e-06
9.060116753131534028e-06
8.985369180916830990e-06
8.911383774971716766e-06
8.838151323772904926e-06
8.765662743953451461e-06
8.693909078323997723e-06
8.622881493779758786e-06
8.552571279520666673e-06
8.482969845044422344e-06
8.414068718271967739e-06
8.345859543772236861e-06
8.278334080890546688e-06
8.211484202029918199e-06
8.145301890835845806e-06
8.079779240533000771e-06
8.014908452212764377e-06
7.950681833204449633e-06
7.887091795379978383e-06
7.824130853642366262e-06
7.761791624263105437e-06
7.700066823384779763e-06
7.638949265502851401e-06
7.578431861921487567e-06
7.518507619312749017e-06
7.459169638335938203e-06
7.400411112032655643e-06
7.342225324648517800e-06
7.284605650096383511e-06
7.227545550681958191e-06
7.171038575715280673e-06
7.115078360329126645e-06
7.059658624006812876e-06
7.004773169458729133e-06
6.950415881372772308e-06
6.896580725108660379e-06
