4.921639649725487704e-06
-1.273641150439678996e-03
4.132793190143354135e-04
1.111751273877935754e-03
1.497485195921901971e-03
1.741942618532670408e-03
1.908834391695257053e-03
2.028345950762533781e-03
2.116724198164563701e-03
2.183416482410821015e-03
2.234277061332866961e-03
2.273155466756608418e-03
2.302721446578082001e-03
2.324909112906797196e-03
2.341166156956933555e-03
2.352601046216141328e-03
2.360075242345630649e-03
2.364264547585106201e-03
2.365702173786290389e-03
2.364810313882334796e-03
2.361924025795464344e-03
2.357309691049279572e-03
2.351179477644515636e-03
2.343702767969280641e-03
2.335015233062134443e-03
2.325226056867078436e-03
2.314423693955520132e-03
2.302680458484407649e-03
2.290056178488371168e-03
2.276601101047879758e-03
2.262358196091564765e-03
2.247364976974808304e-03
2.231654932459717963e-03
2.215258646122168253e-03
2.198204664362526407e-03
2.180520162313582307e-03
2.162231447489010392e-03
2.143364333403249920e-03
2.123944409256106006e-03
2.103997226919050202e-03
2.083548422402484689e-03
2.062623785850591605e-03
2.041249291441389873e-03
2.019451096478550641e-03
1.997255517194429508e-03
1.974688987409213472e-03
1.951778004998312895e-03
1.928549070146075468e-03
1.905028618637533144e-03
1.881242952727254494e-03
1.857218171628926022e-03
1.832980103207788565e-03
1.808554238105990848e-03
1.783965667224956912e-03
1.759239023237440516e-03
1.734398426611562542e-03
1.709467436437719619e-03
1.684469006256346206e-03
1.659425444923795902e-03
1.634358382506984238e-03
1.609288741112118240e-03
1.584236710482498289e-03
1.559221728202524930e-03
1.534262464255106793e-03
1.509376809719694280e-03
1.484581869315359506e-03
1.459893957562961083e-03
1.435328598260219614e-03
1.410900527014281262e-03
1.386623696558834939e-03
1.362511284602235286e-03
1.338575703942068316e-03
1.314828614604318484e-03
1.291280937778004892e-03
1.267942871330233860e-03
1.244823906678365569e-03
1.221932846824961942e-03
1.199277825389762943e-03
1.176866326444952820e-03
1.154705205017030707e-03
1.132800708083395733e-03
1.111158495964801023e-03
1.089783663952157778e-03
1.068680764091571068e-03
1.047853827004688538e-03
1.027306383656481767e-03
1.007041487000498491e-03
9.870617334180118840e-04
9.673692838876459628e-04
9.479658848340579607e-04
9.288528886047806628e-04
9.100312735293601338e-04
8.915016635276543176e-04
8.732643472358073882e-04
8.553192966248933772e-04
8.376661850893555574e-04
8.203044049938667832e-04
8.032330846585912119e-04
7.864511047844479057e-04
7.699571142979553650e-04
7.537495456354307817e-04
7.378266294383135568e-04
7.221864086896190261e-04
7.068267522751367406e-04
6.917453679875687055e-04
6.769398149756662621e-04
6.624075156498073066e-04
6.481457670548659497e-04
6.341517517180141235e-04
6.204225479912787956e-04
6.069551398888009064e-04
5.937464264481410450e-04
5.807932306178270479e-04
5.680923076872225648e-04
5.556403532798364145e-04
5.434340109154034296e-04
5.314698791630126980e-04
5.197445183928877960e-04
5.082544571510652425e-04
4.969961981617790694e-04
4.859662239766468017e-04
4.751610022852657670e-04
4.645769909000396118e-04
4.542106424271096952e-04
4.440584086424400321e-04
4.341167445796747875e-04
4.243821123443344140e-04
4.148509846733053233e-04
4.055198482391618171e-04
3.963852067239716746e-04
3.874435836629657338e-04
3.786915250796628113e-04
3.701256019136211161e-04
3.617424122565554654e-04
3.535385834036889404e-04
3.455107737368892738e-04
3.376556744355322889e-04
3.299700110348616233e-04
3.224505448407317260e-04
3.150940742008079081e-04
3.078974356442139640e-04
3.008575049010772423e-04
2.939711978000276267e-04
2.872354710624327643e-04
2.806473229853410261e-04
2.742037940340473251e-04
2.679019673396550692e-04
2.617389691108385819e-04
2.557119689665740157e-04
2.498181801948243523e-04
2.440548599367775801e-04
2.384193093107419724e-04
2.329088734704944607e-04
2.275209416095817728e-04
2.222529469088304114e-04
2.171023664403285704e-04
2.120667210189624023e-04
2.071435750177692858e-04
2.023305361393962210e-04
1.976252551538910907e-04
1.930254256036524076e-04
1.885287834756658901e-04
1.841331068479015189e-04
1.798362155091883798e-04
1.756359705554024256e-04
1.715302739668274747e-04
1.675170681628444032e-04
1.635943355419099913e-04
1.597600980065135782e-04
1.560124164724740168e-04
1.523493903678202097e-04
1.487691571200793557e-04
1.452698916348590258e-04
1.418498057663691175e-04
1.385071477810231844e-04
1.352402018161624276e-04
1.320472873330607103e-04
1.289267585680499190e-04
1.258770039802451575e-04
1.228964456965010515e-04
1.199835389580720257e-04
1.171367715651406471e-04
1.143546633219589208e-04
1.116357654852810492e-04
1.089786602111618083e-04
1.063819600072548130e-04
1.038443071872906503e-04
1.013643733268299811e-04
9.894085872578459737e-05
9.657249187342962398e-05
9.425802891796827138e-05
9.199625314128662384e-05
8.978597443948619511e-05
8.762602880726860018e-05
8.551527782972389137e-05
8.345260817892249277e-05
8.143693111711743397e-05
7.946718200585529599e-05
7.754231982151910520e-05
7.566132667848084930e-05
7.382320735679106767e-05
7.202698883834264727e-05
7.027171985054839697e-05
6.855647041371449105e-05
6.688033139934075957e-05
6.524241409258980397e-05
6.364184976300268979e-05
6.207778924253616192e-05
6.054940250911817774e-05
5.905587827946916088e-05
5.759642360741103233e-05
5.617026348921653540e-05
5.477664047756207770e-05
5.341481430030850503e-05
5.208406148722835214e-05
5.078367500432448735e-05
4.951296389381985283e-05
4.827125292134642250e-05
4.705788223056518000e-05
4.587220700272509150e-05
4.471359712480263074e-05
4.358143686308051600e-05
4.247512454291114953e-05
4.139407223608753100e-05
4.033770545264931675e-05
3.930546284111802917e-05
3.829679589290375426e-05
3.731116865373233283e-05
3.634805744125473357e-05
3.540695056745595860e-05
3.448734806789620502e-05
3.358876143628071736e-05
3.271071336456087372e-05
3.185273748843576416e-05
3.101437813839852137e-05
3.019519009660551149e-05
2.939473835804849643e-05
2.861259789705109956e-05
2.784835344015282817e-05
2.710159924169410788e-05
2.637193886643952374e-05
2.565898497528394632e-05
2.496235911707941939e-05
2.428169152418092891e-05
2.361662091234672766e-05
2.296679428593866368e-05
2.233186674686127483e-05
2.171150130776622618e-05
2.110536870985211798e-05
2.051314724412661196e-05
1.993452257736528079e-05
1.936918758117206515e-05
1.881684216629298515e-05
1.827719311906807458e-05
1.774995394222475881e-05
1.723484469995115127e-05
1.673159186557498932e-05
1.623992817320456329e-05
1.575959247267992485e-05
1.529032958778447091e-05
1.483189017751909194e-05
1.438403060110070903e-05
1.394651278573798286e-05
1.351910409710185975e-05
1.310157721352829390e-05
1.269371000288295199e-05
1.229528540156108619e-05
1.190609129725915514e-05
1.152592041411650238e-05
1.115457020032073178e-05
1.079184271871909784e-05
1.043754453925470144e-05
1.009148663502809839e-05
9.753484279649648987e-06
9.423356947763907734e-06
9.100928217425435584e-06
8.786025674960740335e-06
8.478480822312455532e-06
8.178128985785257246e-06
7.884809227752506607e-06
7.598364260074009836e-06
7.318640359200803645e-06
7.045487284132161453e-06
6.778758195500278282e-06
6.518309576595605541e-06
6.264001156970818381e-06
6.015695837111503306e-06
5.773259614870954526e-06
5.536561514222865810e-06
5.305473515222233519e-06
5.079870485648758454e-06
4.859630114302966529e-06
4.644632845937974637e-06
4.434761817796751551e-06
4.229902797358730973e-06
4.029944121479612514e-06
3.834776637815571564e-06
3.644293646258290860e-06
3.458390843107273045e-06
3.276966265574767387e-06
3.099920237849259579e-06
2.927155318747666265e-06
2.758576250496098911e-06
2.594089908158646406e-06
2.433605250991834996e-06
2.277033274584642224e-06
2.124286964158091788e-06
1.975281248728444646e-06
1.829932957071962710e-06
1.688160773816702916e-06
1.549885197060449523e-06
1.415028497152236953e-06
1.283514675913928064e-06
1.155269427148680891e-06
1.030220098108007244e-06
9.082956516805052645e-07
7.894266296813460464e-07
6.735451167629486857e-07
5.605847053249538955e-07
4.504804611655798261e-07
3.431688900308029010e-07
2.385879048529705303e-07
1.366767938460763993e-07
3.737618916278056239e-08
-5.937196344090386501e-08
-1.536244344843387191e-07
-2.454367398275375664e-07
-3.348631690595860975e-07
-4.219568132444346315e-07
-5.067695920031743419e-07
-5.893522800747132083e-07
-6.697545330086847919e-07
-7.480249125871172095e-07
-8.242109113051217709e-07
-8.983589767803982384e-07
-9.705145347566721697e-07
-1.040722012692268656e-06
-1.109024861847880792e-06
-1.175465579194247717e-06
-1.240085729097851153e-06
-1.302925964134335195e-06
-1.364026045348417175e-06
-1.423424862616992965e-06
-1.481160453688677503e-06
-1.537270023711945887e-06
-1.591789963583450548e-06
-1.644755868254434204e-06
-1.696202554279751592e-06
-1.746164077636014944e-06
-1.794673750244809688e-06
-1.841764156779713400e-06
-1.887467170837419604e-06
-1.931813970673788809e-06
-1.974835054787647916e-06
-2.016560257021712451e-06
-2.057018761122825850e-06
-2.096239115430716308e-06
-2.134249246879829594e-06
-2.171076474617876075e-06
-2.206747523745292536e-06
-2.241288538227938013e-06
-2.274725093845970638e-06
-2.307082210722378450e-06
-2.338384365656150536e-06
-2.368655504000967555e-06
-2.397919051500051532e-06
-2.426197925695277833e-06
-2.453514547068079249e-06
-2.479890849999597467e-06
-2.505348293516335746e-06
-2.529907871742603506e-06
-2.553590123975196504e-06
-2.576415144822343947e-06
-2.598402593880800719e-06
-2.619571705284703485e-06
-2.639941296939970464e-06
-2.659529779878230691e-06
-2.678355166811988068e-06
-2.696435081182482046e-06
-2.713786765357138228e-06
-2.730427089189247966e-06
-2.746372557985990349e-06
-2.761639320533839411e-06
-2.776243176866348809e-06
-2.790199585814356177e-06
-2.803523672385907184e-06
-2.816230235201304915e-06
-2.828333753401228102e-06
-2.839848393651429749e-06
-2.850788016944523080e-06
-2.861166185177465547e-06
-2.870996167752703850e-06
-2.880290947633490078e-06
-2.889063227939112751e-06
-2.897325437648418156e-06
-2.905089737754158195e-06
-2.912368026934483287e-06
-2.919171947203827390e-06
-2.925512889591277537e-06
-2.931401999349563036e-06
-2.936850181457939692e-06
-2.941868105613122654e-06
-2.946466211410525966e-06
-2.950654713294332426e-06
-2.954443605321462694e-06
-2.957842665917874919e-06
-2.960861462594868341e-06
-2.963509356373847876e-06
-2.965795506271232283e-06
-2.967728873560153900e-06
-2.969318226116999324e-06
-2.970572142540428982e-06
-2.971499015985772470e-06
-2.972107058498446568e-06
-2.972404304652959974e-06
-2.972398615323645220e-06
-2.972097681507271777e-06
-2.971509027930087997e-06
-2.970640016512536548e-06
-2.969497849897335945e-06
-2.968089574874138518e-06
-2.966422085657971014e-06
-2.964502127143561010e-06
-2.962336298061711598e-06
-2.959931054120636571e-06
-2.957292711102757769e-06
-2.954427447668857207e-06
-2.951341308430590830e-06
-2.948040206746526909e-06
-2.944529927465334666e-06
-2.940816129710832834e-06
-2.936904349534801986e-06
-2.932800002476567746e-06
-2.928508386201961167e-06
-2.924034682892911324e-06
-2.919383961796618078e-06
-2.914561181556417759e-06
-2.909571192532962616e-06
-2.904418739157773428e-06
-2.899108462115619048e-06
-2.893644900595849935e-06
-2.888032494313197263e-06
-2.882275585785847705e-06
-2.876378422211590496e-06
-2.870345157615640148e-06
-2.864179854710575954e-06
-2.857886486930547949e-06
-2.851468940208685329e-06
-2.844931014834210692e-06
-2.838276427359995922e-06
-2.831508812204524688e-06
-2.824631723562141474e-06
-2.817648636909576758e-06
-2.810562950780420049e-06
-2.803377988358695908e-06
-2.796096999066668292e-06
-2.788723160055091686e-06
-2.781259577826443441e-06
-2.773709289630014571e-06
-2.766075264951702638e-06
-2.758360406947532852e-06
-2.750567553815515602e-06
-2.742699480190608494e-06
-2.734758898440509474e-06
-2.726748459979249923e-06
-2.718670756572334783e-06
-2.710528321564156405e-06
-2.702323631123782652e-06
-2.694059105401714223e-06
-2.685737109781067512e-06
-2.677359955965064960e-06
-2.668929903078838997e-06
-2.660449158858751006e-06
-2.651919880687000558e-06
-2.643344176597670165e-06
-2.634724106395675708e-06
-2.626061682605124002e-06
-2.617358871512234400e-06
-2.608617594052461809e-06
-2.599839726901101579e-06
-2.591027103227336027e-06
-2.582181513748884051e-06
-2.573304707542347807e-06
-2.564398392984055406e-06
-2.555464238503844852e-06
-2.546503873510557645e-06
-2.537518889167264093e-06
-2.528510839224814456e-06
-2.519481240777932745e-06
-2.510431575038729744e-06
-2.501363288109587126e-06
-2.492277791686188863e-06
-2.483176463824419774e-06
-2.474060649591855840e-06
-2.464931661818022784e-06
-2.455790781735683025e-06
-2.446639259640735752e-06
-2.437478315570173202e-06
-2.428309139912892635e-06
-2.419132894044859235e-06
