3.681060349422813440e-08
6.512723339361367603e-02
6.603520113748605203e-02
6.616175714719794987e-02
6.579081047962813400e-02
6.505709492427484697e-02
6.404516497829378097e-02
6.281641804104728943e-02
6.141861220511436736e-02
5.989025646445900880e-02
5.826311505423539816e-02
5.656381200790549374e-02
5.481490250975422363e-02
5.303560187131094172e-02
5.124229499707352170e-02
4.944890889743454310e-02
4.766720215323420884e-02
4.590700482939864824e-02
4.417642844870249552e-02
4.248205667667373509e-02
4.082912191060445589e-02
3.922166986827602814e-02
3.766271268754859541e-02
3.615437038327009439e-02
3.469800036420852413e-02
3.329431483427993527e-02
3.194348613216883154e-02
3.064524031144121724e-02
2.939893948185751463e-02
2.820365360180798406e-02
2.705822252665224595e-02
2.596130918221966483e-02
2.491144475483183032e-02
2.390706677787895681e-02
2.294655095937655001e-02
2.202823754257267341e-02
2.115045292929592854e-02
2.031152722828427626e-02
1.950980832202589207e-02
1.874367297849921163e-02
1.801153547039028441e-02
1.731185410506695319e-02
1.664313601443196886e-02
1.600394050499556742e-02
1.539288122506803254e-02
1.480862736765738152e-02
1.424990409411985848e-02
1.371549233449426836e-02
1.320422809529359955e-02
1.271500138392733618e-02
1.224675484043900864e-02
1.179848215154126641e-02
1.136922630860569446e-02
1.095807775999696476e-02
1.056417249867810416e-02
1.018669011808683370e-02
9.824851862618281390e-03
9.477918693544843190e-03
9.145189386617600530e-03
8.825998673806024694e-03
8.519715438480734981e-03
8.225740970866601137e-03
7.943507288410632874e-03
7.672475524101465133e-03
7.412134384386576298e-03
7.161998677237382642e-03
6.921607910086256116e-03
6.690524956661981180e-03
6.468334791245427748e-03
6.254643288488326812e-03
6.049076086641799223e-03
5.851277511839409612e-03
5.660909560977373488e-03
5.477650940608646234e-03
5.301196159289829797e-03
5.131254670788508963e-03
4.967550065591850791e-03
4.809819308237143175e-03
4.657812017992930820e-03
4.511289790591283336e-03
4.370025558677063417e-03
4.233802988853119231e-03
4.102415913216438115e-03
3.975667793401322508e-03
3.853371215248538144e-03
3.735347412321485087e-03
3.621425816548588892e-03
3.511443634422057800e-03
3.405245447203487236e-03
3.302682833740305888e-03
3.203614014529926769e-03
3.107903515762046754e-03
3.015421852159697741e-03
2.926045227484287432e-03
2.839655251656280840e-03
2.756138673507696219e-03
2.675387128222360238e-03
2.597296898603800117e-03
2.521768689346006245e-03
2.448707413538666038e-03
2.378021990683826768e-03
2.309625155553089552e-03
2.243433277242730482e-03
2.179366187836626750e-03
2.117347020117510848e-03
2.057302053798052820e-03
1.999160569783444644e-03
1.942854712008458854e-03
1.888319356402787122e-03
1.835491986593335532e-03
1.784312575949964941e-03
1.734723475622744178e-03
1.686669308232583353e-03
1.640096866900557157e-03
1.594955019313271582e-03
1.551194616554681755e-03
1.508768406433361317e-03
1.467630951066083893e-03
1.427738548478911821e-03
1.389049158013236883e-03
1.351522329327651921e-03
1.315119134811715187e-03
1.279802105209910902e-03
1.245535168311902915e-03
1.212283590524316709e-03
1.180013921184653453e-03
1.148693939474036219e-03
1.118292603787193751e-03
1.088780003439607019e-03
1.060127312587556218e-03
1.032306746250820232e-03
1.005291518330453165e-03
9.790558015145417459e-04
9.535746889946758757e-04
9.288241578759669345e-04
9.047810342239656850e-04
8.814229596471759385e-04
8.587283593504011154e-04
8.366764115834080450e-04
8.152470184170161312e-04
7.944207777831314120e-04
7.741789567186968188e-04
7.545034657535523801e-04
7.353768343884556141e-04
7.167821876157936785e-04
6.987032234264802877e-04
6.811241912621458436e-04
6.640298713685061126e-04
6.474055550033993439e-04
6.312370254684761652e-04
6.155105399149013012e-04
6.002128119003699927e-04
5.853309946560800560e-04
5.708526650287944594e-04
5.567658080777555070e-04
5.430588022872403489e-04
5.297204053709419092e-04
5.167397406451585936e-04
5.041062839399102543e-04
4.918098510276957495e-04
4.798405855493197386e-04
4.681889474081854020e-04
4.568457016209621154e-04
4.458019075996707756e-04
4.350489088486908041e-04
4.245783230576078457e-04
4.143820325758175633e-04
4.044521752495001021e-04
3.947811356077337826e-04
3.853615363818078650e-04
3.761862303468693249e-04
3.672482924674851578e-04
3.585410123384100600e-04
3.500578869081263944e-04
3.417926134715680835e-04
3.337390829235022094e-04
3.258913732578897393e-04
3.182437433115317465e-04
3.107906267294380655e-04
3.035266261573229120e-04
2.964465076399336839e-04
2.895451952250172978e-04
2.828177657614097261e-04
2.762594438830584011e-04
2.698655971746633897e-04
2.636317315074327631e-04
2.575534865433973600e-04
2.516266313971335985e-04
2.458470604514960693e-04
2.402107893215454947e-04
2.347139509575121451e-04
2.293527918876840839e-04
2.241236685895154116e-04
2.190230439880205219e-04
2.140474840750785301e-04
2.091936546453562220e-04
2.044583181459404730e-04
1.998383306317281930e-04
1.953306388266976652e-04
1.909322772853324116e-04
1.866403656490893913e-04
1.824521059978688150e-04
1.783647802889707268e-04
1.743757478842102872e-04
1.704824431583821544e-04
1.666823731891898109e-04
1.629731155234983599e-04
1.593523160178628400e-04
1.558176867508941240e-04
1.523670040059377662e-04
1.489981063176822908e-04
1.457088925851712292e-04
1.424973202468520959e-04
1.393614035136442472e-04
1.362992116615068612e-04
1.333088673773350820e-04
1.303885451615594492e-04
1.275364697797418069e-04
1.247509147656118884e-04
1.220302009716676478e-04
1.193726951665144626e-04
1.167768086774376846e-04
1.142409960753957800e-04
1.117637539030974416e-04
1.093436194424076460e-04
1.069791695215383068e-04
1.046690193595317155e-04
1.024118214478260533e-04
1.002062644648406341e-04
9.805107222862982923e-05
9.594500267785415805e-05
9.388684688733801007e-05
9.187542811400374447e-05
8.990960087076005846e-05
8.798825003151099688e-05
8.611028996165519169e-05
8.427466367643894651e-05
8.248034202558551646e-05
8.072632290146716056e-05
7.901163047315110978e-05
7.733531444297986400e-05
7.569644932513982746e-05
7.409413374814366286e-05
7.252748977641208653e-05
7.099566225311159621e-05
6.949781816327489745e-05
6.803314601560710726e-05
6.660085524262562666e-05
6.520017561932088339e-05
6.383035669922292401e-05
6.249066726670228012e-05
6.118039480560280889e-05
5.989884498476613915e-05
5.864534115713977485e-05
5.741922387498252423e-05
5.621985041887332711e-05
5.504659434040801256e-05
5.389884501859555410e-05
5.277600722944366475e-05
5.167750072747876090e-05
5.060275984007355914e-05
4.955123307339513836e-05
4.852238272956230382e-05
4.751568453518732483e-05
4.653062728086263227e-05
4.556671247025910400e-05
4.462345398040329451e-05
4.370037773062291519e-05
4.279702136165685228e-05
4.191293392418755898e-05
4.104767557529097620e-05
4.020081728457546673e-05
3.937194054793140139e-05
3.856063711000517103e-05
3.776650869391553344e-05
3.698916673907251491e-05
3.622823214632917753e-05
3.548333502995370945e-05
3.475411447724600098e-05
3.404021831397271362e-05
3.334130287725887504e-05
3.265703279424692133e-05
3.198708076719245787e-05
3.133112736434902958e-05
3.068886081708519696e-05
3.005997682159051480e-05
2.944417834752125179e-05
2.884117545087090719e-05
2.825068509222946304e-05
2.767243095998831606e-05
2.710614329895849879e-05
2.655155874284164378e-05
2.600842015163611055e-05
2.547647645387665196e-05
2.495548249234333442e-05
2.444519887475513507e-05
2.394539182794906272e-05
2.345583305651881235e-05
2.297629960457707040e-05
2.250657372187395131e-05
2.204644273348959802e-05
2.159569891227013579e-05
2.115413935591556487e-05
2.072156586603744182e-05
2.029778483169051778e-05
1.988260711492872100e-05
1.947584794002410973e-05
1.907732678574491840e-05
1.868686727977486592e-05
1.830429709681436699e-05
1.792944785864340748e-05
1.756215503724185630e-05
1.720225786036546132e-05
1.684959921955311106e-05
1.650402558043848346e-05
1.616538689552797666e-05
1.583353651969487800e-05
1.550833112683430021e-05
1.518963062965939508e-05
1.487729810112632188e-05
1.457119969801639506e-05
1.427120458634851441e-05
1.397718486912640595e-05
1.368901551527850040e-05
1.340657429107227956e-05
1.312974169312952509e-05
1.285840088271864564e-05
1.259243762224276072e-05
1.233174021330941361e-05
1.207619943608148940e-05
1.182570849047985539e-05
1.158016293853295368e-05
1.133946064866783381e-05
1.110350174101556840e-05
1.087218853411821698e-05
1.064542549349666688e-05
1.042311918049061070e-05
1.020517820363962079e-05
9.991513170393365585e-06
9.782036640089387001e-06
9.576663078720956581e-06
9.375308814177398179e-06
9.177891992856617551e-06
8.984332537427121737e-06
8.794552105736297629e-06
8.608474050133938280e-06
8.426023378771065294e-06
8.247126716869276162e-06
8.071712269699746285e-06
7.899709786157178471e-06
7.731050523028890352e-06
7.565667210747472378e-06
7.403494019285060405e-06
7.244466525270357948e-06
7.088521680018130590e-06
6.935597777909389835e-06
6.785634426008758356e-06
6.638572514207558952e-06
6.494354185826977070e-06
6.352922809610805442e-06
6.214222951619760110e-06
6.078200348410126243e-06
5.944801880570236416e-06
5.813975546854921116e-06
5.685670439159763610e-06
5.559836717953410760e-06
5.436425588244482739e-06
5.315389276248731675e-06
5.196681006576404723e-06
5.080254979948713894e-06
4.966066351360485572e-06
4.854071209081107527e-06
4.744226553597272056e-06
4.636490277711277899e-06
4.530821146447757859e-06
4.427178778155073557e-06
4.325523625303275876e-06
4.225816956250329093e-06
4.128020837397328121e-06
4.032098115409070272e-06
3.938012400325449024e-06
3.845728048687574310e-06
3.755210147255405128e-06
3.666424497009675643e-06
3.579337597683624714e-06
3.493916632495736514e-06
3.410129453183389176e-06
3.327944565664883299e-06
3.247331115687547784e-06
3.168258875073825080e-06
3.090698228214945449e-06
3.014620158733074797e-06
2.939996236660582486e-06
2.866798605833771949e-06
2.794999971448373001e-06
2.724573588113006097e-06
2.655493248052629010e-06
2.587733269615866748e-06
2.521268486014948157e-06
2.456074234237422067e-06
2.392126344604702955e-06
2.329401129994697742e-06
2.267875375655095765e-06
2.207526329281512822e-06
2.148331691148191922e-06
2.090269604521856981e-06
2.033318646345219035e-06
1.977457818050779836e-06
1.922666536707147975e-06
1.868924626139211964e-06
1.816212308530349818e-06
1.764510195875325365e-06
1.713799282092557351e-06
1.664060934795131043e-06
1.615276887535767536e-06
1.567429232308560518e-06
1.520500411944702197e-06
1.474473212830617289e-06
1.429330757820665971e-06
1.385056499265396964e-06
1.341634212101183813e-06
1.299047987284442643e-06
1.257282225190960630e-06
1.216321629271226628e-06
1.176151199757065940e-06
1.136756227676617536e-06
1.098122288702117975e-06
1.060235237463187530e-06
1.023081201762384593e-06
9.866465769426510864e-07
9.509180205623677376e-07
9.158824469112666834e-07
8.815270218016808177e-07
8.478391575362545601e-07
8.148065077500740487e-07
7.824169626622067900e-07
7.506586441769133967e-07
7.195199012537450628e-07
6.889893052604741168e-07
6.590556455472000176e-07
6.297079250004688681e-07
6.009353557725809397e-07
5.727273550167507726e-07
5.450735408761160617e-07
5.179637283579486965e-07
4.913879253900163191e-07
4.653363290482910235e-07
4.397993216612031097e-07
4.147674672191927749e-07
3.902315076657161563e-07
3.661823594148745620e-07
3.426111098502885927e-07
3.195090139725302487e-07
2.968674909666536248e-07
2.746781210884377920e-07
2.529326424080862109e-07
2.316229477038043629e-07
2.107410813648899057e-07
1.902792364867694152e-07
1.702297518619634974e-07
1.505851091929974560e-07
1.313379302325810516e-07
1.124809740457038446e-07
9.400713432715682666e-08
7.590943675443850996e-08
5.818103645805509062e-08
4.081521541075971828e-08
2.380538003418226517e-08
7.145058735431370952e-09
-9.172100492887408043e-09
-2.515233228577707361e-08
-4.080175632755747951e-08
-5.612637945069258689e-08
-7.113209794345615953e-08
-8.582469956326265188e-08
-1.002098657033929101e-07
-1.142931734588856400e-07
-1.280800975876527717e-07
-1.415760124781249926e-07
-1.547861941531670714e-07
-1.677158220323054733e-07
-1.803699809435160086e-07
-1.927536627628218563e-07
-2.048717683334810158e-07
-2.167291091296766742e-07
-2.283304089780662491e-07
-2.396803057471639850e-07
-2.507833529463726630e-07
-2.616440213653115792e-07
-2.722667006531180243e-07
-2.826557007808041131e-07
-2.928152536788316689e-07
-3.027495146183695393e-07
-3.124625636700306029e-07
-3.219584071405408159e-07
-3.312409790048415323e-07
-3.403141422253201324e-07
-3.491816900514839828e-07
-3.578473474190259842e-07
-3.663147721696910354e-07
