-6.145964914229848421e-07
2.635710396119274671e-02
2.692497427714696939e-02
2.706227988541936441e-02
2.711512256672140089e-02
2.711595213028948279e-02
2.706161661100367141e-02
2.695070389080926609e-02
2.678523620875027794e-02
2.656904243974731600e-02
2.630667124123176742e-02
2.600284948738980015e-02
2.566222762292471107e-02
2.528926182844522252e-02
2.488816154859835317e-02
2.446286900569320799e-02
2.401705462654735168e-02
2.355412038468980215e-02
2.307720702211349742e-02
2.258920313846226463e-02
2.209275518296303920e-02
2.159027791595840087e-02
2.108396516064689127e-02
2.057580077244632738e-02
2.006756978549419437e-02
1.956086969456301630e-02
1.905712181737512570e-02
1.855758266850357843e-02
1.806335526626950266e-02
1.757540029000616288e-02
1.709454700637073887e-02
1.662150388910696441e-02
1.615686886547035642e-02
1.570113913327484539e-02
1.525472050410500713e-02
1.481793623994090946e-02
1.439103536152971062e-02
1.397420041706936601e-02
1.356755470875734178e-02
1.317116898249939827e-02
1.278506759249530174e-02
1.240923415756086876e-02
1.204361673003848977e-02
1.168813250109719884e-02
1.134267206819094057e-02
1.100710329168954824e-02
1.068127476826636300e-02
1.036501894854973370e-02
1.005815492622962395e-02
9.760490924952690966e-03
9.471826508356437704e-03
9.191954537386630431e-03
8.920662897691432683e-03
8.657736018514402762e-03
8.402956203032677096e-03
8.156104788697167429e-03
7.916963154652499959e-03
7.685313592014545066e-03
7.460940051401489942e-03
7.243628780904569527e-03
7.033168866477354508e-03
6.829352685633456599e-03
6.631976284318851812e-03
6.440839685821770320e-03
6.255747139798471280e-03
6.076507318569997727e-03
5.902933467200309654e-03
5.734843513152600158e-03
5.572060140683226560e-03
5.414410834633343050e-03
5.261727897729689095e-03
5.113848445043173152e-03
4.970614378908289228e-03
4.831872347142080783e-03
4.697473687155269938e-03
4.567274358192398992e-03
4.441134863697713403e-03
4.318920165570314801e-03
4.200499591825630936e-03
4.085746739033464109e-03
3.974539370694253962e-03
3.866759312601985524e-03
3.762292346059162209e-03
3.661028099753334264e-03
3.562859940938266790e-03
3.467684866501816437e-03
3.375403394427518768e-03
3.285919456047938988e-03
3.199140289469569898e-03
3.114976334444557755e-03
3.033341128958781750e-03
2.954151207728135820e-03
2.877326002774487600e-03
2.802787746219293549e-03
2.730461375389066185e-03
2.660274440318569165e-03
2.592157013706276880e-03
2.526041603357932330e-03
2.461863067137418353e-03
2.399558530435341470e-03
2.339067306145985094e-03
2.280330817136162671e-03
2.223292521180956875e-03
2.167897838336617800e-03
2.114094080705287027e-03
2.061830384557278989e-03
2.011057644751689227e-03
1.961728451411384223e-03
1.913797028798462814e-03
1.867219176328402440e-03
1.821952211673707588e-03
1.777954915888343458e-03
1.735187480509151796e-03
1.693611456555235489e-03
1.653189705385382053e-03
1.613886351345165775e-03
1.575666736141038624e-03
1.538497374903558283e-03
1.502345913854633225e-03
1.467181089551572015e-03
1.432972689633544520e-03
1.399691515029117010e-03
1.367309343568601883e-03
1.335798894950092786e-03
1.305133797012780631e-03
1.275288553268710649e-03
1.246238511645909874e-03
1.217959834400883252e-03
1.190429469152788243e-03
1.163625121002223595e-03
1.137525225689193370e-03
1.112108923755203947e-03
1.087356035668242708e-03
1.063247037876372631e-03
1.039763039753184440e-03
1.016885761404736710e-03
9.945975122952097850e-04
9.728811706736431716e-04
9.517201637626539115e-04
9.310984486774897964e-04
9.110004940552589693e-04
8.914112623625373424e-04
8.723161928552689058e-04
8.537011851656979913e-04
8.355525834936989270e-04
8.178571613786521539e-04
8.006021070291671890e-04
7.837750091892132023e-04
7.673638435208112157e-04
7.513569594810862780e-04
7.357430676807719767e-04
7.205112276951820046e-04
7.056508363234476099e-04
6.911516162656708559e-04
6.770036052133328146e-04
6.631971453296721516e-04
6.497228731089948637e-04
6.365717095965799013e-04
6.237348509635304641e-04
6.112037594109965936e-04
5.989701544039727817e-04
5.870260042125948321e-04
5.753635177542198824e-04
5.639751367237456946e-04
5.528535280010639461e-04
5.419915763259994246e-04
5.313823772293325715e-04
5.210192302123222482e-04
5.108956321635536348e-04
5.010052710040266248e-04
4.913420195567868264e-04
4.818999296239596139e-04
4.726732262724202944e-04
4.636563023150492495e-04
4.548437129814530879e-04
4.462301707722421472e-04
4.378105404904828390e-04
4.295798344393684338e-04
4.215332077881794892e-04
4.136659540918798464e-04
4.059735009639463895e-04
3.984514058965684963e-04
3.910953522198008466e-04
3.839011451983537432e-04
3.768647082586861039e-04
3.699820793418943650e-04
3.632494073792871554e-04
3.566629488852917328e-04
3.502190646624875792e-04
3.439142166179863665e-04
3.377449646820630835e-04
3.317079638318503102e-04
3.257999612093555883e-04
3.200177933380122229e-04
3.143583834259837677e-04
3.088187387618119076e-04
3.033959481914785448e-04
2.980871796796986852e-04
2.928896779488814484e-04
2.878007621958528217e-04
2.828178238796620158e-04
2.779383245838708293e-04
2.731597939453749707e-04
2.684798276498812086e-04
2.638960854914261761e-04
2.594062894935660578e-04
2.550082220917941557e-04
2.506997243708417446e-04
2.464786943602015053e-04
2.423430853813057654e-04
2.382909044497746474e-04
2.343202107241960605e-04
2.304291140053362440e-04
2.266157732838695795e-04
2.228783953291652942e-04
2.192152333263268273e-04
2.156245855524036373e-04
2.121047940955193899e-04
2.086542436128111964e-04
2.052713601258342982e-04
2.019546098543308381e-04
1.987024980853241613e-04
1.955135680759375238e-04
1.923863999905972414e-04
1.893196098711225105e-04
1.863118486360199489e-04
1.833618011122729223e-04
1.804681850948183048e-04
1.776297504354943204e-04
1.748452781589142477e-04
1.721135796041334026e-04
1.694334955936432744e-04
1.668038956260024612e-04
1.642236770920638567e-04
1.616917645160680951e-04
1.592071088179090248e-04
1.567686865975799525e-04
1.543754994412852022e-04
1.520265732469228148e-04
1.497209575702893882e-04
1.474577249902396167e-04
1.452359704916931268e-04
1.430548108679769738e-04
1.409133841389483769e-04
1.388108489879956897e-04
1.367463842126188955e-04
1.347191881939334413e-04
1.327284783795260493e-04
1.307734907809392883e-04
1.288534794873328758e-04
1.269677161912586075e-04
1.251154897292702903e-04
1.232961056347131688e-04
1.215088857035776079e-04
1.197531675731856507e-04
1.180283043115383865e-04
1.163336640199004788e-04
1.146686294448274307e-04
1.130325976025115008e-04
1.114249794131322839e-04
1.098451993449273275e-04
1.082926950692157924e-04
1.067669171245807884e-04
1.052673285895727674e-04
1.037934047658994549e-04
1.023446328693544780e-04
1.009205117298322312e-04
9.952055149913460459e-05
9.814427336744191096e-05
9.679120928659811797e-05
9.546090170196232130e-05
9.415290329121140376e-05
9.286677670957153895e-05
9.160209434330074450e-05
9.035843806883910219e-05
8.913539901846992376e-05
8.793257735323111227e-05
8.674958204071653268e-05
8.558603063967474731e-05
8.444154909020734384e-05
8.331577150937263451e-05
8.220833999247916706e-05
8.111890441931900978e-05
8.004712226622343269e-05
7.899265842228363264e-05
7.795518501103656920e-05
7.693438121637150473e-05
7.592993311356181210e-05
7.494153350446021357e-05
7.396888175670971485e-05
7.301168364760699967e-05
7.206965121206276696e-05
7.114250259393292025e-05
7.022996190220631881e-05
6.933175906967943103e-05
6.844762971637610705e-05
6.757731501592958144e-05
6.672056156549191410e-05
6.587712125908261535e-05
6.504675116407380010e-05
6.422921340080299426e-05
6.342427502571808208e-05
6.263170791644974813e-05
6.185128866110017822e-05
6.108279844944644783e-05
6.032602296711047062e-05
5.958075229245136505e-05
5.884678079626261136e-05
5.812390704351487442e-05
5.741193369792008333e-05
5.671066742894497435e-05
5.601991882066468083e-05
5.533950228353093641e-05
5.466923596782630065e-05
5.400894167958163785e-05
5.335844479825328302e-05
5.271757419686368465e-05
5.208616216368612079e-05
5.146404432617588195e-05
5.085105957659515410e-05
5.024704999929898737e-05
4.965186080040386008e-05
4.906534023840653240e-05
4.848733955709569625e-05
4.791771291962330134e-05
4.735631734442685155e-05
4.680301264295833448e-05
4.625766135820942289e-05
4.572012870541859248e-05
4.519028251376161091e-05
4.466799316974931331e-05
4.415313356168862769e-05
4.364557902556451507e-05
4.314520729239731229e-05
4.265189843656242618e-05
4.216553482559088527e-05
4.168600107104726327e-05
4.121318398030600621e-05
4.074697251012814519e-05
4.028725772053750638e-05
3.983393273042438705e-05
3.938689267379618872e-05
3.894603465728499963e-05
3.851125771826348251e-05
3.808246278463445873e-05
3.765955263477664466e-05
3.724243185896212478e-05
3.683100682140827951e-05
3.642518562329985038e-05
3.602487806656431567e-05
3.562999561862631415e-05
3.524045137793338381e-05
3.485616004002348991e-05
3.447703786485844726e-05
3.410300264439631413e-05
3.373397367118421693e-05
3.336987170767156626e-05
3.301061895605954651e-05
3.265613902895180362e-05
3.230635692065236104e-05
3.196119897897212127e-05
3.162059287799002779e-05
3.128446759106375609e-05
3.095275336467551147e-05
3.062538169270811274e-05
3.030228529147428135e-05
2.998339807514557092e-05
2.966865513172079898e-05
2.935799269976203642e-05
2.905134814523570687e-05
2.874865993923112753e-05
2.844986763605894761e-05
2.815491185168735315e-05
2.786373424292330831e-05
2.757627748672481245e-05
2.729248526023253881e-05
2.701230222111388615e-05
2.673567398835749256e-05
2.646254712348352733e-05
2.619286911215250505e-05
2.592658834615793094e-05
2.566365410594288011e-05
2.540401654308479623e-05
2.514762666381432419e-05
2.489443631231307740e-05
2.464439815461510916e-05
2.439746566271362350e-05
2.415359309932953047e-05
2.391273550256644483e-05
2.367484867120696991e-05
2.343988915017511184e-05
2.320781421644746195e-05
2.297858186494536496e-05
2.275215079512520497e-05
2.252848039762229848e-05
2.230753074119688677e-05
2.208926255994394519e-05
2.187363724086759264e-05
2.166061681152153245e-05
2.145016392824023428e-05
2.124224186418402629e-05
2.103681449794196531e-05
2.083384630230470310e-05
2.063330233315819714e-05
2.043514821881181376e-05
2.023935014932809148e-05
2.004587486616821046e-05
1.985468965211647125e-05
1.966576232126014906e-05
1.947906120932722977e-05
1.929455516408913019e-05
1.911221353603544465e-05
1.893200616927045169e-05
1.875390339244265830e-05
1.857787601003635936e-05
1.840389529375134942e-05
1.823193297400071093e-05
1.806196123175836607e-05
1.789395269029826595e-05
1.772788040740579051e-05
1.756371786750617650e-05
1.740143897404048233e-05
1.724101804199503193e-05
1.708242979061101567e-05
1.692564933612486242e-05
1.677065218482407029e-05
1.661741422601846623e-05
1.646591172540303548e-05
1.631612131833143296e-05
1.616802000330849688e-05
1.602158513569517097e-05
1.587679442137996221e-05
1.573362591066749307e-05
1.559205799223049318e-05
1.545206938735099167e-05
1.531363914392378474e-05
1.517674663096476868e-05
1.504137153295624955e-05
1.490749384443778231e-05
1.477509386462844506e-05
1.464415219222784055e-05
1.451464972018939642e-05
1.438656763073145121e-05
1.425988739038690246e-05
1.413459074514082764e-05
1.401065971560612327e-05
1.388807659247382331e-05
1.376682393179451240e-05
1.364688455055836731e-05
1.352824152227307239e-05
1.341087817259394439e-05
1.329477807511141061e-05
1.317992504719374240e-05
1.306630314580518743e-05
1.295389666363513415e-05
1.284269012503517426e-05
1.273266828218534861e-05
1.262381611129704243e-05
1.251611880892285759e-05
1.240956178830740820e-05
1.230413067567546141e-05
1.219981130686921822e-05
1.209658972379130711e-05
1.199445217104572742e-05
1.189338509262150031e-05
1.179337512853519609e-05
1.169440911173694314e-05
1.159647406491565849e-05
1.149955719735099058e-05
1.140364590193515479e-05
1.130872775216881082e-05
1.121479049920699635e-05
1.112182206906351845e-05
1.102981055966558125e-05
1.093874423816502546e-05
1.084861153822587311e-05
1.075940105724824141e-05
1.067110155387363763e-05
1.058370194527803153e-05
1.049719130473254783e-05
1.041155885904818466e-05
1.032679398621244937e-05
1.024288621288062815e-05
1.015982521209255454e-05
1.007760080092070895e-05
9.996202938234343067e-06
9.915621722406546386e-06
9.835847389153394045e-06
9.756870309362349153e-06
9.678680986997457137e-06
9.601270056935876213e-06
9.524628283064983986e-06
9.448746556101281167e-06
9.373615891743874995e-06
9.299227428659025319e-06
9.225572426629294608e-06
9.152642264603999970e-06
9.080428438917608104e-06
9.008922561476662966e-06
8.938116357937922932e-06
