-4.509885232382796021e+11
4.438263483946718324e-01
4.457756381999176121e-01
4.411869680067095345e-01
4.344646456398839618e-01
4.266775727908167504e-01
4.180862837228591644e-01
4.087930651981506180e-01
3.988806514841480855e-01
3.884381522700031120e-01
3.775617428682558341e-01
3.663504014772929196e-01
3.549016015178567685e-01
3.433080103051553422e-01
3.316552495946032408e-01
3.200205426016520249e-01
3.084720469983084357e-01
2.970686983537644821e-01
2.858604208223924914e-01
2.748885911488581080e-01
2.641866666335923597e-01
2.537809080128727857e-01
2.436911449394765228e-01
2.339315454654027349e-01
2.245113620586485226e-01
2.154356355826969605e-01
2.067058456426122959e-01
1.983205010426716264e-01
1.902756680779420506e-01
1.825654372431424477e-01
1.751823309101783188e-01
1.681176557950139205e-01
1.613618047713822889e-01
1.549045129302726309e-01
1.487350728414207346e-01
1.428425138348803358e-01
1.372157498536132891e-01
1.318437000849805862e-01
1.267153861962451167e-01
1.218200096046291314e-01
1.171470118242070590e-01
1.126861205619231754e-01
1.084273838913816235e-01
1.043611945190572321e-01
1.004783058748022206e-01
9.676984150714984523e-02
9.322729904219873021e-02
8.984254977111438834e-02
8.660783476293731908e-02
8.351575825421919674e-02
8.055927894220649144e-02
7.773169970170679122e-02
7.502665615513470776e-02
7.243810444832776696e-02
6.996030851962786734e-02
6.758782709529054245e-02
6.531550059837010203e-02
6.313843811982966514e-02
6.105200456892045935e-02
5.905180809329868552e-02
5.713368783739913859e-02
5.529370208986272850e-02
5.352811685585878720e-02
5.183339487811355895e-02
5.020618512105468056e-02
4.864331272435595821e-02
4.714176942600345477e-02
4.569870445046220198e-02
4.431141585319497977e-02
4.297734231031036245e-02
4.169405533975378830e-02
4.045925193897459415e-02
3.927074762295634791e-02
3.812646984562428898e-02
3.702445178773983159e-02
3.596282649389559438e-02
3.493982134135409368e-02
3.395375282419532681e-02
3.300302163594559524e-02
3.208610803499212238e-02
3.120156747706137601e-02
3.034802650023649129e-02
2.952417884792457592e-02
2.872878181641791429e-02
2.796065281404391811e-02
2.721866611952616921e-02
2.650174982794450962e-02
2.580888297314998248e-02
2.513909281633419646e-02
2.449145229060745166e-02
2.386507759258593708e-02
2.325912591189038814e-02
2.267279329051463677e-02
2.210531260415704580e-02
2.155595165822088433e-02
2.102401139160359200e-02
2.050882418183608280e-02
2.000975224541301500e-02
1.952618612771228612e-02
1.905754327708741869e-02
1.860326669811374067e-02
1.816282367931054686e-02
1.773570459083639861e-02
1.732142174815187730e-02
1.691950833754374273e-02
1.652951740010100146e-02
1.615102087050246382e-02
1.578360866753514280e-02
1.542688783328638458e-02
1.508048171815601357e-02
1.474402920910122816e-02
1.441718399850189236e-02
1.409961389148062239e-02
1.379100014929024454e-02
1.349103686686348169e-02
1.319943038250359635e-02
1.291589871790121968e-02
1.264017104683157200e-02
1.237198719084631193e-02
1.211109714049984909e-02
1.185726060069169918e-02
1.161024655874998146e-02
1.136983287409121246e-02
1.113580588814899741e-02
1.090796005359173648e-02
1.068609758170668833e-02
1.047002810695207842e-02
1.025956836787389470e-02
1.005454190333554543e-02
9.854778763403571062e-03
9.660115234014776675e-03
9.470393574725788355e-03
9.285461768877345534e-03
9.105173285517853543e-03
8.929386852415177600e-03
8.757966239707926093e-03
8.590780053508106917e-03
8.427701539035936662e-03
8.268608392802523355e-03
8.113382583291084416e-03
7.961910179845155255e-03
7.814081189214006073e-03
7.669789399485704706e-03
7.528932230939755499e-03
7.391410593579950117e-03
7.257128750919994431e-03
7.125994189786322153e-03
6.997917495817240763e-03
6.872812234370861972e-03
6.750594836597567650e-03
6.631184490427211031e-03
6.514503036229246646e-03
6.400474866935068619e-03
6.289026832375421705e-03
6.180088147694551282e-03
6.073590305586629157e-03
5.969466992227001612e-03
5.867654006698863611e-03
5.768089183734392833e-03
5.670712319683968161e-03
5.575465101486321018e-03
5.482291038561015739e-03
5.391135397476487512e-03
5.301945139215780145e-03
5.214668859033100290e-03
5.129256728673370347e-03
5.045660440903265709e-03
4.963833156265584634e-03
4.883729451922169673e-03
4.805305272489235335e-03
4.728517882854887944e-03
4.653325822755238761e-03
4.579688863190600756e-03
4.507567964470604593e-03
4.436925235897337672e-03
4.367723896969488706e-03
4.299928240105943544e-03
4.233503594727405783e-03
4.168416292736676354e-03
4.104633635277687986e-03
4.042123860737101282e-03
3.980856113949604591e-03
3.920800416531422528e-03
3.861927638315609812e-03
3.804209469840946767e-03
3.747618395838925309e-03
3.692127669695288716e-03
3.637711288828837652e-03
3.584343970970849114e-03
3.532001131294038032e-03
3.480658860347096706e-03
3.430293902806580419e-03
3.380883636948439630e-03
3.332406054872949497e-03
3.284839743408651813e-03
3.238163865698640009e-03
3.192358143424112171e-03
3.147402839642543526e-03
3.103278742225823450e-03
3.059967147878595028e-03
3.017449846674846725e-03
2.975709107167601175e-03
2.934727661966896051e-03
2.894488693835128856e-03
2.854975822231153870e-03
2.816173090321782979e-03
2.778064952433156876e-03
2.740636261898465875e-03
2.703872259335327044e-03
2.667758561291755370e-03
2.632281149291815225e-03
2.597426359211896241e-03
2.563180871020698248e-03
2.529531698866493983e-03
2.496466181456602484e-03
2.463971972775924613e-03
2.432037033084588629e-03
2.400649620228234582e-03
2.369798281200541368e-03
2.339471843994189726e-03
2.309659409698960886e-03
2.280350344864512380e-03
2.251534274078759168e-03
2.223201072812486245e-03
2.195340860462247079e-03
2.167943993621745946e-03
2.141001059557945396e-03
2.114502869895007464e-03
2.088440454481421682e-03
2.062805055466521154e-03
2.037588121534650298e-03
2.012781302332289357e-03
1.988376443059713949e-03
1.964365579220750391e-03
1.940740931541062864e-03
1.917494901033656163e-03
1.894620064211371968e-03
1.872109168453039985e-03
1.849955127483093875e-03
1.828151017019497004e-03
1.806690070522254388e-03
1.785565675080480474e-03
1.764771367414263992e-03
1.744300830003098213e-03
1.724147887318006056e-03
1.704306502161800907e-03
1.684770772129917660e-03
1.665534926154510487e-03
1.646593321159572909e-03
1.627940438813757495e-03
1.609570882365574107e-03
1.591479373580728662e-03
1.573660749755845245e-03
1.556109960826779215e-03
1.538822066551759349e-03
1.521792233773799907e-03
1.505015733763048758e-03
1.488487939633520440e-03
1.472204323830439421e-03
1.456160455685973076e-03
1.440351999040245801e-03
1.424774709943399387e-03
1.409424434398731663e-03
1.394297106180886203e-03
1.379388744714216131e-03
1.364695453001107950e-03
1.350213415615364454e-03
1.335938896745769711e-03
1.321868238291612485e-03
1.307997858007281522e-03
1.294324247706812869e-03
1.280843971503964340e-03
1.267553664107134992e-03
1.254450029157583302e-03
1.241529837609167686e-03
1.228789926154938428e-03
1.216227195695473995e-03
1.203838609840301999e-03
1.191621193457281791e-03
1.179572031255293751e-03
1.167688266405786379e-03
1.155967099193855319e-03
1.144405785719504465e-03
1.133001636612451790e-03
1.121752015794452717e-03
1.110654339269157020e-03
1.099706073939721307e-03
1.088904736461726586e-03
1.078247892123851415e-03
1.067733153752303821e-03
1.057358180650780355e-03
1.047120677559743029e-03
1.037018393645450232e-03
1.027049121518741615e-03
1.017210696264037040e-03
1.007500994513188530e-03
9.979179335224408476e-04
9.884594702860294291e-04
9.791236006635450906e-04
9.699083585361645277e-04
9.608118149722066903e-04
9.518320774311028742e-04
9.429672889624818310e-04
9.342156274509960667e-04
9.255753048584836051e-04
9.170445664985482637e-04
9.086216903164689995e-04
9.003049861981970992e-04
8.920927952893453750e-04
8.839834893303866181e-04
8.759754700120581106e-04
8.680671683380936088e-04
8.602570440161549925e-04
8.525435848463214228e-04
8.449253061404427001e-04
8.374007501443792023e-04
8.299684854753408558e-04
8.226271065780998981e-04
8.153752331905295136e-04
8.082115098146935850e-04
8.011346052150258856e-04
7.941432119136226930e-04
7.872360457075178175e-04
7.804118451901764786e-04
7.736693712894204822e-04
7.670074068095722453e-04
7.604247559924726119e-04
7.539202440811632044e-04
7.474927168964473623e-04
7.411410404234430871e-04
7.348641004079059513e-04
7.286608019601015229e-04
7.225300691653391283e-04
7.164708447122691837e-04
7.104820895167396344e-04
7.045627823663025424e-04
6.987119195651647630e-04
6.929285145857999595e-04
6.872115977374360085e-04
6.815602158314337800e-04
6.759734318591004154e-04
6.704503246783843906e-04
6.649899887050114700e-04
6.595915336047308841e-04
6.542540840082100573e-04
6.489767792106082567e-04
6.437587728995719516e-04
6.385992328719058975e-04
6.334973407651212085e-04
6.284522917925361440e-04
6.234632944877027683e-04
6.185295704437265840e-04
6.136503540703497350e-04
6.088248923536987434e-04
6.040524446129236225e-04
5.993322822706037556e-04
5.946636886269285327e-04
5.900459586338779872e-04
5.854783986798395290e-04
5.809603263755569458e-04
5.764910703416337157e-04
5.720699700120235320e-04
5.676963754257524641e-04
5.633696470357385522e-04
5.590891555156130011e-04
5.548542815692059094e-04
5.506644157544648976e-04
5.465189582902763021e-04
5.424173188937064793e-04
5.383589165968150070e-04
5.343431795830078102e-04
5.303695450182832616e-04
5.264374588904718877e-04
5.225463758493642530e-04
5.186957590523899597e-04
5.148850800078541567e-04
5.111138184277219665e-04
5.073814620841776701e-04
5.036875066599666440e-04
5.000314556113938380e-04
4.964128200297679427e-04
4.928311185052880461e-04
4.892858769955932274e-04
4.857766286945341960e-04
4.823029139069401339e-04
4.788642799220532709e-04
4.754602808918484413e-04
4.720904777111289974e-04
4.687544379005093020e-04
4.654517354916176686e-04
4.621819509109670321e-04
4.589446708747058068e-04
4.557394882740428699e-04
4.525660020742172662e-04
4.494238172054743075e-04
4.463125444644777673e-04
4.432318004117252741e-04
4.401812072742927739e-04
4.371603928472467260e-04
4.341689904030499036e-04
4.312066385936397239e-04
4.282729813629426729e-04
4.253676678576123749e-04
4.224903523346590362e-04
4.196406940828456555e-04
4.168183573327599589e-04
4.140230111759901632e-04
4.112543294838566510e-04
4.085119908279200018e-04
4.057956784018212915e-04
4.031050799426783016e-04
4.004398876598092016e-04
3.977997981579051157e-04
3.951845123650876701e-04
3.925937354614106312e-04
3.900271768111363002e-04
3.874845498910151065e-04
3.849655722274469838e-04
3.824699653243168740e-04
3.799974546050410851e-04
3.775477693432893744e-04
3.751206426045872178e-04
3.727158111828110520e-04
3.703330155404582769e-04
3.679719997504715678e-04
3.656325114365088780e-04
3.633143017187645540e-04
3.610171251544613824e-04
3.587407396858921516e-04
3.564849065851305454e-04
3.542493904025167950e-04
3.520339589122567503e-04
3.498383830640161563e-04
3.476624369289638139e-04
3.455058976573610607e-04
3.433685454221624411e-04
3.412501633770492759e-04
3.391505376069137156e-04
3.370694570843379978e-04
3.350067136231871245e-04
3.329621018335338078e-04
3.309354190801361284e-04
3.289264654380286146e-04
3.269350436516660352e-04
3.249609590949553706e-04
3.230040197261807577e-04
3.210640360540306659e-04
3.191408210942991985e-04
3.172341903328046442e-04
3.153439616889741615e-04
3.134699554769859731e-04
3.116119943691320060e-04
3.097699033618450670e-04
3.079435097372851260e-04
3.061326430342514726e-04
3.043371350084367322e-04
3.025568196011185762e-04
3.007915329067412102e-04
2.990411131411629952e-04
2.973054006090158907e-04
2.955842376712869424e-04
2.938774687164524835e-04
2.921849401305021132e-04
2.905065002658524520e-04
2.888419994122592982e-04
2.871912897695061417e-04
2.855542254180942763e-04
2.839306622930415358e-04
2.823204581532401392e-04
2.807234725579199619e-04
2.791395668400031838e-04
2.775686040767944007e-04
2.760104490704406999e-04
2.744649683177335930e-04
2.729320299856841103e-04
2.714115038924269641e-04
2.699032614759122595e-04
2.684071757763639710e-04
2.669231214109668571e-04
2.654509745505517770e-04
2.639906128973912303e-04
2.625419156667696541e-04
2.611047635583396698e-04
2.596790387412450940e-04
2.582646248308062553e-04
2.568614068678698459e-04
2.554692712983808178e-04
2.540881059527322350e-04
2.527178000293339721e-04
2.513582440724082545e-04
2.500093299524497326e-04
2.486709508506823596e-04
2.473430012377431098e-04
2.460253768572506772e-04
2.447179747071537292e-04
2.434206930228555166e-04
2.421334312596723493e-04
2.408560900744038946e-04
2.395885713128986794e-04
2.383307779885157629e-04
