2.465842755104243164e+11
4.318616347641608399e-01
4.375659430091269897e-01
4.382092559426267186e-01
4.355869487075954005e-01
4.305785145226121990e-01
4.237392839235001318e-01
4.154724624207566386e-01
4.060918663489876401e-01
3.958510303386248985e-01
3.849596532587384878e-01
3.735940115530800298e-01
3.619038477377025664e-01
3.500170280492493902e-01
3.380427875884031153e-01
3.260741048962136901e-01
3.141895558441865077e-01
3.024548619146756323e-01
2.909242570754342339e-01
2.796417392630301535e-01
2.686422373418371201e-01
2.579527047056431321e-01
2.475931408421425672e-01
2.375775382885052522e-01
2.279147518550512785e-01
2.186092881130616838e-01
2.096620149091794616e-01
2.010707924998871299e-01
1.928310294911774747e-01
1.849361679972849615e-01
1.773781032727330675e-01
1.701475435563550853e-01
1.632343160523905823e-01
1.566276249254818786e-01
1.503162669673150376e-01
1.442888102551869167e-01
1.385337407135320831e-01
1.330395810428033343e-01
1.277949860225291445e-01
1.227888177464704356e-01
1.180102039199875108e-01
1.134485819512724980e-01
1.090937312035413775e-01
1.049357954463991938e-01
1.009652972513368496e-01
9.717314581734304291e-02
9.355063948568909105e-02
9.008946400571415936e-02
8.678168744286796077e-02
8.361975247366282282e-02
8.059646668659325996e-02
7.770499140130260329e-02
7.493882942758256505e-02
7.229181210903234955e-02
6.975808593167309724e-02
6.733209892370228822e-02
6.500858702704315206e-02
6.278256058369025006e-02
6.064929104845129260e-02
5.860429801372579739e-02
5.664333661033937872e-02
5.476238533141852827e-02
5.295763431129851817e-02
5.122547408037014804e-02
4.956248480718850047e-02
4.796542603160203200e-02
4.643122688694001354e-02
4.495697680447152678e-02
4.353991668984291685e-02
4.217743055856382206e-02
4.086703761554799641e-02
3.960638476230315952e-02
3.839323951463646800e-02
3.722548331286334999e-02
3.610110520664200351e-02
3.501819589633003993e-02
3.397494211298091038e-02
3.296962131963931952e-02
3.200059671664856609e-02
3.106631253486225042e-02
3.016528960041675589e-02
2.929612115618818180e-02
2.845746892517331261e-02
2.764805940187153865e-02
2.686668035845873881e-02
2.611217755325645484e-02
2.538345162940225386e-02
2.467945519268255339e-02
2.399919005762773949e-02
2.334170465204565836e-02
2.270609157039826798e-02
2.209148526707949145e-02
2.149705988128824963e-02
2.092202718550018048e-02
2.036563465014928909e-02
1.982716361758640744e-02
1.930592757865601250e-02
1.880127054582914070e-02
1.831256551707483027e-02
1.783921302505220297e-02
1.738063976652237663e-02
1.693629730725199067e-02
1.650566085787330550e-02
1.608822811654220253e-02
1.568351817444946228e-02
1.529107048045785788e-02
1.491044386142514888e-02
1.454121559499443883e-02
1.418298053170352624e-02
1.383535026366411458e-02
1.349795233703554587e-02
1.317042950581948091e-02
1.285243902459676235e-02
1.254365197799467424e-02
1.224375264475474623e-02
1.195243789451327920e-02
1.166941661538745123e-02
1.139440917069411974e-02
1.112714688312266276e-02
1.086737154487704693e-02
1.061483495231985152e-02
1.036929846384015974e-02
1.013053257951779251e-02
9.898316541603557894e-03
9.672437954505230806e-03
9.452692423318698189e-03
9.238883209907289285e-03
9.030820905536751653e-03
8.828323119239200878e-03
8.631214181038959765e-03
8.439324859278896085e-03
8.252492091301855126e-03
8.070558726737786515e-03
7.893373282886528841e-03
7.720789711351150331e-03
7.552667175570348945e-03
7.388869838523159927e-03
7.229266660176980608e-03
7.073731204155109253e-03
6.922141453158392466e-03
6.774379632707772103e-03
6.630332042799169656e-03
6.489888897056594885e-03
6.352944169019103526e-03
6.219395445245856635e-03
6.089143784842265816e-03
5.962093585139438545e-03
5.838152453228939720e-03
5.717231083028462280e-03
5.599243137687004435e-03
5.484105136969841254e-03
5.371736349498057450e-03
5.262058689549542478e-03
5.154996618180973655e-03
5.050477048559098847e-03
4.948429255216435507e-03
4.848784787080839820e-03
4.751477384134172866e-03
4.656442897480461696e-03
4.563619212697211935e-03
4.472946176339975821e-03
4.384365525391675789e-03
4.297820819600062237e-03
4.213257376524115472e-03
4.130622209186807225e-03
4.049863966205213828e-03
3.970932874314048178e-03
3.893780683146275123e-03
3.818360612190874193e-03
3.744627299819835997e-03
3.672536754323996178e-03
3.602046306821815591e-03
3.533114565997585999e-03
3.465701374588014971e-03
3.399767767523043105e-03
3.335275931674486216e-03
3.272189167103922713e-03
3.210471849829144020e-03
3.150089395917987645e-03
3.091008226997704611e-03
3.033195736998006709e-03
2.976620260157325504e-03
2.921251040206351846e-03
2.867058200674899027e-03
2.814012716306990569e-03
2.762086385493800478e-03
2.711251803735770238e-03
2.661482338044640628e-03
2.612752102275628374e-03
2.565035933353998487e-03
2.518309368323645714e-03
2.472548622250991812e-03
2.427730566882724261e-03
2.383832710069588856e-03
2.340833175909606823e-03
2.298710685585403368e-03
2.257444538884989527e-03
2.217014596338939825e-03
2.177401261994837967e-03
2.138585466785025702e-03
2.100548652449241160e-03
2.063272756029688182e-03
2.026740194871923251e-03
1.990933852155984951e-03
1.955837062897369805e-03
1.921433600435173972e-03
1.887707663364324162e-03
1.854643862903460061e-03
1.822227210685145593e-03
1.790443106965300402e-03
1.759277329191233363e-03
1.728716020970688660e-03
1.698745681404156826e-03
1.669353154745589762e-03
1.640525620421495745e-03
1.612250583346908073e-03
1.584515864590629874e-03
1.557309592308486756e-03
1.530620192984999406e-03
1.504436382947504924e-03
1.478747160152948936e-03
1.453541796239354866e-03
1.428809828817101391e-03
1.404541054017993673e-03
1.380725519264824896e-03
1.357353516276305072e-03
1.334415574284930628e-03
1.311902453474012020e-03
1.289805138590338629e-03
1.268114832805533609e-03
1.246822951709081195e-03
1.225921117521178161e-03
1.205401153479002119e-03
1.185255078371971749e-03
1.165475101274626724e-03
1.146053616410291909e-03
1.126983198183273416e-03
1.108256596365597701e-03
1.089866731408095646e-03
1.071806689913357147e-03
1.054069720231920471e-03
1.036649228179920001e-03
1.019538772910388857e-03
1.002732062878264330e-03
9.862229519337351036e-04
9.700054355361587000e-04
9.540736470716737472e-04
9.384218542745070835e-04
9.230444557595252064e-04
9.079359776553719286e-04
8.930910703262018302e-04
8.785045051877826694e-04
8.641711716306232915e-04
8.500860740070503851e-04
8.362443287224241573e-04
8.226411614016271301e-04
8.092719041330465046e-04
7.961319927940468943e-04
7.832169644543807152e-04
7.705224548426592435e-04
7.580441958923156420e-04
7.457780133530711453e-04
7.337198244650178225e-04
7.218656357013131242e-04
7.102115405761555422e-04
6.987537175009439494e-04
6.874884277154880152e-04
6.764120132589646062e-04
6.655208950063773443e-04
6.548115707620816295e-04
6.442806133897249765e-04
6.339246690088007341e-04
6.237404552280612080e-04
6.137247594357742031e-04
6.038744371259507915e-04
5.941864102765315181e-04
5.846576657697610813e-04
5.752852538487562839e-04
5.660662866258103776e-04
5.569979366151223132e-04
5.480774353185946524e-04
5.393020718393870538e-04
5.306691915361039236e-04
5.221761947089564870e-04
5.138205353272251585e-04
5.055997197724870773e-04
4.975113056386870625e-04
4.895529005455312443e-04
4.817221609862976095e-04
4.740167912042902998e-04
4.664345421077076281e-04
4.589732101978327705e-04
4.516306365305311488e-04
4.444047057110545040e-04
4.372933448999472006e-04
4.302945228578103354e-04
4.234062490042767024e-04
4.166265725096263139e-04
4.099535813968380182e-04
4.033854016771698525e-04
3.969201965068336335e-04
3.905561653509970199e-04
3.842915431906401835e-04
3.781245997251936330e-04
3.720536386173645127e-04
3.660769967368526778e-04
3.601930434338207476e-04
3.544001798323481722e-04
3.486968381278821028e-04
3.430814809182169967e-04
3.375526005371387583e-04
3.321087184120496971e-04
3.267483844353602507e-04
3.214701763500915632e-04
3.162726991481346062e-04
3.111545844851626441e-04
3.061144901179702060e-04
3.011510993351507182e-04
2.962631204199706048e-04
2.914492861172401916e-04
2.867083531150615983e-04
2.820391015359025033e-04
2.774403344476539246e-04
2.729108773729116422e-04
2.684495778224604834e-04
2.640553048365301692e-04
2.597269485278275170e-04
2.554634196454408368e-04
2.512636491480702006e-04
2.471265877810324696e-04
2.430512056692535339e-04
2.390364919124809973e-04
2.350814541995926987e-04
2.311851184235713674e-04
2.273465283055831065e-04
2.235647450383737578e-04
2.198388469163425896e-04
2.161679290002549436e-04
2.125511027708526512e-04
2.089874957913462339e-04
2.054762513905572519e-04
2.020165283391772704e-04
1.986075005386833681e-04
1.952483567186913405e-04
1.919383001431906877e-04
1.886765483101182639e-04
1.854623326786875026e-04
1.822948983811745194e-04
1.791735039575748090e-04
1.760974210891497194e-04
1.730659343333051936e-04
1.700783408777883920e-04
1.671339502846702629e-04
1.642320842485389676e-04
1.613720763624648669e-04
1.585532718793025708e-04
1.557750274887581554e-04
1.530367110944563791e-04
1.503377015896756319e-04
1.476773886535109881e-04
1.450551725334925379e-04
1.424704638468554663e-04
1.399226833793676406e-04
1.374112618874878677e-04
1.349356399098500248e-04
1.324952675794133228e-04
1.300896044382771066e-04
1.277181192593790371e-04
1.253802898710798530e-04
1.230756029850788025e-04
1.208035540258833862e-04
1.185636469716033758e-04
1.163553941845307804e-04
1.141783162612597380e-04
1.120319418697057756e-04
1.099158076072193069e-04
1.078294578431560069e-04
1.057724445774343991e-04
1.037443273010918432e-04
1.017446728508453191e-04
9.977305527852919909e-05
9.782905571364963748e-05
9.591226223371052129e-05
9.402226973476146554e-05
9.215867980860714681e-05
9.032110061846232441e-05
8.850914677571708467e-05
8.672243922647204784e-05
8.496060513141223680e-05
8.322327775500681923e-05
8.151009635515293894e-05
7.982070607126523498e-05
7.815475782013692196e-05
7.651190819180087033e-05
7.489181934405841901e-05
7.329415890477974926e-05
7.171859987287199090e-05
7.016482052213390830e-05
6.863250430622080955e-05
6.712133976316536632e-05
6.563102043255497620e-05
6.416124475872031496e-05
6.271171600524816370e-05
6.128214217215877113e-05
5.987223590997459155e-05
5.848171443711969175e-05
5.711029946042778249e-05
5.575771709498411610e-05
5.442369778907441003e-05
5.310797624424878904e-05
5.181029134493364552e-05
5.053038607982784924e-05
4.926800747817594583e-05
4.802290653249663421e-05
4.679483813108120671e-05
4.558356099426674746e-05
4.438883760404799261e-05
4.321043413946235034e-05
4.204812041419536683e-05
4.090166981418619230e-05
3.977085923367873477e-05
3.865546901815619663e-05
3.755528290305676364e-05
3.647008795693018612e-05
3.539967452304004780e-05
3.434383616718328369e-05
3.330236961751609215e-05
3.227507471548207718e-05
3.126175436096723104e-05
3.026221445923127362e-05
2.927626387450033008e-05
2.830371437601009177e-05
2.734438058982213704e-05
2.639807995352683179e-05
2.546463266450693652e-05
2.454386163841526525e-05
2.363559246054691698e-05
2.273965334320671161e-05
2.185587508019004588e-05
2.098409100592668608e-05
2.012413695173798089e-05
1.927585120542474328e-05
1.843907446885673096e-05
1.761364982155733117e-05
1.679942267851508575e-05
1.599624075176997451e-05
1.520395401555241222e-05
1.442241466542704131e-05
1.365147708543013039e-05
1.289099780943381290e-05
1.214083548806144108e-05
1.140085085316044911e-05
1.067090668538384080e-05
9.950867777330785202e-06
9.240600905568996382e-06
8.539974796217819630e-06
7.848860093861986797e-06
7.167129329133103965e-06
6.494656891176120439e-06
5.831318995008771822e-06
5.176993654876227424e-06
4.531560653608934786e-06
3.894901514644999452e-06
3.266899474496653966e-06
2.647439454994682251e-06
2.036408038197379256e-06
1.433693437080663102e-06
8.391854724454361758e-07
2.527755460501879270e-07
-3.256433853682239032e-07
-8.961768307447215420e-07
-1.458928793995895035e-06
-2.014001793115838268e-06
-2.561496887931724586e-06
-3.101513698533509000e-06
-3.634150430364968543e-06
-4.159503896872251971e-06
-4.677669539487894212e-06
-5.188741448947098434e-06
-5.692812389046508770e-06
-6.189973812631421879e-06
-6.680315887797050323e-06
-7.163927511433243467e-06
-7.640896334093483233e-06
-8.111308776426184863e-06
-8.575250048714622153e-06
-9.032804170194808080e-06
-9.484053985930884778e-06
-9.929081186133004167e-06
-1.036796632414294095e-05
-1.080078883086699193e-05
-1.122762703675839191e-05
-1.164855818491794537e-05
-1.206365844796941644e-05
-1.247300294493491890e-05
-1.287666575877643993e-05
-1.327471995038465025e-05
-1.366723757256771421e-05
-1.405428968870303663e-05
-1.443594638517176065e-05
