-2.874380924970853882e+11
1.856580064443615896e-01
1.900262818137248289e-01
1.933207783347392628e-01
1.950049203331261083e-01
1.954238768491429745e-01
1.949175155429019313e-01
1.937255597742510993e-01
1.920104870166796651e-01
1.898843417618198970e-01
1.874272115245396719e-01
1.846988952644732507e-01
1.817461086908314094e-01
1.786069065547959411e-01
1.753133966332969251e-01
1.718934108517791159e-01
1.683715411016786234e-01
1.647697886286914049e-01
1.611079790107807774e-01
1.574040356821964082e-01
1.536741688564697839e-01
1.499330145491377664e-01
1.461937447515859745e-01
1.424681613706617611e-01
1.387667813242323689e-01
1.350989169533951539e-01
1.314727539280244883e-01
1.278954276221471176e-01
1.243730982285833342e-01
1.209110244881470564e-01
1.175136357108859109e-01
1.141846016902978711e-01
1.109269001100781082e-01
1.077428810830256545e-01
1.046343285254023314e-01
1.016025181414774714e-01
9.864827186713798213e-02
9.577200868983082316e-02
9.297379182444842627e-02
9.025337227849439259e-02
8.761022888442049350e-02
8.504360491310958281e-02
8.255254141045265115e-02
8.013590741927156813e-02
7.779242726315738210e-02
7.552070507708585900e-02
7.331924677364676235e-02
7.118647963376956156e-02
6.912076970803116005e-02
6.712043720888005716e-02
6.518377006757081205e-02
6.330903582075064762e-02
6.149449198257217475e-02
5.973839504852551663e-02
5.803900826714469829e-02
5.639460830550646619e-02
5.480349092512382114e-02
5.326397577468089395e-02
5.177441039747954221e-02
5.033317354237354380e-02
4.893867785887140442e-02
4.758937204973223700e-02
4.628374254670464261e-02
4.502031476900869578e-02
4.379765401772006683e-02
4.261436605384405496e-02
4.146909740271120803e-02
4.036053542272100003e-02
3.928740817219456005e-02
3.824848410440973012e-02
3.724257161729283006e-02
3.626851848132139899e-02
3.532521116629760982e-02
3.441157408508543902e-02
3.352656877041582106e-02
3.266919299861936743e-02
3.183847987240384647e-02
3.103349687340273277e-02
3.025334489350717249e-02
2.949715725306134573e-02
2.876409871251617290e-02
2.805336448365580715e-02
2.736417924502276833e-02
2.669579616605921579e-02
2.604749594321598138e-02
2.541858585119394220e-02
2.480839881153440452e-02
2.421629248068901674e-02
2.364164835900450790e-02
2.308387092193031620e-02
2.254238677440056904e-02
2.201664382893597782e-02
2.150611050801787272e-02
2.101027497101237707e-02
2.052864436562984451e-02
2.006074410392422180e-02
1.960611716273730210e-02
1.916432340819462787e-02
1.873493894399458348e-02
1.831755548309099701e-02
1.791177974215418800e-02
1.751723285854400736e-02
1.713354982898485090e-02
1.676037896951498851e-02
1.639738139611934820e-02
1.604423052532633065e-02
1.570061159425573116e-02
1.536622119946318143e-02
1.504076685390876023e-02
1.472396656151397920e-02
1.441554840860259645e-02
1.411525017170456309e-02
1.382281894107340037e-02
1.353801075933325215e-02
1.326059027471138130e-02
1.299033040828567742e-02
1.272701203469539522e-02
1.247042367580086797e-02
1.222036120678726689e-02
1.197662757417639057e-02
1.173903252532015884e-02
1.150739234890618690e-02
1.128152962594031194e-02
1.106127299093073724e-02
1.084645690271912599e-02
1.063692142459649048e-02
1.043251201340189560e-02
1.023307931709416252e-02
1.003847898052212528e-02
9.848571459094346281e-03
9.663221839879332364e-03
9.482299669987481749e-03
9.305678791792892923e-03
9.133237184803411068e-03
8.964856813827637438e-03
8.800423483249275591e-03
8.639826697056873783e-03
8.482959524489297465e-03
8.329718470989622148e-03
8.180003354253173597e-03
8.033717185197630783e-03
7.890766053597841889e-03
7.751059018217709706e-03
7.614508001238196044e-03
7.481027686826680068e-03
7.350535423634951826e-03
7.222951131082178122e-03
7.098197209300050048e-03
6.976198452486759294e-03
6.856881965682015689e-03
6.740177084647358541e-03
6.626015298875076454e-03
6.514330177496585605e-03
6.405057298022320822e-03
6.298134177769032505e-03
6.193500207894997445e-03
6.091096589891931146e-03
5.990866274473871655e-03
5.892753902755343276e-03
5.796705749600450375e-03
5.702669669121362972e-03
5.610595042125465781e-03
5.520432725546697839e-03
5.432135003751614732e-03
5.345655541574734215e-03
5.260949339111586909e-03
5.177972688143572810e-03
5.096683130139556539e-03
5.017039415784019241e-03
4.939001465946502023e-03
4.862530334073911220e-03
4.787588169907763813e-03
4.714138184507499219e-03
4.642144616500143428e-03
4.571572699551884611e-03
4.502388630961418059e-03
4.434559541356852819e-03
4.368053465481080977e-03
4.302839313958806144e-03
4.238886846082312587e-03
4.176166643506729059e-03
4.114650084882987002e-03
4.054309321339433225e-03
3.995117252821867027e-03
3.937047505235380385e-03
3.880074408358247240e-03
3.824172974519424173e-03
3.769318877980376570e-03
3.715488435032110459e-03
3.662658584738576195e-03
3.610806870339988706e-03
3.559911421268546761e-03
3.509950935768557656e-03
3.460904664079667015e-03
3.412752392197182516e-03
3.365474426139325459e-03
3.319051576747167331e-03
3.273465144987719455e-03
3.228696907707551134e-03
3.184729103882455448e-03
3.141544421283892774e-03
3.099125983594408495e-03
3.057457337923841223e-03
3.016522442732982867e-03
2.976305656133826361e-03
2.936791724577947349e-03
2.897965771885946396e-03
2.859813288624835081e-03
2.822320121834032136e-03
2.785472465059335434e-03
2.749256848702197331e-03
2.713660130673423154e-03
2.678669487330420651e-03
2.644272404703773560e-03
2.610456669984273503e-03
2.577210363278403804e-03
2.544521849612957354e-03
2.512379771190120792e-03
2.480773039867711915e-03
2.449690829872785969e-03
2.419122570741949474e-03
2.389057940463956697e-03
2.359486858835690981e-03
2.330399481008438300e-03
2.301786191237775725e-03
2.273637596816424633e-03
2.245944522175191693e-03
2.218698003179309097e-03
2.191889281569325831e-03
2.165509799590292772e-03
2.139551194750843877e-03
2.114005294764131904e-03
2.088864112610222534e-03
2.064119841755251983e-03
2.039764851512693156e-03
2.015791682521861361e-03
1.992193042373191503e-03
1.968961801354085495e-03
1.946090988301785174e-03
1.923573786600796254e-03
1.901403530274015097e-03
1.879573700185765972e-03
1.858077920362077862e-03
1.836909954408882939e-03
1.816063702023473780e-03
1.795533195616316746e-03
1.775312597021239114e-03
1.755396194289327028e-03
1.735778398589182814e-03
1.716453741171353187e-03
1.697416870438450687e-03
1.678662549073894894e-03
1.660185651268575313e-03
1.641981160007022211e-03
1.624044164440618943e-03
1.606369857324985162e-03
1.588953532523085244e-03
1.571790582586274354e-03
1.554876496392187946e-03
1.538206856847024184e-03
1.521777338650665001e-03
1.505583706124413723e-03
1.489621811087582515e-03
1.473887590797584579e-03
1.458377065947313866e-03
1.443086338703380989e-03
1.428011590808075937e-03
1.413149081722187006e-03
1.398495146822664736e-03
1.384046195646471134e-03
1.369798710170178069e-03
1.355749243153958616e-03
1.341894416504008092e-03
1.328230919699358026e-03
1.314755508243115045e-03
1.301465002163881834e-03
1.288356284546265940e-03
1.275426300106685673e-03
1.262672053801594529e-03
1.250090609472565006e-03
1.237679088522680715e-03
1.225434668624902912e-03
1.213354582475512089e-03
1.201436116560206102e-03
1.189676609963052911e-03
1.178073453202976850e-03
1.166624087096446161e-03
1.155326001653467216e-03
1.144176734994006850e-03
1.133173872293280482e-03
1.122315044759902847e-03
1.111597928630247978e-03
1.101020244185013652e-03
1.090579754808196355e-03
1.080274266043401710e-03
1.070101624690122932e-03
1.060059717920669442e-03
1.050146472411084275e-03
1.040359853496486409e-03
1.030697864349949811e-03
1.021158545177591748e-03
1.011739972426983769e-03
1.002440258035752763e-03
9.932575486657491126e-04
9.841900249831780911e-04
9.752359009442823634e-04
9.663934230950133042e-04
9.576608698949051757e-04
9.490365510482767775e-04
9.405188068605241369e-04
9.321060076019627161e-04
9.237965528887670530e-04
9.155888710774551242e-04
9.074814186793567217e-04
8.994726797761920523e-04
8.915611654611854675e-04
8.837454132895050662e-04
8.760239867364738586e-04
8.683954746722122309e-04
8.608584908511573985e-04
8.534116734055796627e-04
8.460536843588606359e-04
8.387832091401037360e-04
8.315989561238357197e-04
8.244996561619366560e-04
8.174840621433254739e-04
8.105509485534234670e-04
8.036991110393909565e-04
7.969273660060061104e-04
7.902345501915597481e-04
7.836195202755025235e-04
7.770811524843157514e-04
7.706183422109269543e-04
7.642300036374560790e-04
7.579150693692859875e-04
7.516724900806792675e-04
7.455012341579525526e-04
7.394002873628569006e-04
7.333686524950699948e-04
7.274053490622378604e-04
7.215094129602306339e-04
7.156798961620580712e-04
7.099158664058968782e-04
7.042164068968848056e-04
6.985806160146879051e-04
6.930076070212898287e-04
6.874965077843242511e-04
6.820464604948561771e-04
6.766566214033709059e-04
6.713261605542086841e-04
6.660542615242182052e-04
6.608401211729564295e-04
6.556829493920002250e-04
6.505819688653602384e-04
6.455364148290065884e-04
6.405455348386102088e-04
6.356085885446116635e-04
6.307248474681781403e-04
6.258935947767163555e-04
6.211141250800356062e-04
6.163857442138542808e-04
6.117077690372951793e-04
6.070795272330453685e-04
6.025003571059617258e-04
5.979696073938889356e-04
5.934866370804758873e-04
5.890508152055495827e-04
5.846615206861471847e-04
5.803181421404346452e-04
5.760200777105151104e-04
5.717667348947852446e-04
5.675575303811797312e-04
5.633918898777512396e-04
5.592692479621241830e-04
5.551890479136289969e-04
5.511507415683070121e-04
5.471537891617028748e-04
5.431976591834253298e-04
5.392818282341504954e-04
5.354057808781842454e-04
5.315690095071268217e-04
5.277710142057578935e-04
5.240113026134807228e-04
5.202893897948701607e-04
5.166047981115529097e-04
5.129570570958641440e-04
5.093457033260584410e-04
5.057702803061836505e-04
5.022303383450665848e-04
4.987254344406277795e-04
4.952551321688591912e-04
4.918190015656964675e-04
4.884166190186611800e-04
4.850475671636100827e-04
4.817114347712703193e-04
4.784078166493177520e-04
4.751363135375719082e-04
4.718965320089640869e-04
4.686880843700613752e-04
4.655105885680299593e-04
4.623636680924914089e-04
4.592469518849284782e-04
4.561600742485349969e-04
4.531026747567334922e-04
4.500743981667998384e-04
4.470748943354863059e-04
4.441038181324241663e-04
4.411608293575230988e-04
4.382455926632555787e-04
4.353577774702799275e-04
4.324970578921671915e-04
4.296631126574634862e-04
4.268556250359711868e-04
4.240742827623655842e-04
4.213187779655847010e-04
4.185888070975529729e-04
4.158840708619049309e-04
4.132042741460395519e-04
4.105491259533966542e-04
4.079183393388419177e-04
4.053116313411653238e-04
4.027287229215747999e-04
4.001693388993032841e-04
3.976332078905464584e-04
3.951200622487327507e-04
3.926296380050153800e-04
3.901616748085423581e-04
3.877159158722776056e-04
3.852921079132709536e-04
3.828900010987013047e-04
3.805093489932520612e-04
3.781499085047101971e-04
3.758114398300094194e-04
3.734937064066023993e-04
3.711964748605023345e-04
3.689195149558788245e-04
3.666625995488725920e-04
3.644255045369693136e-04
3.622080088137025200e-04
3.600098942209140063e-04
3.578309455056771782e-04
3.556709502732235961e-04
3.535296989447545002e-04
3.514069847130318891e-04
3.493026035013002684e-04
3.472163539204320415e-04
3.451480372291815257e-04
3.430974572928846555e-04
3.410644205461554890e-04
3.390487359498095543e-04
3.370502149571130701e-04
3.350686714742590055e-04
3.331039218237297206e-04
3.311557847065493831e-04
3.292240811694213676e-04
3.273086345692011179e-04
3.254092705351485648e-04
3.235258169389521044e-04
3.216581038603116838e-04
3.198059635525218880e-04
3.179692304133840963e-04
3.161477409499013902e-04
3.143413337511891115e-04
3.125498494533918148e-04
3.107731307125938258e-04
3.090110221763975318e-04
3.072633704506166907e-04
3.055300240744074358e-04
3.038108334896261198e-04
3.021056510141839624e-04
3.004143308171780546e-04
2.987367288869169357e-04
2.970727030087161324e-04
2.954221127378087175e-04
2.937848193729220014e-04
2.921606859331848938e-04
2.905495771312605058e-04
2.889513593500314670e-04
2.873659006203954647e-04
2.857930705941758021e-04
2.842327405241373839e-04
2.826847832393397653e-04
2.811490731244870034e-04
2.796254860968350187e-04
2.781138995833210004e-04
2.766141925021337045e-04
2.751262452393987701e-04
2.736499396296387943e-04
2.721851589351231837e-04
2.707317878249959620e-04
2.692897123584003793e-04
2.678588199609421849e-04
2.664389994098126380e-04
2.650301408120281366e-04
2.636321355875548278e-04
2.622448764502127716e-04
2.608682573905785063e-04
2.595021736577773908e-04
2.581465217423861702e-04
2.568011993600016751e-04
