5.310700729017627716e+10
-8.438259387573143755e-03
2.736992905915780483e-03
7.361989653628331354e-03
9.915207820722748977e-03
1.153200825083544601e-02
1.263430852870373045e-02
1.342206869346718179e-02
1.400295620458535950e-02
1.443961127585025039e-02
1.477087853232506021e-02
1.502232498051547793e-02
1.521170281489503395e-02
1.535189067181264022e-02
1.545254407394924812e-02
1.552107032362481931e-02
1.556323930315661741e-02
1.558358980122420689e-02
1.558571475162828790e-02
1.557247027784658400e-02
1.554613377735325486e-02
1.550852603450092460e-02
1.546110683847956579e-02
1.540505047907858582e-02
1.534130564209990055e-02
1.527064304883474222e-02
1.519369338718501439e-02
1.511097751324941285e-02
1.502293047933367376e-02
1.492992062161491162e-02
1.483226468937104414e-02
1.473023980054044557e-02
1.462409285172894258e-02
1.451404788679688806e-02
1.440031182911871710e-02
1.428307890331481644e-02
1.416253400916911431e-02
1.403885525962733638e-02
1.391221585380897352e-02
1.378278542356259351e-02
1.365073096506463912e-02
1.351621744611009035e-02
1.337940816203087024e-02
1.324046489933472515e-02
1.309954795450618548e-02
1.295681604638909690e-02
1.281242615278466168e-02
1.266653329558220520e-02
1.251929029407494731e-02
1.237084750155714730e-02
1.222135253718215075e-02
1.207095002217428714e-02
1.191978132732396389e-02
1.176798433683456935e-02
1.161569323208411220e-02
1.146303829775607852e-02
1.131014575167044178e-02
1.115713759916414638e-02
1.100413151193069261e-02
1.085124073103282960e-02
1.069857399334006587e-02
1.054623548026878410e-02
1.039432478779955815e-02
1.024293691622046865e-02
1.009216227837472779e-02
9.942086724691989730e-03
9.792791583792315180e-03
9.644353716952824840e-03
9.496845585094781939e-03
9.350335326854253282e-03
9.204886846445603510e-03
9.060559909963128433e-03
8.917410248923784977e-03
8.775489669940794712e-03
8.634846169510046465e-03
8.495524052828384853e-03
8.357564055748722964e-03
8.221003469160770294e-03
8.085876264880109687e-03
7.952213222502502177e-03
7.820042056421616650e-03
7.689387542691550337e-03
7.560271644965421700e-03
7.432713639309973530e-03
7.306730237353953328e-03
7.182335707449416518e-03
7.059541993630791268e-03
6.938358832042190727e-03
6.818793864624250745e-03
6.700852749917496354e-03
6.584539270825029433e-03
6.469855439194649449e-03
6.356801597153793892e-03
6.245376515126244144e-03
6.135577486490184640e-03
6.027400418837647322e-03
5.920839921863985111e-03
5.815889391840745049e-03
5.712541092768752549e-03
5.610786234137687956e-03
5.510615045498878928e-03
5.412016847699652189e-03
5.314980121041923411e-03
5.219492570281314414e-03
5.125541186627557977e-03
5.033112306782161482e-03
4.942191669111251073e-03
4.852764467041748020e-03
4.764815399739497082e-03
4.678328720214119940e-03
4.593288280842156013e-03
4.509677576516768482e-03
4.427479785425347814e-03
4.346677807556709183e-03
4.267254301076439660e-03
4.189191716586382341e-03
4.112472329411032135e-03
4.037078269940375108e-03
3.962991552185046729e-03
3.890194100548916012e-03
3.818667774933448555e-03
3.748394394253340423e-03
3.679355758428481948e-03
3.611533668909316930e-03
3.544909947849728127e-03
3.479466455943214243e-03
3.415185109000962171e-03
3.352047893386833621e-03
3.290036880268631947e-03
3.229134238847519711e-03
3.169322248532502329e-03
3.110583310199421803e-03
3.052899956508925428e-03
2.996254861377112277e-03
2.940630848621061944e-03
2.886010899882718306e-03
2.832378161764514957e-03
2.779715952308414728e-03
2.728007766862106109e-03
2.677237283302380533e-03
2.627388366686300714e-03
2.578445073398549781e-03
2.530391654750108188e-03
2.483212560161485172e-03
2.436892439835025570e-03
2.391416147070613007e-03
2.346768740160376510e-03
2.302935483917911696e-03
2.259901850877987783e-03
2.217653522188500759e-03
2.176176388169137610e-03
2.135456548640890517e-03
2.095480312960473768e-03
2.056234199842688071e-03
2.017704936927877668e-03
1.979879460196176666e-03
1.942744913131067008e-03
1.906288645763476453e-03
1.870498213510707330e-03
1.835361375888799884e-03
1.800866095091890884e-03
1.767000534426133029e-03
1.733753056648801305e-03
1.701112222194156587e-03
1.669066787300499399e-03
1.637605702073274827e-03
1.606718108436933079e-03
1.576393338040826819e-03
1.546620910106932811e-03
1.517390529203854754e-03
1.488692082988851695e-03
1.460515639898352092e-03
1.432851446807159590e-03
1.405689926655240285e-03
1.379021676046310318e-03
1.352837462831768534e-03
1.327128223665319240e-03
1.301885061560703605e-03
1.277099243431889519e-03
1.252762197616608120e-03
1.228865511423649082e-03
1.205400928660615989e-03
1.182360347165456460e-03
1.159735816365525807e-03
1.137519534809561250e-03
1.115703847742732790e-03
1.094281244687467236e-03
1.073244357017166806e-03
1.052585955577667320e-03
1.032298948309140485e-03
1.012376377887536094e-03
9.928114193902271012e-04
9.735973779902984404e-04
9.547276866568310538e-04
9.361959038978184822e-04
9.179957115161840875e-04
9.001209123971065651e-04
8.825654283177719606e-04
8.653232977842151286e-04
8.483886739074630867e-04
8.317558222838972171e-04
8.154191189229109682e-04
7.993730482109828728e-04
7.836122008682000484e-04
7.681312719787225518e-04
7.529250590183611536e-04
7.379884599252317656e-04
7.233164712030504262e-04
7.089041860359746039e-04
6.947467924585115640e-04
6.808395715367510093e-04
6.671778955789076093e-04
6.537572263940472084e-04
6.405731135545877919e-04
6.276211926996566604e-04
6.148971838757510966e-04
6.023968898920539772e-04
5.901161947090560744e-04
5.780510618640377629e-04
5.661975329034341087e-04
5.545517258671583960e-04
5.431098337871365089e-04
5.318681232096000855e-04
5.208229327595681468e-04
5.099706717086593954e-04
4.993078185968613525e-04
4.888309198556317625e-04
4.785365884687475813e-04
4.684215026613536281e-04
4.584824046001134690e-04
4.487160991313299263e-04
4.391194525386055147e-04
4.296893913233734708e-04
4.204229010074111983e-04
4.113170249600006656e-04
4.023688632543986898e-04
3.935755715342992289e-04
3.849343599044985353e-04
3.764424918610842496e-04
3.680972832125206651e-04
3.598961010506940283e-04
3.518363627195153498e-04
3.439155348230471532e-04
3.361311322414017866e-04
3.284807171637371681e-04
3.209618981523387760e-04
3.135723292171377352e-04
3.063097089086586067e-04
2.991717794349479931e-04
2.921563257873849295e-04
2.852611748935807157e-04
2.784841947756078184e-04
2.718232937450881792e-04
2.652764195913981382e-04
2.588415587951864438e-04
2.525167357674273916e-04
2.463000120904723644e-04
2.401894857815278783e-04
2.341832905699003931e-04
2.282795951880078889e-04
2.224766026739377622e-04
2.167725496962091825e-04
2.111657058874172321e-04
2.056543731860926982e-04
2.002368852032088142e-04
1.949116065980138757e-04
1.896769324556402125e-04
1.845312876922466927e-04
1.794731264670446080e-04
1.745009316032053448e-04
1.696132140267536670e-04
1.648085122056830443e-04
1.600853916181588232e-04
1.554424442138380158e-04
1.508782878985037712e-04
1.463915660218084724e-04
1.419809468787835982e-04
1.376451232257824842e-04
1.333828117939805935e-04
1.291927528261904712e-04
1.250737096174514562e-04
1.210244680593941524e-04
1.170438362081416273e-04
1.131306438479917631e-04
1.092837420646475266e-04
1.055020028393194309e-04
1.017843186390532395e-04
9.812960201527332060e-05
9.453678522053365896e-05
9.100481982526886782e-05
8.753267634298289579e-05
8.411934386387542872e-05
8.076382969712803117e-05
7.746515902185002744e-05
7.422237454024482872e-05
7.103453613654941989e-05
6.790072055795626227e-05
6.482002107799367252e-05
6.179154719077040170e-05
5.881442429411798400e-05
5.588779338361327120e-05
5.301081075859137570e-05
5.018264773237746112e-05
4.740249033829968539e-05
4.466953905502002442e-05
4.198300853097691743e-05
3.934212731504516114e-05
3.674613758830602706e-05
3.419429491469117011e-05
3.168586797985817327e-05
2.922013834449899150e-05
2.679640020586404603e-05
2.441396015417929277e-05
2.207213694016552097e-05
1.977026124788672234e-05
1.750767546870868330e-05
1.528373348391731668e-05
1.309780044711494895e-05
1.094925257394407936e-05
8.837476934475674284e-06
6.761871251592665999e-06
4.721843701593897435e-06
2.716812720571226691e-06
7.462068110086761408e-07
-1.190535642292545049e-06
-3.093966557621286029e-06
-4.964628335768495049e-06
-6.803054035886546558e-06
-8.609767548239943835e-06
-1.038528376318126334e-05
-1.213010873901687603e-05
-1.384473986143497370e-05
-1.552966600648630902e-05
-1.718536769312883905e-05
-1.881231724309984088e-05
-2.041097892013787884e-05
-2.198180908985492010e-05
-2.352525635651581126e-05
-2.504176170403660251e-05
-2.653175864031354081e-05
-2.799567333089392207e-05
-2.943392472842809582e-05
-3.084692471189143248e-05
-3.223507820471205321e-05
-3.359878331066212809e-05
-3.493843143131947215e-05
-3.625440738952434572e-05
-3.754708954306629209e-05
-3.881684991102751781e-05
-4.006405427814385689e-05
-4.128906231182227771e-05
-4.249222767138682855e-05
-4.367389811377186959e-05
-4.483441560187984010e-05
-4.597411640805404431e-05
-4.709333121111214382e-05
-4.819238520203938947e-05
-4.927159817968984612e-05
-5.033128464315694828e-05
-5.137175389235970613e-05
-5.239331011486214607e-05
-5.339625247868795554e-05
-5.438087522047219124e-05
-5.534746773405707643e-05
-5.629631465331463858e-05
-5.722769593874410532e-05
-5.814188695874022983e-05
-5.903915856908525939e-05
-5.991977719266294855e-05
-6.078400489850643851e-05
-6.163209947818160117e-05
-6.246431451728540196e-05
-6.328089947271742233e-05
-6.408209974284595489e-05
-6.486815673856227704e-05
-6.563930795056016620e-05
-6.639578702349879791e-05
-6.713782381417843226e-05
-6.786564446570331199e-05
-6.857947146410303674e-05
-6.927952370761047973e-05
-6.996601656461542973e-05
-7.063916193650321418e-05
-7.129916831738469796e-05
-7.194624085160583604e-05
-7.258058139014700316e-05
-7.320238855168526015e-05
-7.381185777322052388e-05
-7.440918136625285229e-05
-7.499454857073928338e-05
-7.556814560616409437e-05
-7.613015572616177451e-05
-7.668075926159367839e-05
-7.722013368072211392e-05
-7.774845362851223740e-05
-7.826589098058889249e-05
-7.877261488697939740e-05
-7.926879181785473349e-05
-7.975458561260140300e-05
-8.023015751867923484e-05
-8.069566624091528695e-05
-8.115126797925142910e-05
-8.159711647404144230e-05
-8.203336304735131534e-05
-8.246015664137296142e-05
-8.287764385883633622e-05
-8.328596900453177909e-05
-8.368527412083714978e-05
-8.407569902701972353e-05
-8.445738135431923865e-05
-8.483045658547183621e-05
-8.519505808979310757e-05
-8.555131715204389309e-05
-8.589936301750533687e-05
-8.623932291906832859e-05
-8.657132210987406040e-05
-8.689548389928525296e-05
-8.721192968441648929e-05
-8.752077897922205807e-05
-8.782214944713651050e-05
-8.811615693238294966e-05
-8.840291548861678450e-05
-8.868253740845766231e-05
-8.895513325168913354e-05
-8.922081187456853968e-05
-8.947968045935894565e-05
-8.973184453653360038e-05
-8.997740801652831522e-05
-9.021647321461045976e-05
-9.044914087552591297e-05
-9.067551020081054958e-05
-9.089567887343719121e-05
-9.110974308090824536e-05
-9.131779754212310252e-05
-9.151993552780623986e-05
-9.171624888715257384e-05
-9.190682806892169765e-05
-9.209176214342029709e-05
-9.227113882670501255e-05
-9.244504450056645339e-05
-9.261356423584388153e-05
-9.277678180952264597e-05
-9.293477973115749080e-05
-9.308763925752749913e-05
-9.323544041706099961e-05
-9.337826202604482262e-05
-9.351618171149489456e-05
-9.364927592669936018e-05
-9.377761997031441865e-05
-9.390128800812469478e-05
-9.402035308569978156e-05
-9.413488715215301283e-05
-9.424496107146573820e-05
-9.435064464358156044e-05
-9.445200662039354711e-05
-9.454911472239757586e-05
-9.464203565290318920e-05
-9.473083511757351971e-05
-9.481557783708183251e-05
-9.489632756376487066e-05
-9.497314709716597747e-05
-9.504609829824595124e-05
-9.511524210514821220e-05
-9.518063854629943421e-05
-9.524234675484244406e-05
-9.530042498351321001e-05
-9.535493061751942889e-05
-9.540592018875138081e-05
-9.545344938755029318e-05
-9.549757307847350773e-05
-9.553834531095262150e-05
-9.557581933106185090e-05
-9.561004759706115408e-05
-9.564108179005437194e-05
-9.566897282420327997e-05
-9.569377086160457679e-05
-9.571552532161575755e-05
-9.573428489417779019e-05
-9.575009754803076589e-05
-9.576301054692315518e-05
-9.577307045405270003e-05
-9.578032314805362546e-05
-9.578481383054615605e-05
-9.578658703901510307e-05
-9.578568665324915798e-05
-9.578215590866356877e-05
-9.577603740451579029e-05
-9.576737311478566994e-05
-9.575620439661314265e-05
-9.574257199984614886e-05
-9.572651607703264176e-05
-9.570807619119214849e-05
-9.568729132647391111e-05
-9.566419989481822483e-05
-9.563883974683662359e-05
-9.561124817891730743e-05
-9.558146194144079288e-05
-9.554951724810578639e-05
-9.551544978303461164e-05
-9.547929470921090456e-05
