1.015604333748697357e+11
3.695654261903946747e-02
4.125916856361477869e-02
4.405638440331172134e-02
4.634246304673883543e-02
4.816788147149209109e-02
4.954910034223836135e-02
5.054123717365888169e-02
5.121240105408331189e-02
5.162610372451004181e-02
5.183529046096868598e-02
5.188198119811016085e-02
5.179884905190634825e-02
5.161115057295262432e-02
5.133845017712079795e-02
5.099600426610439996e-02
5.059582185842792512e-02
5.014746053386032187e-02
4.965861875699406625e-02
4.913557590128547758e-02
4.858351975678010248e-02
4.800679125147100379e-02
4.740906823068069542e-02
4.679350423775785472e-02
4.616283391993558638e-02
4.551945355287267958e-02
4.486548291567871161e-02
4.420281311294793625e-02
4.353314375335326503e-02
4.285801202922279174e-02
4.217881560716518763e-02
4.149683077147070520e-02
4.081322691439259742e-02
4.012907820756472788e-02
3.944537309336570985e-02
3.876302208681847716e-02
3.808286426646301237e-02
3.740567274598838310e-02
3.673215935254914299e-02
3.606297868625851777e-02
3.539873169603691139e-02
3.473996887578367776e-02
3.408719316151076484e-02
3.344086259067546862e-02
3.280139277110061258e-02
3.216915919508189781e-02
3.154449942567993936e-02
3.092771517528580816e-02
3.031907429152913558e-02
2.971881266118292508e-02
2.912713604003314138e-02
2.854422181416005344e-02
2.797022069651777798e-02
2.740525836129448223e-02
2.684943701795572402e-02
2.630283692587420674e-02
2.576551785051517385e-02
2.523752046153138195e-02
2.471886767335673696e-02
2.420956592862566481e-02
2.370960642484276626e-02
2.321896628511632699e-02
2.273760967328897209e-02
2.226548885455414961e-02
2.180254520235225257e-02
2.134871015266837091e-02
2.090390610691494899e-02
2.046804728470030810e-02
2.004104052788813206e-02
1.962278605746603510e-02
1.921317818470691385e-02
1.881210597835081266e-02
1.841945388943555528e-02
1.803510233532712448e-02
1.765892824494752489e-02
1.729080556662854207e-02
1.693060574047189348e-02
1.657819813687488875e-02
1.623345046285984417e-02
1.589622913791011172e-02
1.556639964090078543e-02
1.524382682966241020e-02
1.492837523480416984e-02
1.461990932916057417e-02
1.431829377433979644e-02
1.402339364582272374e-02
1.373507463774759074e-02
1.345320324892806951e-02
1.317764695101564243e-02
1.290827434015673347e-02
1.264495527326414681e-02
1.238756098977034092e-02
1.213596422005425168e-02
1.189003928139920063e-02
1.164966216232432572e-02
1.141471059626586460e-02
1.118506412524866711e-02
1.096060415444632952e-02
1.074121399820371359e-02
1.052677891831432788e-02
1.031718615499910285e-02
1.011232495141989318e-02
9.912086571998379725e-03
9.716364315268011254e-03
9.525053521627357966e-03
9.338051576458283876e-03
9.155257909044145492e-03
8.976573987674596466e-03
8.801903311267844643e-03
8.631151397887393273e-03
8.464225770417499461e-03
8.301035939733747426e-03
8.141493385619202883e-03
7.985511535649525428e-03
7.833005742301724084e-03
7.683893258512153324e-03
7.538093211842067376e-03
7.395526577462563367e-03
7.256116150091918016e-03
7.119786515094705948e-03
6.986464018799098952e-03
6.856076738264826886e-03
6.728554450516677221e-03
6.603828601421612987e-03
6.481832274271903671e-03
6.362500158197725852e-03
6.245768516448979568e-03
6.131575154658008842e-03
6.019859389110981951e-03
5.910562015142950543e-03
5.803625275653256921e-03
5.698992829840543450e-03
5.596609722147594113e-03
5.496422351531693451e-03
5.398378441000994954e-03
5.302427007533916381e-03
5.208518332350253743e-03
5.116603931593965982e-03
5.026636527434069635e-03
4.938570019590304838e-03
4.852359457304888934e-03
4.767961011843402375e-03
4.685331949350723946e-03
4.604430604312259590e-03
4.525216353434613481e-03
4.447649590047619839e-03
4.371691699000423981e-03
4.297305032066489616e-03
4.224452883834217687e-03
4.153099468127585681e-03
4.083209894911288274e-03
4.014750147686596549e-03
3.947687061414795195e-03
3.881988300899141819e-03
3.817622339678639065e-03
3.754558439406308068e-03
3.692766629680654944e-03
3.632217688376737641e-03
3.572883122443526460e-03
3.514735149118930480e-03
3.457746677684170322e-03
3.401891291548997387e-03
3.347143230867377639e-03
3.293477375546194352e-03
3.240869228679166270e-03
3.189294900385331033e-03
3.138731092077406970e-03
3.089155081108074796e-03
3.040544705821046634e-03
2.992878350970951118e-03
2.946134933520028198e-03
2.900293888817406796e-03
2.855335157112559585e-03
2.811239170426915734e-03
2.767986839776748198e-03
2.725559542727351570e-03
2.683939111247202192e-03
2.643107819933598890e-03
2.603048374485439354e-03
2.563743900539927623e-03
2.525177932759525845e-03
2.487334404230878704e-03
2.450197636141293600e-03
2.413752327725449121e-03
2.377983546488326994e-03
2.342876718670838798e-03
2.308417619996117054e-03
2.274592366637628871e-03
2.241387406449302233e-03
2.208789510414144175e-03
2.176785764331778950e-03
2.145363560724922181e-03
2.114510590964790993e-03
2.084214837606568338e-03
2.054464566926927915e-03
2.025248321671613283e-03
1.996554913985315594e-03
1.968373418541613518e-03
1.940693165846996138e-03
1.913503735739841005e-03
1.886794951041936841e-03
1.860556871400742551e-03
1.834779787293960851e-03
1.809454214174444076e-03
1.784570886790737276e-03
1.760120753671268190e-03
1.736094971721335867e-03
1.712484900991517733e-03
1.689282099576638885e-03
1.666478318654629476e-03
1.644065497654167984e-03
1.622035759550444212e-03
1.600381406288153840e-03
1.579094914333500910e-03
1.558168930327674673e-03
1.537596266866891881e-03
1.517369898399012484e-03
1.497482957218965183e-03
1.477928729568533939e-03
1.458700651854938357e-03
1.439792306947573763e-03
1.421197420598430128e-03
1.402909857926681880e-03
1.384923620020961366e-03
1.367232840617127465e-03
1.349831782871513397e-03
1.332714836210113774e-03
1.315876513269254033e-03
1.299311446902207123e-03
1.283014387293057723e-03
1.266980199100098403e-03
1.251203858722016449e-03
1.235680451605603025e-03
1.220405169618521413e-03
1.205373308526880294e-03
1.190580265490570611e-03
1.176021536655191824e-03
1.161692714803708171e-03
1.147589487046518641e-03
1.133707632600344795e-03
1.120043020605976380e-03
1.106591608000195848e-03
1.093349437455426454e-03
1.080312635362457030e-03
1.067477409865569271e-03
1.054840048949845510e-03
1.042396918575327902e-03
1.030144460862247868e-03
1.018079192315779480e-03
1.006197702099642655e-03
9.944966503554475423e-04
9.829727665622289834e-04
9.716228479306199262e-04
9.604437578498714601e-04
9.494324243672913610e-04
9.385858387016554616e-04
9.279010538032483879e-04
9.173751829383292034e-04
9.070053983231129990e-04
8.967889297781805880e-04
8.867230634193035144e-04
8.768051403924559395e-04
8.670325556208169360e-04
8.574027565990682831e-04
8.479132422074542319e-04
8.385615615587038718e-04
8.293453128789263218e-04
8.202621423989420180e-04
8.113097432917992791e-04
8.024858546276103510e-04
7.937882603508139567e-04
7.852147882880800012e-04
7.767633091779746479e-04
7.684317357226078116e-04
7.602180216652598688e-04
7.521201608886585177e-04
7.441361865330176073e-04
7.362641701404992745e-04
7.285022208149971590e-04
7.208484844007934100e-04
7.133011426920798925e-04
7.058584126422573490e-04
6.985185456143128135e-04
6.912798266298647576e-04
6.841405736464079013e-04
6.770991368485468342e-04
6.701538979572152499e-04
6.633032695531060341e-04
6.565456944211955914e-04
6.498796448990429298e-04
6.433036222559529449e-04
6.368161560759144635e-04
6.304158036556373190e-04
6.241011494207970856e-04
6.178708043544922646e-04
6.117234054379139252e-04
6.056576151005632624e-04
5.996721206953381511e-04
5.937656339678465400e-04
5.879368905523651989e-04
5.821846494771243385e-04
5.765076926691481418e-04
5.709048244906256286e-04
5.653748712646233798e-04
5.599166808292199704e-04
5.545291220914183583e-04
5.492110845928266372e-04
5.439614780891055545e-04
5.387792321318585209e-04
5.336632956696174546e-04
5.286126366488286266e-04
5.236262416294934496e-04
5.187031154054722037e-04
5.138422806381104380e-04
5.090427774907535508e-04
5.043036632788044926e-04
4.996240121262207623e-04
4.950029146262302504e-04
4.904394775069320644e-04
4.859328233171034128e-04
4.814820901031247047e-04
4.770864311058886642e-04
4.727450144554889988e-04
4.684570228790096991e-04
4.642216534047616250e-04
4.600381170927203556e-04
4.559056387445359348e-04
4.518234566401879704e-04
4.477908222750848211e-04
4.438070000971627849e-04
4.398712672568638737e-04
4.359829133568915438e-04
4.321412402135127451e-04
4.283455616160836144e-04
4.245952030967892199e-04
4.208895017028257968e-04
4.172278057770206772e-04
4.136094747364538193e-04
4.100338788628477005e-04
4.065003990914028975e-04
4.030084268105138534e-04
3.995573636599303313e-04
3.961466213346920284e-04
3.927756213977229294e-04
3.894437950879847676e-04
3.861505831419531631e-04
3.828954356108749124e-04
3.796778116846866169e-04
3.764971795241489616e-04
3.733530160885401017e-04
3.702448069724528779e-04
3.671720462454786116e-04
3.641342362925570342e-04
3.611308876574348403e-04
3.581615188950060258e-04
3.552256564214317791e-04
3.523228343653705963e-04
3.494525944336412948e-04
3.466144857615649499e-04
3.438080647835128900e-04
3.410328950961272199e-04
3.382885473279806376e-04
3.355745990116787425e-04
3.328906344561843866e-04
3.302362446242490535e-04
3.276110270129528601e-04
3.250145855355768276e-04
3.224465303994783483e-04
3.199064780015081766e-04
3.173940508121031456e-04
3.149088772629315969e-04
3.124505916463071742e-04
3.100188340066090120e-04
3.076132500381412171e-04
3.052334909827703058e-04
3.028792135364444249e-04
3.005500797459426110e-04
2.982457569171703682e-04
2.959659175219009342e-04
2.937102391087353936e-04
2.914784042087337212e-04
2.892701002523700993e-04
2.870850194811591649e-04
2.849228588637231496e-04
2.827833200154117321e-04
2.806661091141471331e-04
2.785709368224864591e-04
2.764975182101281348e-04
2.744455726764183368e-04
2.724148238755219609e-04
2.704049996460344829e-04
2.684158319343765697e-04
2.664470567259602518e-04
2.644984139787975863e-04
2.625696475482275360e-04
2.606605051296284614e-04
2.587707381858095346e-04
2.569001018857264285e-04
2.550483550405324706e-04
2.532152600434045553e-04
2.514005828073706539e-04
2.496040927064679948e-04
2.478255625169012433e-04
2.460647683608652159e-04
2.443214896497014621e-04
2.425955090286091576e-04
2.408866123233543988e-04
2.391945884854251858e-04
2.375192295431816092e-04
2.358603305465667432e-04
2.342176895213654575e-04
2.325911074150255331e-04
2.309803880542471433e-04
2.293853380919141927e-04
2.278057669633515303e-04
2.262414868414719393e-04
2.246923125897026807e-04
2.231580617184647508e-04
2.216385543440946293e-04
2.201336131431030907e-04
2.186430633122071754e-04
2.171667325283621608e-04
2.157044509063510418e-04
2.142560509612589925e-04
2.128213675678392036e-04
2.114002379260959685e-04
2.099925015182080301e-04
2.085980000774423360e-04
2.072165775495182771e-04
2.058480800557482837e-04
2.044923558612854464e-04
2.031492553413727364e-04
2.018186309427072445e-04
2.005003371572389170e-04
1.991942304837568400e-04
1.979001694014659307e-04
1.966180143349038900e-04
1.953476276248533594e-04
1.940888734988099884e-04
1.928416180398961899e-04
1.916057291582173860e-04
1.903810765635505220e-04
1.891675317351459995e-04
1.879649678975248150e-04
1.867732599896143597e-04
1.855922846392132897e-04
1.844219201392327534e-04
1.832620464186085485e-04
1.821125450203187057e-04
1.809732990734058689e-04
1.798441932696626111e-04
1.787251138420931085e-04
1.776159485382677872e-04
1.765165865974527293e-04
1.754269187284052123e-04
1.743468370900558284e-04
1.732762352637529091e-04
1.722150082354989564e-04
1.711630523739682275e-04
1.701202654094124966e-04
1.690865464132329521e-04
1.680617957779961813e-04
1.670459151963399336e-04
1.660388076438756855e-04
1.650403773572062249e-04
1.640505298174943505e-04
1.630691717300347676e-04
1.620962110080448326e-04
1.611315567526805381e-04
1.601751192354949893e-04
1.592268098837834600e-04
1.582865412603773336e-04
1.573542270492112038e-04
1.564297820364490832e-04
1.555131220960515037e-04
1.546041641744544393e-04
1.537028262719175586e-04
1.528090274305338170e-04
1.519226877171320211e-04
1.510437282081777965e-04
1.501720709768950002e-04
1.493076390755021521e-04
1.484503565249983836e-04
1.476001482982880475e-04
1.467569403084123536e-04
1.459206593927842022e-04
1.450912333018639089e-04
1.442685906849483501e-04
1.434526610781805545e-04
1.426433748901168030e-04
1.418406633932889349e-04
1.410444587057746446e-04
1.402546937845361441e-04
1.394713024114313527e-04
1.386942191810014435e-04
1.379233794891465692e-04
1.371587195237999879e-04
1.364001762502731196e-04
1.356476874043721637e-04
1.349011914775211096e-04
