-1.196026418333545532e+11
6.532939906862633705e-02
8.016130465432746988e-02
8.473187353434585845e-02
8.640141919437205331e-02
8.710336291039411094e-02
8.739804735360268140e-02
8.746441154133277607e-02
8.736727225931506524e-02
8.713503055802496178e-02
8.678365303745039228e-02
8.632444623745083589e-02
8.576670751573489682e-02
8.511869045403175349e-02
8.438799137630148550e-02
8.358172474839253852e-02
8.270661416015823164e-02
8.176904492027770033e-02
8.077509651826808579e-02
7.973056321886007325e-02
7.864096717472568443e-02
7.751156673704162614e-02
7.634736175870671104e-02
7.515309714800544327e-02
7.393326556577317632e-02
7.269210989494023778e-02
7.143362591417545815e-02
7.016156545854634885e-02
6.887944023783898473e-02
6.759052639877438651e-02
6.629786985503161034e-02
6.500429236337135208e-02
6.371239829253116937e-02
6.242458200996736650e-02
6.114303579830782098e-02
5.986975820686879501e-02
5.860656274123954290e-02
5.735508679597955961e-02
5.611680073943725588e-02
5.489301706614480025e-02
5.368489953953092808e-02
5.249347225557432495e-02
5.131962856672878104e-02
5.016413981357326080e-02
4.902766381988632460e-02
4.791075311463544040e-02
4.681386285163968708e-02
4.573735840423331922e-02
4.468152261849400730e-02
4.364656271387534758e-02
4.263261682496177762e-02
4.163976018220072461e-02
4.066801093308747284e-02
3.971733560830070786e-02
3.878765423986574312e-02
3.787884514046568896e-02
3.699074935469881531e-02
3.612317479447169077e-02
3.527590007148351248e-02
3.444867804067164307e-02
3.364123906872706904e-02
3.285329404221659644e-02
3.208453712969028260e-02
3.133464831212195989e-02
3.060329569599873345e-02
2.989013762258907470e-02
2.919482458703037686e-02
2.851700098004483763e-02
2.785630666468730254e-02
2.721237840007062481e-02
2.658485112324560085e-02
2.597335910002440684e-02
2.537753695483768723e-02
2.479702058916233298e-02
2.423144799747789513e-02
2.368045998923662410e-02
2.314370082446481902e-02
2.262081877075949876e-02
2.211146658799578724e-02
2.161530194757887990e-02
2.113198779171820973e-02
2.066119263853738452e-02
2.020259083783204623e-02
1.975586278219298997e-02
1.932069507787748108e-02
1.889678067928501903e-02
1.848381899077122803e-02
1.808151593895424014e-02
1.768958401893794274e-02
1.730774231682685738e-02
1.693571651146252854e-02
1.657323885751238457e-02
1.622004815213440310e-02
1.587588968717312810e-02
1.554051518867183290e-02
1.521368274524292907e-02
1.489515672688512815e-02
1.458470769546305057e-02
1.428211230814913080e-02
1.398715321481613927e-02
1.369961895048832368e-02
1.341930382362321872e-02
1.314600780106300881e-02
1.287953639043815102e-02
1.261970052051308855e-02
1.236631642023189315e-02
1.211920549681133608e-02
1.187819421346358872e-02
1.164311396704653667e-02
1.141380096610289385e-02
1.119009610952814704e-02
1.097184486615754295e-02
1.075889715556410664e-02
1.055110723019581087e-02
1.034833355911501940e-02
1.015043871344234461e-02
9.957289253637258142e-03
9.768755618786428840e-03
9.584712017937091488e-03
9.405036323526738684e-03
9.229609967057461617e-03
9.058317836989404626e-03
8.891048178929938928e-03
8.727692498082140204e-03
8.568145464060261673e-03
8.412304817992710682e-03
8.260071281941394616e-03
8.111348470664525578e-03
7.966042805631401436e-03
7.824063431350669617e-03
7.685322133909933129e-03
7.549733261791535810e-03
7.417213648806653126e-03
7.287682539281581384e-03
7.161061515255973120e-03
7.037274425866435479e-03
6.916247318698554025e-03
6.797908373144423422e-03
6.682187835794328734e-03
6.569017957610334690e-03
6.458332933084731664e-03
6.350068841170397604e-03
6.244163587993067921e-03
6.140556851296885554e-03
6.039190026597252015e-03
5.940006174961265373e-03
5.842949972397981639e-03
5.747967660791220013e-03
5.655007000394451921e-03
5.564017223713468852e-03
5.474948990908945490e-03
5.387754346524831206e-03
5.302386677601855780e-03
5.218800673072010454e-03
5.136952284440665650e-03
5.056798687706587359e-03
4.978298246446799524e-03
4.901410476098044811e-03
4.826096009327152103e-03
4.752316562516289977e-03
4.680034903283170067e-03
4.609214819035090116e-03
4.539821086506856673e-03
4.471819442259050703e-03
4.405176554111989162e-03
4.339859993464534327e-03
4.275838208489091130e-03
4.213080498183252587e-03
4.151556987213700367e-03
4.091238601564350930e-03
4.032097044962990040e-03
3.974104776000908501e-03
3.917234986028139687e-03
3.861461577698843683e-03
3.806759144209248547e-03
3.753102949161535307e-03
3.700468907101184257e-03
3.648833564600550972e-03
3.598174081986149631e-03
3.548468215595290687e-03
3.499694300609590414e-03
3.451831234403845983e-03
3.404858460426041233e-03
3.358755952558301061e-03
3.313504199973005271e-03
3.269084192458304727e-03
3.225477406175070172e-03
3.182665789883465379e-03
3.140631751554989748e-03
3.099358145435271439e-03
3.058828259457246901e-03
3.019025803082886483e-03
2.979934895475766510e-03
2.941540054067104393e-03
2.903826183437763220e-03
2.866778564562633136e-03
2.830382844369205841e-03
2.794625025602126556e-03
2.759491457004825676e-03
2.724968823804907458e-03
2.691044138455556123e-03
2.657704731678478538e-03
2.624938243768859536e-03
2.592732616159443282e-03
2.561076083222868505e-03
2.529957164334240005e-03
2.499364656166180865e-03
2.469287625203708814e-03
2.439715400477382445e-03
2.410637566519158170e-03
2.382043956533186346e-03
2.353924645736471533e-03
2.326269944924241884e-03
2.299070394210955826e-03
2.272316756947612149e-03
2.246000013829796416e-03
2.220111357161158594e-03
2.194642185290751613e-03
2.169584097212684526e-03
2.144928887318320321e-03
2.120668540290360227e-03
2.096795226162573300e-03
2.073301295501872588e-03
2.050179274731167567e-03
2.027421861603428965e-03
2.005021920774341382e-03
1.982972479527278509e-03
1.961266723594201622e-03
1.939897993119554798e-03
1.918859778718307041e-03
1.898145717652566233e-03
1.877749590114108358e-03
1.857665315615486534e-03
1.837886949463296560e-03
1.818408679354677204e-03
1.799224822051526118e-03
1.780329820149306741e-03
1.761718238937115544e-03
1.743384763347233246e-03
1.725324194979727110e-03
1.707531449215871078e-03
1.690001552407283114e-03
1.672729639139669544e-03
1.655710949579392022e-03
1.638940826881096768e-03
1.622414714667952396e-03
1.606128154592267876e-03
1.590076783945848504e-03
1.574256333332302304e-03
1.558662624423057252e-03
1.543291567757343330e-03
1.528139160594577106e-03
1.513201484843351707e-03
1.498474705029062548e-03
1.483955066324149641e-03
1.469638892625635407e-03
1.455522584686397281e-03
1.441602618290405147e-03
1.427875542486134464e-03
1.414337977852841988e-03
1.400986614824129006e-03
1.387818212045255351e-03
1.374829594784188203e-03
1.362017653369074210e-03
1.349379341682555022e-03
1.336911675678731370e-03
1.324611731952307636e-03
1.312476646337268349e-03
1.300503612540637732e-03
1.288689880813098654e-03
1.277032756657359158e-03
1.265529599559389595e-03
1.254177821762514355e-03
1.242974887066150558e-03
1.231918309655855026e-03
1.221005652965567734e-03
1.210234528564280154e-03
1.199602595073789857e-03
1.189107557114432723e-03
1.178747164270133041e-03
1.168519210086760296e-03
1.158421531095799040e-03
1.148452005855782332e-03
1.138608554020814623e-03
1.128889135431077051e-03
1.119291749233086719e-03
1.109814433003508682e-03
1.100455261918931171e-03
1.091212347923864456e-03
1.082083838932712538e-03
1.073067918041736846e-03
1.064162802772772309e-03
1.055366744317831618e-03
1.046678026822123186e-03
1.038094966661740060e-03
1.029615911763315239e-03
1.021239240915461366e-03
1.012963363118624116e-03
1.004786716933381285e-03
9.967077698544990483e-04
9.887250176945361346e-04
9.808369839885422437e-04
9.730422194009769044e-04
9.653393011612720898e-04
9.577268325013932326e-04
9.502034421124960772e-04
9.427677836089110031e-04
9.354185350145538536e-04
9.281543982473383636e-04
9.209740986302339394e-04
9.138763844009911708e-04
9.068600262416293134e-04
8.999238168145851091e-04
8.930665703155149515e-04
8.862871220229884273e-04
8.795843278748272098e-04
8.729570640448880425e-04
8.664042265278393273e-04
8.599247307410351482e-04
8.535175111303860973e-04
8.471815207817812166e-04
8.409157310524939533e-04
8.347191311977031347e-04
8.285907280149995557e-04
8.225295454931114136e-04
8.165346244664029030e-04
8.106050222835836649e-04
8.047398124748639248e-04
7.989380844366511525e-04
7.931989431153585457e-04
7.875215086987630286e-04
7.819049163233504629e-04
7.763483157716688510e-04
7.708508711934403124e-04
7.654117608197896772e-04
7.600301766941264248e-04
7.547053244005841321e-04
7.494364228011196616e-04
7.442227037808279988e-04
7.390634119956995818e-04
7.339578046270389677e-04
7.289051511423227936e-04
7.239047330591663609e-04
7.189558437123988455e-04
7.140577880355714058e-04
7.092098823324732848e-04
7.044114540681878367e-04
6.996618416557076614e-04
6.949603942481008545e-04
6.903064715366724613e-04
6.856994435568974922e-04
6.811386904874705550e-04
6.766236024668970117e-04
6.721535794067534653e-04
6.677280308078348270e-04
6.633463755818524987e-04
6.590080418824584285e-04
6.547124669260551144e-04
6.504590968359202918e-04
6.462473864674578294e-04
6.420767992536546842e-04
6.379468070492055887e-04
6.338568899739716045e-04
6.298065362648763710e-04
6.257952421260259968e-04
6.218225115861564234e-04
6.178878563583012351e-04
6.139907956976831116e-04
6.101308562693752435e-04
6.063075720141863911e-04
6.025204840169884335e-04
5.987691403821493452e-04
5.950530961047473255e-04
5.913719129539973807e-04
5.877251593444654532e-04
5.841124102263783868e-04
5.805332469648316618e-04
5.769872572327638949e-04
5.734740348928291098e-04
5.699931798939239513e-04
5.665442981641621856e-04
5.631270015051814681e-04
5.597409074911130489e-04
5.563856393664412536e-04
5.530608259507463487e-04
5.497661015398946915e-04
5.465011058127799970e-04
5.432654837387307367e-04
5.400588854849175391e-04
5.368809663315321501e-04
5.337313865785286993e-04
5.306098114665758203e-04
5.275159110873506307e-04
5.244493603040467633e-04
5.214098386709942190e-04
5.183970303537233093e-04
5.154106240492506430e-04
5.124503129154689418e-04
5.095157944881023582e-04
5.066067706172017182e-04
5.037229473860982409e-04
5.008640350459003798e-04
4.980297479473261291e-04
4.952198044665401255e-04
4.924339269458677393e-04
4.896718416240730676e-04
4.869332785721880441e-04
4.842179716337824402e-04
4.815256583585725281e-04
4.788560799460217510e-04
4.762089811827241448e-04
4.735841103851168299e-04
4.709812193439688599e-04
4.684000632639850892e-04
4.658404007122918244e-04
4.633019935629256736e-04
4.607846069437648850e-04
4.582880091827945535e-04
4.558119717592568065e-04
4.533562692519144122e-04
4.509206792902009653e-04
4.485049825038167626e-04
4.461089624776537477e-04
4.437324057049440995e-04
4.413751015375222408e-04
4.390368421456347647e-04
4.367174224706449337e-04
4.344166401817339818e-04
4.321342956352669518e-04
4.298701918283853729e-04
4.276241343637021686e-04
4.253959314042266016e-04
4.231853936353946466e-04
4.209923342233246046e-04
4.188165687841749474e-04
4.166579153348504150e-04
4.145161942665787080e-04
4.123912283011677005e-04
4.102828424603632840e-04
4.081908640272136068e-04
4.061151225129844278e-04
4.040554496231862913e-04
4.020116792240457926e-04
3.999836473100870649e-04
3.979711919719353119e-04
3.959741533634542066e-04
3.939923736728800918e-04
3.920256970899593796e-04
3.900739697784150195e-04
3.881370398435279867e-04
3.862147573054919292e-04
3.843069740707694137e-04
3.824135439023379490e-04
3.805343223923784990e-04
3.786691669385167103e-04
3.768179367134028013e-04
3.749804926387323434e-04
3.731566973623756667e-04
3.713464152297341059e-04
3.695495122633118967e-04
3.677658561311858421e-04
3.659953161310181002e-04
3.642377631600801635e-04
3.624930696959349774e-04
3.607611097720120341e-04
3.590417589542926891e-04
3.573348943208820572e-04
3.556403944400265971e-04
3.539581393472435167e-04
3.522880105257808481e-04
3.506298908855232099e-04
3.489836647416755255e-04
3.473492177976655881e-04
3.457264371218293775e-04
3.441152111287593129e-04
3.425154295635390866e-04
3.409269834784289799e-04
3.393497652182109192e-04
3.377836683990942390e-04
3.362285878920623361e-04
3.346844198071075027e-04
3.331510614730248676e-04
3.316284114212031398e-04
3.301163693700814861e-04
3.286148362076080076e-04
3.271237139759186618e-04
3.256429058537957388e-04
3.241723161435672296e-04
3.227118502517889453e-04
3.212614146790304659e-04
3.198209170001131696e-04
3.183902658523418694e-04
3.169693709206278243e-04
3.155581429217235723e-04
3.141564935922325219e-04
3.127643356737319635e-04
3.113815828981181255e-04
3.100081499767259885e-04
3.086439525847861631e-04
3.072889073505447044e-04
