2.479736742100508728e+11
2.635763636812171740e-03
1.120491856031069489e-02
1.439637098223300882e-02
1.638026610966658581e-02
1.782018324189182934e-02
1.887876007340771878e-02
1.963968469830179586e-02
2.016830459705110101e-02
2.051834207737357474e-02
2.073265140085656100e-02
2.084444606223545549e-02
2.087901437476569200e-02
2.085543679419554763e-02
2.078806018115697540e-02
2.068767051501918530e-02
2.056238953221622978e-02
2.041834661837782505e-02
2.026017781978861620e-02
2.009139567393525283e-02
1.991466386663098831e-02
1.973200213886139309e-02
1.954494005861118211e-02
1.935463315896379655e-02
1.916195120853281253e-02
1.896754569308578553e-02
1.877190166468523103e-02
1.857537774188555701e-02
1.837823705901531213e-02
1.818067125331346290e-02
1.798281906283794029e-02
1.778478072985523184e-02
1.758662912559882940e-02
1.738841830290649426e-02
1.719019002668797924e-02
1.699197871188218301e-02
1.679381510733080063e-02
1.659572899265082668e-02
1.639775110018470983e-02
1.619991443045165624e-02
1.600225509573904858e-02
1.580481279890255664e-02
1.560763103330797819e-02
1.541075707217842705e-02
1.521424180216035538e-02
1.501813944446594995e-02
1.482250719812028272e-02
1.462740483264979297e-02
1.443289425155924732e-02
1.423903904334955506e-02
1.404590403286176681e-02
1.385355484270744952e-02
1.366205747218018907e-02
1.347147789868774481e-02
1.328188170559396752e-02
1.309333373863097449e-02
1.290589779231599010e-02
1.271963632690464863e-02
1.253461021575263956e-02
1.235087852249816542e-02
1.216849830709332281e-02
1.198752445957662616e-02
1.180800955997329815e-02
1.163000376293066296e-02
1.145355470541997711e-02
1.127870743578252011e-02
1.110550436250212769e-02
1.093398522105593074e-02
1.076418705712245405e-02
1.059614422473709183e-02
1.042988839773384413e-02
1.026544859313283098e-02
1.010285120517151469e-02
9.942120048484381911e-03
9.783276409528252060e-03
9.626339104912728928e-03
9.471324545746728774e-03
9.318246806954810779e-03
9.167117700765725630e-03
9.017946853523639561e-03
8.870741785116820211e-03
8.725507990369640865e-03
8.582249021778842746e-03
8.440966573063590772e-03
8.301660563060808684e-03
8.164329219538801752e-03
8.028969162512167301e-03
7.895575486823736000e-03
7.764141843510596885e-03
7.634660519945768442e-03
7.507122518347619788e-03
7.381517632544243313e-03
7.257834522849337944e-03
7.136060788898834772e-03
7.016183040306600560e-03
6.898186965183850106e-03
6.782057396279794759e-03
6.667778374848554179e-03
6.555333212153735545e-03
6.444704548594470950e-03
6.335874410424047198e-03
6.228824264171928249e-03
6.123535068670582504e-03
6.019987324745068591e-03
5.918161122704157506e-03
5.818036187479780352e-03
5.719591921638400578e-03
5.622807446244548757e-03
5.527661639590064624e-03
5.434133173933375360e-03
5.342200550237485857e-03
5.251842130998385372e-03
5.163036171233592597e-03
5.075760847667698528e-03
4.989994286218601971e-03
4.905714587782661340e-03
4.822899852490181161e-03
4.741528202362177424e-03
4.661577802541838622e-03
4.583026881111784689e-03
4.505853747549526389e-03
4.430036809929704944e-03
4.355554590866228537e-03
4.282385742306882292e-03
4.210509059205724824e-03
4.139903492127672280e-03
4.070548158865650024e-03
4.002422355085633043e-03
3.935505564047758753e-03
3.869777465514978587e-03
3.805217943778194112e-03
3.741807094985505344e-03
3.679525233660108086e-03
3.618352898621113312e-03
3.558270858144751969e-03
3.499260114626201457e-03
3.441301908577720781e-03
3.384377722116971299e-03
3.328469281962842530e-03
3.273558561907030651e-03
3.219627784869949494e-03
3.166659424541862222e-03
3.114636206578147437e-03
3.063541109492584624e-03
3.013357365147850686e-03
2.964068458978230680e-03
2.915658129862386261e-03
2.868110369745435762e-03
2.821409423010567963e-03
2.775539785581537799e-03
2.730486203839976866e-03
2.686233673292459656e-03
2.642767437100790318e-03
2.600072984394685705e-03
2.558136048443682142e-03
2.516942604689820229e-03
2.476478868633114061e-03
2.436731293598004555e-03
2.397686568398560425e-03
2.359331614887771877e-03
2.321653585445782042e-03
2.284639860351767027e-03
2.248278045102747313e-03
2.212555967685103653e-03
2.177461675761049875e-03
2.142983433820022654e-03
2.109109720295432311e-03
2.075829224639891279e-03
2.043130844373797217e-03
2.011003682102607826e-03
1.979437042526566159e-03
1.948420429438435519e-03
1.917943542705913273e-03
1.887996275237169286e-03
1.858568709984576017e-03
1.829651116914021713e-03
1.801233949982661287e-03
1.773307844164850877e-03
1.745863612435227807e-03
1.718892242809744175e-03
1.692384895387588628e-03
1.666332899408873303e-03
1.640727750343851099e-03
1.615561106998120167e-03
1.590824788649580768e-03
1.566510772204265933e-03
1.542611189391474014e-03
1.519118323972223905e-03
1.496024609001000982e-03
1.473322624091499833e-03
1.451005092744761527e-03
1.429064879682639955e-03
1.407494988234114786e-03
1.386288557752024531e-03
1.365438861058443365e-03
1.344939301933578690e-03
1.324783412635310853e-03
1.304964851463807918e-03
1.285477400342571741e-03
1.266314962463210847e-03
1.247471559943980068e-03
1.228941331539390447e-03
1.210718530374688129e-03
1.192797521736288502e-03
1.175172780868427580e-03
1.157838890840201529e-03
1.140790540427261135e-03
1.124022522031475901e-03
1.107529729642564575e-03
1.091307156836363035e-03
1.075349894802180017e-03
1.059653130406790211e-03
1.044212144301059908e-03
1.029022309045224404e-03
1.014079087291896997e-03
9.993780299695220748e-04
9.849147745355502082e-04
9.706850432360525360e-04
9.566846414115204311e-04
9.429094558239814461e-04
9.293554530336312069e-04
9.160186777834589122e-04
9.028952514316124223e-04
8.899813704128511915e-04
8.772733047166525466e-04
8.647673964172764016e-04
8.524600582080488209e-04
8.403477719833851722e-04
8.284270874363564019e-04
8.166946206968894728e-04
8.051470529786275421e-04
7.937811292770824423e-04
7.825936570697855643e-04
7.715815050544083675e-04
7.607416019188573131e-04
7.500709351198064923e-04
7.395665496943149009e-04
7.292255471056385829e-04
7.190450840912632202e-04
7.090223715473520372e-04
6.991546734447240397e-04
6.894393057483849674e-04
6.798736353577083946e-04
6.704550790976870900e-04
6.611811027015246367e-04
6.520492198203164946e-04
6.430569910609307271e-04
6.342020230440947870e-04
6.254819674631484361e-04
6.168945201954212365e-04
6.084374203967346517e-04
6.001084496400910240e-04
5.919054310596916224e-04
5.838262285149387054e-04
5.758687457790845343e-04
5.680309257294346992e-04
5.603107495728565368e-04
5.527062360708434596e-04
5.452154407905585032e-04
5.378364553718650853e-04
5.305674068016852374e-04
5.234064567130047863e-04
5.163518006869871613e-04
5.094016675870616240e-04
5.025543188852399368e-04
4.958080480221838116e-04
4.891611797699368935e-04
4.826120696042046632e-04
4.761591031035017352e-04
4.698006953502975591e-04
4.635352903432643501e-04
4.573613604332837923e-04
4.512774057563451180e-04
4.452819536888696916e-04
4.393735583130276012e-04
4.335507998871612756e-04
4.278122843339726700e-04
4.221566427347056560e-04
4.165825308402038019e-04
4.110886285813020180e-04
4.056736396018667534e-04
4.003362907902818790e-04
3.950753318293642735e-04
3.898895347527187027e-04
3.847776935059776804e-04
3.797386235235844509e-04
3.747711613102389094e-04
3.698741640363323313e-04
3.650465091300514331e-04
3.602870938916868937e-04
3.555948351094961879e-04
3.509686686831159363e-04
3.464075492511931031e-04
3.419104498370018064e-04
3.374763614936160394e-04
3.331042929557437304e-04
3.287932703017748537e-04
3.245423366251554143e-04
3.203505517073157449e-04
3.162169916932633384e-04
3.121407487933769431e-04
3.081209309629961979e-04
3.041566616164281811e-04
3.002470793207479005e-04
2.963913375209070722e-04
2.925886042515202234e-04
2.888380618621955165e-04
2.851389067486387319e-04
2.814903490868658764e-04
2.778916125747432631e-04
2.743419341793007504e-04
2.708405638858213393e-04
2.673867644544802857e-04
2.639798111858659979e-04
2.606189916780632387e-04
2.573036056046085207e-04
2.540329644900030104e-04
2.508063914854474774e-04
2.476232211532369831e-04
2.444827992602593980e-04
2.413844825650546255e-04
2.383276386170862793e-04
2.353116455613424307e-04
2.323358919376072862e-04
2.293997764897248715e-04
2.265027079841885893e-04
2.236441050202930825e-04
2.208233958498340144e-04
2.180400182083541694e-04
2.152934191337330105e-04
2.125830548003193599e-04
2.099083903532861228e-04
2.072688997445393255e-04
2.046640655732900882e-04
2.020933789288470450e-04
1.995563392405141911e-04
1.970524541219376147e-04
1.945812392269985480e-04
1.921422181061505086e-04
1.897349220594257702e-04
1.873588900038747340e-04
1.850136683338998722e-04
1.826988107858085186e-04
1.804138783103592658e-04
1.781584389446422279e-04
1.759320676792963667e-04
1.737343463461549220e-04
1.715648634834643360e-04
1.694232142290807985e-04
1.673090001979016250e-04
1.652218293672902405e-04
1.631613159676081892e-04
1.611270803705266985e-04
1.591187489800027777e-04
1.571359541312489227e-04
1.551783339770462788e-04
1.532455323998149765e-04
1.513371989001477402e-04
1.494529885031070648e-04
1.475925616636342141e-04
1.457555841677393715e-04
1.439417270454601550e-04
1.421506664771587936e-04
1.403820837031499735e-04
1.386356649395459328e-04
1.369111012892165746e-04
1.352080886607431864e-04
1.335263276842635349e-04
1.318655236293153621e-04
1.302253863282309965e-04
1.286056300962012955e-04
1.270059736553363905e-04
1.254261400576162089e-04
1.238658566158346019e-04
1.223248548263278224e-04
1.208028703012509197e-04
1.192996426959691547e-04
1.178149156431107514e-04
1.163484366852873819e-04
1.148999572075926068e-04
1.134692323747632514e-04
1.120560210652321587e-04
1.106600858120643238e-04
1.092811927390080484e-04
1.079191115027633430e-04
1.065736152303653483e-04
1.052444804663377198e-04
1.039314871111862715e-04
1.026344183689964495e-04
1.013530606885915120e-04
1.000872037155708938e-04
9.883664023546678834e-05
9.760116612067548658e-05
9.638058028405005473e-05
9.517468462516553984e-05
9.398328398235733516e-05
9.280618608542567927e-05
9.164320150634175377e-05
9.049414361461671774e-05
8.935882852934007303e-05
8.823707507854550158e-05
8.712870475013900773e-05
8.603354165082066629e-05
8.495141246522841527e-05
8.388214641130709026e-05
8.282557520100652937e-05
8.178153299964741052e-05
8.074985638573117797e-05
7.973038431341450405e-05
7.872295807320739414e-05
7.772742125511378219e-05
7.674361970977372494e-05
7.577140151582284489e-05
7.481061694236679216e-05
7.386111841212184004e-05
7.292276047143886331e-05
7.199539975233371081e-05
7.107889494251118379e-05
7.017310675028198830e-05
6.927789787480875816e-05
6.839313297191118579e-05
6.751867862742066961e-05
6.665440332120908806e-05
6.580017740165367002e-05
6.495587305588301774e-05
6.412136427846881759e-05
6.329652684500253201e-05
6.248123828478391317e-05
6.167537785239929349e-05
6.087882649841169780e-05
6.009146684871069510e-05
5.931318317475842150e-05
5.854386136716627220e-05
5.778338891260226262e-05
5.703165486892203262e-05
5.628854983941167234e-05
5.555396595147144012e-05
5.482779683063654375e-05
5.410993757859472453e-05
5.340028475053770762e-05
5.269873633384491995e-05
5.200519172299244985e-05
5.131955170245561249e-05
5.064171842117382027e-05
4.997159537611928215e-05
4.930908738676187397e-05
4.865410057974806080e-05
4.800654236580825795e-05
4.736632142243735188e-05
4.673334767280046265e-05
4.610753226819142014e-05
4.548878756982510652e-05
4.487702712974162012e-05
4.427216567193248409e-05
4.367411907746365785e-05
4.308280436515765643e-05
4.249813967471816056e-05
4.192004425074280505e-05
4.134843842495961042e-05
4.078324360201612819e-05
4.022438224149382791e-05
3.967177784347519776e-05
3.912535493189039926e-05
3.858503904119459094e-05
3.805075669949253836e-05
3.752243541588207165e-05
3.700000366335665092e-05
3.648339086659291297e-05
3.597252738885003964e-05
3.546734451331801097e-05
3.496777443734444546e-05
3.447375025222854106e-05
3.398520593256293409e-05
3.350207632446533523e-05
3.302429713114563015e-05
3.255180490202569388e-05
3.208453701897262533e-05
3.162243168386424941e-05
3.116542790992937739e-05
3.071346550509446161e-05
3.026648506576634645e-05
2.982442795995687845e-05
2.938723632106565731e-05
2.895485303455735959e-05
2.852722172597133010e-05
2.810428675337206528e-05
2.768599319447062612e-05
2.727228683663263098e-05
2.686311416777442673e-05
2.645842236526085856e-05
2.605815928724553032e-05
2.566227346156857436e-05
2.527071407731895647e-05
2.488343097439837948e-05
2.450037463619381128e-05
2.412149617825321002e-05
2.374674734073600746e-05
2.337608047886519103e-05
2.300944855559983182e-05
2.264680513031080977e-05
