-1.376536491951781921e+11
-1.552310304925841322e-02
-7.928730077388035369e-03
-6.865888957590993158e-03
-6.811706869380707019e-03
-6.942754493194591703e-03
-7.067548214515717575e-03
-7.134571230334785241e-03
-7.137321479527614088e-03
-7.085005614825945486e-03
-6.990710935886657040e-03
-6.866643507171588112e-03
-6.722602260446741695e-03
-6.565856038014405982e-03
-6.401533212622823044e-03
-6.233122586137618271e-03
-6.062927472362922288e-03
-5.892426828249419657e-03
-5.722543537655333523e-03
-5.553835568026244118e-03
-5.386628284487660068e-03
-5.221103963967799189e-03
-5.057361097933643634e-03
-4.895452806649380761e-03
-4.735411038847114895e-03
-4.577261232896923104e-03
-4.421030668482650583e-03
-4.266752715195831769e-03
-4.114468472954158074e-03
-3.964226808448323425e-03
-3.816083456320118472e-03
-3.670099625020739609e-03
-3.526340392193461071e-03
-3.384873069795180101e-03
-3.245765648259180125e-03
-3.109085382603904435e-03
-2.974897551915045568e-03
-2.843264403607381752e-03
-2.714244281058153518e-03
-2.587890925305202927e-03
-2.464252937218525119e-03
-2.343373384043001550e-03
-2.225289533691832133e-03
-2.110032700254560467e-03
-1.997628184952748853e-03
-1.888095297805536532e-03
-1.781447446702832949e-03
-1.677692281806475449e-03
-1.576831884540164097e-03
-1.478862991744822608e-03
-1.383777246794393179e-03
-1.291561470550872670e-03
-1.202197946037486531e-03
-1.115664711578201462e-03
-1.031935858177179810e-03
-9.509818272159797914e-04
-8.727697057373529077e-04
-7.972635165198749263e-04
-7.244245011979177917e-04
-6.542113946517158496e-04
-5.865806895319902736e-04
-5.214868900060842805e-04
-4.588827539895312668e-04
-3.987195234880225314e-04
-3.409471427200383431e-04
-2.855144640439011283e-04
-2.323694415435895166e-04
-1.814593125870622714e-04
-1.327307674225952638e-04
-8.613010719704661255e-05
-4.160339071024310442e-05
9.034297516752332058e-07
4.144438297526420456e-05
8.007336352600091800e-05
1.168440259300407291e-04
1.518096881045760682e-04
1.850232432776266478e-04
2.165370803335342487e-04
2.464030117357296490e-04
2.746722088664554917e-04
3.013951442070172959e-04
3.266215399420069332e-04
3.504003226657559367e-04
3.727795837060732254e-04
3.938065447122163221e-04
4.135275281638151057e-04
4.319879324667930121e-04
4.492322112299440562e-04
4.653038564952360900e-04
4.802453855812238714e-04
4.940983312582414300e-04
5.069032350000224341e-04
5.186996430441848105e-04
5.295261050446420370e-04
5.394201750810179163e-04
5.484184147952486654e-04
5.565563985112653711e-04
5.638687200932857024e-04
5.703890014143730980e-04
5.761499022356453281e-04
5.811831314144200178e-04
5.855194591728452025e-04
5.891887304718679275e-04
5.922198791916688521e-04
5.946409431498711484e-04
5.964790797512442566e-04
5.977605822338194486e-04
5.985108963977303631e-04
5.987546377328456515e-04
5.985156088936793850e-04
5.978168173941256214e-04
5.966804935340075389e-04
5.951281084555226641e-04
5.931803922663014816e-04
5.908573521884452617e-04
5.881782907499744084e-04
5.851618238517097836e-04
5.818258987939639582e-04
5.781878121668970749e-04
5.742642276032050574e-04
5.700711933109836593e-04
5.656241594713673493e-04
5.609379953614990200e-04
5.560270062354710774e-04
5.509049499903273528e-04
5.455850535294182180e-04
5.400800288231089041e-04
5.344020887303457812e-04
5.285629624647292246e-04
5.225739107725946297e-04
5.164457407864642136e-04
5.101888205789606445e-04
5.038130933419093793e-04
4.973280913072031240e-04
4.907429492684300953e-04
4.840664178398235151e-04
4.773068763306298479e-04
4.704723453146097967e-04
4.635704988873445842e-04
4.566086765795951408e-04
4.495938949504729720e-04
4.425328588733012936e-04
4.354319724950705961e-04
4.282973499147857410e-04
4.211348255045432865e-04
4.139499639828070343e-04
4.067480701628323203e-04
3.995341984155409421e-04
3.923131618452924130e-04
3.850895411967591997e-04
3.778676934800273557e-04
3.706517603208059342e-04
3.634456760663873354e-04
3.562531756156062102e-04
3.490778020047713426e-04
3.419229137693324816e-04
3.347916920166671417e-04
3.276871473332221285e-04
3.206121264007766314e-04
3.135693184455057292e-04
3.065612614256973956e-04
2.995903480473849356e-04
2.926588315506073457e-04
2.857688313151474091e-04
2.789223382564376408e-04
2.721212200607059373e-04
2.653672262125095216e-04
2.586619928564015680e-04
2.520070474878455258e-04
2.454038134842573271e-04
2.388536144599662236e-04
2.323576784879488599e-04
2.259171421408190383e-04
2.195330544128015759e-04
2.132063804871631163e-04
2.069380053679736875e-04
2.007287373761990068e-04
1.945793115227800740e-04
1.884903927569236970e-04
1.824625790840528339e-04
1.764964045840589080e-04
1.705923423003241624e-04
1.647508070328207452e-04
1.589721580195213591e-04
1.532567015110064546e-04
1.476046932644692333e-04
1.420163409169283852e-04
1.364918062969344703e-04
1.310312076161501693e-04
1.256346216083059630e-04
1.203020855520264831e-04
1.150335992383677564e-04
1.098291268610829263e-04
1.046885988063017692e-04
9.961191341556485668e-05
9.459893862517887442e-05
8.964951359469175429e-05
8.476345022678799523e-05
7.994053464965844569e-05
7.518052863497715066e-05
7.048317095770251228e-05
6.584817868193759693e-05
6.127524843924092579e-05
5.676405760901559461e-05
5.231426546492556895e-05
4.792551428534075342e-05
4.359743041093544491e-05
3.932962524344496558e-05
3.512169622332805830e-05
3.097322775058586330e-05
2.688379208048985447e-05
2.285295016535293655e-05
1.888025247565039422e-05
1.496523977007058193e-05
1.110744384380524252e-05
7.306388237759975368e-06
3.561588921341396485e-06
-1.274450602828380852e-07
-3.761210962904826260e-06
-7.340211753081860024e-06
-1.086495554192268287e-05
-1.433595504152229694e-05
-1.775372705026256881e-05
-2.111879197008725839e-05
-2.443167331933615571e-05
-2.769289730708557329e-05
-3.090299239061344849e-05
-3.406248887993790220e-05
-3.717191854679668950e-05
-4.023181426471289512e-05
-4.324270965128107491e-05
-4.620513874109555275e-05
-4.911963567222343841e-05
-5.198673437867284974e-05
-5.480696832349529757e-05
-5.758087020968361003e-05
-6.030897173436855496e-05
-6.299180335367360328e-05
-6.562989404290675566e-05
-6.822377108450794481e-05
-7.077395986487822199e-05
-7.328098368231117377e-05
-7.574536356047545382e-05
-7.816761808210337392e-05
-8.054826322401176242e-05
-8.288781220833207897e-05
-8.518677535573893067e-05
-8.744565995932873648e-05
-8.966497015294727646e-05
-9.184520679039742674e-05
-9.398686734929384556e-05
-9.609044581582182332e-05
-9.815643260036033269e-05
-1.001853144386721794e-04
-1.021775743224040411e-04
-1.041336914135992942e-04
-1.060541409825255244e-04
-1.079393943397288780e-04
-1.097899187765261075e-04
-1.116061775174870263e-04
-1.133886296711406061e-04
-1.151377301806810749e-04
-1.168539297911053154e-04
-1.185376750110211930e-04
-1.201894080880006044e-04
-1.218095669728302965e-04
-1.233985853028585211e-04
-1.249568923831212430e-04
-1.264849131672463045e-04
-1.279830682459071056e-04
-1.294517738374967308e-04
-1.308914417801343433e-04
-1.323024795296667833e-04
-1.336852901583363007e-04
-1.350402723501176183e-04
-1.363678204131524296e-04
-1.376683242795273543e-04
-1.389421695121573208e-04
-1.401897373198845997e-04
-1.414114045654724094e-04
-1.426075437778173693e-04
-1.437785231710453360e-04
-1.449247066585002131e-04
-1.460464538711736537e-04
-1.471441201801315657e-04
-1.482180567142776795e-04
-1.492686103816698306e-04
-1.502961239001621152e-04
-1.513009358133921012e-04
-1.522833805220891179e-04
-1.532437883069448503e-04
-1.541824853614759405e-04
-1.550997938135623144e-04
-1.559960317598640955e-04
-1.568715132926890021e-04
-1.577265485364076625e-04
-1.585614436647730940e-04
-1.593765009544334532e-04
-1.601720187935917750e-04
-1.609482917339644104e-04
-1.617056105109870856e-04
-1.624442620884458677e-04
-1.631645296806816248e-04
-1.638666927974430365e-04
-1.645510272734185264e-04
-1.652178053017649972e-04
-1.658672954727435922e-04
-1.664997628085806980e-04
-1.671154687967746355e-04
-1.677146714280652873e-04
-1.682976252301848774e-04
-1.688645813033851084e-04
-1.694157873595170116e-04
-1.699514877557817272e-04
-1.704719235291474178e-04
-1.709773324360952529e-04
-1.714679489821513414e-04
-1.719440044671838308e-04
-1.724057270124923491e-04
-1.728533415987776323e-04
-1.732870701081079545e-04
-1.737071313483440349e-04
-1.741137410968818244e-04
-1.745071121335151076e-04
-1.748874542748524163e-04
-1.752549744091780326e-04
-1.756098765328673039e-04
-1.759523617841374232e-04
-1.762826284756879858e-04
-1.766008721302281259e-04
-1.769072855164477431e-04
-1.772020586805478359e-04
-1.774853789788810587e-04
-1.777574311123686357e-04
-1.780183971631377204e-04
-1.782684566189463027e-04
-1.785077864138173709e-04
-1.787365609573488001e-04
-1.789549521635791507e-04
-1.791631294907336525e-04
-1.793612599647609329e-04
-1.795495082130837972e-04
-1.797280364981279632e-04
-1.798970047461878607e-04
-1.800565705740719835e-04
-1.802068893277386508e-04
-1.803481141053886461e-04
-1.804803957872191944e-04
-1.806038830678424745e-04
-1.807187224840411943e-04
-1.808250584416359885e-04
-1.809230332479039305e-04
-1.810127871344491268e-04
-1.810944582889550958e-04
-1.811681828820521645e-04
-1.812340950926305538e-04
-1.812923271344857312e-04
-1.813430092907353242e-04
-1.813862699255874844e-04
-1.814222355247530061e-04
-1.814510307120986710e-04
-1.814727782787350918e-04
-1.814875992069975297e-04
-1.814956126977573803e-04
-1.814969361895180100e-04
-1.814916853888348669e-04
-1.814799742922978965e-04
-1.814619152069596453e-04
-1.814376187774247029e-04
-1.814071940098305191e-04
-1.813707482882787048e-04
-1.813283874072535440e-04
-1.812802155864989828e-04
-1.812263354921128666e-04
-1.811668482678552294e-04
-1.811018535429198550e-04
-1.810314494656850570e-04
-1.809557327172583996e-04
-1.808747985352354704e-04
-1.807887407305752703e-04
-1.806976517133573878e-04
-1.806016225076589876e-04
-1.805007427744254045e-04
-1.803951008287896229e-04
-1.802847836609444698e-04
-1.801698769512416476e-04
-1.800504650955048191e-04
-1.799266312179081950e-04
-1.797984571889621463e-04
-1.796660236490499329e-04
-1.795294100184197106e-04
-1.793886945227196605e-04
-1.792439542009915954e-04
-1.790952649325383561e-04
-1.789427014438071950e-04
-1.787863373352571728e-04
-1.786262450877984520e-04
-1.784624960861069809e-04
-1.782951606292826341e-04
-1.781243079519434502e-04
-1.779500062339955946e-04
-1.777723226192851058e-04
-1.775913232302528399e-04
-1.774070731817012359e-04
-1.772196365963374376e-04
-1.770290766187621045e-04
-1.768354554285700431e-04
-1.766388342576696857e-04
-1.764392733998310092e-04
-1.762368322282270583e-04
-1.760315692040936852e-04
-1.758235418967135644e-04
-1.756128069887452625e-04
-1.753994202944308967e-04
-1.751834367733628994e-04
-1.749649105358130896e-04
-1.747438948629387312e-04
-1.745204422152202284e-04
-1.742946042435633558e-04
-1.740664318026219348e-04
-1.738359749636764207e-04
-1.736032830244038649e-04
-1.733684045188699230e-04
-1.731313872324058423e-04
-1.728922782084918452e-04
-1.726511237638561624e-04
-1.724079694949143260e-04
-1.721628602919800244e-04
-1.719158403463705298e-04
-1.716669531635073298e-04
-1.714162415713538223e-04
-1.711637477308514121e-04
-1.709095131452453842e-04
-1.706535786711871339e-04
-1.703959845258395944e-04
-1.701367702984235564e-04
-1.698759749597655855e-04
-1.696136368671830041e-04
-1.693497937798049691e-04
-1.690844828632354080e-04
-1.688177406988788931e-04
-1.685496032926003807e-04
-1.682801060853833519e-04
-1.680092839575486607e-04
-1.677371712411890314e-04
-1.674638017243879062e-04
-1.671892086643200770e-04
-1.669134247890280420e-04
-1.666364823091903702e-04
-1.663584129252271282e-04
-1.660792478341832634e-04
-1.657990177370560758e-04
-1.655177528470108683e-04
-1.652354828949320620e-04
-1.649522371394152032e-04
-1.646680443705417218e-04
-1.643829329180945820e-04
-1.640969306597739319e-04
-1.638100650263041302e-04
-1.635223630069848610e-04
-1.632338511590170071e-04
-1.629445556117214977e-04
-1.626545020745329140e-04
-1.623637158414403814e-04
-1.620722217989811753e-04
-1.617800444304595686e-04
-1.614872078223861251e-04
-1.611937356718051717e-04
-1.608996512905136456e-04
-1.606049776115003880e-04
-1.603097371942752147e-04
-1.600139522306420758e-04
-1.597176445491399477e-04
-1.594208356223703049e-04
-1.591235465703277896e-04
-1.588257981670615493e-04
-1.585276108451161292e-04
-1.582290047004164535e-04
-1.579299994971528065e-04
-1.576306146751083048e-04
-1.573308693505470757e-04
-1.570307823235417288e-04
-1.567303720817481150e-04
-1.564296568064005299e-04
-1.561286543751982947e-04
-1.558273823667466473e-04
-1.555258580678842151e-04
-1.552240984732389251e-04
-1.549221202941097886e-04
-1.546199399606873470e-04
-1.543175736249402519e-04
-1.540150371679427366e-04
-1.537123462005407504e-04
-1.534095160702353411e-04
-1.531065618634031011e-04
-1.528034984092929705e-04
-1.525003402844671285e-04
-1.521971018163537082e-04
-1.518937970865774645e-04
-1.515904399354006671e-04
