-2.497666264017964172e+11
3.411709229259729526e-02
4.572220103572188776e-02
4.853998372003731632e-02
4.921250620016159871e-02
4.921579735251579990e-02
4.898245479523222201e-02
4.866240232943841448e-02
4.831126450970213426e-02
4.794916423233752667e-02
4.758232625046732167e-02
4.721168715660972737e-02
4.683638895709574257e-02
4.645515423644575037e-02
4.606678277074838235e-02
4.567029685538992467e-02
4.526495740683866842e-02
4.485024049148789160e-02
4.442580744565427509e-02
4.399147872116238034e-02
4.354721300327968336e-02
4.309309051750176423e-02
4.262929906143320125e-02
4.215612162249682271e-02
4.167392487492538322e-02
4.118314819851010000e-02
4.068429309193266619e-02
4.017791298454742588e-02
3.966460351053457956e-02
3.914499332728027525e-02
3.861973555232012245e-02
3.808949987551235594e-02
3.755496538102764958e-02
3.701681409291079916e-02
3.647572523983999560e-02
3.593237021989192925e-02
3.538740823529940016e-02
3.484148255929886417e-02
3.429521739219643095e-02
3.374921526090179924e-02
3.320405491510491913e-02
3.266028967358858282e-02
3.211844617526216084e-02
3.157902349137309272e-02
3.104249255764424120e-02
3.050929588779727197e-02
2.997984753259563817e-02
2.945453325115221510e-02
2.893371086427198868e-02
2.841771076234689275e-02
2.790683654250591950e-02
2.740136575267682062e-02
2.690155072226740884e-02
2.640761946134606575e-02
2.591977661244904141e-02
2.543820444073352505e-02
2.496306385004909423e-02
2.449449541415260612e-02
2.403262041348619427e-02
2.357754186966354304e-02
2.312934557042489736e-02
2.268810107936225506e-02
2.225386272552709599e-02
2.182667056870113420e-02
2.140655133720681391e-02
2.099351933549686855e-02
2.058757731955074277e-02
2.018871733863214502e-02
1.979692154218160027e-02
1.941216295140124615e-02
1.903440619509155773e-02
1.866360820983548052e-02
1.829971890460946327e-02
1.794268179051039525e-02
1.759243457601566973e-02
1.724890972874737471e-02
1.691203500439497631e-02
1.658173394416628810e-02
1.625792634138534254e-02
1.594052867879725000e-02
1.562945453739672530e-02
1.532461497817516616e-02
1.502591889792670443e-02
1.473327336028296131e-02
1.444658390320996411e-02
1.416575482415916021e-02
1.389068944396321115e-02
1.362129035071890648e-02
1.335745962463108505e-02
1.309909904500461408e-02
1.284611028037074831e-02
1.259839506271731580e-02
1.235585534684524589e-02
1.211839345572895965e-02
1.188591221275592247e-02
1.165831506172976262e-02
1.143550617539235148e-02
1.121739055323667245e-02
1.100387410935343979e-02
1.079486375096005979e-02
1.059026744832936018e-02
1.038999429660947271e-02
1.019395457025629170e-02
1.000205977052637252e-02
9.814222666556515762e-03
9.630357330559169426e-03
9.450379167527112045e-03
9.274204939924590718e-03
9.101752787720851501e-03
8.932942244200825499e-03
8.767694247781232519e-03
8.605931150329038104e-03
8.447576722144578554e-03
8.292556153967511889e-03
8.140796056229637756e-03
7.992224455872332101e-03
7.846770790829182829e-03
7.704365902558629742e-03
7.564942026681453768e-03
7.428432781968918874e-03
7.294773157850320544e-03
7.163899500609582915e-03
7.035749498392362966e-03
6.910262165135794277e-03
6.787377823649132225e-03
6.667038087837973137e-03
6.549185844250349220e-03
6.433765233041732756e-03
6.320721628407355297e-03
6.210001618605964779e-03
6.101552985637415105e-03
5.995324684662239889e-03
5.891266823158547439e-03
5.789330639991874250e-03
5.689468484327164788e-03
5.591633794536754465e-03
5.495781077067718456e-03
5.401865885353851482e-03
5.309844798808915911e-03
5.219675401919365854e-03
5.131316263445873105e-03
5.044726915825359370e-03
4.959867834710696144e-03
4.876700418767088152e-03
4.795186969642317720e-03
4.715290672204330846e-03
4.636975575026847096e-03
4.560206571150526855e-03
4.484949379096381250e-03
4.411170524215801692e-03
4.338837320276178744e-03
4.267917851398683737e-03
4.198380954287372901e-03
4.130196200756941494e-03
4.063333880591546432e-03
3.997764984737806060e-03
3.933461188766917971e-03
3.870394836728463517e-03
3.808538925246240936e-03
3.747867088012890591e-03
3.688353580547421018e-03
3.629973265284691664e-03
3.572701596998850704e-03
3.516514608519871743e-03
3.461388896762285228e-03
3.407301609078761118e-03
3.354230429894800025e-03
3.302153567658283606e-03
3.251049742072353865e-03
3.200898171634936062e-03
3.151678561463588935e-03
3.103371091382145508e-03
3.055956404324211562e-03
3.009415594965147989e-03
2.963730198666914006e-03
2.918882180654946978e-03
2.874853925469267324e-03
2.831628226669380410e-03
2.789188276780762976e-03
2.747517657494036314e-03
2.706600330098840601e-03
2.666420626160848073e-03
2.626963238408608348e-03
2.588213211874856867e-03
2.550155935218345604e-03
2.512777132307020267e-03
2.476062853969729360e-03
2.439999469982190305e-03
2.404573661233255777e-03
2.369772412103454684e-03
2.335583003028940396e-03
2.301993003244184877e-03
2.268990263724290912e-03
2.236562910291173267e-03
2.204699336902260498e-03
2.173388199100179108e-03
2.142618407644292233e-03
2.112379122282792565e-03
2.082659745699100284e-03
2.053449917608363151e-03
2.024739508996953319e-03
1.996518616512510391e-03
1.968777557004086631e-03
1.941506862192188265e-03
1.914697273466492433e-03
1.888339736842548078e-03
1.862425398019951217e-03
1.836945597576855604e-03
1.811891866287496100e-03
1.787255920561836575e-03
1.763029657988468557e-03
1.739205153006517790e-03
1.715774652678359047e-03
1.692730572570244618e-03
1.670065492737737856e-03
1.647772153818616303e-03
1.625843453214148582e-03
1.604272441373622016e-03
1.583052318183453266e-03
1.562176429420913948e-03
1.541638263321765123e-03
1.521431447224275146e-03
1.501549744300945122e-03
1.481987050368838155e-03
1.462737390787394176e-03
1.443794917417307033e-03
1.425153905688647527e-03
1.406808751697630200e-03
1.388753969425060575e-03
1.370984187978763202e-03
1.353494148936151831e-03
1.336278703745197305e-03
1.319332811183793197e-03
1.302651534887733220e-03
1.286230040938196595e-03
1.270063595514070443e-03
1.254147562594454257e-03
1.238477401724003002e-03
1.223048665834003401e-03
1.207856999113188223e-03
1.192898134932285359e-03
1.178167893820081247e-03
1.163662181496327719e-03
1.149376986941064160e-03
1.135308380513011528e-03
1.121452512127918411e-03
1.107805609459777685e-03
1.094363976208212463e-03
1.081123990388954681e-03
1.068082102683165502e-03
1.055234834807849964e-03
1.042578777940228463e-03
1.030110591182520352e-03
1.017827000048043828e-03
1.005724794994833360e-03
9.938008300010015006e-04
9.820520211556438284e-04
9.704753453010361852e-04
9.590678386988127357e-04
9.478265957305609390e-04
9.367487676239516503e-04
9.258315612235001879e-04
9.150722377766484783e-04
9.044681117462705089e-04
8.940165496673646572e-04
8.837149690230639010e-04
8.735608371386316406e-04
8.635516701120948824e-04
8.536850317670818811e-04
8.439585326305287794e-04
8.343698289328127515e-04
8.249166216334202772e-04
8.155966554679316971e-04
8.064077180163220504e-04
7.973476387972411317e-04
7.884142883758382681e-04
7.796055775044496983e-04
7.709194562670607098e-04
7.623539132559642439e-04
7.539069747659610243e-04
7.455767040016603175e-04
7.373612003049867525e-04
7.292585984064459126e-04
7.212670676828292216e-04
7.133848114406760033e-04
7.056100662141684410e-04
6.979411010759051237e-04
6.903762169645499824e-04
6.829137460320211517e-04
6.755520509977852583e-04
6.682895245255782157e-04
6.611245886087857571e-04
6.540556939698127792e-04
6.470813194794367007e-04
6.401999715803796676e-04
6.334101837237593458e-04
6.267105158372920926e-04
6.200995537675169089e-04
6.135759087777525878e-04
6.071382170269590262e-04
6.007851390668061953e-04
5.945153593596153030e-04
5.883275857989644919e-04
5.822205492362897417e-04
5.761930030292461424e-04
5.702437225945100607e-04
5.643715049661324201e-04
5.585751683698791936e-04
5.528535518051214126e-04
5.472055146369392276e-04
5.416299361886700581e-04
5.361257153602139169e-04
5.306917702339042364e-04
5.253270377083563147e-04
5.200304731267646474e-04
5.148010499174127119e-04
5.096377592450629379e-04
5.045396096643450790e-04
4.995056267862452160e-04
4.945348529448168051e-04
4.896263468787687145e-04
4.847791834132753053e-04
4.799924531515564752e-04
4.752652621751174422e-04
4.705967317462089738e-04
4.659859980167269100e-04
4.614322117468816487e-04
4.569345380271983004e-04
4.524921560069561366e-04
4.481042586284011975e-04
4.437700523642895689e-04
4.394887569660888005e-04
4.352596052117352343e-04
4.310818426640494749e-04
4.269547274255991454e-04
4.228775299128795240e-04
4.188495326187258172e-04
4.148700298916008222e-04
4.109383277155487235e-04
4.070537434914811570e-04
4.032156058275671029e-04
3.994232543356179832e-04
3.956760394210334653e-04
3.919733220913990124e-04
3.883144737586441408e-04
3.846988760485281489e-04
3.811259206110140241e-04
3.775950089457413839e-04
3.741055522143987844e-04
3.706569710673068840e-04
3.672486954744424992e-04
3.638801645535760798e-04
3.605508264046264344e-04
3.572601379517870157e-04
3.540075647781026902e-04
3.507925809771439418e-04
3.476146689962433811e-04
3.444733194846172353e-04
3.413680311563638270e-04
3.382983106370307524e-04
3.352636723246149586e-04
3.322636382585564263e-04
3.292977379756312217e-04
3.263655083818317593e-04
3.234664936226927523e-04
3.206002449538392085e-04
3.177663206177516741e-04
3.149642857194212553e-04
3.121937121077777988e-04
3.094541782571180732e-04
3.067452691520866637e-04
3.040665761739891337e-04
3.014176969882154111e-04
2.987982354385465555e-04
2.962078014376867685e-04
2.936460108642346967e-04
2.911124854552138430e-04
2.886068527139240558e-04
2.861287458009176277e-04
2.836778034458475872e-04
2.812536698453271811e-04
2.788559945741120316e-04
2.764844324925075369e-04
2.741386436531101367e-04
2.718182932173185407e-04
2.695230513674040651e-04
2.672525932196911924e-04
2.650065987419569780e-04
2.627847526734949923e-04
2.605867444434029068e-04
2.584122680922007476e-04
2.562610221934491506e-04
2.541327097802525969e-04
2.520270382684319799e-04
2.499437193859144202e-04
2.478824690972381006e-04
2.458430075378270629e-04
2.438250589427148896e-04
2.418283515783770099e-04
2.398526176750070960e-04
2.378975933652327512e-04
2.359630186163919063e-04
2.340486371683603295e-04
2.321541964724893603e-04
2.302794476303215987e-04
2.284241453345270401e-04
2.265880478096171657e-04
2.247709167553235687e-04
2.229725172890884011e-04
2.211926178914414010e-04
2.194309903527091876e-04
2.176874097166159316e-04
2.159616542318776311e-04
2.142535052966909603e-04
2.125627474089952784e-04
2.108891681209534852e-04
2.092325579832188254e-04
2.075927105029684583e-04
2.059694220934993325e-04
2.043624920298192649e-04
2.027717224009073504e-04
2.011969180670813984e-04
1.996378866160331000e-04
1.980944383197513758e-04
1.965663860898914095e-04
1.950535454384727529e-04
1.935557344383553868e-04
1.920727736799410224e-04
1.906044862327593847e-04
1.891506976083867642e-04
1.877112357193677639e-04
1.862859308452424756e-04
1.848746155928004953e-04
1.834771248612199201e-04
1.820932958078724795e-04
1.807229678103539072e-04
1.793659824342874742e-04
1.780221834009054760e-04
1.766914165495236944e-04
1.753735298097858220e-04
1.740683731661363254e-04
1.727757986298428250e-04
1.714956602032469135e-04
1.702278138546731157e-04
1.689721174842340190e-04
1.677284308971849214e-04
1.664966157739478092e-04
1.652765356410235142e-04
1.640680558456786287e-04
1.628710435248592603e-04
1.616853675812102153e-04
1.605108986548753336e-04
1.593475090984064479e-04
1.581950729503400765e-04
1.570534659103284270e-04
1.559225653140483558e-04
1.548022501101087300e-04
1.536924008329609848e-04
1.525928995831371537e-04
1.515036300021588289e-04
1.504244772492224769e-04
1.493553279798831568e-04
1.482960703220737031e-04
1.472465938576750233e-04
1.462067895985352806e-04
1.451765499651536118e-04
1.441557687695826928e-04
1.431443411901156537e-04
1.421421637552988670e-04
1.411491343219495320e-04
1.401651520573921061e-04
1.391901174183640677e-04
1.382239321350287042e-04
1.372664991896588305e-04
1.363177228019818443e-04
1.353775084071973112e-04
1.344457626422101981e-04
1.335223933249807260e-04
1.326073094416457820e-04
1.317004211245365042e-04
1.308016396412980953e-04
1.299108773744617196e-04
1.290280478076777371e-04
1.281530655086182691e-04
1.272858461160986110e-04
1.264263063216475302e-04
1.255743638564066345e-04
1.247299374762533830e-04
1.238929469475902323e-04
1.230633130324676472e-04
1.222409574750393801e-04
1.214258029855752596e-04
1.206177732320234952e-04
1.198167928211368860e-04
1.190227872887028582e-04
1.182356830846664764e-04
1.174554075618061688e-04
1.166818889626330957e-04
1.159150564062905175e-04
1.151548398774515647e-04
