-3.780011425222712402e+11
3.594524316507285988e-02
4.422542448583222097e-02
4.868852966503789403e-02
5.098638211220274385e-02
5.222658062528129363e-02
5.290473995200528634e-02
5.325957870397379779e-02
5.341408019283999664e-02
5.343453756506910679e-02
5.335813740484729450e-02
5.320671583871305899e-02
5.299385350724783450e-02
5.272860282721403280e-02
5.241746968984006827e-02
5.206547793804361390e-02
5.167674779772379878e-02
5.125481511249763145e-02
5.080281148861010010e-02
5.032356920293912239e-02
4.981968493240795937e-02
4.929356053853206632e-02
4.874743072257636811e-02
4.818338288437118422e-02
4.760337212745291424e-02
4.700923307471338575e-02
4.640268947048298287e-02
4.578536217013162712e-02
4.515877590910832851e-02
4.452436512304513982e-02
4.388347901744005242e-02
4.323738603817783854e-02
4.258727786191496278e-02
4.193427300098617749e-02
4.127942009940044343e-02
4.062370098143919250e-02
3.996803350240618613e-02
3.931327424107244894e-02
3.866022106498689936e-02
3.800961559308291271e-02
3.736214557423078730e-02
3.671844719562145087e-02
3.607910733139263471e-02
3.544466573838045420e-02
3.481561720373838043e-02
3.419241364709524333e-02
3.357546617860229787e-02
3.296514711279696641e-02
3.236179193778521146e-02
3.176570123834121517e-02
3.117714257148396229e-02
3.059635229274570989e-02
3.002353733118523493e-02
2.945887691172854872e-02
2.890252422289441014e-02
2.835460802878397857e-02
2.781523422395126843e-02
2.728448733046362484e-02
2.676243193632976691e-02
2.624911407502672489e-02
2.574456254606283245e-02
2.524879017665893066e-02
2.476179502508735197e-02
2.428356152613053709e-02
2.381406157974885751e-02
2.335325558380652033e-02
2.290109341210588845e-02
2.245751533917994536e-02
2.202245291308724262e-02
2.159582977810892146e-02
2.117756244865653947e-02
2.076756103635135631e-02
2.036572993194352144e-02
1.997196844387660875e-02
1.958617139529938989e-02
1.920822968147062326e-02
1.883803078907853035e-02
1.847545927967386703e-02
1.812039723862701734e-02
1.777272469161106372e-02
1.743231999012340161e-02
1.709906016789441985e-02
1.677282126962587050e-02
1.645347865369650719e-02
1.614090727041395112e-02
1.583498191713839098e-02
1.553557747172251702e-02
1.524256910563970280e-02
1.495583247811360650e-02
1.467524391226437963e-02
1.440068055476340092e-02
1.413202051979012275e-02
1.386914301852626430e-02
1.361192847516790039e-02
1.336025863032119787e-02
1.311401663272659945e-02
1.287308712017631862e-02
1.263735629035589447e-02
1.240671196242337793e-02
1.218104362996030865e-02
1.196024250603500150e-02
1.174420156092526035e-02
1.153281555311247430e-02
1.132598105412618850e-02
1.112359646766525323e-02
1.092556204357109095e-02
1.073177988699614005e-02
1.054215396327840004e-02
1.035659009883449500e-02
1.017499597847026926e-02
9.997281139444647025e-03
9.823356962556317740e-03
9.653136660616290499e-03
9.486535264488171748e-03
9.323469607018131100e-03
9.163858305045513575e-03
9.007621739690829799e-03
8.854682035201788537e-03
8.704963036427315615e-03
8.558390285145600629e-03
8.414890995413815133e-03
8.274394028056297756e-03
8.136829864428651859e-03
8.002130579563226931e-03
7.870229814824991621e-03
7.741062750205918164e-03
7.614566076229012381e-03
7.490677965765524249e-03
7.369338045562390249e-03
7.250487367824742790e-03
7.134068381705604978e-03
7.020024904867305793e-03
6.908302095151697131e-03
6.798846422398918676e-03
6.691605640414266531e-03
6.586528759216836448e-03
6.483566017501107837e-03
6.382668855394957319e-03
6.283789887567392540e-03
6.186882876613397642e-03
6.091902706848228988e-03
5.998805358450098879e-03
5.907547881998986838e-03
5.818088373421792525e-03
5.730385949354932507e-03
5.644400722905729140e-03
5.560093779888308774e-03
5.477427155452518903e-03
5.396363811171367431e-03
5.316867612580988833e-03
5.238903307141828947e-03
5.162436502672118621e-03
5.087433646206340754e-03
5.013862003299784931e-03
4.941689637788959644e-03
4.870885391977219925e-03
4.801418867272921887e-03
4.733260405229255952e-03
4.666381069049707619e-03
4.600752625486981273e-03
4.536347527176021188e-03
4.473138895377593016e-03
4.411100503119547156e-03
4.350206758745311930e-03
4.290432689856071846e-03
4.231753927639747559e-03
4.174146691579672108e-03
4.117587774535191869e-03
4.062054528196412662e-03
4.007524848883337043e-03
3.953977163732691480e-03
3.901390417173411507e-03
3.849744057802695352e-03
3.799018025548717148e-03
3.749192739184836753e-03
3.700249084133799826e-03
3.652168400630539935e-03
3.604932472127453380e-03
3.558523514039402258e-03
3.512924162770048042e-03
3.468117465005082778e-03
3.424086867308773208e-03
3.380816205967196453e-03
3.338289697104368514e-03
3.296491927057720872e-03
3.255407842998714329e-03
3.215022743803030991e-03
3.175322271156133525e-03
3.136292400887752407e-03
3.097919434553952911e-03
3.060189991201944792e-03
3.023090999390243283e-03
2.986609689392460965e-03
2.950733585620479715e-03
2.915450499230587411e-03
2.880748520946108115e-03
2.846616014048120036e-03
2.813041607566679758e-03
2.780014189633028820e-03
2.747522901034082921e-03
2.715557128895706995e-03
2.684106500581373567e-03
2.653160877710281085e-03
2.622710350356216580e-03
2.592745231384308013e-03
2.563256050946760567e-03
2.534233551128028950e-03
2.505668680708561524e-03
2.477552590088638595e-03
2.449876626332336826e-03
2.422632328352491982e-03
2.395811422204019436e-03
2.369405816515790519e-03
2.343407598046853835e-03
2.317809027328809890e-03
2.292602534461840591e-03
2.267780714984235502e-03
2.243336325882028248e-03
2.219262281673461956e-03
2.195551650610694239e-03
2.172197650981422257e-03
2.149193647499991755e-03
2.126533147794429368e-03
2.104209798978518009e-03
2.082217384333118204e-03
2.060549820041890356e-03
2.039201152038039311e-03
2.018165552910122784e-03
1.997437318916883697e-03
1.977010867042716669e-03
1.956880732155497071e-03
1.937041564226804624e-03
1.917488125626976014e-03
1.898215288477000939e-03
1.879218032091900525e-03
1.860491440464295820e-03
1.842030699825247808e-03
1.823831096264383334e-03
1.805888013413081694e-03
1.788196930177399224e-03
1.770753418541382018e-03
1.753553141407904192e-03
1.736591850514779267e-03
1.719865384388841179e-03
1.703369666355314394e-03
1.687100702593147261e-03
1.671054580250741495e-03
1.655227465596986747e-03
1.639615602216482060e-03
1.624215309262933005e-03
1.609022979748297999e-03
1.594035078865685406e-03
1.579248142374423125e-03
1.564658775000005164e-03
1.550263648898209112e-03
1.536059502136311039e-03
1.522043137226702925e-03
1.508211419682270460e-03
1.494561276623951329e-03
1.481089695409609774e-03
1.467793722294219450e-03
1.454670461140672444e-03
1.441717072138359867e-03
1.428930770569936115e-03
1.416308825602508037e-03
1.403848559099918347e-03
1.391547344483878845e-03
1.379402605599322484e-03
1.367411815624608451e-03
1.355572495994383786e-03
1.343882215361968946e-03
1.332338588571735372e-03
1.320939275669896773e-03
1.309681980927956957e-03
1.298564451895911631e-03
1.287584478476100358e-03
1.276739892017042521e-03
1.266028564431254111e-03
1.255448407330606031e-03
1.244997371188105717e-03
1.234673444512113250e-03
1.224474653043650108e-03
1.214399058973469891e-03
1.204444760174006035e-03
1.194609889453301932e-03
1.184892613822485785e-03
1.175291133777900399e-03
1.165803682612320813e-03
1.156428525728170342e-03
1.147163959970720626e-03
1.138008312979721381e-03
1.128959942553686702e-03
1.120017236027948115e-03
1.111178609672247575e-03
1.102442508088108397e-03
1.093807403641289255e-03
1.085271795886466606e-03
1.076834211017008158e-03
1.068493201326514708e-03
1.060247344675246950e-03
1.052095243975426087e-03
1.044035526688968929e-03
1.036066844326999359e-03
1.028187871974006740e-03
1.020397307811116150e-03
1.012693872657566274e-03
1.005076309515740007e-03
9.975433831346247615e-04
9.900938795739389064e-04
9.827266057851336001e-04
9.754403892001661802e-04
9.682340773191633332e-04
9.611065373289484626e-04
9.540566557069141140e-04
9.470833378493193067e-04
9.401855076969223290e-04
9.333621073766007470e-04
9.266120968483004816e-04
9.199344535599784933e-04
9.133281721060981795e-04
9.067922638970049576e-04
9.003257568416245249e-04
8.939276950217234230e-04
8.875971383857095276e-04
8.813331624490938765e-04
8.751348579880691148e-04
8.690013307599553372e-04
8.629317012096571204e-04
8.569251041976588823e-04
8.509806887233573036e-04
8.450976176612723378e-04
8.392750674999227556e-04
8.335122280822560015e-04
8.278083023605109503e-04
8.221625061490822617e-04
8.165740678836019839e-04
8.110422283895690754e-04
8.055662406483143911e-04
8.001453695754001672e-04
7.947788917985754154e-04
7.894660954395060770e-04
7.842062799097160308e-04
7.789987556949817815e-04
7.738428441572686722e-04
7.687378773371111862e-04
7.636831977539948468e-04
7.586781582218371511e-04
7.537221216591394324e-04
7.488144609049118827e-04
7.439545585430362706e-04
7.391418067250743462e-04
7.343756069964069155e-04
7.296553701308106099e-04
7.249805159657007891e-04
7.203504732358201323e-04
7.157646794186955930e-04
7.112225805803173984e-04
7.067236312190416925e-04
7.022672941205954089e-04
6.978530402077520733e-04
6.934803483986673456e-04
6.891487054692113645e-04
6.848576059095279334e-04
6.806065517974690948e-04
6.763950526558204501e-04
6.722226253317309386e-04
6.680887938645962976e-04
6.639930893619361285e-04
6.599350498808220777e-04
6.559142203022005901e-04
6.519301522180942499e-04
6.479824038141401843e-04
6.440705397570134494e-04
6.401941310856251732e-04
6.363527550987679859e-04
6.325459952505330108e-04
6.287734410463929891e-04
6.250346879399515387e-04
6.213293372334671716e-04
6.176569959754907302e-04
6.140172768707152784e-04
6.104097981791678507e-04
6.068341836240609410e-04
6.032900623038628396e-04
5.997770685999270768e-04
5.962948420890068491e-04
5.928430274557694446e-04
5.894212744121940517e-04
5.860292376091980060e-04
5.826665765598093571e-04
5.793329555563442312e-04
5.760280435922471298e-04
5.727515142870398535e-04
5.695030458081618008e-04
5.662823207972511597e-04
5.630890263002008567e-04
5.599228536918854360e-04
5.567834986082154103e-04
5.536706608750829872e-04
5.505840444450793569e-04
5.475233573266624632e-04
5.444883115204302015e-04
5.414786229576140641e-04
5.384940114316894011e-04
5.355342005428642693e-04
5.325989176341305864e-04
5.296878937317561764e-04
5.268008634886633956e-04
5.239375651255873123e-04
5.210977403751204662e-04
5.182811344268678511e-04
5.154874958723798528e-04
5.127165766531938118e-04
5.099681320062110501e-04
5.072419204150691030e-04
5.045377035570730584e-04
5.018552462554559668e-04
4.991943164289747159e-04
4.965546850450586192e-04
4.939361260734020931e-04
4.913384164375589336e-04
4.887613359716436179e-04
4.862046673732578483e-04
4.836681961644107020e-04
4.811517106424467727e-04
4.786550018414104102e-04
4.761778634905233787e-04
4.737200919708861591e-04
4.712814862779524105e-04
4.688618479802286743e-04
4.664609811813047457e-04
4.640786924823281367e-04
4.617147909424801355e-04
4.593690880438927593e-04
4.570413976558995728e-04
4.547315359975101501e-04
4.524393216038813392e-04
4.501645752905680808e-04
4.479071201219930742e-04
4.456667813770298636e-04
4.434433865148079690e-04
4.412367651449589090e-04
4.390467489940874657e-04
4.368731718771279304e-04
4.347158696640374131e-04
4.325746802520402667e-04
4.304494435347638870e-04
4.283400013724847355e-04
4.262461975670372993e-04
4.241678778291735341e-04
4.221048897552481804e-04
4.200570827961325193e-04
4.180243082338996885e-04
4.160064191518486609e-04
4.140032704138540964e-04
4.120147186341682755e-04
4.100406221545505048e-04
4.080808410182878987e-04
4.061352369493231862e-04
4.042036733244991353e-04
4.022860151524643157e-04
4.003821290496922813e-04
3.984918832184991544e-04
3.966151474246171205e-04
3.947517929745458787e-04
3.929016926946804489e-04
3.910647209102169342e-04
3.892407534238362388e-04
3.874296674946098307e-04
3.856313418195700393e-04
3.838456565119496844e-04
3.820724930809760167e-04
3.803117344172157743e-04
3.785632647674841422e-04
3.768269697193016299e-04
3.751027361833525475e-04
3.733904523735009917e-04
3.716900077890272769e-04
3.700012931990848131e-04
3.683242006231601806e-04
3.666586233148638740e-04
3.650044557470533135e-04
3.633615935911826966e-04
3.617299337053125896e-04
3.601093741163463591e-04
3.584998140035988712e-04
3.569011536850297261e-04
3.553132946005899129e-04
3.537361392980109542e-04
3.521695914181499631e-04
3.506135556787803864e-04
3.490679378634897745e-04
3.475326448043603023e-04
3.460075843695342712e-04
3.444926654494473439e-04
3.429877979448381353e-04
3.414928927489846444e-04
3.400078617405988268e-04
3.385326177667291603e-04
3.370670746307702359e-04
