-2.827577135578901978e+11
2.480995429175951728e+00
2.477904801340803154e+00
2.476506978568604911e+00
2.474130567863178420e+00
2.470755017666101061e+00
2.466569456564142726e+00
2.461698612800712560e+00
2.456213106951668834e+00
2.450155856515388919e+00
2.443557817557951317e+00
2.436445705877627432e+00
2.428845417634552639e+00
2.420783342551676931e+00
2.412286693060184284e+00
2.403383400780348289e+00
2.394101845676398277e+00
2.384470542820900985e+00
2.374517843131709771e+00
2.364271671103552741e+00
2.353759306547431596e+00
2.343007209902120636e+00
2.332040887457320189e+00
2.320884791670033032e+00
2.309562251583008319e+00
2.298095428627295878e+00
2.286505293542591133e+00
2.274811620649254351e+00
2.263032996195660562e+00
2.251186837957546594e+00
2.239289423674674318e+00
2.227355926272414521e+00
2.215400454135452168e+00
2.203436094979943860e+00
2.191474962114546621e+00
2.179528242091468115e+00
2.167606242931995109e+00
2.155718442267373636e+00
2.143873534870307296e+00
2.132079479166459013e+00
2.120343542411340820e+00
2.108672344298890611e+00
2.097071898835100257e+00
2.085547654365382364e+00
2.074104531689760833e+00
2.062746960236399474e+00
2.051478912293354107e+00
2.040303935321396978e+00
2.029225182388630699e+00
2.018245440780891187e+00
2.007367158852109590e+00
1.996592471185464568e+00
1.985923222140712596e+00
1.975360987865905527e+00
1.964907096852515966e+00
1.954562649112806749e+00
1.944328534057543578e+00
1.934205447149790924e+00
1.924193905408730032e+00
1.914294261834301736e+00
1.904506718820663913e+00
1.894831340623346794e+00
1.885268064941616029e+00
1.875816713674424374e+00
1.866477002904967097e+00
1.857248552165817745e+00
1.848130893033406830e+00
1.839123477097722503e+00
1.830225683350117372e+00
1.821436825029534079e+00
1.812756155964663440e+00
1.804182876447294470e+00
1.795716138669544826e+00
1.787355051755677104e+00
1.779098686416968889e+00
1.770946079256301875e+00
1.762896236747114154e+00
1.754948138909913968e+00
1.747100742707734522e+00
1.739352985180524502e+00
1.731703786337000395e+00
1.724152051821412401e+00
1.716696675370996683e+00
1.709336541079378824e+00
1.702070525479574048e+00
1.694897499459632861e+00
1.687816330022883671e+00
1.680825881903925012e+00
1.673925019050777729e+00
1.667112605982795426e+00
1.660387509033317777e+00
1.653748597485385607e+00
1.647194744608223349e+00
1.640724828601775487e+00
1.634337733455899500e+00
1.628032349730385686e+00
1.621807575261784207e+00
1.615662315802141480e+00
1.609595485594840003e+00
1.603606007892097507e+00
1.597692815418419787e+00
1.591854850784087949e+00
1.586091066852335363e+00
1.580400427063698210e+00
1.574781905720803010e+00
1.569234488236522118e+00
1.563757171348312491e+00
1.558348963301334322e+00
1.553008884002724077e+00
1.547735965149290571e+00
1.542529250330671342e+00
1.537387795109939947e+00
1.532310667083401245e+00
1.527296945921267080e+00
1.522345723390774896e+00
1.517456103363178821e+00
1.512627201805936572e+00
1.507858146761362761e+00
1.503148078312913860e+00
1.498496148540108708e+00
1.493901521463182558e+00
1.489363372978324218e+00
1.484880890784370466e+00
1.480453274301797073e+00
1.476079734584692771e+00
1.471759494226418941e+00
1.467491787259634028e+00
1.463275859051205385e+00
1.459110966192588066e+00
1.454996376386224366e+00
1.450931368328322035e+00
1.446915231588576045e+00
1.442947266487140112e+00
1.439026783969251877e+00
1.435153105477887880e+00
1.431325562824713904e+00
1.427543498059647087e+00
1.423806263339324918e+00
1.420113220794690934e+00
1.416463742397942482e+00
1.412857209829087690e+00
1.409293014342221317e+00
1.405770556631812163e+00
1.402289246699055081e+00
1.398848503718533642e+00
1.395447755905254050e+00
1.392086440382229284e+00
1.388764003048715612e+00
1.385479898449168523e+00
1.382233589643093508e+00
1.379024548075780787e+00
1.375852253450094542e+00
1.372716193599303969e+00
1.369615864361096058e+00
1.366550769452762992e+00
1.363520420347660966e+00
1.360524336152951985e+00
1.357562043488688586e+00
1.354633076368269684e+00
1.351736976080303743e+00
1.348873291071898795e+00
1.346041576833392428e+00
1.343241395784551706e+00
1.340472317162286542e+00
1.337733916909813026e+00
1.335025777567358851e+00
1.332347488164363547e+00
1.329698644113203265e+00
1.327078847104428805e+00
1.324487705003528637e+00
1.321924831749206719e+00
1.319389847253169989e+00
1.316882377301433982e+00
1.314402053457119468e+00
1.311948512964757896e+00
1.309521398656070534e+00
1.307120358857225995e+00
1.304745047297567462e+00
1.302395123019787437e+00
1.300070250291547325e+00
1.297770098518513882e+00
1.295494342158825418e+00
1.293242660638935781e+00
1.291014738270855888e+00
1.288810264170760167e+00
1.286628932178934148e+00
1.284470440781070533e+00
1.282334493030872213e+00
1.280220796473967582e+00
1.278129063073098148e+00
1.276059009134583366e+00
1.274010355236023795e+00
1.271982826155251711e+00
1.269976150800476988e+00
1.267990062141653107e+00
1.266024297142998467e+00
1.264078596696687651e+00
1.262152705557707089e+00
1.260246372279796745e+00
1.258359349152538886e+00
1.256491392139513774e+00
1.254642260817543598e+00
1.252811718316982903e+00
1.250999531263056630e+00
1.249205469718216222e+00
1.247429307125506481e+00
1.245670820252916755e+00
1.243929789138704889e+00
1.242205997037687082e+00
1.240499230368450334e+00
1.238809278661508362e+00
1.237135934508356128e+00
1.235478993511413215e+00
1.233838254234858489e+00
1.232213518156308529e+00
1.230604589619366696e+00
1.229011275786978663e+00
1.227433386595626841e+00
1.225870734710320598e+00
1.224323135480365865e+00
1.222790406895932325e+00
1.221272369545360448e+00
1.219768846573232590e+00
1.218279663639160404e+00
1.216804648877316319e+00
1.215343632856656919e+00
1.213896448541845530e+00
1.212462931254861598e+00
1.211042918637279975e+00
1.209636250613205011e+00
1.208242769352855017e+00
1.206862319236784886e+00
1.205494746820721108e+00
1.204139900801023400e+00
1.202797631980736970e+00
1.201467793236238091e+00
1.200150239484461867e+00
1.198844827650694889e+00
1.197551416636924770e+00
1.196269867290747246e+00
1.195000042374798843e+00
1.193741806536727790e+00
1.192495026279679404e+00
1.191259569933293960e+00
1.190035307625194383e+00
1.188822111252979541e+00
1.187619854456692492e+00
1.186428412591753023e+00
1.185247662702374916e+00
1.184077483495413752e+00
1.182917755314686792e+00
1.181768360115713179e+00
1.180629181440896680e+00
1.179500104395127646e+00
1.178381015621798422e+00
1.177271803279234863e+00
1.176172357017515768e+00
1.175082567955699542e+00
1.174002328659426775e+00
1.172931533118905190e+00
1.171870076727268506e+00
1.170817856259298795e+00
1.169774769850507878e+00
1.168740716976568006e+00
1.167715598433098467e+00
1.166699316315776613e+00
1.165691774000792824e+00
1.164692876125633436e+00
1.163702528570176975e+00
1.162720638438114351e+00
1.161747114038670148e+00
1.160781864868641211e+00
1.159824801594716570e+00
1.158875836036107776e+00
1.157934881147455020e+00
1.157001851002024129e+00
1.156076660775173570e+00
1.155159226728102340e+00
1.154249466191859197e+00
1.153347297551622130e+00
1.152452640231227843e+00
1.151565414677957033e+00
1.150685542347577694e+00
1.149812945689620669e+00
1.148947548132901231e+00
1.148089274071281585e+00
1.147238048849652969e+00
1.146393798750160897e+00
1.145556450978639118e+00
1.144725933651274730e+00
1.143902175781482233e+00
1.143085107266994527e+00
1.142274658877155513e+00
1.141470762240428538e+00
1.140673349832092454e+00
1.139882354962141964e+00
1.139097711763387588e+00
1.138319355179731929e+00
1.137547220954646887e+00
1.136781245619828518e+00
1.136021366484031514e+00
1.135267521622081333e+00
1.134519649864070612e+00
1.133777690784711023e+00
1.133041584692861869e+00
1.132311272621229659e+00
1.131586696316218443e+00
1.130867798227949361e+00
1.130154521500431830e+00
1.129446809961892395e+00
1.128744608115254344e+00
1.128047861128764318e+00
1.127356514826767242e+00
1.126670515680626483e+00
1.125989810799782109e+00
1.125314347922951930e+00
1.124644075409465982e+00
1.123978942230736022e+00
1.123318897961860463e+00
1.122663892773353211e+00
1.122013877423005956e+00
1.121368803247872581e+00
1.120728622156372811e+00
1.120093286620530426e+00
1.119462749668314716e+00
1.118836964876106954e+00
1.118215886361286771e+00
1.117599468774916671e+00
1.116987667294557562e+00
1.116380437617175092e+00
1.115777735952166339e+00
1.115179519014487086e+00
1.114585744017883462e+00
1.113996368668226378e+00
1.113411351156945450e+00
1.112830650154565060e+00
1.112254224804331670e+00
1.111682034715944178e+00
1.111114039959372191e+00
1.110550201058770448e+00
1.109990478986479179e+00
1.109434835157123711e+00
1.108883231421789795e+00
1.108335630062295740e+00
1.107791993785542051e+00
1.107252285717951423e+00
1.106716469399984470e+00
1.106184508780741593e+00
1.105656368212641238e+00
1.105132012446179202e+00
1.104611406624762759e+00
1.104094516279620741e+00
1.103581307324788874e+00
1.103071746052171953e+00
1.102565799126668189e+00
1.102063433581376151e+00
1.101564616812864994e+00
1.101069316576515300e+00
1.100577500981923196e+00
1.100089138488381746e+00
1.099604197900415414e+00
1.099122648363386467e+00
1.098644459359164882e+00
1.098169600701852877e+00
1.097698042533581164e+00
1.097229755320360489e+00
1.096764709847990460e+00
1.096302877218030991e+00
1.095844228843830370e+00
1.095388736446606393e+00
1.094936372051590334e+00
1.094487107984218222e+00
1.094040916866378943e+00
1.093597771612720093e+00
1.093157645426996893e+00
1.092720511798480842e+00
1.092286344498415440e+00
1.091855117576521650e+00
1.091426805357554208e+00
1.091001382437903455e+00
1.090578823682245790e+00
1.090159104220246089e+00
1.089742199443296755e+00
1.089328085001309843e+00
1.088916736799548701e+00
1.088508130995510026e+00
1.088102243995842322e+00
1.087699052453310333e+00
1.087298533263800993e+00
1.086900663563372005e+00
1.086505420725340176e+00
1.086112782357407269e+00
1.085722726298828933e+00
1.085335230617623603e+00
1.084950273607812932e+00
1.084567833786708180e+00
1.084187889892227030e+00
1.083810420880251923e+00
1.083435405922020367e+00
1.083062824401555435e+00
1.082692655913123803e+00
1.082324880258736632e+00
1.081959477445679774e+00
1.081596427684075490e+00
1.081235711384481712e+00
1.080877309155521493e+00
1.080521201801542652e+00
1.080167370320311182e+00
1.079815795900736175e+00
1.079466459920621624e+00
1.079119343944451082e+00
1.078774429721202965e+00
1.078431699182190728e+00
1.078091134438935672e+00
1.077752717781067293e+00
1.077416431674249164e+00
1.077082258758135014e+00
1.076750181844350340e+00
1.076420183914500450e+00
1.076092248118207140e+00
1.075766357771167581e+00
1.075442496353241406e+00
1.075120647506561777e+00
1.074800795033671097e+00
1.074482922895682036e+00
1.074167015210461207e+00
1.073853056250838378e+00
1.073541030442836997e+00
1.073230922363928030e+00
1.072922716741308902e+00
1.072616398450200403e+00
1.072311952512170485e+00
1.072009364093475137e+00
1.071708618503424360e+00
1.071409701192767683e+00
1.071112597752097884e+00
1.070817293910282020e+00
1.070523775532903787e+00
1.070232028620733189e+00
1.069942039308211745e+00
1.069653793861958579e+00
1.069367278679294708e+00
1.069082480286787096e+00
1.068799385338809138e+00
1.068517980616122243e+00
1.068238253024474504e+00
1.067960189593214260e+00
1.067683777473925399e+00
1.067409003939078449e+00
1.067135856380694969e+00
1.066864322309036384e+00
1.066594389351300576e+00
1.066326045250342025e+00
1.066059277863403265e+00
1.065794075160864551e+00
1.065530425225008848e+00
1.065268316248799918e+00
1.065007736534680172e+00
1.064748674493379177e+00
1.064491118642738154e+00
1.064235057606551349e+00
1.063980480113416727e+00
1.063727374995607988e+00
1.063475731187951467e+00
1.063225537726725900e+00
1.062976783748570631e+00
1.062729458489407364e+00
1.062483551283375682e+00
1.062239051561782777e+00
1.061995948852065164e+00
1.061754232776763285e+00
1.061513893052506541e+00
1.061274919489014090e+00
1.061037301988106085e+00
1.060801030542726231e+00
1.060566095235977446e+00
1.060332486240168182e+00
1.060100193815871172e+00
1.059869208310993294e+00
1.059639520159855852e+00
1.059411119882285757e+00
1.059183998082720679e+00
1.058958145449320654e+00
1.058733552753092777e+00
1.058510210847025013e+00
1.058288110665233539e+00
1.058067243222114984e+00
1.057847599611513978e+00
1.057629171005896929e+00
1.057411948655536893e+00
1.057195923887709110e+00
1.056981088105894306e+00
1.056767432788992656e+00
1.056554949490546402e+00
1.056343629837971143e+00
1.056133465531798432e+00
1.055924448344923494e+00
1.055716570121866038e+00
1.055509822778035733e+00
1.055304198299010343e+00
