-1.185071990017200708e+09
2.292661312807966922e+00
2.287728191494090346e+00
2.284831391519057675e+00
2.282195240089095023e+00
2.279400344927553945e+00
2.276343421564310354e+00
2.272995054007874050e+00
2.269344630520336636e+00
2.265387815980052899e+00
2.261123585651780843e+00
2.256553387001265953e+00
2.251680753072222263e+00
2.246511009033877571e+00
2.241051007997513445e+00
2.235308890251333835e+00
2.229293867033253385e+00
2.223016028387949206e+00
2.216486173105298718e+00
2.209715658186945486e+00
2.202716265372775872e+00
2.195500082600508662e+00
2.188079398658270946e+00
2.180466609628610719e+00
2.172674135988673427e+00
2.164714349426868800e+00
2.156599508575267610e+00
2.148341702953235455e+00
2.139952804484482662e+00
2.131444425996335212e+00
2.122827886144442289e+00
2.114114180233030105e+00
2.105313956423754185e+00
2.096437496847983972e+00
2.087494703158276455e+00
2.078495086076616261e+00
2.069447758519638469e+00
2.060361431904150997e+00
2.051244415260621068e+00
2.042104616806767581e+00
2.032949547658030376e+00
2.023786327376774885e+00
2.014621691086144750e+00
2.005461997898442039e+00
1.996313240430992675e+00
1.987181055204457536e+00
1.978070733739428100e+00
1.968987234187224100e+00
1.959935193349017446e+00
1.950918938954839366e+00
1.941942502089963218e+00
1.933009629670713991e+00
1.924123796885329973e+00
1.915288219527385483e+00
1.906505866160737694e+00
1.897779470064410834e+00
1.889111540915133336e+00
1.880504376172785985e+00
1.871960072141389819e+00
1.863480534684163192e+00
1.855067489576822881e+00
1.846722492487909761e+00
1.838446938579089363e+00
1.830242071722009811e+00
1.822108993331084337e+00
1.814048670814502273e+00
1.806061945647673861e+00
1.798149541075152680e+00
1.790312069448791288e+00
1.782550039210742732e+00
1.774863861531217779e+00
1.767253856611463725e+00
1.759720259662941322e+00
1.752263226574322985e+00
1.744882839277864361e+00
1.737579110827046414e+00
1.730351990197451340e+00
1.723201366822481706e+00
1.716127074875878566e+00
1.709128897312291784e+00
1.702206569677401360e+00
1.695359783698399569e+00
1.688588190665658795e+00
1.681891404615936780e+00
1.675269005327053584e+00
1.668720541133831059e+00
1.662245531574507718e+00
1.655843469876629115e+00
1.649513825290867874e+00
1.643256045281142441e+00
1.637069557578659129e+00
1.630953772107542887e+00
1.624908082789056962e+00
1.618931869231236664e+00
1.613024498310390076e+00
1.607185325650611452e+00
1.601413697007086911e+00
1.595708949558769962e+00
1.590070413115612702e+00
1.584497411245358922e+00
1.578989262324567600e+00
1.573545280518305445e+00
1.568164776692770435e+00
1.562847059264721672e+00
1.557591434991586254e+00
1.552397209705680847e+00
1.547263688995994979e+00
1.542190178840620041e+00
1.537175986192864219e+00
1.532220419523827371e+00
1.527322789324098151e+00
1.522482408567116696e+00
1.517698593136474372e+00
1.512970662219470075e+00
1.508297938668937466e+00
1.503679749335360638e+00
1.499115425371131183e+00
1.494604302508643734e+00
1.490145721313962834e+00
1.485739027417534830e+00
1.481383571723441817e+00
1.477078710598558331e+00
1.472823806042879990e+00
1.468618225842297065e+00
1.464461343704885454e+00
1.460352539381827963e+00
1.456291198773990381e+00
1.452276714025036108e+00
1.448308483602062768e+00
1.444385912364514413e+00
1.440508411622224205e+00
1.436675399183286572e+00
1.432886299392480689e+00
1.429140543160864363e+00
1.425437567987226206e+00
1.421776817971856843e+00
1.418157743823321271e+00
1.414579802858627389e+00
1.411042458997306071e+00
1.407545182749904811e+00
1.404087451201212922e+00
1.400668747988708551e+00
1.397288563276545048e+00
1.393946393725441935e+00
1.390641742458809560e+00
1.387374119025408525e+00
1.384143039358825655e+00
1.380948025734051399e+00
1.377788606721393361e+00
1.374664317137982428e+00
1.371574697997070214e+00
1.368519296455334988e+00
1.365497665758402812e+00
1.362509365184752852e+00
1.359553959988162530e+00
1.356631021338884135e+00
1.353740126263677235e+00
1.350880857584844996e+00
1.348052803858400761e+00
1.345255559311486993e+00
1.342488723779161397e+00
1.339751902640651249e+00
1.337044706755180945e+00
1.334366752397456946e+00
1.331717661192899360e+00
1.329097060052695234e+00
1.326504581108765013e+00
1.323939861648669947e+00
1.321402544050574779e+00
1.318892275718294371e+00
1.316408709016458678e+00
1.313951501205923744e+00
1.311520314379368113e+00
1.309114815397208975e+00
1.306734675823827629e+00
1.304379571864167753e+00
1.302049184300693829e+00
1.299743198430823643e+00
1.297461304004768667e+00
1.295203195163875165e+00
1.292968570379463777e+00
1.290757132392178264e+00
1.288568588151893124e+00
1.286402648758167899e+00
1.284259029401279895e+00
1.282137449303839993e+00
1.280037631663015985e+00
1.277959303593357632e+00
1.275902196070251904e+00
1.273866043873988385e+00
1.271850585534488598e+00
1.269855563276642840e+00
1.267880722966322926e+00
1.265925814057019982e+00
1.263990589537157927e+00
1.262074805878037109e+00
1.260178222982456964e+00
1.258300604133977263e+00
1.256441715946854387e+00
1.254601328316609088e+00
1.252779214371279703e+00
1.250975150423299542e+00
1.249188915922044174e+00
1.247420293407015768e+00
1.245669068461683793e+00
1.243935029667957659e+00
1.242217968561294406e+00
1.240517679586450761e+00
1.238833960053857375e+00
1.237166610096623875e+00
1.235515432628140342e+00
1.233880233300328255e+00
1.232260820462470985e+00
1.230657005120654457e+00
1.229068600897816665e+00
1.227495423994366952e+00
1.225937293149412355e+00
1.224394029602540401e+00
1.222865457056192984e+00
1.221351401638593126e+00
1.219851691867241517e+00
1.218366158612952166e+00
1.216894635064447394e+00
1.215436956693489945e+00
1.213992961220533795e+00
1.212562488580920528e+00
1.211145380891583523e+00
1.209741482418269731e+00
1.208350639543261495e+00
1.206972700733598414e+00
1.205607516509802135e+00
1.204254939415068781e+00
1.202914823984950976e+00
1.201587026717519713e+00
1.200271406043969202e+00
1.198967822299702002e+00
1.197676137695856902e+00
1.196396216291283343e+00
1.195127923964954153e+00
1.193871128388816150e+00
1.192625699001057971e+00
1.191391506979810888e+00
1.190168425217252191e+00
1.188956328294119125e+00
1.187755092454626515e+00
1.186564595581783399e+00
1.185384717173085134e+00
1.184215338316603194e+00
1.183056341667451550e+00
1.181907611424611426e+00
1.180769033308136429e+00
1.179640494536710493e+00
1.178521883805563553e+00
1.177413091264732259e+00
1.176314008497668429e+00
1.175224528500183219e+00
1.174144545659723704e+00
1.173073955734978746e+00
1.172012655835804384e+00
1.170960544403468528e+00
1.169917521191209620e+00
1.168883487245093278e+00
1.167858344885180699e+00
1.166841997686993482e+00
1.165834350463261337e+00
1.164835309245972672e+00
1.163844781268690731e+00
1.162862674949164399e+00
1.161888899872199454e+00
1.160923366772811605e+00
1.159965987519633313e+00
1.159016675098588856e+00
1.158075343596823625e+00
1.157141908186884560e+00
1.156216285111149489e+00
1.155298391666503388e+00
1.154388146189248676e+00
1.153485468040257311e+00
1.152590277590354484e+00
1.151702496205926352e+00
1.150822046234758922e+00
1.149948850992093208e+00
1.149082834746898207e+00
1.148223922708361489e+00
1.147372041012588051e+00
1.146527116709501026e+00
1.145689077749958873e+00
1.144857852973055534e+00
1.144033372093630874e+00
1.143215565689970958e+00
1.142404365191696858e+00
1.141599702867840627e+00
1.140801511815111358e+00
1.140009725946329988e+00
1.139224279979060395e+00
1.138445109424396584e+00
1.137672150575937735e+00
1.136905340498923334e+00
1.136144617019538838e+00
1.135389918714385216e+00
1.134641184900110567e+00
1.133898355623196075e+00
1.133161371649905824e+00
1.132430174456381611e+00
1.131704706218896295e+00
1.130984909804248151e+00
1.130270728760311982e+00
1.129562107306720353e+00
1.128858990325698697e+00
1.128161323353031209e+00
1.127469052569167074e+00
1.126782124790463468e+00
1.126100487460552912e+00
1.125424088641850284e+00
1.124752877007182628e+00
1.124086801831545301e+00
1.123425812983983807e+00
1.122769860919596630e+00
1.122118896671656207e+00
1.121472871843852026e+00
1.120831738602647842e+00
1.120195449669748600e+00
1.119563958314688357e+00
1.118937218347522577e+00
1.118315184111629446e+00
1.117697810476624198e+00
1.117085052831366943e+00
1.116476867077088819e+00
1.115873209620605877e+00
1.115274037367644855e+00
1.114679307716259338e+00
1.114088978550346498e+00
1.113503008233261315e+00
1.112921355601519613e+00
1.112343979958599682e+00
1.111770841068826954e+00
1.111201899151355699e+00
1.110637114874237774e+00
1.110076449348572858e+00
1.109519864122747945e+00
1.108967321176762777e+00
1.108418782916632095e+00
1.107874212168873163e+00
1.107333572175075886e+00
1.106796826586542215e+00
1.106263939459016132e+00
1.105734875247476268e+00
1.105209598801014215e+00
1.104688075357782351e+00
1.104170270540013155e+00
1.103656150349112686e+00
1.103145681160823566e+00
1.102638829720458125e+00
1.102135563138194385e+00
1.101635848884449098e+00
1.101139654785309396e+00
1.100646949018029286e+00
1.100157700106596304e+00
1.099671876917353242e+00
1.099189448654689372e+00
1.098710384856789402e+00
1.098234655391439496e+00
1.097762230451899468e+00
1.097293080552824929e+00
1.096827176526256942e+00
1.096364489517658303e+00
1.095904990982010663e+00
1.095448652679967383e+00
1.094995446674054351e+00
1.094545345324933194e+00
1.094098321287707565e+00
1.093654347508285607e+00
1.093213397219793936e+00
1.092775443939037361e+00
1.092340461463012113e+00
1.091908423865465938e+00
1.091479305493504581e+00
1.091053080964245359e+00
1.090629725161519348e+00
1.090209213232616436e+00
1.089791520585076778e+00
1.089376622883524659e+00
1.088964496046548325e+00
1.088555116243620891e+00
1.088148459892062103e+00
1.087744503654044959e+00
1.087343224433641620e+00
1.086944599373907305e+00
1.086548605854008587e+00
1.086155221486386324e+00
1.085764424113959237e+00
1.085376191807365220e+00
1.084990502862240191e+00
1.084607335796532901e+00
1.084226669347855943e+00
1.083848482470873176e+00
1.083472754334722676e+00
1.083099464320472105e+00
1.082728592018612490e+00
1.082360117226578433e+00
1.081994019946310059e+00
1.081630280381841613e+00
1.081268878936922695e+00
1.080909796212676355e+00
1.080553013005278951e+00
1.080198510303680415e+00
1.079846269287349614e+00
1.079496271324048795e+00
1.079148497967641784e+00
1.078802930955926165e+00
1.078459552208498540e+00
1.078118343824643999e+00
1.077779288081255338e+00
1.077442367430780701e+00
1.077107564499195425e+00
1.076774862084001194e+00
1.076444243152253621e+00
1.076115690838612249e+00
1.075789188443418976e+00
1.075464719430798466e+00
1.075142267426785647e+00
1.074821816217476966e+00
1.074503349747205183e+00
1.074186852116736368e+00
1.073872307581494212e+00
1.073559700549802765e+00
1.073249015581154264e+00
1.072940237384499618e+00
1.072633350816558195e+00
1.072328340880153608e+00
1.072025192722565246e+00
1.071723891633905579e+00
1.071424423045516994e+00
1.071126772528388171e+00
1.070830925791588673e+00
1.070536868680730169e+00
1.070244587176439000e+00
1.069954067392853814e+00
1.069665295576140318e+00
1.069378258103022672e+00
1.069092941479338865e+00
1.068809332338608087e+00
1.068527417440621408e+00
1.068247183670045342e+00
1.067968618035046724e+00
1.067691707665934242e+00
1.067416439813813733e+00
1.067142801849265465e+00
1.066870781261033629e+00
1.066600365654733373e+00
1.066331542751575601e+00
1.066064300387105090e+00
1.065798626509955715e+00
1.065534509180622535e+00
1.065271936570243438e+00
1.065010896959403430e+00
1.064751378736948695e+00
1.064493370398816863e+00
1.064236860546880159e+00
1.063981837887804538e+00
1.063728291231924139e+00
1.063476209492124402e+00
1.063225581682744725e+00
1.062976396918489774e+00
1.062728644413357681e+00
1.062482313479579332e+00
1.062237393526570761e+00
1.061993874059897758e+00
1.061751744680255571e+00
1.061510995082457942e+00
1.061271615054438788e+00
1.061033594476269659e+00
1.060796923319181628e+00
1.060561591644607171e+00
1.060327589603229370e+00
1.060094907434040001e+00
1.059863535463416051e+00
1.059633464104199785e+00
1.059404683854795026e+00
1.059177185298271873e+00
1.058950959101482514e+00
1.058725996014186599e+00
1.058502286868190367e+00
1.058279822576492002e+00
1.058058594132438524e+00
1.057838592608893569e+00
1.057619809157414492e+00
1.057402235007438795e+00
1.057185861465480547e+00
1.056970679914334799e+00
1.056756681812295762e+00
1.056543858692376991e+00
1.056332202161548217e+00
1.056121703899975728e+00
1.055912355660274748e+00
1.055704149266767367e+00
1.055497076614754226e+00
1.055291129669788663e+00
1.055086300466963500e+00
1.054882581110204942e+00
