1.062408123140649414e+11
2.332293965350629605e+00
2.329137688090693104e+00
2.327242584637177369e+00
2.325468110576791148e+00
2.323499022288450178e+00
2.321201041363479156e+00
2.318514290200120342e+00
2.315415020989072481e+00
2.311897618478079064e+00
2.307965896494380331e+00
2.303628791811264342e+00
2.298898157995627578e+00
2.293787586569833614e+00
2.288311746604008157e+00
2.282485994194673573e+00
2.276326126433147579e+00
2.269848214726069902e+00
2.263068482877923060e+00
2.256003211322641810e+00
2.248668657447741914e+00
2.241080986604453873e+00
2.233256210936414909e+00
2.225210134537129125e+00
2.216958304178711536e+00
2.208515965226773403e+00
2.199898022530245356e+00
2.191119006140055170e+00
2.182193041720430493e+00
2.173133825498622329e+00
2.163954603570953594e+00
2.154668155353587355e+00
2.145286780939766658e+00
2.135822292104482933e+00
2.126286006682509999e+00
2.116688746036809121e+00
2.107040835331320139e+00
2.097352106323531196e+00
2.087631902398408013e+00
2.077889085574223138e+00
2.068132045222957238e+00
2.058368708261564706e+00
2.048606550586158370e+00
2.038852609536786264e+00
2.029113497197704064e+00
2.019395414354395513e+00
2.009704164945387284e+00
2.000045170862913224e+00
1.990423486972128675e+00
1.980843816233194055e+00
1.971310524824571919e+00
1.961827657178873974e+00
1.952398950854658199e+00
1.943027851178674492e+00
1.933717525603326992e+00
1.924470877733174490e+00
1.915290560982934931e+00
1.906178991836641412e+00
1.897138362684607227e+00
1.888170654220553857e+00
1.879277647386635275e+00
1.870460934858730884e+00
1.861721932068200358e+00
1.853061887759969828e+00
1.844481894089599283e+00
1.835982896264642061e+00
1.827565701737610571e+00
1.819230988959701811e+00
1.810979315705810944e+00
1.802811126982590384e+00
1.794726762532077524e+00
1.786726463944323884e+00
1.778810381392682771e+00
1.770978580005918790e+00
1.763231045891500592e+00
1.755567691824311050e+00
1.747988362615182201e+00
1.740492840173386124e+00
1.733080848277087194e+00
1.725752057065373268e+00
1.718506087265385007e+00
1.711342514167419004e+00
1.704260871360778085e+00
1.697260654242480182e+00
1.690341323310697863e+00
1.683502307254261643e+00
1.676743005849096857e+00
1.670062792672164065e+00
1.663461017642788864e+00
1.656937009401021843e+00
1.650490077532181354e+00
1.644119514646219971e+00
1.637824598320259728e+00
1.631604592912162310e+00
1.625458751252593981e+00
1.619386316222727329e+00
1.613386522224295572e+00
1.607458596548393182e+00
1.601601760649049133e+00
1.595815231327320838e+00
1.590098221831264702e+00
1.584449942876963835e+00
1.578869603595348892e+00
1.573356412409451233e+00
1.567909577846311020e+00
1.562528309287654071e+00
1.557211817663100906e+00
1.551959316089545737e+00
1.546770020460083161e+00
1.541643149985663985e+00
1.536577927692486245e+00
1.531573580877969132e+00
1.526629341527947048e+00
1.521744446697583353e+00
1.516918138858365239e+00
1.512149666213405297e+00
1.507438282983083244e+00
1.502783249663024456e+00
1.498183833256218511e+00
1.493639307481027023e+00
1.489148952956661498e+00
1.484712057367682858e+00
1.480327915608946832e+00
1.475995829912287949e+00
1.471715109956245549e+00
1.467485072960020176e+00
1.463305043762681112e+00
1.459174354888769232e+00
1.455092346601176923e+00
1.451058366942272970e+00
1.447071771764095960e+00
1.443131924748429107e+00
1.439238197417494813e+00
1.435389969135980159e+00
1.431586627105061238e+00
1.427827566348998545e+00
1.424112189694940467e+00
1.420439907746429586e+00
1.416810138851135381e+00
1.413222309063279614e+00
1.409675852101194948e+00
1.406170209300466878e+00
1.402704829562945177e+00
1.399279169302129144e+00
1.395892692385141576e+00
1.392544870071666718e+00
1.389235180950147530e+00
1.385963110871482051e+00
1.382728152880515982e+00
1.379529807145539078e+00
1.376367580886044717e+00
1.373240988298906062e+00
1.370149550483222178e+00
1.367092795363972879e+00
1.364070257614672599e+00
1.361081478579172277e+00
1.358126006192740709e+00
1.355203394902591452e+00
1.352313205587957867e+00
1.349455005479822223e+00
1.346628368080461602e+00
1.343832873082815960e+00
1.341068106289872386e+00
1.338333659534081121e+00
1.335629130596917458e+00
1.332954123128632595e+00
1.330308246568297381e+00
1.327691116064171784e+00
1.325102352394465832e+00
1.322541581888553086e+00
1.320008436348652836e+00
1.317502552972079632e+00
1.315023574274039042e+00
1.312571148011046240e+00
1.310144927104982759e+00
1.307744569567836468e+00
1.305369738427116344e+00
1.303020101652019980e+00
1.300695332080314071e+00
1.298395107346004940e+00
1.296119109807766678e+00
1.293867026478173310e+00
1.291638548953737642e+00
1.289433373345759470e+00
1.287251200212013114e+00
1.285091734489246740e+00
1.282954685426547226e+00
1.280839766519529466e+00
1.278746695445384773e+00
1.276675193998773716e+00
1.274624988028575157e+00
1.272595807375480170e+00
1.270587385810447945e+00
1.268599460974003890e+00
1.266631774316382852e+00
1.264684071038530755e+00
1.262756100033925799e+00
1.260847613831260983e+00
1.258958368537936190e+00
1.257088123784396272e+00
1.255236642669271818e+00
1.253403691705349932e+00
1.251589040766353023e+00
1.249792463034498091e+00
1.248013734948873132e+00
1.246252636154599802e+00
1.244508949452752145e+00
1.242782460751071572e+00
1.241072959015429689e+00
1.239380236222045628e+00
1.237704087310460332e+00
1.236044310137233149e+00
1.234400705430370948e+00
1.232773076744488217e+00
1.231161230416651930e+00
1.229564975522955184e+00
1.227984123835764718e+00
1.226418489781655685e+00
1.224867890400021420e+00
1.223332145302348017e+00
1.221811076632137949e+00
1.220304509025494921e+00
1.218812269572323581e+00
1.217334187778172927e+00
1.215870095526695671e+00
1.214419827042712008e+00
1.212983218855880452e+00
1.211560109764951543e+00
1.210150340802612856e+00
1.208753755200907776e+00
1.207370198357204272e+00
1.205999517800742771e+00
1.204641563159716489e+00
1.203296186128886669e+00
1.201963240437751157e+00
1.200642581819206800e+00
1.199334067978743867e+00
1.198037558564144511e+00
1.196752915135669504e+00
1.195480001136746795e+00
1.194218681865130804e+00
1.192968824444542220e+00
1.191730297796772753e+00
1.190502972614247534e+00
1.189286721333036478e+00
1.188081418106313070e+00
1.186886938778246581e+00
1.185703160858325944e+00
1.184529963496101512e+00
1.183367227456342041e+00
1.182214835094603789e+00
1.181072670333201513e+00
1.179940618637558725e+00
1.178818566992970496e+00
1.177706403881725095e+00
1.176604019260611533e+00
1.175511304538795931e+00
1.174428152556051597e+00
1.173354457561357700e+00
1.172290115191836346e+00
1.171235022452037144e+00
1.170189077693566837e+00
1.169152180595041113e+00
1.168124232142369490e+00
1.167105134609358608e+00
1.166094791538631936e+00
1.165093107722863675e+00
1.164099989186310191e+00
1.163115343166646110e+00
1.162139078097095490e+00
1.161171103588850784e+00
1.160211330413775332e+00
1.159259670487390537e+00
1.158316036852131026e+00
1.157380343660877164e+00
1.156452506160748905e+00
1.155532440677160322e+00
1.154620064598136153e+00
1.153715296358872600e+00
1.152818055426550359e+00
1.151928262285397242e+00
1.151045838421974388e+00
1.150170706310716495e+00
1.149302789399690328e+00
1.148442012096584586e+00
1.147588299754927155e+00
1.146741578660513738e+00
1.145901776018060536e+00
1.145068819938066307e+00
1.144242639423880492e+00
1.143423164358978283e+00
1.142610325494440193e+00
1.141804054436626137e+00
1.141004283635041139e+00
1.140210946370403544e+00
1.139423976742889755e+00
1.138643309660567482e+00
1.137868880828016183e+00
1.137100626735118247e+00
1.136338484646030933e+00
1.135582392588331047e+00
1.134832289342323497e+00
1.134088114430525485e+00
1.133349808107309897e+00
1.132617311348707911e+00
1.131890565842376795e+00
1.131169513977716257e+00
1.130454098836143562e+00
1.129744264181515412e+00
1.129039954450701488e+00
1.128341114744301210e+00
1.127647690817505044e+00
1.126959629071095259e+00
1.126276876542585237e+00
1.125599380897496671e+00
1.124927090420769549e+00
1.124259954008302698e+00
1.123597921158625779e+00
1.122940941964695183e+00
1.122288967105819157e+00
1.121641947839703501e+00
1.120999835994619609e+00
1.120362583961688197e+00
1.119730144687285600e+00
1.119102471665557541e+00
1.118479518931056349e+00
1.117861241051477883e+00
1.117247593120517468e+00
1.116638530750826641e+00
1.116034010067080695e+00
1.115433987699147700e+00
1.114838420775359662e+00
1.114247266915886048e+00
1.113660484226205005e+00
1.113078031290672953e+00
1.112499867166187206e+00
1.111925951375950739e+00
1.111356243903317775e+00
1.110790705185739968e+00
1.110229296108799613e+00
1.109671978000329462e+00
1.109118712624621583e+00
1.108569462176718590e+00
1.108024189276796578e+00
1.107482856964615348e+00
1.106945428694072087e+00
1.106411868327811021e+00
1.105882140131931424e+00
1.105356208770762017e+00
1.104834039301713533e+00
1.104315597170210994e+00
1.103800848204693263e+00
1.103289758611689431e+00
1.102782294970964028e+00
1.102278424230734188e+00
1.101778113702958972e+00
1.101281331058685753e+00
1.100788044323480763e+00
1.100298221872908044e+00
1.099811832428085223e+00
1.099328845051297687e+00
1.098849229141677153e+00
1.098372954430943516e+00
1.097899990979203100e+00
1.097430309170811524e+00
1.096963879710292966e+00
1.096500673618320487e+00
1.096040662227744322e+00
1.095583817179691444e+00
1.095130110419707981e+00
1.094679514193958481e+00
1.094232001045483349e+00
1.093787543810507801e+00
1.093346115614796110e+00
1.092907689870066035e+00
1.092472240270448980e+00
1.092039740788999680e+00
1.091610165674255395e+00
1.091183489446841959e+00
1.090759686896134006e+00
1.090338733076947397e+00
1.089920603306292701e+00
1.089505273160164434e+00
1.089092718470378696e+00
1.088682915321452560e+00
1.088275840047528309e+00
1.087871469229338750e+00
1.087469779691214278e+00
1.087070748498132344e+00
1.086674352952806899e+00
1.086280570592817352e+00
1.085889379187775949e+00
1.085500756736536232e+00
1.085114681464438791e+00
1.084731131820589889e+00
1.084350086475188490e+00
1.083971524316875268e+00
1.083595424450128686e+00
1.083221766192690838e+00
1.082850529073030810e+00
1.082481692827838682e+00
1.082115237399558172e+00
1.081751142933948140e+00
1.081389389777679622e+00
1.081029958475964614e+00
1.080672829770214616e+00
1.080317984595733583e+00
1.079965404079439084e+00
1.079615069537616101e+00
1.079266962473697911e+00
1.078921064576080280e+00
1.078577357715960527e+00
1.078235823945209004e+00
1.077896445494265221e+00
1.077559204770065060e+00
1.077224084353993083e+00
1.076891066999862812e+00
1.076560135631922765e+00
1.076231273342891148e+00
1.075904463392011401e+00
1.075579689203138622e+00
1.075256934362848193e+00
1.074936182618568825e+00
1.074617417876741809e+00
1.074300624201001142e+00
1.073985785810382287e+00
1.073672887077548044e+00
1.073361912527042161e+00
1.073052846833564278e+00
1.072745674820265949e+00
1.072440381457068437e+00
1.072136951859007148e+00
1.071835371284587834e+00
1.071535625134174996e+00
1.071237698948390937e+00
1.070941578406543471e+00
1.070647249325068051e+00
1.070354697655991671e+00
1.070063909485418296e+00
1.069774871032030727e+00
1.069487568645611120e+00
1.069201988805585035e+00
1.068918118119577487e+00
1.068635943321993631e+00
1.068355451272610557e+00
1.068076628955193286e+00
1.067799463476124311e+00
1.067523942063051123e+00
1.067250052063552612e+00
1.066977780943818566e+00
1.066707116287348933e+00
1.066438045793668410e+00
1.066170557277056563e+00
1.065904638665294168e+00
1.065640277998423535e+00
1.065377463427529703e+00
1.065116183213528522e+00
1.064856425725976719e+00
1.064598179441892833e+00
1.064341432944595045e+00
1.064086174922551198e+00
1.063832394168244821e+00
1.063580079577053139e+00
1.063329220146141951e+00
1.063079804973370512e+00
1.062831823256211727e+00
1.062585264290686782e+00
1.062340117470309320e+00
1.062096372285045831e+00
1.061854018320286475e+00
1.061613045255829890e+00
1.061373442864880001e+00
1.061135201013054585e+00
1.060898309657404726e+00
1.060662758845449360e+00
1.060428538714218716e+00
1.060195639489308839e+00
1.059964051483951675e+00
1.059733765098090030e+00
1.059504770817469854e+00
1.059277059212738514e+00
1.059050620938556841e+00
1.058825446732721165e+00
1.058601527415294230e+00
1.058378853887750104e+00
1.058157417132124190e+00
1.057937208210177449e+00
1.057718218262569287e+00
1.057500438508039986e+00
1.057283860242602014e+00
1.057068474838743999e+00
1.056854273744639139e+00
1.056641248483367379e+00
1.056429390652145806e+00
1.056218691921564590e+00
1.056009144034837366e+00
1.055800738807056716e+00
1.055593468124458534e+00
1.055387323943697719e+00
1.055182298291127863e+00
