5.087053795747073364e+11
2.746744468693592012e+00
2.741056921197412066e+00
2.733372276083875896e+00
2.724313513861821967e+00
2.713905375224581640e+00
2.702250691806122873e+00
2.689466194366696428e+00
2.675672016539773157e+00
2.660989242993929693e+00
2.645537794274951171e+00
2.629434254806076510e+00
2.612789907853807492e+00
2.595709150434467816e+00
2.578288351963782254e+00
2.560615150951882413e+00
2.542768144832519006e+00
2.524816908785902037e+00
2.506822273191747108e+00
2.488836791348369992e+00
2.470905335916225631e+00
2.453065771774651793e+00
2.435349662958139927e+00
2.417782980993189668e+00
2.400386790659370106e+00
2.383177896643753346e+00
2.366169440657187373e+00
2.349371443386216285e+00
2.332791289296271220e+00
2.316434154946333202e+00
2.300303383300794202e+00
2.284400807696555624e+00
2.268727029794742833e+00
2.253281656143319100e+00
2.238063498005632646e+00
2.223070738955086334e+00
2.208301074461842539e+00
2.193751827354376793e+00
2.179420042661868173e+00
2.165302564959060483e+00
2.151396100960822899e+00
2.137697269759614827e+00
2.124202642773464156e+00
2.110908775176425056e+00
2.097812230320487359e+00
2.084909598425469746e+00
2.072197510610709337e+00
2.059672649167041847e+00
2.047331754816836380e+00
2.035171631580972473e+00
2.023189149762935735e+00
2.011381247467705968e+00
1.999744930995984715e+00
1.988277274389717686e+00
1.976975418350910285e+00
1.965836568711402998e+00
1.954857994594486614e+00
1.944037026379052513e+00
1.933371053552398688e+00
1.922857522517886997e+00
1.912493934407201834e+00
1.902277842934299246e+00
1.892206852317427579e+00
1.882278615287590107e+00
1.872490831195171346e+00
1.862841244221592252e+00
1.853327641698764072e+00
1.843947852536472976e+00
1.834699745755338229e+00
1.825581229121698401e+00
1.816590247879525499e+00
1.807724783573851468e+00
1.798982852959686074e+00
1.790362506990363034e+00
1.781861829879058279e+00
1.773478938227526225e+00
1.765211980216143672e+00
1.757059134849672244e+00
1.749018611253599698e+00
1.741088648015964191e+00
1.733267512570285884e+00
1.725553500615226499e+00
1.717944935567232712e+00
1.710440168042588027e+00
1.703037575365687673e+00
1.695735561100650823e+00
1.688532554603649594e+00
1.681427010593629756e+00
1.674417408739398816e+00
1.667502253261113232e+00
1.660680072544603592e+00
1.653949418767090673e+00
1.647308867532976340e+00
1.640757017518563288e+00
1.634292490124849229e+00
1.627913929137377202e+00
1.621620000392542948e+00
1.615409391449651011e+00
1.609280811268212652e+00
1.603232989889978199e+00
1.597264678125362991e+00
1.591374647243918083e+00
1.585561688668537528e+00
1.579824613673237010e+00
1.574162253084257390e+00
1.568573456984386549e+00
1.563057094420371662e+00
1.557612053113300643e+00
1.552237239171943672e+00
1.546931576808929787e+00
1.541694008059800947e+00
1.536523492504883848e+00
1.531419006993936627e+00
1.526379545373676372e+00
1.521404118218075308e+00
1.516491752561521578e+00
1.511641491634812651e+00
1.506852394604042633e+00
1.502123536312375940e+00
1.497454007024731970e+00
1.492842912175432524e+00
1.488289372118797305e+00
1.483792521882738358e+00
1.479351510925362989e+00
1.474965502894608260e+00
1.470633675390922601e+00
1.466355219733010751e+00
1.462129340726657123e+00
1.457955256436658686e+00
1.453832197961812511e+00
1.449759409213055239e+00
1.445736146694682311e+00
1.441761679288690701e+00
1.437835288042233151e+00
1.433956265958162835e+00
1.430123917788697296e+00
1.426337559832171697e+00
1.422596519732857390e+00
1.418900136283879343e+00
1.415247759233156266e+00
1.411638749092409828e+00
1.408072476949185248e+00
1.404548324281851723e+00
1.401065682777624666e+00
1.397623954153500936e+00
1.394222549980166592e+00
1.390860891508775454e+00
1.387538409500629566e+00
1.384254544059714043e+00
1.381008744468037230e+00
1.377800469023770624e+00
1.374629184882163457e+00
1.371494367899165567e+00
1.368395502477764314e+00
1.365332081416981591e+00
1.362303605763496073e+00
1.359309584665875370e+00
1.356349535231359260e+00
1.353422982385169782e+00
1.350529458732329768e+00
1.347668504421930979e+00
1.344839667013818740e+00
1.342042501347665340e+00
1.339276569414405760e+00
1.336541440229981559e+00
1.333836689711363377e+00
1.331161900554822752e+00
1.328516662116409730e+00
1.325900570294616942e+00
1.323313227415152671e+00
1.320754242117861743e+00
1.318223229245676364e+00
1.315719809735624413e+00
1.313243610511831250e+00
1.310794264380488405e+00
1.308371409926756268e+00
1.305974691413567701e+00
1.303603758682297276e+00
1.301258267055259044e+00
1.298937877240020189e+00
1.296642255235465058e+00
1.294371072239622222e+00
1.292124004559167538e+00
1.289900733520634279e+00
1.287700945383246642e+00
1.285524331253385277e+00
1.283370587000620455e+00
1.281239413175328856e+00
1.279130514927808715e+00
1.277043601928926631e+00
1.274978388292201004e+00
1.272934592497368733e+00
1.270911937315340801e+00
1.268910149734564063e+00
1.266928960888738631e+00
1.264968105985882829e+00
1.263027324238721771e+00
1.261106358796328042e+00
1.259204956677076437e+00
1.257322868702800633e+00
1.255459849434192643e+00
1.253615657107372439e+00
1.251790053571658623e+00
1.249982804228457978e+00
1.248193677971302984e+00
1.246422447126981803e+00
1.244668887397761159e+00
1.242932777804663269e+00
1.241213900631799927e+00
1.239512041371708007e+00
1.237826988671710593e+00
1.236158534281241339e+00
1.234506473000149152e+00
1.232870602627943013e+00
1.231250723913957401e+00
1.229646640508443411e+00
1.228058158914535403e+00
1.226485088441105153e+00
1.224927241156463342e+00
1.223384431842917230e+00
1.221856477952132591e+00
1.220343199561330083e+00
1.218844419330253004e+00
1.217359962458924416e+00
1.215889656646166994e+00
1.214433332048872494e+00
1.212990821241995087e+00
1.211561959179282555e+00
1.210146583154692923e+00
1.208744532764524982e+00
1.207355649870207825e+00
1.205979778561770965e+00
1.204616765121958366e+00
1.203266457990992189e+00
1.201928707731950485e+00
1.200603366996784604e+00
1.199290290492912359e+00
1.197989334950426921e+00
1.196700359089872601e+00
1.195423223590603046e+00
1.194157791059690776e+00
1.192903926001383175e+00
1.191661494787105369e+00
1.190430365625986919e+00
1.189210408535902541e+00
1.188001495315023970e+00
1.186803499513877869e+00
1.185616296407875581e+00
1.184439762970338261e+00
1.183273777845984309e+00
1.182118221324879315e+00
1.180972975316842311e+00
1.179837923326294558e+00
1.178712950427537098e+00
1.177597943240469514e+00
1.176492789906719683e+00
1.175397380066182329e+00
1.174311604833969680e+00
1.173235356777754923e+00
1.172168529895500910e+00
1.171111019593576330e+00
1.170062722665244692e+00
1.169023537269517021e+00
1.167993362910367150e+00
1.166972100416308944e+00
1.165959651920305484e+00
1.164955920840030412e+00
1.163960811858462119e+00
1.162974230904803008e+00
1.161996085135723389e+00
1.161026282916920671e+00
1.160064733804988757e+00
1.159111348529595631e+00
1.158166038975952716e+00
1.157228718167585546e+00
1.156299300249387985e+00
1.155377700470960445e+00
1.154463835170227659e+00
1.153557621757322904e+00
1.152658978698753334e+00
1.151767825501806897e+00
1.150884082699240141e+00
1.150007671834204048e+00
1.149138515445422559e+00
1.148276537052618007e+00
1.147421661142172145e+00
1.146573813153026977e+00
1.145732919462810084e+00
1.144898907374198194e+00
1.144071705101489700e+00
1.143251241757405889e+00
1.142437447340106438e+00
1.141630252720410965e+00
1.140829589629229091e+00
1.140035390645202984e+00
1.139247589182535325e+00
1.138466119479024208e+00
1.137690916584288114e+00
1.136921916348181627e+00
1.136159055409389218e+00
1.135402271184218437e+00
1.134651501855554301e+00
1.133906686362003091e+00
1.133167764387202681e+00
1.132434676349307168e+00
1.131707363390634713e+00
1.130985767367485018e+00
1.130269830840111345e+00
1.129559497062860407e+00
1.128854709974454806e+00
1.128155414188446448e+00
1.127461554983800740e+00
1.126773078295644659e+00
1.126089930706153597e+00
1.125412059435576095e+00
1.124739412333410460e+00
1.124071937869709048e+00
1.123409585126521559e+00
1.122752303789473549e+00
1.122100044139471731e+00
1.121452757044542503e+00
1.120810393951792827e+00
1.120172906879495223e+00
1.119540248409300887e+00
1.118912371678564277e+00
1.118289230372792709e+00
1.117670778718208302e+00
1.117056971474422733e+00
1.116447763927229886e+00
1.115843111881501759e+00
1.115242971654195836e+00
1.114647300067470148e+00
1.114056054441903143e+00
1.113469192589808365e+00
1.112886672808666155e+00
1.112308453874637948e+00
1.111734495036190262e+00
1.111164756007808618e+00
1.110599196963808266e+00
1.110037778532239949e+00
1.109480461788881600e+00
1.108927208251323515e+00
1.108377979873145014e+00
1.107832739038170811e+00
1.107291448554817093e+00
1.106754071650524196e+00
1.106220571966266109e+00
1.105690913551146126e+00
1.105165060857069337e+00
1.104642978733496594e+00
1.104124632422273988e+00
1.103609987552538696e+00
1.103099010135698776e+00
1.102591666560492900e+00
1.102087923588108254e+00
1.101587748347390594e+00
1.101091108330102486e+00
1.100597971386266138e+00
1.100108305719571078e+00
1.099622079882837999e+00
1.099139262773565884e+00
1.098659823629528409e+00
1.098183732024443415e+00
1.097710957863700543e+00
1.097241471380150157e+00
1.096775243129957111e+00
1.096312243988508461e+00
1.095852445146384913e+00
1.095395818105386887e+00
1.094942334674616546e+00
1.094491966966619767e+00
1.094044687393579407e+00
1.093600468663565417e+00
1.093159283776835133e+00
1.092721106022188859e+00
1.092285908973376074e+00
1.091853666485550933e+00
1.091424352691782174e+00
1.090997941999604315e+00
1.090574409087629260e+00
1.090153728902190977e+00
1.089735876654050140e+00
1.089320827815136949e+00
1.088908558115343483e+00
1.088499043539357558e+00
1.088092260323545002e+00
1.087688184952870563e+00
1.087286794157865000e+00
1.086888064911631924e+00
1.086491974426899265e+00
1.086098500153107604e+00
1.085707619773540911e+00
1.085319311202496806e+00
1.084933552582495464e+00
1.084550322281524481e+00
1.084169598890328157e+00
1.083791361219724747e+00
1.083415588297968357e+00
1.083042259368141913e+00
1.082671353885589216e+00
1.082302851515376529e+00
1.081936732129796130e+00
1.081572975805896286e+00
1.081211562823050976e+00
1.080852473660558033e+00
1.080495688995270598e+00
1.080141189699262760e+00
1.079788956837524294e+00
1.079438971665686475e+00
1.079091215627779654e+00
1.078745670354019470e+00
1.078402317658624820e+00
1.078061139537660473e+00
1.077722118166915877e+00
1.077385235899802840e+00
1.077050475265289631e+00
1.076717818965856832e+00
1.076387249875484287e+00
1.076058751037660022e+00
1.075732305663420263e+00
1.075407897129412316e+00
1.075085508975984094e+00
1.074765124905296743e+00
1.074446728779467453e+00
1.074130304618728493e+00
1.073815836599617102e+00
1.073503309053186694e+00
1.073192706463240054e+00
1.072884013464587616e+00
1.072577214841326398e+00
1.072272295525144914e+00
1.071969240593644290e+00
1.071668035268686037e+00
1.071368664914759794e+00
1.071071115037371069e+00
1.070775371281449839e+00
1.070481419429782921e+00
1.070189245401459432e+00
1.069898835250344238e+00
1.069610175163566046e+00
1.069323251460025714e+00
1.069038050588923427e+00
1.068754559128306081e+00
1.068472763783632207e+00
1.068192651386353553e+00
1.067914208892518424e+00
1.067637423381387674e+00
1.067362282054074019e+00
1.067088772232193339e+00
1.066816881356535074e+00
1.066546596985751272e+00
1.066277906795058739e+00
1.066010798574958729e+00
1.065745260229973734e+00
1.065481279777399148e+00
1.065218845346070697e+00
1.064957945175146081e+00
1.064698567612905267e+00
1.064440701115560106e+00
1.064184334246085495e+00
1.063929455673059188e+00
1.063676054169517382e+00
1.063424118611828728e+00
1.063173637978575670e+00
1.062924601349454656e+00
1.062676997904186793e+00
1.062430816921443810e+00
1.062186047777786246e+00
1.061942679946614732e+00
1.061700702997134815e+00
1.061460106593331787e+00
1.061220880492964147e+00
1.060983014546560188e+00
1.060746498696436557e+00
1.060511322975721038e+00
1.060277477507390209e+00
1.060044952503320426e+00
1.059813738263347682e+00
1.059583825174339466e+00
1.059355203709277271e+00
1.059127864426353982e+00
1.058901797968074820e+00
1.058676995060376935e+00
1.058453446511753215e+00
1.058231143212390757e+00
1.058010076133318433e+00
1.057790236325562905e+00
1.057571614919317282e+00
1.057354203123118452e+00
1.057137992223033729e+00
1.056922973581857716e+00
1.056709138638319390e+00
1.056496478906296055e+00
1.056284985974041302e+00
1.056074651503415840e+00
1.055865467229132770e+00
1.055657424958009294e+00
1.055450516568226194e+00
1.055244734008598639e+00
1.055040069297854988e+00
