2.741324861187965922e+00
2.735056487458017216e+00
2.730193742947021995e+00
2.723670231425166399e+00
2.715576710081157863e+00
2.706019610398459285e+00
2.695117310892389817e+00
2.682996299186324318e+00
2.669787438845759198e+00
2.655622519189334341e+00
2.640631220611720842e+00
2.624938579206266720e+00
2.608662988073866096e+00
2.591914732700414170e+00
2.574795026552797239e+00
2.557395491370310747e+00
2.539798014050402397e+00
2.522074907249815201e+00
2.504289302125279448e+00
2.486495707218866258e+00
2.468740675689827135e+00
2.451063532530739053e+00
2.433497123027214215e+00
2.416068552805318070e+00
2.398799897912926582e+00
2.381708870281129098e+00
2.364809429555881248e+00
2.348112336731744243e+00
2.331625648380956761e+00
2.315355152706165320e+00
2.299304750313836188e+00
2.283476783665185472e+00
2.267872319750437793e+00
2.252491390770336110e+00
2.237333197595914314e+00
2.222396280592581874e+00
2.207678662099120892e+00
2.193177964493857157e+00
2.178891507392612947e+00
2.164816387130909625e+00
2.150949541302319190e+00
2.137287800767273982e+00
2.123827931217074472e+00
2.110566666080408105e+00
2.097500732294272474e+00
2.084626870227454631e+00
2.071941848840736178e+00
2.059442476991478976e+00
2.047125611638692000e+00
2.034988163575087050e+00
2.023027101203047629e+00
2.011239452778506909e+00
1.999622307468967630e+00
1.988172815506771052e+00
1.976888187664429086e+00
1.965765694234024252e+00
1.954802663655454520e+00
1.943996480907988600e+00
1.933344585754505074e+00
1.922844470907582926e+00
1.912493680170191279e+00
1.902289806590391930e+00
1.892230490658913800e+00
1.882313418570068286e+00
1.872536320559639034e+00
1.862896969328471375e+00
1.853393178556124177e+00
1.844022801506196796e+00
1.834783729722427204e+00
1.825673891813051286e+00
1.816691252319742045e+00
1.807833810666689800e+00
1.799099600184664194e+00
1.790486687204970950e+00
1.781993170217838873e+00
1.773617179089884477e+00
1.765356874335648918e+00
1.757210446438061346e+00
1.749176115213250782e+00
1.741252129215290712e+00
1.733436765176753047e+00
1.725728327481297786e+00
1.718125147664876895e+00
1.710625583942329442e+00
1.703228020756549554e+00
1.695930868347640841e+00
1.688732562339693821e+00
1.681631563343133795e+00
1.674626356570846353e+00
1.667715451466327048e+00
1.660897381342498313e+00
1.654170703029889111e+00
1.647533996533079970e+00
1.640985864694427310e+00
1.634524932864212410e+00
1.628149848576565084e+00
1.621859281230439986e+00
1.615651921775203892e+00
1.609526482400342573e+00
1.603481696228930886e+00
1.597516317014536558e+00
1.591629118841335400e+00
1.585818895827220132e+00
1.580084461829709630e+00
1.574424650154561789e+00
1.568838313267034712e+00
1.563324322505599273e+00
1.557881567798223621e+00
1.552508957381053323e+00
1.547205417519578852e+00
1.541969892232241124e+00
1.536801343016507726e+00
1.531698748577411173e+00
1.526661104558638682e+00
1.521687423276124829e+00
1.516776733454259229e+00
1.511928079964689475e+00
1.507140523567788604e+00
1.502413140656832624e+00
1.497745023004903864e+00
1.493135277514570536e+00
1.488583025970384721e+00
1.484087404794228293e+00
1.479647564803550308e+00
1.475262670972490087e+00
1.470931902195972585e+00
1.466654451056745412e+00
1.462429523595416558e+00
1.458256339083494613e+00
1.454134129799439235e+00
1.450062140807770295e+00
1.446039629741196819e+00
1.442065866585811262e+00
1.438140133469332449e+00
1.434261724452413400e+00
1.430429945322986285e+00
1.426644113393680691e+00
1.422903557302261923e+00
1.419207616815127082e+00
1.415555642633790079e+00
1.411946996204429317e+00
1.408381049530363915e+00
1.404857184987554852e+00
1.401374795143045970e+00
1.397933282576329761e+00
1.394532059703648574e+00
1.391170548605164869e+00
1.387848180854996505e+00
1.384564397354093979e+00
1.381318648165934082e+00
1.378110392354968017e+00
1.374939097827848844e+00
1.371804241177344119e+00
1.368705307528970128e+00
1.365641790390257349e+00
1.362613191502646259e+00
1.359619020695972624e+00
1.356658795745502744e+00
1.353732042231500898e+00
1.350838293401264378e+00
1.347977090033637859e+00
1.345147980305903213e+00
1.342350519663104036e+00
1.339584270689666123e+00
1.336848802983364948e+00
1.334143693031543343e+00
1.331468524089593597e+00
1.328822886061624464e+00
1.326206375383310876e+00
1.323618594906876389e+00
1.321059153788164631e+00
1.318527667375803070e+00
1.316023757102371849e+00
1.313547050377582570e+00
1.311097180483424163e+00
1.308673786471223899e+00
1.306276513060627975e+00
1.303905010540423071e+00
1.301558934671203538e+00
1.299237946589837156e+00
1.296941712715691697e+00
1.294669904658599879e+00
1.292422199128531179e+00
1.290198277846939634e+00
1.287997827459746558e+00
1.285820539451945965e+00
1.283666110063790056e+00
1.281534240208531461e+00
1.279424635391691156e+00
1.277337005631819844e+00
1.275271065382743707e+00
1.273226533457237242e+00
1.271203132952120507e+00
1.269200591174747705e+00
1.267218639570848460e+00
1.265257013653725116e+00
1.263315452934739680e+00
1.261393700855107491e+00
1.259491504718948551e+00
1.257608615627568094e+00
1.255744788414964841e+00
1.253899781584530304e+00
1.252073357246911378e+00
1.250265281059020905e+00
1.248475322164182444e+00
1.246703253133367273e+00
1.244948849907515198e+00
1.243211891740927832e+00
1.241492161145691275e+00
1.239789443837120420e+00
1.238103528680214671e+00
1.236434207637082672e+00
1.234781275715340687e+00
1.233144530917446025e+00
1.231523774190966147e+00
1.229918809379755951e+00
1.228329443176004343e+00
1.226755485073193874e+00
1.225196747319877932e+00
1.223653044874319695e+00
1.222124195359957533e+00
1.220610019021656223e+00
1.219110338682777073e+00
1.217624979703006316e+00
1.216153769936953566e+00
1.214696539693502109e+00
1.213253121695872849e+00
1.211823351042432106e+00
1.210407065168182861e+00
1.209004103806967212e+00
1.207614308954320981e+00
1.206237524831020425e+00
1.204873597847262889e+00
1.203522376567494945e+00
1.202183711675860911e+00
1.200857455942271779e+00
1.199543464189080755e+00
1.198241593258341675e+00
1.196951701979652505e+00
1.195673651138568161e+00
1.194407303445571777e+00
1.193152523505591089e+00
1.191909177788053942e+00
1.190677134597475151e+00
1.189456264044548073e+00
1.188246438017756867e+00
1.187047530155476149e+00
1.185859415818561136e+00
1.184681972063427624e+00
1.183515077615578281e+00
1.182358612843608991e+00
1.181212459733662623e+00
1.180076501864318894e+00
1.178950624381930989e+00
1.177834713976378067e+00
1.176728658857243426e+00
1.175632348730395238e+00
1.174545674774991388e+00
1.173468529620844247e+00
1.172400807326208216e+00
1.171342403355932538e+00
1.170293214559981587e+00
1.169253139152336640e+00
1.168222076690248246e+00
1.167199928053843871e+00
1.166186595426078387e+00
1.165181982273034267e+00
1.164185993324547752e+00
1.163198534555160979e+00
1.162219513165402951e+00
1.161248837563381153e+00
1.160286417346684917e+00
1.159332163284590989e+00
1.158385987300567299e+00
1.157447802455076280e+00
1.156517522928652841e+00
1.155595064005278783e+00
1.154680342056024767e+00
1.153773274522966963e+00
1.152873779903374585e+00
1.151981777734149892e+00
1.151097188576539088e+00
1.150219934001085020e+00
1.149349936572831465e+00
1.148487119836773207e+00
1.147631408303541711e+00
1.146782727435331273e+00
1.145941003632046762e+00
1.145106164217688960e+00
1.144278137426950837e+00
1.143456852392044087e+00
1.142642239129728843e+00
1.141834228528562756e+00
1.141032752336351042e+00
1.140237743147806793e+00
1.139449134392399143e+00
1.138666860322412377e+00
1.137890856001182893e+00
1.137121057291537340e+00
1.136357400844407284e+00
1.135599824087633714e+00
1.134848265214946084e+00
1.134102663175116987e+00
1.133362957661294468e+00
1.132629089100498865e+00
1.131900998643291745e+00
1.131178628153601373e+00
1.130461920198720049e+00
1.129750818039449989e+00
1.129045265620406857e+00
1.128345207560482955e+00
1.127650589143450066e+00
1.126961356308719076e+00
1.126277455642238134e+00
1.125598834367534717e+00
1.124925440336903781e+00
1.124257222022722491e+00
1.123594128508910606e+00
1.122936109482514988e+00
1.122283115225431782e+00
1.121635096606255599e+00
1.120992005072249054e+00
1.120353792641444635e+00
1.119720411894858714e+00
1.119091815968838777e+00
1.118467958547515018e+00
1.117848793855375167e+00
1.117234276649949010e+00
1.116624362214611033e+00
1.116019006351484988e+00
1.115418165374462811e+00
1.114821796102326346e+00
1.114229855851974538e+00
1.113642302431753439e+00
1.113059094134888349e+00
1.112480189733012548e+00
1.111905548469796390e+00
1.111335130054668552e+00
1.110768894656638750e+00
1.110206802898204170e+00
1.109648815849356041e+00
1.109094895021668137e+00
1.108545002362476550e+00
1.107999100249152935e+00
1.107457151483450142e+00
1.106919119285940667e+00
1.106384967290537480e+00
1.105854659539093232e+00
1.105328160476078514e+00
1.104805434943344489e+00
1.104286448174952806e+00
1.103771165792092557e+00
1.103259553798066062e+00
1.102751578573346158e+00
1.102247206870713647e+00
1.101746405810454910e+00
1.101249142875640352e+00
1.100755385907465467e+00
1.100265103100660724e+00
1.099778262998968525e+00
1.099294834490687212e+00
1.098814786804275245e+00
1.098338089504025117e+00
1.097864712485794092e+00
1.097394625972799354e+00
1.096927800511474871e+00
1.096464206967381116e+00
1.096003816521183838e+00
1.095546600664681902e+00
1.095092531196892205e+00
1.094641580220200083e+00
1.094193720136550807e+00
1.093748923643702353e+00
1.093307163731535914e+00
1.092868413678408590e+00
1.092432647047564265e+00
1.091999837683595542e+00
1.091569959708949211e+00
1.091142987520491214e+00
1.090718895786108922e+00
1.090297659441370026e+00
1.089879253686221183e+00
1.089463653981739721e+00
1.089050836046923765e+00
1.088640775855532983e+00
1.088233449632970196e+00
1.087828833853205390e+00
1.087426905235746366e+00
1.087027640742647572e+00
1.086631017575562019e+00
1.086237013172834054e+00
1.085845605206630982e+00
1.085456771580116442e+00
1.085070490424658640e+00
1.084686740097082547e+00
1.084305499176953846e+00
1.083926746463905744e+00
1.083550460974995744e+00
1.083176621942105511e+00
1.082805208809370701e+00
1.082436201230649431e+00
1.082069579067020282e+00
1.081705322384320489e+00
1.081343411450713887e+00
1.080983826734290165e+00
1.080626548900700090e+00
1.080271558810820265e+00
1.079918837518450969e+00
1.079568366268041757e+00
1.079220126492451470e+00
1.078874099810735565e+00
1.078530268025964300e+00
1.078188613123069572e+00
1.077849117266718615e+00
1.077511762799220785e+00
1.077176532238456552e+00
1.076843408275837799e+00
1.076512373774293430e+00
1.076183411766280962e+00
1.075856505451828093e+00
1.075531638196593809e+00
1.075208793529961016e+00
1.074887955143150720e+00
1.074569106887361958e+00
1.074252232771935711e+00
1.073937316962544797e+00
1.073624343779402857e+00
1.073313297695502211e+00
1.073004163334870587e+00
1.072696925470851159e+00
1.072391569024408131e+00
1.072088079062448962e+00
1.071786440796173023e+00
1.071486639579437794e+00
1.071188660907150370e+00
1.070892490413674070e+00
1.070598113871261248e+00
1.070305517188503419e+00
1.070014686408799598e+00
1.069725607708847948e+00
1.069438267397153641e+00
1.069152651912557372e+00
1.068868747822783405e+00
1.068586541823002056e+00
1.068306020734415718e+00
1.068027171502858641e+00
1.067749981197418263e+00
1.067474437009068744e+00
1.067200526249327375e+00
1.066928236348923642e+00
1.066657554856487611e+00
1.066388469437254294e+00
1.066120967871782232e+00
1.065855038054690951e+00
1.065590667993413732e+00
1.065327845806962603e+00
1.065066559724714423e+00
1.064806798085206285e+00
1.064548549334951577e+00
1.064291802027264033e+00
1.064036544821103547e+00
1.063782766479930864e+00
1.063530455870577818e+00
1.063279601962135335e+00
1.063030193824847203e+00
1.062782220629025609e+00
1.062535671643974444e+00
1.062290536236929928e+00
1.062046803872009226e+00
1.061804464109177504e+00
1.061563506603223406e+00
1.061323921102748979e+00
1.061085697449170473e+00
1.060848825575734455e+00
1.060613295506541487e+00
1.060379097355583999e+00
1.060146221325797056e+00
1.059914657708117325e+00
1.059684396880556712e+00
1.059455429307285090e+00
1.059227745537723475e+00
1.059001336205650956e+00
1.058776192028320295e+00
1.058552303805583295e+00
1.058329662419028594e+00
1.058108258831129245e+00
1.057888084084399605e+00
1.057669129300562227e+00
1.057451385679727185e+00
1.057234844499576720e+00
1.057019497114564555e+00
1.056805334955118969e+00
1.056592349526862318e+00
1.056380532409832318e+00
1.056169875257718660e+00
1.055960369797104947e+00
1.055752007826720407e+00
1.055544781216701589e+00
1.055338681907860954e+00
1.055133701910965449e+00
