-2.557608369126398315e+11
2.289279273126783920e+00
2.281814229618025269e+00
2.276761105680447095e+00
2.273196479890080113e+00
2.270234158002896407e+00
2.267405236096762700e+00
2.264463830314434212e+00
2.261282776656937443e+00
2.257799310931111858e+00
2.253985718764121238e+00
2.249833319782213792e+00
2.245343740994982351e+00
2.240524181871199172e+00
2.235384856338057169e+00
2.229937615110220595e+00
2.224195203303244384e+00
2.218170856655065748e+00
2.211878075875310490e+00
2.205330493110070122e+00
2.198541785072490207e+00
2.191525609352330761e+00
2.184295552193466605e+00
2.176865082240272642e+00
2.169247507944239928e+00
2.161455937886146650e+00
2.153503243972791914e+00
2.145402027726391658e+00
2.137164589926819680e+00
2.128802903811036540e+00
2.120328591942823859e+00
2.111752906771603655e+00
2.103086714814312863e+00
2.094340484325536877e+00
2.085524276269108412e+00
2.076647738367054519e+00
2.067720101978399505e+00
2.058750181547434721e+00
2.049746376356924138e+00
2.040716674324611457e+00
2.031668657588985738e+00
2.022609509641992265e+00
2.013546023780143912e+00
2.004484612661461718e+00
1.995431318772100227e+00
1.986391825623483154e+00
1.977371469517729130e+00
1.968375251735516418e+00
1.959407851016407243e+00
1.950473636216573770e+00
1.941576679043018228e+00
1.932720766776478971e+00
1.923909414907066129e+00
1.915145879618132430e+00
1.906433170063422944e+00
1.897774060392059425e+00
1.889171101483781756e+00
1.880626632364281736e+00
1.872142791276857343e+00
1.863721526392403183e+00
1.855364606144650264e+00
1.847073629181973153e+00
1.838850033930935712e+00
1.830695107769872099e+00
1.822609995813699202e+00
1.814595709313397531e+00
1.806653133675689471e+00
1.798783036109971922e+00
1.790986072910964122e+00
1.783262796386559268e+00
1.775613661441265867e+00
1.768039031826148744e+00
1.760539186066831796e+00
1.753114323081261361e+00
1.745764567499169306e+00
1.738489974695323070e+00
1.731290535548505982e+00
1.724166180938180526e+00
1.717116785990557837e+00
1.710142174085613309e+00
1.703242120636274670e+00
1.696416356650813473e+00
1.689664572089063288e+00
1.682986419022745039e+00
1.676381514609845302e+00
1.669849443892724272e+00
1.663389762429009266e+00
1.657001998764210171e+00
1.650685656754508734e+00
1.644440217747749955e+00
1.638265142630429771e+00
1.632159873748013190e+00
1.626123836705564596e+00
1.620156442055469714e+00
1.614257086878446934e+00
1.608425156264027933e+00
1.602660024696136887e+00
1.596961057349210122e+00
1.591327611300028977e+00
1.585759036660107091e+00
1.580254677633243343e+00
1.574813873502650896e+00
1.569435959551700233e+00
1.564120267922260332e+00
1.558866128414294838e+00
1.553672869230154241e+00
1.548539817666910956e+00
1.543466300759807286e+00
1.538451645879737262e+00
1.533495181287539033e+00
1.528596236647682627e+00
1.523754143503852632e+00
1.518968235718673121e+00
1.514237849879804809e+00
1.509562325674459693e+00
1.504941006234257195e+00
1.500373238452262337e+00
1.495858373273919240e+00
1.491395765963486442e+00
1.486984776347508586e+00
1.482624769036776202e+00
1.478315113628083655e+00
1.474055184887085534e+00
1.469844362913452329e+00
1.465682033289444020e+00
1.461567587212921682e+00
1.457500421615900210e+00
1.453479939269436416e+00
1.449505548875881455e+00
1.445576665149202134e+00
1.441692708884247276e+00
1.437853107015634846e+00
1.434057292666977457e+00
1.430304705191093095e+00
1.426594790201810126e+00
1.422926999597933673e+00
1.419300791579928500e+00
1.415715630659807545e+00
1.412170987664733479e+00
1.408666339734745421e+00
1.405201170315055315e+00
1.401774969143307459e+00
1.398387232232168875e+00
1.395037461847597360e+00
1.391725166483135157e+00
1.388449860830500926e+00
1.385211065746809744e+00
1.382008308218654946e+00
1.378841121323346020e+00
1.375709044187507946e+00
1.372611621943279125e+00
1.369548405682333492e+00
1.366518952407894227e+00
1.363522824984956472e+00
1.360559592088856462e+00
1.357628828152399381e+00
1.354730113311642281e+00
1.351863033350513499e+00
1.349027179644400665e+00
1.346222149102791699e+00
1.343447544111159520e+00
1.340702972472112897e+00
1.337988047345990195e+00
1.335302387190947737e+00
1.332645615702644504e+00
1.330017361753609739e+00
1.327417259332361654e+00
1.324844947482365809e+00
1.322300070240877368e+00
1.319782276577750713e+00
1.317291220334260604e+00
1.314826560162004609e+00
1.312387959461906561e+00
1.309975086323413418e+00
1.307587613463878196e+00
1.305225218168209356e+00
1.302887582228802410e+00
1.300574391885793935e+00
1.298285337767655978e+00
1.296020114832194148e+00
1.293778422307928944e+00
1.291559963635926067e+00
1.289364446412067267e+00
1.287191582329800799e+00
1.285041087123383940e+00
1.282912680511626657e+00
1.280806086142166622e+00
1.278721031536268704e+00
1.276657248034186010e+00
1.274614470741066041e+00
1.272592438473429288e+00
1.270590893706228908e+00
1.268609582520481949e+00
1.266648254551502983e+00
1.264706662937709059e+00
1.262784564270054588e+00
1.260881718542033569e+00
1.258997889100311296e+00
1.257132842595945821e+00
1.255286348936219820e+00
1.253458181237089297e+00
1.251648115776223369e+00
1.249855931946651566e+00
1.248081412211039520e+00
1.246324342056532419e+00
1.244584509950229734e+00
1.242861707295239482e+00
1.241155728387344226e+00
1.239466370372238835e+00
1.237793433203388194e+00
1.236136719600435807e+00
1.234496035008221027e+00
1.232871187556357828e+00
1.231261988019398679e+00
1.229668249777550182e+00
1.228089788777966485e+00
1.226526423496594465e+00
1.224977974900571365e+00
1.223444266411170434e+00
1.221925123867286578e+00
1.220420375489462028e+00
1.218929851844440471e+00
1.217453385810243205e+00
1.215990812541767108e+00
1.214541969436898627e+00
1.213106696103124715e+00
1.211684834324651128e+00
1.210276228030023216e+00
1.208880723260217449e+00
1.207498168137228767e+00
1.206128412833133323e+00
1.204771309539614421e+00
1.203426712437960733e+00
1.202094477669518602e+00
1.200774463306597539e+00
1.199466529323816699e+00
1.198170537569901439e+00
1.196886351739902432e+00
1.195613837347853758e+00
1.194352861699838009e+00
1.193103293867484371e+00
1.191865004661861960e+00
1.190637866607785034e+00
1.189421753918518343e+00
1.188216542470862835e+00
1.187022109780646595e+00
1.185838334978573494e+00
1.184665098786474413e+00
1.183502283493901297e+00
1.182349772935104459e+00
1.181207452466360497e+00
1.180075208943656362e+00
1.178952930700714496e+00
1.177840507527372793e+00
1.176737830648295846e+00
1.175644792702007280e+00
1.174561287720274017e+00
1.173487211107789197e+00
1.172422459622182167e+00
1.171366931354343333e+00
1.170320525709048765e+00
1.169283143385896340e+00
1.168254686360528538e+00
1.167235057866158776e+00
1.166224162375377515e+00
1.165221905582251472e+00
1.164228194384692161e+00
1.163242936867108446e+00
1.162266042283321754e+00
1.161297421039751310e+00
1.160336984678866479e+00
1.159384645862886032e+00
1.158440318357739418e+00
1.157503917017275619e+00
1.156575357767716028e+00
1.155654557592349585e+00
1.154741434516469045e+00
1.153835907592534848e+00
1.152937896885577684e+00
1.152047323458815553e+00
1.151164109359509302e+00
1.150288177605023110e+00
1.149419452169107680e+00
1.148557857968395046e+00
1.147703320849103203e+00
1.146855767573941254e+00
1.146015125809221047e+00
1.145181324112169108e+00
1.144354291918427746e+00
1.143533959529754673e+00
1.142720258101907138e+00
1.141913119632718354e+00
1.141112476950349564e+00
1.140318263701729729e+00
1.139530414341164866e+00
1.138748864119128790e+00
1.137973549071223500e+00
1.137204406007302993e+00
1.136441372500772262e+00
1.135684386878040630e+00
1.134933388208142269e+00
1.134188316292513266e+00
1.133449111654921015e+00
1.132715715531551481e+00
1.131988069861242785e+00
1.131266117275868899e+00
1.130549801090868556e+00
1.129839065295920486e+00
1.129133854545751880e+00
1.128434114151092960e+00
1.127739790069766324e+00
1.127050828897909751e+00
1.126367177861328894e+00
1.125688784806982978e+00
1.125015598194597510e+00
1.124347567088405553e+00
1.123684641149004015e+00
1.123026770625343618e+00
1.122373906346827210e+00
1.121725999715534883e+00
1.121083002698560982e+00
1.120444867820463930e+00
1.119811548155832615e+00
1.119182997321957806e+00
1.118559169471618153e+00
1.117940019285967868e+00
1.117325501967531887e+00
1.116715573233306280e+00
1.116110189307957024e+00
1.115509306917121579e+00
1.114912883280808842e+00
1.114320876106893676e+00
1.113733243584710264e+00
1.113149944378739820e+00
1.112570937622385348e+00
1.111996182911842768e+00
1.111425640300062190e+00
1.110859270290792011e+00
1.110297033832713609e+00
1.109738892313662850e+00
1.109184807554929764e+00
1.108634741805647694e+00
1.108088657737260396e+00
1.107546518438066840e+00
1.107008287407852398e+00
1.106473928552587083e+00
1.105943406179211497e+00
1.105416684990487841e+00
1.104893730079930858e+00
1.104374506926813160e+00
1.103858981391233840e+00
1.103347119709266355e+00
1.102838888488172131e+00
1.102334254701682115e+00
1.101833185685346939e+00
1.101335649131954142e+00
1.100841613087003790e+00
1.100351045944262696e+00
1.099863916441364831e+00
1.099380193655484339e+00
1.098899846999070951e+00
1.098422846215637350e+00
1.097949161375612936e+00
1.097478762872253988e+00
1.097011621417610661e+00
1.096547708038551727e+00
1.096086994072843712e+00
1.095629451165286650e+00
1.095175051263902466e+00
1.094723766616177096e+00
1.094275569765355449e+00
1.093830433546787440e+00
1.093388331084325316e+00
1.092949235786770723e+00
1.092513121344370619e+00
1.092079961725363368e+00
1.091649731172569027e+00
1.091222404200032248e+00
1.090797955589706048e+00
1.090376360388185084e+00
1.089957593903481126e+00
1.089541631701845814e+00
1.089128449604632731e+00
1.088718023685207426e+00
1.088310330265894743e+00
1.087905345914975230e+00
1.087503047443709958e+00
1.087103411903420191e+00
1.086706416582597257e+00
1.086312039004054819e+00
1.085920256922120242e+00
1.085531048319860803e+00
1.085144391406352771e+00
1.084760264613983116e+00
1.084378646595788753e+00
1.083999516222831305e+00
1.083622852581608509e+00
1.083248634971499591e+00
1.082876842902243064e+00
1.082507456091451381e+00
1.082140454462158230e+00
1.081775818140394918e+00
1.081413527452804502e+00
1.081053562924283895e+00
1.080695905275658397e+00
1.080340535421387971e+00
1.079987434467301721e+00
1.079636583708364794e+00
1.079287964626474139e+00
1.078941558888280472e+00
1.078597348343045104e+00
1.078255315020517635e+00
1.077915441128847851e+00
1.077577709052520705e+00
1.077242101350321057e+00
1.076908600753322176e+00
1.076577190162905318e+00
1.076247852648798187e+00
1.075920571447147367e+00
1.075595329958607183e+00
1.075272111746459203e+00
1.074950900534755505e+00
1.074631680206483697e+00
1.074314434801756590e+00
1.073999148516026736e+00
1.073685805698321616e+00
1.073374390849504145e+00
1.073064888620552715e+00
1.072757283810865436e+00
1.072451561366585260e+00
1.072147706378947296e+00
1.071845704082646566e+00
1.071545539854225293e+00
1.071247199210484169e+00
1.070950667806910284e+00
1.070655931436127473e+00
1.070362976026365986e+00
1.070071787639949701e+00
1.069782352471803977e+00
1.069494656847983283e+00
1.069208687224215693e+00
1.068924430184465812e+00
1.068641872439517249e+00
1.068361000825571727e+00
1.068081802302865535e+00
1.067804263954304611e+00
1.067528372984114515e+00
1.067254116716511048e+00
1.066981482594382635e+00
1.066710458177992926e+00
1.066441031143697371e+00
1.066173189282677125e+00
1.065906920499688493e+00
1.065642212811826361e+00
1.065379054347304733e+00
1.065117433344250797e+00
1.064857338149516108e+00
1.064598757217499525e+00
1.064341679108987249e+00
1.064086092490004631e+00
1.063831986130685081e+00
1.063579348904150068e+00
1.063328169785402455e+00
1.063078437850238700e+00
1.062830142274166390e+00
1.062583272331341089e+00
1.062337817393513406e+00
1.062093766928990268e+00
1.061851110501606188e+00
1.061609837769709852e+00
1.061369938485162479e+00
1.061131402492346609e+00
1.060894219727188226e+00
1.060658380216189967e+00
1.060423874075477890e+00
1.060190691509856453e+00
1.059958822811876589e+00
1.059728258360915332e+00
1.059498988622266546e+00
1.059271004146240758e+00
1.059044295567277194e+00
1.058818853603066712e+00
1.058594669053684267e+00
1.058371732800731158e+00
1.058150035806489919e+00
1.057929569113084778e+00
1.057710323841658084e+00
1.057492291191551192e+00
1.057275462439497105e+00
1.057059828938822665e+00
1.056845382118660748e+00
1.056632113483169100e+00
1.056420014610762736e+00
1.056209077153350107e+00
1.055999292835583248e+00
1.055790653454111272e+00
1.055583150876849174e+00
1.055376777042249303e+00
1.055171523958583046e+00
1.054967383703233397e+00
