-3.791862145122884521e+11
2.328606555973039782e+00
2.331953615979922567e+00
2.333519921184095569e+00
2.333181622201297767e+00
2.331626925552835239e+00
2.329248161516315641e+00
2.326254632711847847e+00
2.322758710713176633e+00
2.318822353545122006e+00
2.314481723056628137e+00
2.309760102839979012e+00
2.304674606579470098e+00
2.299239611861091603e+00
2.293468477687353513e+00
2.287374368189377449e+00
2.280970614830977183e+00
2.274270843500446837e+00
2.267288984593908818e+00
2.260039227389884608e+00
2.252535950305183832e+00
2.244793643139040729e+00
2.236826829380847315e+00
2.228649992512981903e+00
2.220277508116126342e+00
2.211723582501582186e+00
2.203002198045750593e+00
2.194127065123367082e+00
2.185111580393590991e+00
2.175968791119380352e+00
2.166711365161882341e+00
2.157351566271207943e+00
2.147901234285669148e+00
2.138371769848970150e+00
2.128774123257676898e+00
2.119118787058055453e+00
2.109415792022044656e+00
2.099674706145223446e+00
2.089904636325607967e+00
2.080114232399850493e+00
2.070311693232261163e+00
2.060504774572396336e+00
2.050700798417537385e+00
2.040906663636822493e+00
2.031128857634731055e+00
2.021373468851552779e+00
2.011646199918030398e+00
2.001952381300021067e+00
1.992296985286802657e+00
1.982684640193180581e+00
1.973119644661447181e+00
1.963605981963459701e+00
1.954147334216515208e+00
1.944747096439114031e+00
1.935408390383632105e+00
1.926134078093194812e+00
1.916926775139084604e+00
1.907788863503249610e+00
1.898722504077719586e+00
1.889729648759189917e+00
1.880812052122885714e+00
1.871971282664568692e+00
1.863208733604176714e+00
1.854525633248140348e+00
1.845923054910833194e+00
1.837401926398308794e+00
1.828963039059779749e+00
1.820607056414332625e+00
1.812334522361878530e+00
1.804145868988851653e+00
1.796041423979874319e+00
1.788021417647815081e+00
1.780085989594884843e+00
1.772235195018199594e+00
1.764469010673163751e+00
1.756787340508517037e+00
1.749190020986529870e+00
1.741676826102155573e+00
1.734247472114505584e+00
1.726901622003902848e+00
1.719638889667524762e+00
1.712458843866293989e+00
1.705361011935284665e+00
1.698344883269633288e+00
1.691409912597467535e+00
1.684555523050969450e+00
1.677781109046230235e+00
1.671086038982268818e+00
1.664469657768981481e+00
1.657931289193406821e+00
1.651470238133422530e+00
1.645085792627333010e+00
1.638777225807583227e+00
1.632543797706404565e+00
1.626384756940711274e+00
1.620299342283338051e+00
1.614286784127263230e+00
1.608346305849125857e+00
1.602477125078036080e+00
1.596678454875319231e+00
1.590949504830602601e+00
1.585289482079230705e+00
1.579697592245882909e+00
1.574173040318847860e+00
1.568715031459251508e+00
1.563322771749251938e+00
1.557995468882991119e+00
1.552732332803898441e+00
1.547532576291698714e+00
1.542395415502297640e+00
1.537320070463542798e+00
1.532305765529673014e+00
1.527351729797090663e+00
1.522457197483958247e+00
1.517621408275955597e+00
1.512843607640406152e+00
1.508123047110822013e+00
1.503458984543845522e+00
1.498850684350390150e+00
1.494297417702680431e+00
1.489798462718855632e+00
1.485353104626614629e+00
1.480960635907308642e+00
1.476620356421860292e+00
1.472331573519710446e+00
1.468093602132033881e+00
1.463905764850219393e+00
1.459767391990801633e+00
1.455677821647625159e+00
1.451636399732339155e+00
1.447642480003929810e+00
1.443695424088153878e+00
1.439794601487632386e+00
1.435939389583263281e+00
1.432129173627640473e+00
1.428363346731073680e+00
1.424641309840822379e+00
1.420962471714022346e+00
1.417326248884873463e+00
1.413732065626518208e+00
1.410179353908061151e+00
1.406667553347158650e+00
1.403196111158544035e+00
1.399764482098863727e+00
1.396372128408164492e+00
1.393018519748314255e+00
1.389703133138713964e+00
1.386425452889503918e+00
1.383184970532564728e+00
1.379981184750563417e+00
1.376813601304212042e+00
1.373681732958007107e+00
1.370585099404609153e+00
1.367523227188052637e+00
1.364495649625951490e+00
1.361501906730861355e+00
1.358541545130950157e+00
1.355614117990074252e+00
1.352719184927450469e+00
1.349856311936973974e+00
1.347025071306337418e+00
1.344225041536028842e+00
1.341455807258300492e+00
1.338716959156202257e+00
1.336008093882755432e+00
1.333328813980334981e+00
1.330678727800344685e+00
1.328057449423205139e+00
1.325464598578771191e+00
1.322899800567177708e+00
1.320362686180191369e+00
1.317852891623097156e+00
1.315370058437170808e+00
1.312913833422757692e+00
1.310483868563012466e+00
1.308079820948301553e+00
1.305701352701324369e+00
1.303348130902951096e+00
1.301019827518808070e+00
1.298716119326645213e+00
1.296436687844468860e+00
1.294181219259487037e+00
1.291949404357860320e+00
1.289740938455272268e+00
1.287555521328337615e+00
1.285392857146838708e+00
1.283252654406819016e+00
1.281134625864513765e+00
1.279038488471139656e+00
1.276963963308542338e+00
1.274910775525690543e+00
1.272878654276033084e+00
1.270867332655715387e+00
1.268876547642640462e+00
1.266906040036388514e+00
1.264955554398983217e+00
1.263024838996505084e+00
1.261113645741543943e+00
1.259221730136487416e+00
1.257348851217643171e+00
1.255494771500175410e+00
1.253659256923880916e+00
1.251842076799754455e+00
1.250043003757371984e+00
1.248261813693068101e+00
1.246498285718904420e+00
1.244752202112422435e+00
1.243023348267159323e+00
1.241311512643946013e+00
1.239616486722956212e+00
1.237938064956492834e+00
1.236276044722532275e+00
1.234630226278986775e+00
1.233000412718701311e+00
1.231386409925145475e+00
1.229788026528828793e+00
1.228205073864396590e+00
1.226637365928422430e+00
1.225084719337866446e+00
1.223546953289203820e+00
1.222023889518222939e+00
1.220515352260452158e+00
1.219021168212241824e+00
1.217541166492468463e+00
1.216075178604866913e+00
1.214623038400962418e+00
1.213184582043621562e+00
1.211759647971179854e+00
1.210348076862178379e+00
1.208949711600641130e+00
1.207564397241957632e+00
1.206191980979295586e+00
1.204832312110577952e+00
1.203485242005996714e+00
1.202150624076061103e+00
1.200828313740166298e+00
1.199518168395682149e+00
1.198220047387547726e+00
1.196933811978367235e+00
1.195659325318993549e+00
1.194396452419599353e+00
1.193145060121218792e+00
1.191905017067766970e+00
1.190676193678507966e+00
1.189458462120981830e+00
1.188251696284376546e+00
1.187055771753335875e+00
1.185870565782200181e+00
1.184695957269668032e+00
1.183531826733874359e+00
1.182378056287884727e+00
1.181234529615576179e+00
1.180101131947937976e+00
1.178977750039732264e+00
1.177864272146566638e+00
1.176760588002319530e+00
1.175666588796950407e+00
1.174582167154661017e+00
1.173507217112428336e+00
1.172441634098878138e+00
1.171385314913503839e+00
1.170338157706233950e+00
1.169300061957319059e+00
1.168270928457563418e+00
1.167250659288863845e+00
1.166239157805072590e+00
1.165236328613174610e+00
1.164242077554763721e+00
1.163256311687824063e+00
1.162278939268805988e+00
1.161309869734995281e+00
1.160349013687160591e+00
1.159396282872493522e+00
1.158451590167812517e+00
1.157514849563045400e+00
1.156585976144979488e+00
1.155664886081265719e+00
1.154751496604688565e+00
1.153845725997685090e+00
1.152947493577114457e+00
1.152056719679271035e+00
1.151173325645136858e+00
1.150297233805871677e+00
1.149428367468535495e+00
1.148566650902041353e+00
1.147712009323323512e+00
1.146864368883736773e+00
1.146023656655667855e+00
1.145189800619359044e+00
1.144362729649941679e+00
1.143542373504676579e+00
1.142728662810394313e+00
1.141921529051139306e+00
1.141120904556002236e+00
1.140326722487148503e+00
1.139538916828037873e+00
1.138757422371824202e+00
1.137982174709940342e+00
1.137213110220865353e+00
1.136450166059060463e+00
1.135693280144085993e+00
1.134942391149885044e+00
1.134197438494232824e+00
1.133458362328355618e+00
1.132725103526707411e+00
1.131997603676905717e+00
1.131275805069827722e+00
1.130559650689854978e+00
1.129849084205272636e+00
1.129144049958816343e+00
1.128444492958367240e+00
1.127750358867782632e+00
1.127061593997881861e+00
1.126378145297557198e+00
1.125699960345031947e+00
1.125026987339242224e+00
1.124359175091360408e+00
1.123696473016444930e+00
1.123038831125216186e+00
1.122386200015958124e+00
1.121738530866544847e+00
1.121095775426590224e+00
1.120457886009710080e+00
1.119824815485908287e+00
1.119196517274078539e+00
1.118572945334612267e+00
1.117954054162126898e+00
1.117339798778298476e+00
1.116730134724803536e+00
1.116125018056368212e+00
1.115524405333920610e+00
1.114928253617846421e+00
1.114336520461343571e+00
1.113749163903880124e+00
1.113166142464748765e+00
1.112587415136710556e+00
1.112012941379745268e+00
1.111442681114886089e+00
1.110876594718148258e+00
1.110314643014546521e+00
1.109756787272202283e+00
1.109202989196541811e+00
1.108653210924568144e+00
1.108107415019233155e+00
1.107565564463879326e+00
1.107027622656770127e+00
1.106493553405698105e+00
1.105963320922673354e+00
1.105436889818687263e+00
1.104914225098556191e+00
1.104395292155837760e+00
1.103880056767819973e+00
1.103368485090588935e+00
1.102860543654160086e+00
1.102356199357684918e+00
1.101855419464728092e+00
1.101358171598609603e+00
1.100864423737815345e+00
1.100374144211473837e+00
1.099887301694897124e+00
1.099403865205188069e+00
1.098923804096908707e+00
1.098447088057808996e+00
1.097973687104622398e+00
1.097503571578912762e+00
1.097036712142990034e+00
1.096573079775875259e+00
1.096112645769329319e+00
1.095655381723935173e+00
1.095201259545235395e+00
1.094750251439925659e+00
1.094302329912099747e+00
1.093857467759550950e+00
1.093415638070122986e+00
1.092976814218110881e+00
1.092540969860716471e+00
1.092108078934550974e+00
1.091678115652185310e+00
1.091251054498752815e+00
1.090826870228591927e+00
1.090405537861947494e+00
1.089987032681703827e+00
1.089571330230172386e+00
1.089158406305924753e+00
1.088748236960662030e+00
1.088340798496133965e+00
1.087936067461097389e+00
1.087534020648319499e+00
1.087134635091617785e+00
1.086737888062946134e+00
1.086343757069515581e+00
1.085952219850957468e+00
1.085563254376527231e+00
1.085176838842341063e+00
1.084792951668653194e+00
1.084411571497173377e+00
1.084032677188414562e+00
1.083656247819080320e+00
1.083282262679487573e+00
1.082910701271023513e+00
1.082541543303636722e+00
1.082174768693362044e+00
1.081810357559880309e+00
1.081448290224108044e+00
1.081088547205821815e+00
1.080731109221314545e+00
1.080375957181081370e+00
1.080023072187537458e+00
1.079672435532767372e+00
1.079324028696301285e+00
1.078977833342925408e+00
1.078633831320516379e+00
1.078292004657908532e+00
1.077952335562786912e+00
1.077614806419610494e+00
1.077279399787558267e+00
1.076946098398509077e+00
1.076614885155041224e+00
1.076285743128464034e+00
1.075958655556871868e+00
1.075633605843223206e+00
1.075310577553448610e+00
1.074989554414578441e+00
1.074670520312900779e+00
1.074353459292136659e+00
1.074038355551644175e+00
1.073725193444644788e+00
1.073413957476470504e+00
1.073104632302836148e+00
1.072797202728133836e+00
1.072491653703746550e+00
1.072187970326387907e+00
1.071886137836459474e+00
1.071586141616432064e+00
1.071287967189244572e+00
1.070991600216727679e+00
1.070697026498042881e+00
1.070404231968144382e+00
1.070113202696262311e+00
1.069823924884399702e+00
1.069536384865853673e+00
1.069250569103753046e+00
1.068966464189615495e+00
1.068684056841922470e+00
1.068403333904710761e+00
1.068124282346186282e+00
1.067846889257348497e+00
1.067571141850637950e+00
1.067297027458600667e+00
1.067024533532562547e+00
1.066753647641330849e+00
1.066484357469901223e+00
1.066216650818189615e+00
1.065950515599774384e+00
1.065685939840657293e+00
1.065422911678037599e+00
1.065161419359103245e+00
1.064901451239835151e+00
1.064642995783829482e+00
1.064386041561129037e+00
1.064130577247076603e+00
1.063876591621174095e+00
1.063624073565963224e+00
1.063373012065914391e+00
1.063123396206332227e+00
1.062875215172274013e+00
1.062628458247480978e+00
1.062383114813321594e+00
1.062139174347750181e+00
1.061896626424277512e+00
1.061655460710950738e+00
1.061415666969350635e+00
1.061177235053598844e+00
1.060940154909374655e+00
1.060704416572948672e+00
1.060470010170223354e+00
1.060236925915789552e+00
1.060005154111988812e+00
1.059774685147994111e+00
1.059545509498895033e+00
1.059317617724797378e+00
1.059091000469933652e+00
1.058865648461781550e+00
1.058641552510197315e+00
1.058418703506554870e+00
1.058197092422897168e+00
1.057976710311099522e+00
1.057757548302039385e+00
1.057539597604778558e+00
1.057322849505752949e+00
1.057107295367974542e+00
1.056892926630240481e+00
1.056679734806352577e+00
1.056467711484345262e+00
1.056256848325724196e+00
1.056047137064712205e+00
1.055838569507503211e+00
1.055631137531529262e+00
1.055424833084730230e+00
1.055219648184835712e+00
