-2.651280063624896240e+11
2.467390771926401882e+00
2.466137313864703362e+00
2.464100880382524394e+00
2.461770137568841221e+00
2.458933871094380663e+00
2.455466586024719788e+00
2.451329529141236474e+00
2.446525875684485651e+00
2.441077182594590944e+00
2.435013155937931550e+00
2.428367197258718413e+00
2.421174310982610489e+00
2.413470013897744515e+00
2.405289708592332154e+00
2.396668293974176578e+00
2.387639907665682237e+00
2.378237746893899995e+00
2.368493939108649915e+00
2.358439446357572855e+00
2.348103994429760810e+00
2.337516021614479467e+00
2.326702643971287898e+00
2.315689635044249961e+00
2.304501418429160342e+00
2.293161071793396566e+00
2.281690341007100997e+00
2.270109663061310457e+00
2.258438196465365255e+00
2.246693857852305243e+00
2.234893363581388126e+00
2.223052275209059570e+00
2.211185047797850078e+00
2.199305080141512825e+00
2.187424766096947248e+00
2.175555546325859346e+00
2.163707959856687513e+00
2.151891694978078640e+00
2.140115639067430298e+00
2.128387927040663818e+00
2.116715988182113151e+00
2.105106591176918229e+00
2.093565887222112565e+00
2.082099451138472723e+00
2.070712320442920085e+00
2.059409032372472748e+00
2.048193658875823164e+00
2.037069839608188992e+00
2.026040812980858696e+00
2.015109445328016058e+00
2.004278258262075507e+00
1.993549454294416545e+00
1.982924940802044400e+00
1.972406352422463094e+00
1.961995071959673931e+00
1.951692249883415053e+00
1.941498822502244259e+00
1.931415528889022681e+00
1.921442926634647108e+00
1.911581406502893987e+00
1.901831206056075807e+00
1.892192422317852563e+00
1.882665023536242987e+00
1.873248860106236258e+00
1.863943674708428144e+00
1.854749111716406329e+00
1.845664725922785410e+00
1.836689990630490321e+00
1.827824305153006534e+00
1.819067001764548053e+00
1.810417352138465663e+00
1.801874573309457439e+00
1.793437833193155084e+00
1.785106255694026478e+00
1.776878925430684486e+00
1.768754892105528498e+00
1.760733174544005575e+00
1.752812764426781023e+00
1.744992629736725753e+00
1.737271717940895188e+00
1.729648958926466751e+00
1.722123267708129291e+00
1.714693546923167222e+00
1.707358689129627072e+00
1.700117578921396477e+00
1.692969094873467917e+00
1.685912111329579632e+00
1.678945500043471206e+00
1.672068131684340209e+00
1.665278877216289422e+00
1.658576609160795856e+00
1.651960202750747841e+00
1.645428536983813750e+00
1.638980495582518015e+00
1.632614967867740630e+00
1.626330849552013902e+00
1.620127043458424509e+00
1.614002460170614661e+00
1.607956018618887484e+00
1.601986646607199472e+00
1.596093281285363208e+00
1.590274869570520888e+00
1.584530368521728239e+00
1.578858745671086528e+00
1.573258979314755557e+00
1.567730058766847012e+00
1.562270984579035016e+00
1.556880768728486242e+00
1.551558434776606044e+00
1.546303018000784846e+00
1.541113565501322391e+00
1.535989136285451639e+00
1.530928801330311284e+00
1.525931643626504464e+00
1.520996758203882138e+00
1.516123252140983757e+00
1.511310244559452620e+00
1.506556866604785938e+00
1.501862261414455446e+00
1.497225584074628912e+00
1.492646001566385383e+00
1.488122692702441352e+00
1.483654848055202091e+00
1.479241669876998344e+00
1.474882372013209819e+00
1.470576179809000017e+00
1.466322330010314978e+00
1.462120070659701287e+00
1.457968660987553067e+00
1.453867371299256472e+00
1.449815482858733962e+00
1.445812287768820870e+00
1.441857088848879753e+00
1.437949199510013099e+00
1.434087943628283401e+00
1.430272655416177097e+00
1.426502679292665166e+00
1.422777369752137311e+00
1.419096091232427748e+00
1.415458217982197731e+00
1.411863133927854452e+00
1.408310232540258333e+00
1.404798916701346823e+00
1.401328598570856343e+00
1.397898699453310023e+00
1.394508649665400224e+00
1.391157888403884435e+00
1.387845863614126429e+00
1.384572031859377717e+00
1.381335858190894328e+00
1.378136816019007727e+00
1.374974386985143848e+00
1.371848060834992333e+00
1.368757335292757560e+00
1.365701715936637584e+00
1.362680716075545639e+00
1.359693856627130604e+00
1.356740665997109518e+00
1.353820679960018536e+00
1.350933441541301017e+00
1.348078500900879551e+00
1.345255415218139516e+00
1.342463748578395899e+00
1.339703071860840033e+00
1.336972962627980044e+00
1.334273005016587632e+00
1.331602789630162320e+00
1.328961913432896713e+00
1.326349979645176758e+00
1.323766597640585019e+00
1.321211382844432070e+00
1.318683956633802445e+00
1.316183946239092073e+00
1.313710984647068036e+00
1.311264710505404274e+00
1.308844768028721628e+00
1.306450806906080064e+00
1.304082482209949267e+00
1.301739454306635180e+00
1.299421388768129182e+00
1.297127956285394568e+00
1.294858832583062558e+00
1.292613698335521644e+00
1.290392239084394488e+00
1.288194145157377957e+00
1.286019111588423192e+00
1.283866838039266156e+00
1.281737028722265359e+00
1.279629392324537873e+00
1.277543641933382990e+00
1.275479494962967308e+00
1.273436673082261716e+00
1.271414902144199388e+00
1.269413912116065246e+00
1.267433437011055375e+00
1.265473214821036585e+00
1.263532987450450396e+00
1.261612500651366098e+00
1.259711503959660917e+00
1.257829750632298627e+00
1.255966997585699074e+00
1.254123005335188612e+00
1.252297537935500582e+00
1.250490362922306531e+00
1.248701251254779709e+00
1.246929977259151334e+00
1.245176318573269159e+00
1.243440056092105728e+00
1.241720973914243409e+00
1.240018859289279352e+00
1.238333502566166366e+00
1.236664697142452418e+00
1.235012239414404522e+00
1.233375928728035031e+00
1.231755567330949264e+00
1.230150960325070431e+00
1.228561915620179246e+00
1.226988243888271324e+00
1.225429758518725709e+00
1.223886275574238125e+00
1.222357613747554694e+00
1.220843594318946401e+00
1.219344041114431842e+00
1.217858780464741830e+00
1.216387641164996314e+00
1.214930454435080964e+00
1.213487053880734079e+00
1.212057275455299621e+00
1.210640957422157937e+00
1.209237940317808180e+00
1.207848066915596652e+00
1.206471182190081981e+00
1.205107133282017129e+00
1.203755769463943359e+00
1.202416942106381947e+00
1.201090504644617640e+00
1.199776312546054990e+00
1.198474223278149786e+00
1.197184096276881826e+00
1.195905792915791466e+00
1.194639176475540632e+00
1.193384112114003415e+00
1.192140466836880908e+00
1.190908109468804099e+00
1.189686910624964788e+00
1.188476742683201026e+00
1.187277479756591703e+00
1.186088997666509215e+00
1.184911173916130434e+00
1.183743887664413741e+00
1.182587019700510389e+00
1.181440452418624831e+00
1.180304069793294719e+00
1.179177757355093892e+00
1.178061402166761251e+00
1.176954892799715324e+00
1.175858119310991823e+00
1.174770973220548909e+00
1.173693347488975469e+00
1.172625136495571319e+00
1.171566236016792439e+00
1.170516543205066595e+00
1.169475956567969099e+00
1.168444375947736313e+00
1.167421702501135750e+00
1.166407838679673681e+00
1.165402688210126048e+00
1.164406156075404208e+00
1.163418148495737325e+00
1.162438572910166279e+00
1.161467337958350665e+00
1.160504353462680438e+00
1.159549530410671991e+00
1.158602780937676435e+00
1.157664018309859211e+00
1.156733156907464144e+00
1.155810112208363050e+00
1.154894800771862684e+00
1.153987140222791252e+00
1.153087049235839601e+00
1.152194447520162646e+00
1.151309255804232601e+00
1.150431395820934899e+00
1.149560790292922796e+00
1.148697362918195575e+00
1.147841038355916998e+00
1.146991742212469356e+00
1.146149401027726444e+00
1.145313942261557916e+00
1.144485294280543464e+00
1.143663386344907718e+00
1.142848148595666524e+00
1.142039512041976179e+00
1.141237408548691379e+00
1.140441770824119461e+00
1.139652532407971375e+00
1.138869627659511163e+00
1.138092991745887295e+00
1.137322560630655843e+00
1.136558271062484637e+00
1.135800060564037484e+00
1.135047867421039136e+00
1.134301630671502581e+00
1.133561290095142171e+00
1.132826786202945524e+00
1.132098060226906622e+00
1.131375054109932332e+00
1.130657710495898360e+00
1.129945972719865077e+00
1.129239784798445445e+00
1.128539091420328599e+00
1.127843837936944871e+00
1.127153970353280910e+00
1.126469435318837808e+00
1.125790180118730888e+00
1.125116152664922042e+00
1.124447301487598194e+00
1.123783575726674311e+00
1.123124925123432316e+00
1.122471300012289896e+00
1.121822651312691210e+00
1.121178930521129935e+00
1.120540089703288444e+00
1.119906081486303551e+00
1.119276859051141715e+00
1.118652376125101933e+00
1.118032586974426756e+00
1.117417446397026337e+00
1.116806909715313489e+00
1.116200932769150223e+00
1.115599471908899520e+00
1.115002483988579929e+00
1.114409926359127612e+00
1.113821756861758994e+00
1.113237933821433545e+00
1.112658416040412490e+00
1.112083162791919433e+00
1.111512133813889580e+00
1.110945289302821548e+00
1.110382589907708217e+00
1.109823996724073947e+00
1.109269471288086617e+00
1.108718975570766263e+00
1.108172471972274087e+00
1.107629923316292064e+00
1.107091292844481822e+00
1.106556544211023896e+00
1.106025641477242472e+00
1.105498549106307182e+00
1.104975231958009507e+00
1.104455655283621773e+00
1.103939784720829875e+00
1.103427586288735496e+00
1.102919026382937151e+00
1.102414071770681403e+00
1.101912689586083793e+00
1.101414847325419277e+00
1.100920512842483490e+00
1.100429654344016184e+00
1.099942240385197945e+00
1.099458239865205522e+00
1.098977622022835776e+00
1.098500356432191127e+00
1.098026412998424295e+00
1.097555761953550535e+00
1.097088373852314502e+00
1.096624219568117731e+00
1.096163270289005176e+00
1.095705497513708826e+00
1.095250873047747042e+00
1.094799368999579192e+00
1.094350957776816902e+00
1.093905612082486378e+00
1.093463304911346246e+00
1.093024009546253783e+00
1.092587699554587566e+00
1.092154348784716289e+00
1.091723931362517996e+00
1.091296421687950602e+00
1.090871794431667707e+00
1.090450024531683049e+00
1.090031087190083348e+00
1.089614957869779133e+00
1.089201612291315957e+00
1.088791026429714037e+00
1.088383176511361405e+00
1.087978039010945031e+00
1.087575590648430568e+00
1.087175808386077192e+00
1.086778669425497501e+00
1.086384151204756288e+00
1.085992231395512819e+00
1.085602887900194213e+00
1.085216098849217436e+00
1.084831842598243279e+00
1.084450097725469186e+00
1.084070843028959175e+00
1.083694057524010601e+00
1.083319720440555800e+00
1.082947811220601020e+00
1.082578309515696890e+00
1.082211195184445751e+00
1.081846448290041396e+00
1.081484049097844125e+00
1.081123978072984881e+00
1.080766215878005143e+00
1.080410743370526117e+00
1.080057541600950355e+00
1.079706591810194238e+00
1.079357875427450209e+00
1.079011374067979645e+00
1.078667069530933498e+00
1.078324943797204893e+00
1.077984979027307055e+00
1.077647157559281865e+00
1.077311461906634404e+00
1.076977874756295472e+00
1.076646378966612971e+00
1.076316957565364829e+00
1.075989593747804118e+00
1.075664270874725270e+00
1.075340972470557821e+00
1.075019682221484807e+00
1.074700383973585360e+00
1.074383061731002176e+00
1.074067699654133623e+00
1.073754282057845177e+00
1.073442793409712159e+00
1.073133218328276017e+00
1.072825541581330144e+00
1.072519748084225011e+00
1.072215822898195059e+00
1.071913751228708911e+00
1.071613518423838229e+00
1.071315109972651003e+00
1.071018511503621262e+00
1.070723708783063222e+00
1.070430687713582740e+00
1.070139434332550987e+00
1.069849934810593206e+00
1.069562175450104569e+00
1.069276142683774689e+00
1.068991823073140557e+00
1.068709203307151245e+00
1.068428270200754371e+00
1.068149010693498102e+00
1.067871411848153596e+00
1.067595460849351641e+00
1.067321145002239069e+00
1.067048451731150482e+00
1.066777368578297303e+00
1.066507883202473250e+00
1.066239983377776701e+00
1.065973656992347030e+00
1.065708892047118939e+00
1.065445676654591001e+00
1.065183999037609741e+00
1.064923847528169265e+00
1.064665210566225539e+00
1.064408076698526218e+00
1.064152434577451789e+00
1.063898272959875602e+00
1.063645580706034988e+00
1.063394346778416155e+00
1.063144560240655734e+00
1.062896210256450313e+00
1.062649286088486633e+00
1.062403777097378876e+00
1.062159672740621064e+00
1.061916962571553213e+00
1.061675636238337717e+00
1.061435683482951697e+00
1.061197094140188035e+00
1.060959858136669487e+00
1.060723965489877907e+00
1.060489406307190130e+00
1.060256170784928509e+00
1.060024249207423885e+00
1.059793631946085668e+00
1.059564309458488784e+00
1.059336272287466185e+00
1.059109511060216668e+00
1.058884016487419810e+00
1.058659779362364217e+00
1.058436790560083551e+00
1.058215041036506543e+00
1.057994521827612999e+00
1.057775224048602913e+00
1.057557138893074011e+00
1.057340257632209068e+00
1.057124571613973218e+00
1.056910072262322142e+00
1.056696751076415142e+00
1.056484599629843535e+00
1.056273609569863492e+00
1.056063772616639751e+00
1.055855080562498216e+00
1.055647525271186549e+00
1.055441098677145195e+00
1.055235792784784188e+00
