-1.378414968510025024e+11
2.270854847683334121e+00
2.274166961179908242e+00
2.274186465515578348e+00
2.273048702486452299e+00
2.271225726378404808e+00
2.268905078051399293e+00
2.266170594227764568e+00
2.263059417019004371e+00
2.259588067793229627e+00
2.255765117231851136e+00
2.251597063436686419e+00
2.247090807731130013e+00
2.242254513125412796e+00
2.237097746117656882e+00
2.231631333635567316e+00
2.225867130925948345e+00
2.219817782820626029e+00
2.213496508769862814e+00
2.206916919456194393e+00
2.200092863848391200e+00
2.193038302632025704e+00
2.185767203529914937e+00
2.178293454515783267e+00
2.170630791649808433e+00
2.162792738959064209e+00
2.154792558364152733e+00
2.146643208103296452e+00
2.138357308443467275e+00
2.129947113717050478e+00
2.121424489903604549e+00
2.112800897107780074e+00
2.104087376380451957e+00
2.095294540400832073e+00
2.086432567591358200e+00
2.077511199278638809e+00
2.068539739548117762e+00
2.059527057468713451e+00
2.050481591389210045e+00
2.041411355031205410e+00
2.032323945124894671e+00
2.023226550354508824e+00
2.014125961399605647e+00
2.005028581877059235e+00
1.995940440006682248e+00
1.986867200840308767e+00
1.977814178910588749e+00
1.968786351171133209e+00
1.959788370114120326e+00
1.950824576965049850e+00
1.941899014866976803e+00
1.933015441978143345e+00
1.924177344417756341e+00
1.915387949004403456e+00
1.906650235740338983e+00
1.897966950003304731e+00
1.889340614414258823e+00
1.880773540356300400e+00
1.872267839125543176e+00
1.863825432699785178e+00
1.855448064115423623e+00
1.847137307446715226e+00
1.838894577384981854e+00
1.830721138418318183e+00
1.822618113614590696e+00
1.814586493012804613e+00
1.806627141629627342e+00
1.798740807089105775e+00
1.790928126885104055e+00
1.783189635286594132e+00
1.775525769896814321e+00
1.767936877877858581e+00
1.760423221852492670e+00
1.752984985495465997e+00
1.745622278826383766e+00
1.738335143216568346e+00
1.731123556121973772e+00
1.723987435554344749e+00
1.716926644302323446e+00
1.709940993914282892e+00
1.703030248454115103e+00
1.696194128040979354e+00
1.689432312183797968e+00
1.682744442920705019e+00
1.676130127773475476e+00
1.669588942526452735e+00
1.663120433839266443e+00
1.656724121702032093e+00
1.650399501741585784e+00
1.644146047386767506e+00
1.637963211900420601e+00
1.631850430285529452e+00
1.625807121072402550e+00
1.619832687993592035e+00
1.613926521552862203e+00
1.608088000494183101e+00
1.602316493176473955e+00
1.596611358859478802e+00
1.590971948905879785e+00
1.585397607904502681e+00
1.579887674719212765e+00
1.574441483467786007e+00
1.569058364434938735e+00
1.563737644923288483e+00
1.558478650046023928e+00
1.553280703464625878e+00
1.548143128074994213e+00
1.543065246645013655e+00
1.538046382406478063e+00
1.533085859604124135e+00
1.528183004004340262e+00
1.523337143366020774e+00
1.518547607875833094e+00
1.513813730550078507e+00
1.509134847605184238e+00
1.504510298798771517e+00
1.499939427743071318e+00
1.495421582192430598e+00
1.490956114306492442e+00
1.486542380890592430e+00
1.482179743614744805e+00
1.477867569212642396e+00
1.473605229661838933e+00
1.469392102346362972e+00
1.465227570202884966e+00
1.461111021851452474e+00
1.457041851711803560e+00
1.453019460106205862e+00
1.449043253349686200e+00
1.445112643828451393e+00
1.441227050067319215e+00
1.437385896786877115e+00
1.433588614951009532e+00
1.429834641805531881e+00
1.426123420908436357e+00
1.422454402152406150e+00
1.418827041780069242e+00
1.415240802392538244e+00
1.411695152951700782e+00
1.408189568776693656e+00
1.404723531534993963e+00
1.401296529228506671e+00
1.397908056175046765e+00
1.394557612985528161e+00
1.391244706537198894e+00
1.387968849943245209e+00
1.384729562519032786e+00
1.381526369745261329e+00
1.378358803228284968e+00
1.375226400657828307e+00
1.372128705762363454e+00
1.369065268262283031e+00
1.366035643821132961e+00
1.363039393995059356e+00
1.360076086180636246e+00
1.357145293561264010e+00
1.354246595052244651e+00
1.351379575244730846e+00
1.348543824348636289e+00
1.345738938134654061e+00
1.342964517875486541e+00
1.340220170286414936e+00
1.337505507465288179e+00
1.334820146832035537e+00
1.332163711067792189e+00
1.329535828053725055e+00
1.326936130809623027e+00
1.324364257432331327e+00
1.321819851034089277e+00
1.319302559680860520e+00
1.316812036330662572e+00
1.314347938772015834e+00
1.311909929562479871e+00
1.309497675967413732e+00
1.307110849898930338e+00
1.304749127855115987e+00
1.302412190859555174e+00
1.300099724401175161e+00
1.297811418374466008e+00
1.295546967020072771e+00
1.293306068865821334e+00
1.291088426668170808e+00
1.288893747354140196e+00
1.286721741963698706e+00
1.284572125592672753e+00
1.282444617336164105e+00
1.280338940232482514e+00
1.278254821207650771e+00
1.276191991020432903e+00
1.274150184207956560e+00
1.272129139031883183e+00
1.270128597425178363e+00
1.268148304939471060e+00
1.266188010692987920e+00
1.264247467319123963e+00
1.262326430915568398e+00
1.260424660994085233e+00
1.258541920430870764e+00
1.256677975417536786e+00
1.254832595412698870e+00
1.253005553094187707e+00
1.251196624311848415e+00
1.249405588040985116e+00
1.247632226336390593e+00
1.245876324286985026e+00
1.244137669971074445e+00
1.242416054412210036e+00
1.240711271535629212e+00
1.239023118125320844e+00
1.237351393781661146e+00
1.235695900879659526e+00
1.234056444527772411e+00
1.232432832527309730e+00
1.230824875332412471e+00
1.229232386010605138e+00
1.227655180203911067e+00
1.226093076090534417e+00
1.224545894347095709e+00
1.223013458111415375e+00
1.221495592945847974e+00
1.219992126801151100e+00
1.218502889980894288e+00
1.217027715106388630e+00
1.215566437082136853e+00
1.214118893061816973e+00
1.212684922414746902e+00
1.211264366692879291e+00
1.209857069598283097e+00
1.208462876951109655e+00
1.207081636658056567e+00
1.205713198681307441e+00
1.204357415007937915e+00
1.203014139619795753e+00
1.201683228463841679e+00
1.200364539422932753e+00
1.199057932287075579e+00
1.197763268725103636e+00
1.196480412256792469e+00
1.195209228225414089e+00
1.193949583770711476e+00
1.192701347802285428e+00
1.191464390973399734e+00
1.190238585655189807e+00
1.189023805911271658e+00
1.187819927472747672e+00
1.186626827713597399e+00
1.185444385626453379e+00
1.184272481798750221e+00
1.183110998389252266e+00
1.181959819104946519e+00
1.180818829178282403e+00
1.179687915344791893e+00
1.178566965821026491e+00
1.177455870282873907e+00
1.176354519844185376e+00
1.175262807035752255e+00
1.174180625784604359e+00
1.173107871393636481e+00
1.172044440521551767e+00
1.170990231163113737e+00
1.169945142629714274e+00
1.168909075530245589e+00
1.167881931752261293e+00
1.166863614443446551e+00
1.165854027993363573e+00
1.164853078015489984e+00
1.163860671329542296e+00
1.162876715944061612e+00
1.161901121039285112e+00
1.160933796950276209e+00
1.159974655150322276e+00
1.159023608234590608e+00
1.158080569904034629e+00
1.157145454949557895e+00
1.156218179236422561e+00
1.155298659688895002e+00
1.154386814275138562e+00
1.153482561992336120e+00
1.152585822852044251e+00
1.151696517865776315e+00
1.150814569030809364e+00
1.149939899316210212e+00
1.149072432649076658e+00
1.148212093900995656e+00
1.147358808874707536e+00
1.146512504290977841e+00
1.145673107775673438e+00
1.144840547847034706e+00
1.144014753903146664e+00
1.143195656209603506e+00
1.142383185887363428e+00
1.141577274900783312e+00
1.140777856045852801e+00
1.139984862938590693e+00
1.139198230003633183e+00
1.138417892462991077e+00
1.137643786324982642e+00
1.136875848373326336e+00
1.136114016156418716e+00
1.135358227976753343e+00
1.134608422880523992e+00
1.133864540647363750e+00
1.133126521780261964e+00
1.132394307495618202e+00
1.131667839713454526e+00
1.130947061047777424e+00
1.130231914797081849e+00
1.129522344935002254e+00
1.128818296101102847e+00
1.128119713591807072e+00
1.127426543351469856e+00
1.126738731963574214e+00
1.126056226642069502e+00
1.125378975222833144e+00
1.124706926155268460e+00
1.124040028494019516e+00
1.123378231890820755e+00
1.122721486586453876e+00
1.122069743402843045e+00
1.121422953735255579e+00
1.120781069544618092e+00
1.120144043349960539e+00
1.119511828220957295e+00
1.118884377770587246e+00
1.118261646147900912e+00
1.117643588030898139e+00
1.117030158619504832e+00
1.116421313628658041e+00
1.115817009281494521e+00
1.115217202302635213e+00
1.114621849911572538e+00
1.114030909816152271e+00
1.113444340206155347e+00
1.112862099746967814e+00
1.112284147573349369e+00
1.111710443283290495e+00
1.111140946931958640e+00
1.110575619025734984e+00
1.110014420516337585e+00
1.109457312795026462e+00
1.108904257686902151e+00
1.108355217445274654e+00
1.107810154746126097e+00
1.107269032682643095e+00
1.106731814759839283e+00
1.106198464889244004e+00
1.105668947383675826e+00
1.105143226952089552e+00
1.104621268694494951e+00
1.104103038096952094e+00
1.103588501026634638e+00
1.103077623726967049e+00
1.102570372812831545e+00
1.102066715265839436e+00
1.101566618429676847e+00
1.101070050005508616e+00
1.100576978047456356e+00
1.100087370958130695e+00
1.099601197484239901e+00
1.099118426712246466e+00
1.098639028064096745e+00
1.098162971293004997e+00
1.097690226479298481e+00
1.097220764026320738e+00
1.096754554656393488e+00
1.096291569406835142e+00
1.095831779626031954e+00
1.095375156969572661e+00
1.094921673396426209e+00
1.094471301165180099e+00
1.094024012830333348e+00
1.093579781238630533e+00
1.093138579525458898e+00
1.092700381111290975e+00
1.092265159698168953e+00
1.091832889266254991e+00
1.091403544070411957e+00
1.090977098636839893e+00
1.090553527759759556e+00
1.090132806498139040e+00
1.089714910172465911e+00
1.089299814361563312e+00
1.088887494899451358e+00
1.088477927872252060e+00
1.088071089615132436e+00
1.087666956709294697e+00
1.087265505979002844e+00
1.086866714488654351e+00
1.086470559539888470e+00
1.086077018668732519e+00
1.085686069642793905e+00
1.085297690458479458e+00
1.084911859338264728e+00
1.084528554727987926e+00
1.084147755294191384e+00
1.083769439921488775e+00
1.083393587709977846e+00
1.083020177972677134e+00
1.082649190233009096e+00
1.082280604222304765e+00
1.081914399877351274e+00
1.081550557337966900e+00
1.081189056944610760e+00
1.080829879236023583e+00
1.080473004946899129e+00
1.080118415005587584e+00
1.079766090531831368e+00
1.079416012834524263e+00
1.079068163409508951e+00
1.078722523937396760e+00
1.078379076281420490e+00
1.078037802485311891e+00
1.077698684771210225e+00
1.077361705537597469e+00
1.077026847357257289e+00
1.076694092975267525e+00
1.076363425307012012e+00
1.076034827436222141e+00
1.075708282613044187e+00
1.075383774252129054e+00
1.075061285930749122e+00
1.074740801386939282e+00
1.074422304517662408e+00
1.074105779376994807e+00
1.073791210174342980e+00
1.073478581272674592e+00
1.073167877186777863e+00
1.072859082581540946e+00
1.072552182270257282e+00
1.072247161212944722e+00
1.071944004514695292e+00
1.071642697424039170e+00
1.071343225331334637e+00
1.071045573767174020e+00
1.070749728400813838e+00
1.070455675038622267e+00
1.070163399622547251e+00
1.069872888228605934e+00
1.069584127065388079e+00
1.069297102472584360e+00
1.069011800919530186e+00
1.068728209003767304e+00
1.068446313449625373e+00
1.068166101106820198e+00
1.067887558949070392e+00
1.067610674072730914e+00
1.067335433695441260e+00
1.067061825154797639e+00
1.066789835907033357e+00
1.066519453525720529e+00
1.066250665700486433e+00
1.065983460235748082e+00
1.065717825049457446e+00
1.065453748171868664e+00
1.065191217744314134e+00
1.064930222018002137e+00
1.064670749352823798e+00
1.064412788216177352e+00
1.064156327181806638e+00
1.063901354928654897e+00
1.063647860239729903e+00
1.063395832000985308e+00
1.063145259200215076e+00
1.062896130925961025e+00
1.062648436366434135e+00
1.062402164808449401e+00
1.062157305636372451e+00
1.061913848331079935e+00
1.061671782468931458e+00
1.061431097720757277e+00
1.061191783850852000e+00
1.060953830715986923e+00
1.060717228264431489e+00
1.060481966534985387e+00
1.060248035656023324e+00
1.060015425844552661e+00
1.059784127405281273e+00
1.059554130729695176e+00
1.059325426295149253e+00
1.059098004663967751e+00
1.058871856482555884e+00
1.058646972480523196e+00
1.058423343469814482e+00
1.058200960343852914e+00
1.057979814076693836e+00
1.057759895722187871e+00
1.057541196413152251e+00
1.057323707360557030e+00
1.057107419852713504e+00
1.056892325254478626e+00
1.056678415006466087e+00
1.056465680624266268e+00
1.056254113697676633e+00
1.056043705889939233e+00
1.055834448936989967e+00
1.055626334646714515e+00
1.055419354898212925e+00
1.055213501641073748e+00
1.055008766894656613e+00
1.054805142747381907e+00
