-3.169806848263575439e+11
2.359055755891493078e+00
2.370918931888752468e+00
2.374777202012416044e+00
2.375462199477620828e+00
2.374386654123757268e+00
2.372172862776210422e+00
2.369132525646687526e+00
2.365434115297472939e+00
2.361175215968398078e+00
2.356416760880828853e+00
2.351200169116639316e+00
2.345556269677078642e+00
2.339510084844851789e+00
2.333083445651110921e+00
2.326296436992469019e+00
2.319168194697932783e+00
2.311717336260404654e+00
2.303962181222707351e+00
2.295920849679908393e+00
2.287611290184744739e+00
2.279051267400010516e+00
2.270258327776375040e+00
2.261249754426265746e+00
2.252042518082203237e+00
2.242653228389616782e+00
2.233098088123528058e+00
2.223392851851649699e+00
2.213552789869793536e+00
2.203592657774808394e+00
2.193526671733267097e+00
2.183368489300874238e+00
2.173131195514176994e+00
2.162827293892454428e+00
2.152468701938143880e+00
2.142066750700005073e+00
2.131632187956352009e+00
2.121175184582022588e+00
2.110705343677570678e+00
2.100231712060858236e+00
2.089762793746140268e+00
2.079306565064030110e+00
2.068870491104582765e+00
2.058461543195249543e+00
2.048086217154515332e+00
2.037750552090015432e+00
2.027460149537119172e+00
2.017220192758753861e+00
2.007035466051524608e+00
1.996910373924329907e+00
1.986848960036266432e+00
1.976854925798334550e+00
1.966931648560331203e+00
1.957082199318510352e+00
1.947309359893275360e+00
1.937615639537219714e+00
1.928003290944519499e+00
1.918474325641142286e+00
1.909030528743302035e+00
1.899673473078156150e+00
1.890404532666333459e+00
1.881224895570693167e+00
1.872135576119663414e+00
1.863137426516852546e+00
1.854231147851238326e+00
1.845417300524387016e+00
1.836696314112876927e+00
1.828068496685205213e+00
1.819534043593537875e+00
1.811093045761109632e+00
1.802745497486460069e+00
1.794491303785810565e+00
1.786330287294877417e+00
1.778262194750980463e+00
1.770286703076261681e+00
1.762403425082119446e+00
1.754611914814556028e+00
1.746911672559515516e+00
1.739302149526682051e+00
1.731782752229399147e+00
1.724352846577887455e+00
1.717011761702035066e+00
1.709758793519373432e+00
1.702593208063245545e+00
1.695514244585218488e+00
1.688521118445423630e+00
1.681613023803461671e+00
1.674789136122205147e+00
1.668048614495828197e+00
1.661390603813167832e+00
1.654814236766468438e+00
1.648318635715424918e+00
1.641902914415580117e+00
1.635566179619721394e+00
1.629307532560445138e+00
1.623126070321499581e+00
1.617020887105154792e+00
1.610991075402314898e+00
1.605035727071771001e+00
1.599153934334522020e+00
1.593344790688842938e+00
1.587607391751263641e+00
1.581940836028471242e+00
1.576344225624716655e+00
1.570816666889069069e+00
1.565357271006594164e+00
1.559965154537226617e+00
1.554639439905963316e+00
1.549379255847619374e+00
1.544183737809369905e+00
1.539052028313926179e+00
1.533983277286105729e+00
1.528976642345370784e+00
1.524031289066700490e+00
1.519146391212037539e+00
1.514321130934429327e+00
1.509554698956767194e+00
1.504846294727012701e+00
1.500195126551562730e+00
1.495600411708379651e+00
1.491061376541372274e+00
1.486577256537430225e+00
1.482147296387372970e+00
1.477770750032072922e+00
1.473446880694872396e+00
1.469174960901339144e+00
1.464954272487350773e+00
1.460784106596459520e+00
1.456663763667360723e+00
1.452592553412265675e+00
1.448569794786974896e+00
1.444594815953295530e+00
1.440666954234476549e+00
1.436785556064271496e+00
1.432949976930194991e+00
1.429159581311462368e+00
1.425413742612185786e+00
1.421711843090171179e+00
1.418053273781846091e+00
1.414437434423636342e+00
1.410863733370222306e+00
1.407331587509945692e+00
1.403840422177753622e+00
1.400389671065937591e+00
1.396978776132939970e+00
1.393607187510508716e+00
1.390274363409400138e+00
1.386979770023874847e+00
1.383722881435192953e+00
1.380503179514270373e+00
1.377320153823690330e+00
1.374173301519236334e+00
1.371062127251068574e+00
1.367986143064695348e+00
1.364944868301909420e+00
1.361937829501683961e+00
1.358964560301302082e+00
1.356024601337666002e+00
1.353117500148980135e+00
1.350242811076834526e+00
1.347400095168787004e+00
1.344588920081505545e+00
1.341808859984549018e+00
1.339059495464817839e+00
1.336340413431739371e+00
1.333651207023253349e+00
1.330991475512606881e+00
1.328360824216017866e+00
1.325758864401243020e+00
1.323185213197056065e+00
1.320639493503710238e+00
1.318121333904348713e+00
1.315630368577438425e+00
1.313166237210213083e+00
1.310728584913143813e+00
1.308317062135473385e+00
1.305931324581789399e+00
1.303571033129677481e+00
1.301235853748434756e+00
1.298925457418878882e+00
1.296639520054222006e+00
1.294377722422039634e+00
1.292139750067316850e+00
1.289925293236583226e+00
1.287734046803130195e+00
1.285565710193303346e+00
1.283419987313871191e+00
1.281296586480464628e+00
1.279195220347085993e+00
1.277115605836662837e+00
1.275057464072671509e+00
1.273020520311789916e+00
1.271004503877586345e+00
1.269009148095244122e+00
1.267034190227292800e+00
1.265079371410352316e+00
1.263144436592873898e+00
1.261229134473860647e+00
1.259333217442576647e+00
1.257456441519213763e+00
1.255598566296505680e+00
1.253759354882300059e+00
1.251938573843044411e+00
1.250135993148203450e+00
1.248351386115581496e+00
1.246584529357531945e+00
1.244835202728059365e+00
1.243103189270790221e+00
1.241388275167796262e+00
1.239690249689279211e+00
1.238008905144069693e+00
1.236344036830971937e+00
1.234695442990897396e+00
1.233062924759815049e+00
1.231446286122475531e+00
1.229845333866913970e+00
1.228259877539719769e+00
1.226689729402050899e+00
1.225134704386388940e+00
1.223594620054026416e+00
1.222069296553261353e+00
1.220558556578305032e+00
1.219062225328879423e+00
1.217580130470491184e+00
1.216112102095388892e+00
1.214657972684167087e+00
1.213217577068032682e+00
1.211790752391689097e+00
1.210377338076875642e+00
1.208977175786498659e+00
1.207590109389386379e+00
1.206215984925631979e+00
1.204854650572527497e+00
1.203505956611069516e+00
1.202169755393033501e+00
1.200845901308611241e+00
1.199534250754587195e+00
1.198234662103055292e+00
1.196946995670668645e+00
1.195671113688406395e+00
1.194406880271849491e+00
1.193154161391959400e+00
1.191912824846354191e+00
1.190682740231061798e+00
1.189463778912758674e+00
1.188255814001466071e+00
1.187058720323713734e+00
1.185872374396155005e+00
1.184696654399617355e+00
1.183531440153606562e+00
1.182376613091212114e+00
1.181232056234463812e+00
1.180097654170076948e+00
1.178973293025624258e+00
1.177858860446087341e+00
1.176754245570812873e+00
1.175659339010848958e+00
1.174574032826664283e+00
1.173498220506238532e+00
1.172431796943502302e+00
1.171374658417164039e+00
1.170326702569866706e+00
1.169287828387693740e+00
1.168257936180027379e+00
1.167236927559726745e+00
1.166224705423640540e+00
1.165221173933443266e+00
1.164226238496785193e+00
1.163239805748751410e+00
1.162261783533633297e+00
1.161292080886993539e+00
1.160330608018028453e+00
1.159377276292219872e+00
1.158431998214274117e+00
1.157494687411332990e+00
1.156565258616470082e+00
1.155643627652444660e+00
1.154729711415734661e+00
1.153823427860815709e+00
1.152924695984705483e+00
1.152033435811757434e+00
1.151149568378696975e+00
1.150273015719908365e+00
1.149403700852952293e+00
1.148541547764321047e+00
1.147686481395422398e+00
1.146838427628793955e+00
1.145997313274530027e+00
1.145163066056937629e+00
1.144335614601399653e+00
1.143514888421452547e+00
1.142700817906066035e+00
1.141893334307132468e+00
1.141092369727152001e+00
1.140297857107114510e+00
1.139509730214576244e+00
1.138727923631925876e+00
1.137952372744830631e+00
1.137183013730878933e+00
1.136419783548387574e+00
1.135662619925398298e+00
1.134911461348838912e+00
1.134166247053863152e+00
1.133426917013350410e+00
1.132693411927577998e+00
1.131965673214050616e+00
1.131243642997488585e+00
1.130527264099978613e+00
1.129816480031271997e+00
1.129111234979236267e+00
1.128411473800458253e+00
1.127717142010990603e+00
1.127028185777238845e+00
1.126344551907000335e+00
1.125666187840627774e+00
1.124993041642340819e+00
1.124325061991668262e+00
1.123662198175017668e+00
1.123004400077380893e+00
1.122351618174166399e+00
1.121703803523150356e+00
1.121060907756559866e+00
1.120422883073272091e+00
1.119789682231132844e+00
1.119161258539396187e+00
1.118537565851270621e+00
1.117918558556588282e+00
1.117304191574580718e+00
1.116694420346762806e+00
1.116089200829927242e+00
1.115488489489244062e+00
1.114892243291464080e+00
1.114300419698222910e+00
1.113712976659448683e+00
1.113129872606866799e+00
1.112551066447602599e+00
1.111976517557881072e+00
1.111406185776817601e+00
1.110840031400303074e+00
1.110278015174982702e+00
1.109720098292318546e+00
1.109166242382746859e+00
1.108616409509915135e+00
1.108070562165011541e+00
1.107528663261172497e+00
1.106990676127975970e+00
1.106456564506015372e+00
1.105926292541549838e+00
1.105399824781241547e+00
1.104877126166958989e+00
1.104358162030666390e+00
1.103842898089381297e+00
1.103331300440209217e+00
1.102823335555447315e+00
1.102318970277766041e+00
1.101818171815450720e+00
1.101320907737719956e+00
1.100827145970112220e+00
1.100336854789932595e+00
1.099850002821769479e+00
1.099366559033076785e+00
1.098886492729821640e+00
1.098409773552182944e+00
1.097936371470328520e+00
1.097466256780240457e+00
1.096999400099604616e+00
1.096535772363758765e+00
1.096075344821697328e+00
1.095618089032134534e+00
1.095163976859621968e+00
1.094712980470721631e+00
1.094265072330235178e+00
1.093820225197484453e+00
1.093378412122641308e+00
1.092939606443118050e+00
1.092503781780000072e+00
1.092070912034533769e+00
1.091640971384660208e+00
1.091213934281601183e+00
1.090789775446489696e+00
1.090368469867048162e+00
1.089949992794315925e+00
1.089534319739417390e+00
1.089121426470379905e+00
1.088711289008991612e+00
1.088303883627707025e+00
1.087899186846591038e+00
1.087497175430309104e+00
1.087097826385155841e+00
1.086701116956128255e+00
1.086307024624033390e+00
1.085915527102641498e+00
1.085526602335877611e+00
1.085140228495044434e+00
1.084756383976095195e+00
1.084375047396931357e+00
1.083996197594747635e+00
1.083619813623405870e+00
1.083245874750846660e+00
1.082874360456538732e+00
1.082505250428959620e+00
1.082138524563110327e+00
1.081774162958067054e+00
1.081412145914562473e+00
1.081052453932598079e+00
1.080695067709096735e+00
1.080339968135576312e+00
1.079987136295861960e+00
1.079636553463823256e+00
1.079288201101149980e+00
1.078942060855146767e+00
1.078598114556565957e+00
1.078256344217464191e+00
1.077916732029091218e+00
1.077579260359800450e+00
1.077243911752997052e+00
1.076910668925102010e+00
1.076579514763552403e+00
1.076250432324820983e+00
1.075923404832468178e+00
1.075598415675212527e+00
1.075275448405033529e+00
1.074954486735293813e+00
1.074635514538889947e+00
1.074318515846423905e+00
1.074003474844400507e+00
1.073690375873448399e+00
1.073379203426562789e+00
1.073069942147371059e+00
1.072762576828423908e+00
1.072457092409502932e+00
1.072153473975956173e+00
1.071851706757050104e+00
1.071551776124346267e+00
1.071253667590096992e+00
1.070957366805662003e+00
1.070662859559945890e+00
1.070370131777855560e+00
1.070079169518775908e+00
1.069789958975066346e+00
1.069502486470576885e+00
1.069216738459182636e+00
1.068932701523333861e+00
1.068650362372632001e+00
1.068369707842414584e+00
1.068090724892365229e+00
1.067813400605135632e+00
1.067537722184990434e+00
1.067263676956465401e+00
1.066991252363042708e+00
1.066720435965843761e+00
1.066451215442338674e+00
1.066183578585071734e+00
1.065917513300401298e+00
1.065653007607256786e+00
1.065390049635913439e+00
1.065128627626775071e+00
1.064868729929181468e+00
1.064610345000222003e+00
1.064353461403571233e+00
1.064098067808332049e+00
1.063844152987898362e+00
1.063591705818830446e+00
1.063340715279740722e+00
1.063091170450199963e+00
1.062843060509649717e+00
1.062596374736333393e+00
1.062351102506237099e+00
1.062107233292046260e+00
1.061864756662111553e+00
1.061623662279431279e+00
1.061383939900642170e+00
1.061145579375026626e+00
1.060908570643527948e+00
1.060672903737780226e+00
1.060438568779148438e+00
1.060205555977782543e+00
1.059973855631678452e+00
1.059743458125756099e+00
1.059514353930943065e+00
1.059286533603273295e+00
1.059059987782994039e+00
1.058834707193685443e+00
1.058610682641389467e+00
1.058387905013748131e+00
1.058166365279155752e+00
1.057946054485916276e+00
1.057726963761415728e+00
1.057509084311299752e+00
1.057292407418664926e+00
1.057076924443255850e+00
1.056862626820675999e+00
1.056649506061603905e+00
1.056437553751020442e+00
1.056226761547446547e+00
1.056017121182186269e+00
1.055808624458581813e+00
1.055601263251276567e+00
1.055395029505485471e+00
1.055189915236277143e+00
