-2.499544740576207275e+11
2.320495043025189830e+00
2.327817892293018165e+00
2.329592338193206658e+00
2.329072915555994605e+00
2.327384278224115199e+00
2.324955081061147233e+00
2.321967567787537767e+00
2.318508003008234120e+00
2.314622237640393099e+00
2.310338154418205114e+00
2.305675394100467734e+00
2.300649798948672498e+00
2.295275523399872952e+00
2.289566062101028088e+00
2.283534753077094859e+00
2.277195015805149936e+00
2.270560450140363340e+00
2.263644859753172423e+00
2.256462233745383017e+00
2.249026705136158544e+00
2.241352497113495268e+00
2.233453863689281782e+00
2.225345028944929471e+00
2.217040127563580931e+00
2.208553148390471232e+00
2.199897882124568049e+00
2.191087873803039709e+00
2.182136380426956013e+00
2.173056333852779076e+00
2.163860308912244790e+00
2.154560496608313169e+00
2.145168682153673068e+00
2.135696227563538052e+00
2.126154058479457376e+00
2.116552654881134643e+00
2.106902045335332208e+00
2.097211804431619697e+00
2.087491053062464630e+00
2.077748461217412412e+00
2.067992252977218115e+00
2.058230213412140408e+00
2.048469697108559640e+00
2.038717638068686888e+00
2.028980560749279238e+00
2.019264592025911575e+00
2.009575473889887220e+00
1.999918576704091899e+00
1.990298912862932479e+00
1.980721150719141566e+00
1.971189628656277115e+00
1.961708369201371038e+00
1.952281093086061237e+00
1.942911233177327723e+00
1.933601948210965205e+00
1.924356136271254236e+00
1.915176447970045270e+00
1.906065299286972881e+00
1.897024884040227288e+00
1.888057185964100437e+00
1.879163990375380511e+00
1.870346895416083566e+00
1.861607322864498482e+00
1.852946528510507340e+00
1.844365612094517548e+00
1.835865526812345383e+00
1.827447088390721675e+00
1.819110983740324983e+00
1.810857779194708250e+00
1.802687928345192425e+00
1.794601779482616122e+00
1.786599582657942387e+00
1.778681496374126869e+00
1.770847593922450391e+00
1.763097869376469395e+00
1.755432243257211145e+00
1.747850567883091122e+00
1.740352632418177503e+00
1.732938167631973059e+00
1.725606850384213686e+00
1.718358307847304811e+00
1.711192121479212513e+00
1.704107830759058917e+00
1.697104936697281907e+00
1.690182905131973223e+00
1.683341169822448080e+00
1.676579135350762861e+00
1.669896179841521056e+00
1.663291657509721633e+00
1.656764901046190896e+00
1.650315223849533108e+00
1.643941922113246745e+00
1.637644276776203611e+00
1.631421555344276353e+00
1.625273013590537108e+00
1.619197897141117615e+00
1.613195442953355041e+00
1.607264880692622189e+00
1.601405434013818851e+00
1.595616321753227096e+00
1.589896759036127705e+00
1.584245958305222635e+00
1.578663130274723159e+00
1.573147484814623187e+00
1.567698231769430572e+00
1.562314581715433803e+00
1.556995746660287505e+00
1.551740940688540515e+00
1.546549380556466069e+00
1.541420286239431281e+00
1.536352881434727369e+00
1.531346394022815804e+00
1.526400056489522150e+00
1.521513106311779717e+00
1.516684786309225430e+00
1.511914344963893875e+00
1.507201036710048792e+00
1.502544122196195264e+00
1.497942868521006998e+00
1.493396549444958143e+00
1.488904445579284141e+00
1.484465844553780611e+00
1.480080041164869797e+00
1.475746337505263295e+00
1.471464043076543771e+00
1.467232474885761029e+00
1.463050957527230800e+00
1.458918823250517249e+00
1.454835412015628826e+00
1.450800071536284763e+00
1.446812157312170166e+00
1.442871032650960395e+00
1.438976068680826170e+00
1.435126644354216552e+00
1.431322146443495091e+00
1.427561969529103081e+00
1.423845515980806331e+00
1.420172195932577486e+00
1.416541427251622354e+00
1.412952635502033427e+00
1.409405253903489363e+00
1.405898723285458729e+00
1.402432492037262390e+00
1.399006016054380463e+00
1.395618758681336669e+00
1.392270190651466732e+00
1.388959790023896801e+00
1.385687042117996315e+00
1.382451439445536057e+00
1.379252481640847350e+00
1.376089675389159606e+00
1.372962534353360908e+00
1.369870579099353947e+00
1.366813337020200692e+00
1.363790342259223021e+00
1.360801135632232484e+00
1.357845264548994901e+00
1.354922282934126088e+00
1.352031751147481753e+00
1.349173235904221446e+00
1.346346310194608265e+00
1.343550553203652242e+00
1.340785550230736423e+00
1.338050892609240261e+00
1.335346177626298037e+00
1.332671008442743110e+00
1.330024994013305317e+00
1.327407749007133209e+00
1.324818893728673785e+00
1.322258054039011199e+00
1.319724861277666195e+00
1.317218952184910030e+00
1.314739968824663263e+00
1.312287558507966079e+00
1.309861373717110089e+00
1.307461072030402960e+00
1.305086316047648243e+00
1.302736773316321761e+00
1.300412116258489847e+00
1.298112022098482754e+00
1.295836172791336116e+00
1.293584254952031332e+00
1.291355959785515983e+00
1.289150983017554042e+00
1.286969024826380092e+00
1.284809789775206657e+00
1.282672986745535315e+00
1.280558328871336027e+00
1.278465533474050009e+00
1.276394321998451709e+00
1.274344419949360097e+00
1.272315556829184180e+00
1.270307466076334268e+00
1.268319885004472791e+00
1.266352554742610659e+00
1.264405220176043398e+00
1.262477629888134834e+00
1.260569536102926769e+00
1.258680694628586227e+00
1.256810864801672256e+00
1.254959809432226958e+00
1.253127294749678988e+00
1.251313090349549961e+00
1.249516969140973766e+00
1.247738707294986593e+00
1.245978084193631652e+00
1.244234882379819052e+00
1.242508887507962623e+00
1.240799888295385012e+00
1.239107676474472397e+00
1.237432046745567504e+00
1.235772796730613576e+00
1.234129726927512438e+00
1.232502640665212645e+00
1.230891344059499071e+00
1.229295645969491924e+00
1.227715357954827224e+00
1.226150294233529614e+00
1.224600271640561733e+00
1.223065109587021970e+00
1.221544630020014788e+00
1.220038657383160086e+00
1.218547018577739838e+00
1.217069542924475778e+00
1.215606062125923703e+00
1.214156410229471295e+00
1.212720423590958552e+00
1.211297940838860665e+00
1.209888802839081512e+00
1.208492852660300043e+00
1.207109935539894874e+00
1.205739898850424208e+00
1.204382592066651769e+00
1.203037866733108086e+00
1.201705576432194444e+00
1.200385576752799333e+00
1.199077725259432459e+00
1.197781881461870146e+00
1.196497906785290999e+00
1.195225664540909172e+00
1.193965019897082591e+00
1.192715839850902126e+00
1.191477993200246610e+00
1.190251350516294826e+00
1.189035784116484695e+00
1.187831168037933649e+00
1.186637378011268895e+00
1.185454291434917762e+00
1.184281787349794168e+00
1.183119746414420081e+00
1.181968050880439547e+00
1.180826584568547943e+00
1.179695232844809372e+00
1.178573882597360623e+00
1.177462422213502613e+00
1.176360741557166856e+00
1.175268731946742529e+00
1.174186286133277246e+00
1.173113298279027106e+00
1.172049663936361785e+00
1.170995280027009366e+00
1.169950044821649771e+00
1.168913857919829047e+00
1.167886620230203842e+00
1.166868233951118938e+00
1.165858602551485879e+00
1.164857630751983786e+00
1.163865224506556828e+00
1.162881290984219440e+00
1.161905738551152645e+00
1.160938476753092585e+00
1.159979416298004162e+00
1.159028469039032228e+00
1.158085547957732553e+00
1.157150567147569920e+00
1.156223441797683993e+00
1.155304088176922539e+00
1.154392423618115338e+00
1.153488366502620099e+00
1.152591836245107748e+00
1.151702753278588842e+00
1.150821039039686244e+00
1.149946615954141604e+00
1.149079407422549659e+00
1.148219337806328344e+00
1.147366332413906287e+00
1.146520317487131013e+00
1.145681220187899418e+00
1.144848968584992077e+00
1.144023491641123380e+00
1.143204719200195951e+00
1.142392581974753574e+00
1.141587011533636176e+00
1.140787940289829994e+00
1.139995301488506252e+00
1.139209029195251244e+00
1.138429058284484707e+00
1.137655324428048287e+00
1.136887764083990060e+00
1.136126314485514266e+00
1.135370913630101786e+00
1.134621500268811811e+00
1.133878013895741610e+00
1.133140394737651935e+00
1.132408583743757191e+00
1.131682522575673699e+00
1.130962153597520725e+00
1.130247419866180714e+00
1.129538265121704743e+00
1.128834633777872076e+00
1.128136470912888711e+00
1.127443722260237813e+00
1.126756334199662923e+00
1.126074253748297282e+00
1.125397428551924373e+00
1.124725806876373024e+00
1.124059337599047970e+00
1.123397970200585405e+00
1.122741654756641783e+00
1.122090341929799173e+00
1.121443982961604968e+00
1.120802529664722158e+00
1.120165934415205733e+00
1.119534150144895879e+00
1.118907130333921973e+00
1.118284829003324043e+00
1.117667200707784581e+00
1.117054200528469377e+00
1.116445784065977165e+00
1.115841907433393843e+00
1.115242527249453275e+00
1.114647600631798907e+00
1.114057085190345964e+00
1.113470939020744233e+00
1.112889120697938106e+00
1.112311589269822321e+00
1.111738304250991183e+00
1.111169225616583933e+00
1.110604313796216713e+00
1.110043529668008677e+00
1.109486834552694479e+00
1.108934190207823356e+00
1.108385558822045258e+00
1.107840903009480682e+00
1.107300185804171999e+00
1.106763370654620271e+00
1.106230421418392229e+00
1.105701302356822513e+00
1.105175978129777192e+00
1.104654413790503442e+00
1.104136574780550717e+00
1.103622426924768529e+00
1.103111936426370621e+00
1.102605069862080178e+00
1.102101794177337002e+00
1.101602076681578390e+00
1.101105885043587085e+00
1.100613187286906047e+00
1.100123951785321852e+00
1.099638147258408249e+00
1.099155742767133459e+00
1.098676707709542288e+00
1.098201011816481110e+00
1.097728625147400328e+00
1.097259518086205698e+00
1.096793661337177817e+00
1.096331025920942004e+00
1.095871583170499042e+00
1.095415304727311412e+00
1.094962162537447048e+00
1.094512128847773713e+00
1.094065176202211775e+00
1.093621277438033612e+00
1.093180405682221634e+00
1.092742534347874495e+00
1.092307637130662146e+00
1.091875688005332856e+00
1.091446661222271075e+00
1.091020531304095709e+00
1.090597273042315463e+00
1.090176861494024596e+00
1.089759271978645083e+00
1.089344480074718291e+00
1.088932461616733960e+00
1.088523192692010699e+00
1.088116649637613342e+00
1.087712809037318040e+00
1.087311647718614216e+00
1.086913142749750927e+00
1.086517271436824972e+00
1.086124011320904525e+00
1.085733340175195627e+00
1.085345236002245972e+00
1.084959677031188896e+00
1.084576641715021106e+00
1.084196108727921271e+00
1.083818056962603471e+00
1.083442465527705956e+00
1.083069313745216755e+00
1.082698581147931716e+00
1.082330247476950502e+00
1.081964292679202577e+00
1.081600696905009373e+00
1.081239440505677774e+00
1.080880504031125788e+00
1.080523868227540873e+00
1.080169514035069556e+00
1.079817422585537257e+00
1.079467575200197871e+00
1.079119953387516428e+00
1.078774538840977293e+00
1.078431313436925221e+00
1.078090259232430848e+00
1.077751358463188591e+00
1.077414593541439647e+00
1.077079947053924291e+00
1.076747401759858169e+00
1.076416940588940330e+00
1.076088546639381249e+00
1.075762203175961496e+00
1.075437893628113706e+00
1.075115601588030767e+00
1.074795310808797311e+00
1.074477005202546964e+00
1.074160668838641364e+00
1.073846285941876921e+00
1.073533840890711133e+00
1.073223318215512867e+00
1.072914702596836412e+00
1.072607978863716616e+00
1.072303131991986014e+00
1.072000147102615264e+00
1.071699009460072682e+00
1.071399704470706427e+00
1.071102217681147550e+00
1.070806534776731045e+00
1.070512641579941304e+00
1.070220524048874022e+00
1.069930168275717408e+00
1.069641560485257381e+00
1.069354687033395201e+00
1.069069534405689748e+00
1.068786089215914004e+00
1.068504338204632420e+00
1.068224268237795815e+00
1.067945866305352487e+00
1.067669119519879528e+00
1.067394015115227690e+00
1.067120540445188226e+00
1.066848682982170615e+00
1.066578430315901826e+00
1.066309770152140013e+00
1.066042690311402863e+00
1.065777178727713936e+00
1.065513223447363877e+00
1.065250812627686727e+00
1.064989934535852001e+00
1.064730577547670087e+00
1.064472730146416080e+00
1.064216380921664040e+00
1.063961518568138143e+00
1.063708131884576913e+00
1.063456209772611682e+00
1.063205741235660140e+00
1.062956715377831651e+00
1.062709121402845014e+00
1.062462948612964420e+00
1.062218186407941856e+00
1.061974824283977270e+00
1.061732851832690727e+00
1.061492258740103667e+00
1.061253034785635929e+00
1.061015169841115657e+00
1.060778653869797417e+00
1.060543476925395634e+00
1.060309629151126920e+00
1.060077100778768600e+00
1.059845882127720573e+00
1.059615963604088051e+00
1.059387335699767396e+00
1.059159988991547729e+00
1.058933914140221200e+00
1.058709101889703907e+00
1.058485543066167933e+00
1.058263228577185133e+00
1.058042149410876265e+00
1.057822296635076542e+00
1.057603661396506523e+00
1.057386234919955204e+00
1.057170008507471781e+00
1.056954973537566067e+00
1.056741121464419786e+00
1.056528443817109197e+00
1.056316932198830605e+00
1.056106578286142073e+00
1.055897373828208474e+00
1.055689310646059198e+00
1.055482380631852735e+00
1.055276575748149481e+00
1.055071888027194760e+00
