-2.089153354412062378e+11
2.290828785326752381e+00
2.287585384359825724e+00
2.284846769460888716e+00
2.282257043786821704e+00
2.279584440025652192e+00
2.276719510731400220e+00
2.273602416904982881e+00
2.270198336995299826e+00
2.266487016829819900e+00
2.262457772837747072e+00
2.258106696283284531e+00
2.253434823040784352e+00
2.248446821988443034e+00
2.243150025032337069e+00
2.237553706321762981e+00
2.231668547230130528e+00
2.225506238515895241e+00
2.219079182285588647e+00
2.212400265780260167e+00
2.205482686657053382e+00
2.198339815352188253e+00
2.190985084486342771e+00
2.183431898400119309e+00
2.175693558084954127e+00
2.167783198260469835e+00
2.159713734347431746e+00
2.151497817746204966e+00
2.143147798264432247e+00
2.134675692819077764e+00
2.126093159720557679e+00
2.117411477964877164e+00
2.108641531037501515e+00
2.099793794785389522e+00
2.090878328951057075e+00
2.081904771991630376e+00
2.072882338829615367e+00
2.063819821203995097e+00
2.054725590310614081e+00
2.045607601440948109e+00
2.036473400348411289e+00
2.027330131091007459e+00
2.018184545119210860e+00
2.009043011396983047e+00
1.999911527363217534e+00
1.990795730558865717e+00
1.981700910763031453e+00
1.972632022497578852e+00
1.963593697776027991e+00
1.954590258987157547e+00
1.945625731817196336e+00
1.936703858127756472e+00
1.927828108717710709e+00
1.919001695908291394e+00
1.910227585899996416e+00
1.901508510858870071e+00
1.892846980697246106e+00
1.884245294521183389e+00
1.875705551722873121e+00
1.867229662701799020e+00
1.858819359203200516e+00
1.850476204266443325e+00
1.842201601779627440e+00
1.833996805639788175e+00
1.825862928520676443e+00
1.817800950252358660e+00
1.809811725818710748e+00
1.801895992980473871e+00
1.794054379532701526e+00
1.786287410206561344e+00
1.778595513226079339e+00
1.770979026531150247e+00
1.763438203678421523e+00
1.755973219432096499e+00
1.748584175056624002e+00
1.741271103323565272e+00
1.734033973244651250e+00
1.726872694543021280e+00
1.719787121874500668e+00
1.712777058810420083e+00
1.705842261593338627e+00
1.698982442676627347e+00
1.692197274058576673e+00
1.685486390421355729e+00
1.678849392084785119e+00
1.672285847784403146e+00
1.665795297283230614e+00
1.659377253825791598e+00
1.653031206443045242e+00
1.646756622116232860e+00
1.640552947807295103e+00
1.634419612363277707e+00
1.628356028301714442e+00
1.622361593483586439e+00
1.616435692680280534e+00
1.610577699040438793e+00
1.604786975462525911e+00
1.599062875878424883e+00
1.593404746453235266e+00
1.587811926706094390e+00
1.582283750556663593e+00
1.576819547301554270e+00
1.571418642524855080e+00
1.566080358946636331e+00
1.560804017213080597e+00
1.555588936631709718e+00
1.550434435854970872e+00
1.545339833515320560e+00
1.540304448814632465e+00
1.535327602070734709e+00
1.530408615223667113e+00
1.525546812304071409e+00
1.520741519866043445e+00
1.515992067386584763e+00
1.511297787633748335e+00
1.506658017005351180e+00
1.502072095840112365e+00
1.497539368702865969e+00
1.493059184645556314e+00
1.488630897445410994e+00
1.484253865821821394e+00
1.479927453633199219e+00
1.475651030055121105e+00
1.471423969740933924e+00
1.467245652965921465e+00
1.463115465756124056e+00
1.459032800002765917e+00
1.454997053563257037e+00
1.451007630349596234e+00
1.447063940405064697e+00
1.443165399969940532e+00
1.439311431536966612e+00
1.435501463897283392e+00
1.431734932177451514e+00
1.428011277868176387e+00
1.424329948845300287e+00
1.420690399383609304e+00
1.417092090163955875e+00
1.413534488274156953e+00
1.410017067204130559e+00
1.406539306835681735e+00
1.403100693427322021e+00
1.399700719594531240e+00
1.396338884285723836e+00
1.393014692754353856e+00
1.389727656527381061e+00
1.386477293370404595e+00
1.383263127249782620e+00
1.380084688291898454e+00
1.376941512739908502e+00
1.373833142908119420e+00
1.370759127134240751e+00
1.367719019729708219e+00
1.364712380928239543e+00
1.361738776832821518e+00
1.358797779361258895e+00
1.355888966190470502e+00
1.353011920699639159e+00
1.350166231912387493e+00
1.347351494438047803e+00
1.344567308412194295e+00
1.341813279436530726e+00
1.339089018518202945e+00
1.336394142008684671e+00
1.333728271542267141e+00
1.331091033974284299e+00
1.328482061319127716e+00
1.325900990688095193e+00
1.323347464227212278e+00
1.320821129054991827e+00
1.318321637200293273e+00
1.315848645540228956e+00
1.313401815738259426e+00
1.310980814182463705e+00
1.308585311924040706e+00
1.306214984616103081e+00
1.303869512452771495e+00
1.301548580108608189e+00
1.299251876678442663e+00
1.296979095617571964e+00
1.294729934682425476e+00
1.292504095871641834e+00
1.290301285367655870e+00
1.288121213478749194e+00
1.285963594581618796e+00
1.283828147064490333e+00
1.281714593270738556e+00
1.279622659443082178e+00
1.277552075668342502e+00
1.275502575822767826e+00
1.273473897517942266e+00
1.271465782047290549e+00
1.269477974333175885e+00
1.267510222874599579e+00
1.265562279695510828e+00
1.263633900293727352e+00
1.261724843590469547e+00
1.259834871880503027e+00
1.257963750782916890e+00
1.256111249192500168e+00
1.254277139231751548e+00
1.252461196203496829e+00
1.250663198544131660e+00
1.248882927777473562e+00
1.247120168469233015e+00
1.245374708182086954e+00
1.243646337431377091e+00
1.241934849641387784e+00
1.240240041102259827e+00
1.238561710927471138e+00
1.236899661011927165e+00
1.235253695990643275e+00
1.233623623197999342e+00
1.232009252627594531e+00
1.230410396892654079e+00
1.228826871187030711e+00
1.227258493246748960e+00
1.225705083312130572e+00
1.224166464090451489e+00
1.222642460719168822e+00
1.221132900729677173e+00
1.219637614011601867e+00
1.218156432777633524e+00
1.216689191528874892e+00
1.215235727020710810e+00
1.213795878229200209e+00
1.212369486317953049e+00
1.210956394605534170e+00
1.209556448533333883e+00
1.208169495633951929e+00
1.206795385500040618e+00
1.205433969753639811e+00
1.204085102015970410e+00
1.202748637877695037e+00
1.201424434869636571e+00
1.200112352433940099e+00
1.198812251895686742e+00
1.197523996434943117e+00
1.196247451059238243e+00
1.194982482576470995e+00
1.193728959568236547e+00
1.192486752363565827e+00
1.191255733013066420e+00
1.190035775263480256e+00
1.188826754532619878e+00
1.187628547884709063e+00
1.186441034006093354e+00
1.185264093181344736e+00
1.184097607269726904e+00
1.182941459682035790e+00
1.181795535357792692e+00
1.180659720742805119e+00
1.179533903767068903e+00
1.178417973823021159e+00
1.177311821744126519e+00
1.176215339783811098e+00
1.175128421594713535e+00
1.174050962208264215e+00
1.172982858014585128e+00
1.171924006742706581e+00
1.170874307441092332e+00
1.169833660458460711e+00
1.168801967424917709e+00
1.167779131233385614e+00
1.166765056021305647e+00
1.165759647152646128e+00
1.164762811200183101e+00
1.163774455928056284e+00
1.162794490274601023e+00
1.161822824335444926e+00
1.160859369346874281e+00
1.159904037669453603e+00
1.158956742771904525e+00
1.158017399215232945e+00
1.157085922637109521e+00
1.156162229736482194e+00
1.155246238258441416e+00
1.154337866979315175e+00
1.153437035691987633e+00
1.152543665191462674e+00
1.151657677260635282e+00
1.150778994656293630e+00
1.149907541095336772e+00
1.149043241241199276e+00
1.148186020690497466e+00
1.147335805959870836e+00
1.146492524473033514e+00
1.145656104548024912e+00
1.144826475384655540e+00
1.144003567052146453e+00
1.143187310476960761e+00
1.142377637430819881e+00
1.141574480518908530e+00
1.140777773168255127e+00
1.139987449616295390e+00
1.139203444899608231e+00
1.138425694842826408e+00
1.137654136047714371e+00
1.136888705882416195e+00
1.136129342470866721e+00
1.135375984682361672e+00
1.134628572121289647e+00
1.133887045117021541e+00
1.133151344713949404e+00
1.132421412661680282e+00
1.131697191405380165e+00
1.130978624076256489e+00
1.130265654482196958e+00
1.129558227098539369e+00
1.128856287058985775e+00
1.128159780146654301e+00
1.127468652785262426e+00
1.126782852030448812e+00
1.126102325561219253e+00
1.125427021671525196e+00
1.124756889261966375e+00
1.124091877831622899e+00
1.123431937470002140e+00
1.122777018849111297e+00
1.122127073215645199e+00
1.121482052383296013e+00
1.120841908725171088e+00
1.120206595166328256e+00
1.119576065176415725e+00
1.118950272762434750e+00
1.118329172461592025e+00
1.117712719334272631e+00
1.117100868957106252e+00
1.116493577416145966e+00
1.115890801300137625e+00
1.115292497693895823e+00
1.114698624171773345e+00
1.114109138791228082e+00
1.113524000086486332e+00
1.112943167062292904e+00
1.112366599187761596e+00
1.111794256390305602e+00
1.111226099049664517e+00
1.110662087992017710e+00
1.110102184484176968e+00
1.109546350227869738e+00
1.108994547354104521e+00
1.108446738417618871e+00
1.107902886391399333e+00
1.107362954661295973e+00
1.106826907020700856e+00
1.106294707665309129e+00
1.105766321187958257e+00
1.105241712573534540e+00
1.104720847193959576e+00
1.104203690803243987e+00
1.103690209532614874e+00
1.103180369885711887e+00
1.102674138733851450e+00
1.102171483311360944e+00
1.101672371210972612e+00
1.101176770379296954e+00
1.100684649112343205e+00
1.100195976051115299e+00
1.099710720177268009e+00
1.099228850808818825e+00
1.098750337595931326e+00
1.098275150516744514e+00
1.097803259873274317e+00
1.097334636287363496e+00
1.096869250696691278e+00
1.096407074350840283e+00
1.095948078807417625e+00
1.095492235928230196e+00
1.095039517875511459e+00
1.094589897108207088e+00
1.094143346378304349e+00
1.093699838727217211e+00
1.093259347482223642e+00
1.092821846252945983e+00
1.092387308927886380e+00
1.091955709671004859e+00
1.091527022918352241e+00
1.091101223374737250e+00
1.090678286010454912e+00
1.090258186058045364e+00
1.089840899009109743e+00
1.089426400611158918e+00
1.089014666864512870e+00
1.088605674019239578e+00
1.088199398572136767e+00
1.087795817263753628e+00
1.087394907075452277e+00
1.086996645226514735e+00
1.086601009171279442e+00
1.086207976596327285e+00
1.085817525417698493e+00
1.085429633778149938e+00
1.085044280044448639e+00
1.084661442804702780e+00
1.084281100865725156e+00
1.083903233250440357e+00
1.083527819195317488e+00
1.083154838147841303e+00
1.082784269764017759e+00
1.082416093905913312e+00
1.082050290639224643e+00
1.081686840230882352e+00
1.081325723146686180e+00
1.080966920048973545e+00
1.080610411794315606e+00
1.080256179431244634e+00
1.079904204198016027e+00
1.079554467520393191e+00
1.079206951009466620e+00
1.078861636459497397e+00
1.078518505845795561e+00
1.078177541322618671e+00
1.077838725221103688e+00
1.077502040047223053e+00
1.077167468479769852e+00
1.076834993368365634e+00
1.076504597731498425e+00
1.076176264754582279e+00
1.075849977788046585e+00
1.075525720345446690e+00
1.075203476101598721e+00
1.074883228890742615e+00
1.074564962704723126e+00
1.074248661691200146e+00
1.073934310151878346e+00
1.073621892540760125e+00
1.073311393462422991e+00
1.073002797670316033e+00
1.072696090065080599e+00
1.072391255692892731e+00
1.072088279743823369e+00
1.071787147550224972e+00
1.071487844585133020e+00
1.071190356460692161e+00
1.070894668926600568e+00
1.070600767868572945e+00
1.070308639306825738e+00
1.070018269394580113e+00
1.069729644416582914e+00
1.069442750787646945e+00
1.069157575051211451e+00
1.068874103877917703e+00
1.068592324064204790e+00
1.068312222530922062e+00
1.068033786321958889e+00
1.067757002602891303e+00
1.067481858659648175e+00
1.067208341897188495e+00
1.066936439838202189e+00
1.066666140121819817e+00
1.066397430502346033e+00
1.066130298848000812e+00
1.065864733139682441e+00
1.065600721469742940e+00
1.065338252040778588e+00
1.065077313164437323e+00
1.064817893260238790e+00
1.064559980854408394e+00
1.064303564578728656e+00
1.064048633169402125e+00
1.063795175465929832e+00
1.063543180410000621e+00
1.063292637044398248e+00
1.063043534511918242e+00
1.062795862054299434e+00
1.062549609011169238e+00
1.062304764819000713e+00
1.062061319010080940e+00
1.061819261211495613e+00
1.061578581144121181e+00
1.061339268621634968e+00
1.061101313549530634e+00
1.060864705924150497e+00
1.060629435831728307e+00
1.060395493447441551e+00
1.060162869034476874e+00
1.059931552943108146e+00
1.059701535609781420e+00
1.059472807556214757e+00
1.059245359388505836e+00
1.059019181796254427e+00
1.058794265551687985e+00
1.058570601508806108e+00
1.058348180602530775e+00
1.058126993847863462e+00
1.057907032339060249e+00
1.057688287248808923e+00
1.057470749827421841e+00
1.057254411402031469e+00
1.057039263375805005e+00
1.056825297227157900e+00
1.056612504508982697e+00
1.056400876847887860e+00
1.056190405943438604e+00
1.055981083567416379e+00
1.055772901563077903e+00
1.055565851844427749e+00
1.055359926395500469e+00
1.055155117269645615e+00
