-1.878476558243076801e+08
2.286377950732592534e+00
2.282095691257296277e+00
2.281052354473169341e+00
2.279860409355833006e+00
2.278168480871599400e+00
2.275972626265915011e+00
2.273305165458099353e+00
2.270196738498531985e+00
2.266673073408055572e+00
2.262755828167737793e+00
2.258463706943858007e+00
2.253813409991576755e+00
2.248820369163427202e+00
2.243499279330279705e+00
2.237864456221704934e+00
2.231930058398311267e+00
2.225710209648875448e+00
2.219219052307518147e+00
2.212470755024220637e+00
2.205479492132878860e+00
2.198259406595993504e+00
2.190824564627848581e+00
2.183188907322432648e+00
2.175366202688655548e+00
2.167370000191961132e+00
2.159213589032635383e+00
2.150909960818492284e+00
2.142471776916421433e+00
2.133911340525498801e+00
2.125240573359924667e+00
2.116470996732800813e+00
2.107613716772645418e+00
2.098679413470627253e+00
2.089678333239617380e+00
2.080620284661242714e+00
2.071514637100032807e+00
2.062370321872320833e+00
2.053195835670268199e+00
2.043999245956510613e+00
2.034788198062113196e+00
2.025569923738551825e+00
2.016351250933297479e+00
2.007138614577313795e+00
1.997938068191634997e+00
1.988755296138114304e+00
1.979595626357291582e+00
1.970464043452939684e+00
1.961365201998660490e+00
1.952303439956794673e+00
1.943282792113771196e+00
1.934307003448694218e+00
1.925379542363793828e+00
1.916503613715981658e+00
1.907682171598516163e+00
1.898917931830520711e+00
1.890213384119996176e+00
1.881570803872820274e+00
1.872992263626741094e+00
1.864479644094436894e+00
1.856034644804955613e+00
1.847658794336721311e+00
1.839353460138971386e+00
1.831119857941806206e+00
1.822959060757310734e+00
1.814872007476848514e+00
1.806859511071170932e+00
1.798922266401692838e+00
1.791060857652526650e+00
1.783275765393791179e+00
1.775567373287524564e+00
1.767935974448106906e+00
1.760381777469517406e+00
1.752904912131939996e+00
1.745505434800453726e+00
1.738183333528463770e+00
1.730938532878696146e+00
1.723770898474011215e+00
1.716680241290587716e+00
1.709666321705416436e+00
1.702728853309908086e+00
1.695867506501037347e+00
1.689081911861132212e+00
1.682371663336998946e+00
1.675736321228763259e+00
1.669175414998288920e+00
1.662688445906799650e+00
1.656274889490802149e+00
1.649934197885090548e+00
1.643665802001186282e+00
1.637469113569162360e+00
1.631343527050529429e+00
1.625288421429358365e+00
1.619303161888547393e+00
1.613387101377781185e+00
1.607539582079387852e+00
1.601759936777962690e+00
1.596047490139385516e+00
1.590401559904465412e+00
1.584821458002267036e+00
1.579306491587798345e+00
1.573855964008613162e+00
1.568469175704466867e+00
1.563145425044096815e+00
1.557884009102874057e+00
1.552684224384874634e+00
1.547545367492760393e+00
1.542466735748615925e+00
1.537447627768745217e+00
1.532487343995230455e+00
1.527585187186946136e+00
1.522740462872486766e+00
1.517952479767377572e+00
1.513220550157812205e+00
1.508543990252995792e+00
1.503922120508021543e+00
1.499354265919219609e+00
1.494839756293636635e+00
1.490377926494325544e+00
1.485968116662989225e+00
1.481609672421433821e+00
1.477301945053171028e+00
1.473044291666477434e+00
1.468836075340127501e+00
1.464676665252894638e+00
1.460565436797923056e+00
1.456501771682980451e+00
1.452485058017475517e+00
1.448514690387221471e+00
1.444590069917678798e+00
1.440710604326532751e+00
1.436875707966298155e+00
1.433084801857667623e+00
1.429337313714224678e+00
1.425632677959167927e+00
1.421970335734566326e+00
1.418349734903738613e+00
1.414770330047223634e+00
1.411231582452813438e+00
1.407732960100114061e+00
1.404273937640043490e+00
1.400853996369633370e+00
1.397472624202551694e+00
1.394129315635613375e+00
1.390823571711694351e+00
1.387554899979262402e+00
1.384322814448869954e+00
1.381126835546845788e+00
1.377966490066439675e+00
1.374841311116631548e+00
1.371750838068883427e+00
1.368694616501962225e+00
1.365672198145066574e+00
1.362683140819443750e+00
1.359727008378631474e+00
1.356803370647494678e+00
1.353911803360227983e+00
1.351051888097397624e+00
1.348223212222235512e+00
1.345425368816208556e+00
1.342657956614060843e+00
1.339920579938367551e+00
1.337212848633737572e+00
1.334534378000720389e+00
1.331884788729535751e+00
1.329263706833664349e+00
1.326670763583410517e+00
1.324105595439474925e+00
1.321567843986601432e+00
1.319057155867376263e+00
1.316573182716202606e+00
1.314115581093527885e+00
1.311684012420339052e+00
1.309278142913000931e+00
1.306897643518443175e+00
1.304542189849748013e+00
1.302211462122178975e+00
1.299905145089652381e+00
1.297622927981709084e+00
1.295364504440988718e+00
1.293129572461237276e+00
1.290917834325870484e+00
1.288728996547107375e+00
1.286562769805679185e+00
1.284418868891161747e+00
1.282297012642899636e+00
1.280196923891565586e+00
1.278118329401353837e+00
1.276060959812816753e+00
1.274024549586348254e+00
1.272008836946331156e+00
1.270013563825939995e+00
1.268038475812609978e+00
1.266083322094181618e+00
1.264147855405708398e+00
1.262231831976943219e+00
1.260335011480490541e+00
1.258457156980643976e+00
1.256598034882887127e+00
1.254757414884063893e+00
1.252935069923230005e+00
1.251130776133166478e+00
1.249344312792545875e+00
1.247575462278781577e+00
1.245824010021520101e+00
1.244089744456789104e+00
1.242372456981799100e+00
1.240671941910385767e+00
1.238987996429097516e+00
1.237320420553910560e+00
1.235669017087579036e+00
1.234033591577607059e+00
1.232413952274834079e+00
1.230809910092642401e+00
1.229221278566761333e+00
1.227647873815673307e+00
1.226089514501613076e+00
1.224546021792155992e+00
1.223017219322378280e+00
1.221502933157601056e+00
1.220002991756693023e+00
1.218517225935935810e+00
1.217045468833438893e+00
1.215587555874106940e+00
1.214143324735136309e+00
1.212712615312053988e+00
1.211295269685269904e+00
1.209891132087163035e+00
1.208500048869656451e+00
1.207121868472321280e+00
1.205756441390958722e+00
1.204403620146679010e+00
1.203063259255467976e+00
1.201735215198220352e+00
1.200419346391256248e+00
1.199115513157285262e+00
1.197823577696838004e+00
1.196543404060146143e+00
1.195274858119456995e+00
1.194017807541795984e+00
1.192772121762150306e+00
1.191537671957082045e+00
1.190314331018750282e+00
1.189101973529353762e+00
1.187900475735971684e+00
1.186709715525805731e+00
1.185529572401809117e+00
1.184359927458709549e+00
1.183200663359405214e+00
1.182051664311736916e+00
1.180912816045631697e+00
1.179784005790607715e+00
1.178665122253626851e+00
1.177556055597312579e+00
1.176456697418507780e+00
1.175366940727165854e+00
1.174286679925586885e+00
1.173215810787976210e+00
1.172154230440328293e+00
1.171101837340631224e+00
1.170058531259385415e+00
1.169024213260426270e+00
1.167998785682052398e+00
1.166982152118457572e+00
1.165974217401451574e+00
1.164974887582462815e+00
1.163984069914845154e+00
1.163001672836444733e+00
1.162027605952452358e+00
1.161061780018522116e+00
1.160104106924159773e+00
1.159154499676370742e+00
1.158212872383564296e+00
1.157279140239716231e+00
1.156353219508772678e+00
1.155435027509308155e+00
1.154524482599418089e+00
1.153621504161848277e+00
1.152726012589364135e+00
1.151837929270341787e+00
1.150957176574587182e+00
1.150083677839381258e+00
1.149217357355735158e+00
1.148358140354866830e+00
1.147505952994887668e+00
1.146660722347692118e+00
1.145822376386055108e+00
1.144990843970934868e+00
1.144166054838960056e+00
1.143347939590125595e+00
1.142536429675670373e+00
1.141731457386144788e+00
1.140932955839666363e+00
1.140140858970350557e+00
1.139355101516925872e+00
1.138575619011527484e+00
1.137802347768647415e+00
1.137035224874280770e+00
1.136274188175212307e+00
1.135519176268487307e+00
1.134770128491034979e+00
1.134026984909452196e+00
1.133289686309942645e+00
1.132558174188415645e+00
1.131832390740727945e+00
1.131112278853079189e+00
1.130397782092554593e+00
1.129688844697810834e+00
1.128985411569899622e+00
1.128287428263235137e+00
1.127594840976700041e+00
1.126907596544877599e+00
1.126225642429429019e+00
1.125548926710588926e+00
1.124877398078797608e+00
1.124211005826455612e+00
1.123549699839802907e+00
1.122893430590921060e+00
1.122242149129855537e+00
1.121595807076854356e+00
1.120954356614726199e+00
1.120317750481308883e+00
1.119685941962054176e+00
1.119058884882720761e+00
1.118436533602175764e+00
1.117818843005307317e+00
1.117205768496037699e+00
1.116597265990442178e+00
1.115993291909970209e+00
1.115393803174765441e+00
1.114798757197088985e+00
1.114208111874832818e+00
1.113621825585134228e+00
1.113039857178080183e+00
1.112462165970512507e+00
1.111888711739909441e+00
1.111319454718372457e+00
1.110754355586692332e+00
1.110193375468501165e+00
1.109636475924517196e+00
1.109083618946866912e+00
1.108534766953487738e+00
1.107989882782624225e+00
1.107448929687389283e+00
1.106911871330413355e+00
1.106378671778571743e+00
1.105849295497781215e+00
1.105323707347876772e+00
1.104801872577562794e+00
1.104283756819436135e+00
1.103769326085076274e+00
1.103258546760214953e+00
1.102751385599965994e+00
1.102247809724128391e+00
1.101747786612558899e+00
1.101251284100601247e+00
1.100758270374590841e+00
1.100268713967421430e+00
1.099782583754165488e+00
1.099299848947771219e+00
1.098820479094808844e+00
1.098344444071283732e+00
1.097871714078505478e+00
1.097402259639018496e+00
1.096936051592583006e+00
1.096473061092223977e+00
1.096013259600324252e+00
1.095556618884779621e+00
1.095103111015203634e+00
1.094652708359189930e+00
1.094205383578621626e+00
1.093761109626037786e+00
1.093319859741045397e+00
1.092881607446783088e+00
1.092446326546436808e+00
1.092013991119797911e+00
1.091584575519877642e+00
1.091158054369557151e+00
1.090734402558294791e+00
1.090313595238869615e+00
1.089895607824179269e+00
1.089480415984070971e+00
1.089067995642225783e+00
1.088658322973080850e+00
1.088251374398793381e+00
1.087847126586245938e+00
1.087445556444098349e+00
1.087046641119872259e+00
1.086650357997077432e+00
1.086256684692381569e+00
1.085865599052812325e+00
1.085477079153002178e+00
1.085091103292465720e+00
1.084707649992920464e+00
1.084326697995635191e+00
1.083948226258824032e+00
1.083572213955065644e+00
1.083198640468763241e+00
1.082827485393638378e+00
1.082458728530256709e+00
1.082092349883585269e+00
1.081728329660586185e+00
1.081366648267841013e+00
1.081007286309205284e+00
1.080650224583495467e+00
1.080295444082206346e+00
1.079942925987259938e+00
1.079592651668781933e+00
1.079244602682908782e+00
1.078898760769624987e+00
1.078555107850624584e+00
1.078213626027208605e+00
1.077874297578198970e+00
1.077537104957891900e+00
1.077202030794030652e+00
1.076869057885803338e+00
1.076538169201874950e+00
1.076209347878437361e+00
1.075882577217287750e+00
1.075557840683931676e+00
1.075235121905712798e+00
1.074914404669963686e+00
1.074595672922181278e+00
1.074278910764227213e+00
1.073964102452551472e+00
1.073651232396438449e+00
1.073340285156272778e+00
1.073031245441832926e+00
1.072724098110603652e+00
1.072418828166108229e+00
1.072115420756266646e+00
1.071813861171770021e+00
1.071514134844479882e+00
1.071216227345845207e+00
1.070920124385339678e+00
1.070625811808920691e+00
1.070333275597507017e+00
1.070042501865473117e+00
1.069753476859167884e+00
1.069466186955447595e+00
1.069180618660229065e+00
1.068896758607059905e+00
1.068614593555710757e+00
1.068334110390777747e+00
1.068055296120311581e+00
1.067778137874455302e+00
1.067502622904105580e+00
1.067228738579586667e+00
1.066956472389342547e+00
1.066685811938645756e+00
1.066416744948320616e+00
1.066149259253485138e+00
1.065883342802304456e+00
1.065618983654763596e+00
1.065356169981453549e+00
1.065094890062372679e+00
1.064835132285741892e+00
1.064576885146837126e+00
1.064320137246832942e+00
1.064064877291661881e+00
1.063811094090888920e+00
1.063558776556597030e+00
1.063307913702289609e+00
1.063058494641802465e+00
1.062810508588233116e+00
1.062563944852879860e+00
1.062318792844194837e+00
1.062075042066751740e+00
1.061832682120221971e+00
1.061591702698368778e+00
1.061352093588046275e+00
1.061113844668217565e+00
1.060876945908980629e+00
1.060641387370607758e+00
1.060407159202593652e+00
1.060174251642719723e+00
1.059942655016126389e+00
1.059712359734395593e+00
1.059483356294646406e+00
1.059255635278642860e+00
1.059029187351906431e+00
1.058804003262846738e+00
1.058580073841896230e+00
1.058357390000659315e+00
1.058135942731069035e+00
1.057915723104554617e+00
1.057696722271220136e+00
1.057478931459030269e+00
1.057262341973007613e+00
1.057046945194439314e+00
1.056832732580091028e+00
1.056619695661434211e+00
1.056407826043877174e+00
1.056197115406009468e+00
1.055987555498853370e+00
1.055779138145123808e+00
1.055571855238497392e+00
1.055365698742890102e+00
1.055160660691743191e+00
1.054956733187317308e+00
