2.512646544496195068e+11
2.727199057495750978e+00
2.725444462536205315e+00
2.721395456176492367e+00
2.714712596237647713e+00
2.705909655339570286e+00
2.695391224944740927e+00
2.683445515447218099e+00
2.670294486283976809e+00
2.656122545092193921e+00
2.641090259292150133e+00
2.625340822166234211e+00
2.609003156681423796e+00
2.592193464046130380e+00
2.575016084015290474e+00
2.557564094824782863e+00
2.539919860418906161e+00
2.522155616106885212e+00
2.504334121196363228e+00
2.486509374684386486e+00
2.468727375032798932e+00
2.451026900058626001e+00
2.433440283547876781e+00
2.415994168587876523e+00
2.398710222113827228e+00
2.381605799786962407e+00
2.364694554523746106e+00
2.347986985526994363e+00
2.331490927458254703e+00
2.315211981466684499e+00
2.299153891236521474e+00
2.283318868138471736e+00
2.267707870077764643e+00
2.252320838822400084e+00
2.237156900556459327e+00
2.222214534205177561e+00
2.207491711778389210e+00
2.192986014620346147e+00
2.178694729068388014e+00
2.164614924634435056e+00
2.150743517446907838e+00
2.137077321337053526e+00
2.123613088628188983e+00
2.110347542392509990e+00
2.097277401677940301e+00
2.084399400976656658e+00
2.071710305005396435e+00
2.059206919693341575e+00
2.046886100123467500e+00
2.034744756045673952e+00
2.022779855471132038e+00
2.010988426766016524e+00
1.999367559585722987e+00
1.987914404926412359e+00
1.976626174517044365e+00
1.965500139731002571e+00
1.954533630159462909e+00
1.943724031958800280e+00
1.933068786059701782e+00
1.922565386305653989e+00
1.912211377572131887e+00
1.902004353905033085e+00
1.891941956706209904e+00
1.882021872985785826e+00
1.872241833694435531e+00
1.862599612143575722e+00
1.853093022517635635e+00
1.843719918479473030e+00
1.834478191867765728e+00
1.825365771483688171e+00
1.816380621962918607e+00
1.807520742728276231e+00
1.798784167017883684e+00
1.790168960983455015e+00
1.781673222853195071e+00
1.773295082154012547e+00
1.765032698987691218e+00
1.756884263356150555e+00
1.748847994530875916e+00
1.740922140462325407e+00
1.733104977224900978e+00
1.725394808493944776e+00
1.717789965051147227e+00
1.710288804315191147e+00
1.702889709894816805e+00
1.695591091161695374e+00
1.688391382840751520e+00
1.681289044615918549e+00
1.674282560749400961e+00
1.667370439712910768e+00
1.660551213829315476e+00
1.653823438923529121e+00
1.647185693981493726e+00
1.640636580816263290e+00
1.634174723740418944e+00
1.627798769244047872e+00
1.621507385677702917e+00
1.615299262939775993e+00
1.609173112167920250e+00
1.603127665434058713e+00
1.597161675442787976e+00
1.591273915232795932e+00
1.585463177881223817e+00
1.579728276210725424e+00
1.574068042499133124e+00
1.568481328191653645e+00
1.562967003615481909e+00
1.557523957696865580e+00
1.552151097680518843e+00
1.546847348851440707e+00
1.541611654259104291e+00
1.536442974444054865e+00
1.531340287166924607e+00
1.526302587139928502e+00
1.521328885760818261e+00
1.516418210849406423e+00
1.511569606386628628e+00
1.506782132256256013e+00
1.502054863989249256e+00
1.497386892510809364e+00
1.492777323890182251e+00
1.488225279093258191e+00
1.483729893737947947e+00
1.479290317852469894e+00
1.474905715636478876e+00
1.470575265225141148e+00
1.466298158456139422e+00
1.462073600639647974e+00
1.457900810331305141e+00
1.453779019108168979e+00
1.449707471347721599e+00
1.445685424009890419e+00
1.441712146422085006e+00
1.437786920067334995e+00
1.433909038375411393e+00
1.430077806517034977e+00
1.426292541201113373e+00
1.422552570475012601e+00
1.418857233527856421e+00
1.415205880496847701e+00
1.411597872276597831e+00
1.408032580331422645e+00
1.404509386510651048e+00
1.401027682866835988e+00
1.397586871476952819e+00
1.394186364266461364e+00
1.390825582836286545e+00
1.387503958292644501e+00
1.384220931079710226e+00
1.380975950815098496e+00
1.377768476128103270e+00
1.374597974500717523e+00
1.371463922111356926e+00
1.368365803681254711e+00
1.365303112323553059e+00
1.362275349394982404e+00
1.359282024350140894e+00
1.356322654598348887e+00
1.353396765362994802e+00
1.350503889543400504e+00
1.347643567579117407e+00
1.344815347316658638e+00
1.342018783878605070e+00
1.339253439535059043e+00
1.336518883577425099e+00
1.333814692194452478e+00
1.331140448350534022e+00
1.328495741666209984e+00
1.325880168300835660e+00
1.323293330837401971e+00
1.320734838169456804e+00
1.318204305390084041e+00
1.315701353682924069e+00
1.313225610215207340e+00
1.310776708032729054e+00
1.308354285956783603e+00
1.305957988482973064e+00
1.303587465681915525e+00
1.301242373101746619e+00
1.298922371672462717e+00
1.296627127612005159e+00
1.294356312334099757e+00
1.292109602357802700e+00
1.289886679218708920e+00
1.287687229381831777e+00
1.285510944156069701e+00
1.283357519610286879e+00
1.281226656490936477e+00
1.279118060141211100e+00
1.277031440421713571e+00
1.274966511632567023e+00
1.272922992437006240e+00
1.270900605786365878e+00
1.268899078846466910e+00
1.266918142925365531e+00
1.264957533402444545e+00
1.263016989658825473e+00
1.261096255009058309e+00
1.259195076634084032e+00
1.257313205515441457e+00
1.255450396370679123e+00
1.253606407589978877e+00
1.251781001173930985e+00
1.249973942672479632e+00
1.248185001124979765e+00
1.246413949001363708e+00
1.244660562144395133e+00
1.242924619712983514e+00
1.241205904126538195e+00
1.239504201010356299e+00
1.237819299141997398e+00
1.236150990398653393e+00
1.234499069705486951e+00
1.232863334984900305e+00
1.231243587106745752e+00
1.229639629839435200e+00
1.228051269801956336e+00
1.226478316416745207e+00
1.224920581863437885e+00
1.223377881033440584e+00
1.221850031485343324e+00
1.220336853401135846e+00
1.218838169543214001e+00
1.217353805212169959e+00
1.215883588205343369e+00
1.214427348776116800e+00
1.212984919593955269e+00
1.211556135705156301e+00
1.210140834494300988e+00
1.208738855646420252e+00
1.207350041109813255e+00
1.205974235059541932e+00
1.204611283861589888e+00
1.203261036037640119e+00
1.201923342230498903e+00
1.200598055170126521e+00
1.199285029640271949e+00
1.197984122445706401e+00
1.196695192380031081e+00
1.195418100194059807e+00
1.194152708564756749e+00
1.192898882064721944e+00
1.191656487132227715e+00
1.190425392041763342e+00
1.189205466875104644e+00
1.187996583492899383e+00
1.186798615506742927e+00
1.185611438251738203e+00
1.184434928759545258e+00
1.183268965731897771e+00
1.182113429514574543e+00
1.180968202071827067e+00
1.179833166961258728e+00
1.178708209309127675e+00
1.177593215786080227e+00
1.176488074583311505e+00
1.175392675389125730e+00
1.174306909365907314e+00
1.173230669127488968e+00
1.172163848716900825e+00
1.171106343584510157e+00
1.170058050566527452e+00
1.169018867863885314e+00
1.167988695021471734e+00
1.166967432907727309e+00
1.165954983694574176e+00
1.164951250837700236e+00
1.163956139057170214e+00
1.162969554318360688e+00
1.161991403813229962e+00
1.161021595941889695e+00
1.160060040294496053e+00
1.159106647633440623e+00
1.158161329875844192e+00
1.157224000076337855e+00
1.156294572410136778e+00
1.155372962156397065e+00
1.154459085681844410e+00
1.153552860424683413e+00
1.152654204878764688e+00
1.151763038578023757e+00
1.150879282081171517e+00
1.150002856956638286e+00
1.149133685767769419e+00
1.148271692058265403e+00
1.147416800337851095e+00
1.146568936068195210e+00
1.145728025649052961e+00
1.144893996404631409e+00
1.144066776570185739e+00
1.143246295278830038e+00
1.142432482548562112e+00
1.141625269269501031e+00
1.140824587191331396e+00
1.140030368910948999e+00
1.139242547860309651e+00
1.138461058294471195e+00
1.137685835279830471e+00
1.136916814682547239e+00
1.136153933157155738e+00
1.135397128135360756e+00
1.134646337815005346e+00
1.133901501149225499e+00
1.133162557835770468e+00
1.132429448306496056e+00
1.131702113717022229e+00
1.130980495936557251e+00
1.130264537537886804e+00
1.129554181787511435e+00
1.128849372635950088e+00
1.128150054708189520e+00
1.127456173294287600e+00
1.126767674340125147e+00
1.126084504438297218e+00
1.125406610819154052e+00
1.124733941341975907e+00
1.124066444486294447e+00
1.123404069343334699e+00
1.122746765607608221e+00
1.122094483568619294e+00
1.121447174102715438e+00
1.120804788665049623e+00
1.120167279281680361e+00
1.119534598541779502e+00
1.118906699589975240e+00
1.118283536118800159e+00
1.117665062361261175e+00
1.117051233083522721e+00
1.116442003577699627e+00
1.115837329654764565e+00
1.115237167637560090e+00
1.114641474353915251e+00
1.114050207129872128e+00
1.113463323783012493e+00
1.112880782615881747e+00
1.112302542409522754e+00
1.111728562417090060e+00
1.111158802357581576e+00
1.110593222409647973e+00
1.110031783205499556e+00
1.109474445824909505e+00
1.108921171789300830e+00
1.108371923055922581e+00
1.107826662012117547e+00
1.107285351469670553e+00
1.106747954659240252e+00
1.106214435224878834e+00
1.105684757218627912e+00
1.105158885095195442e+00
1.104636783706714143e+00
1.104118418297571846e+00
1.103603754499325573e+00
1.103092758325681544e+00
1.102585396167555132e+00
1.102081634788201647e+00
1.101581441318416843e+00
1.101084783251809140e+00
1.100591628440141578e+00
1.100101945088736155e+00
1.099615701751955221e+00
1.099132867328735053e+00
1.098653411058196028e+00
1.098177302515311204e+00
1.097704511606634403e+00
1.097235008566097125e+00
1.096768763950859427e+00
1.096305748637223187e+00
1.095845933816604223e+00
1.095389290991561015e+00
1.094935791971880956e+00
1.094485408870721432e+00
1.094038114100808645e+00
1.093593880370685723e+00
1.093152680681019229e+00
1.092714488320952970e+00
1.092279276864519755e+00
1.091847020167096893e+00
1.091417692361915659e+00
1.090991267856621150e+00
1.090567721329876116e+00
1.090147027728017193e+00
1.089729162261753981e+00
1.089314100402916985e+00
1.088901817881249734e+00
1.088492290681245755e+00
1.088085495039032624e+00
1.087681407439291981e+00
1.087280004612230622e+00
1.086881263530587338e+00
1.086485161406686384e+00
1.086091675689526470e+00
1.085700784061912838e+00
1.085312464437630409e+00
1.084926694958651794e+00
1.084543453992385720e+00
1.084162720128963642e+00
1.083784472178562330e+00
1.083408689168765093e+00
1.083035350341956526e+00
1.082664435152750571e+00
1.082295923265463866e+00
1.081929794551610424e+00
1.081566029087436487e+00
1.081204607151490915e+00
1.080845509222224887e+00
1.080488715975623126e+00
1.080134208282870656e+00
1.079781967208048643e+00
1.079431974005861994e+00
1.079084210119395593e+00
1.078738657177903848e+00
1.078395296994625330e+00
1.078054111564632933e+00
1.077715083062705803e+00
1.077378193841232790e+00
1.077043426428145878e+00
1.076710763524877157e+00
1.076380188004343763e+00
1.076051682908961249e+00
1.075725231448682484e+00
1.075400816999060094e+00
1.075078423099337988e+00
1.074758033450565531e+00
1.074439631913737481e+00
1.074123202507956343e+00
1.073808729408623375e+00
1.073496196945647352e+00
1.073185589601680201e+00
1.072876892010375727e+00
1.072570088954669432e+00
1.072265165365081652e+00
1.071962106318041785e+00
1.071660897034234949e+00
1.071361522876971284e+00
1.071063969350571687e+00
1.070768222098780420e+00
1.070474266903193694e+00
1.070182089681710025e+00
1.069891676486999676e+00
1.069603013504996758e+00
1.069316087053404640e+00
1.069030883580226909e+00
1.068747389662311198e+00
1.068465592003917664e+00
1.068185477435299457e+00
1.067907032911305842e+00
1.067630245510000631e+00
1.067355102431297942e+00
1.067081590995617724e+00
1.066809698642554594e+00
1.066539412929567332e+00
1.066270721530679477e+00
1.066003612235203679e+00
1.065738072946474047e+00
1.065474091680600699e+00
1.065211656565235865e+00
1.064950755838358631e+00
1.064691377847070353e+00
1.064433511046410041e+00
1.064177143998180641e+00
1.063922265369792841e+00
1.063668863933120434e+00
1.063416928563371444e+00
1.063166448237972572e+00
1.062917412035468301e+00
1.062669809134432430e+00
1.062423628812393828e+00
1.062178860444773720e+00
1.061935493503839201e+00
1.061693517557665611e+00
1.061452922269115362e+00
1.061213697394825628e+00
1.060975832784212258e+00
1.060739318378480345e+00
1.060504144209654775e+00
1.060270300399613896e+00
1.060037777159140049e+00
1.059806564786981653e+00
1.059576653668923951e+00
1.059348034276872630e+00
1.059120697167948988e+00
1.058894632983593542e+00
1.058669832448684733e+00
1.058446286370661849e+00
1.058223985638665265e+00
1.058002921222682691e+00
1.057783084172705390e+00
1.057564465617898408e+00
1.057347056765775672e+00
1.057130848901387754e+00
1.056915833386519843e+00
1.056702001658896606e+00
1.056489345231397925e+00
1.056277855691286405e+00
1.056067524699438653e+00
1.055858343989589443e+00
1.055650305367582531e+00
1.055443400710635693e+00
1.055237621966604644e+00
1.055032961153265170e+00
