2.526540531492460632e+11
2.297973186368402310e+00
2.299083438087389020e+00
2.297582571216098657e+00
2.295505913639718898e+00
2.293151324058849916e+00
2.290530701094648514e+00
2.287612737724763257e+00
2.284370924532040270e+00
2.280789856830942597e+00
2.276863257434268206e+00
2.272591256675389637e+00
2.267978323318486922e+00
2.263031872791076538e+00
2.257761356608044334e+00
2.252177660443588358e+00
2.246292694106935883e+00
2.240119100810587405e+00
2.233670041940717610e+00
2.226959031095291586e+00
2.219999801557592800e+00
2.212806197491844262e+00
2.205392082764345396e+00
2.197771263458335067e+00
2.189957421467308762e+00
2.181964057366986509e+00
2.173804441279251876e+00
2.165491570768992791e+00
2.157038135026092540e+00
2.148456484722713000e+00
2.139758607026626347e+00
2.130956105311971882e+00
2.122060183150972890e+00
2.113081632199824700e+00
2.104030823615832269e+00
2.094917702661872827e+00
2.085751786172187927e+00
2.076542162570193639e+00
2.067297494146043579e+00
2.058026021318416277e+00
2.048735568622659375e+00
2.039433552184683585e+00
2.030126988457955584e+00
2.020822504018289223e+00
2.011526346228763806e+00
2.002244394603779565e+00
1.992982172717827627e+00
1.983744860520277209e+00
1.974537306932158787e+00
1.965364042615360685e+00
1.956229292817400545e+00
1.947136990207421370e+00
1.938090787630320611e+00
1.929094070716067755e+00
1.920149970290965236e+00
1.911261374545931258e+00
1.902430940924735747e+00
1.893661107702014679e+00
1.884954105227003129e+00
1.876311966814426357e+00
1.867736539268885831e+00
1.859229493033191183e+00
1.850792331954884684e+00
1.842426402668346341e+00
1.834132903592667008e+00
1.825912893547756211e+00
1.817767299993197749e+00
1.809696926896057434e+00
1.801702462235045266e+00
1.793784485149861441e+00
1.785943472745104454e+00
1.778179806559105902e+00
1.770493778708418731e+00
1.762885597719076047e+00
1.755355394056081320e+00
1.747903225362595236e+00
1.740529081420457036e+00
1.733232888843466046e+00
1.726014515514993075e+00
1.718873774780986796e+00
1.711810429409601042e+00
1.704824195328126235e+00
1.697914745147752758e+00
1.691081711486383199e+00
1.684324690099418875e+00
1.677643242827977721e+00
1.671036900373861434e+00
1.664505164910059731e+00
1.658047512535283818e+00
1.651663395580810878e+00
1.645352244777264827e+00
1.639113471288993873e+00
1.632946468623054814e+00
1.626850614419661945e+00
1.620825272130576256e+00
1.614869792591645314e+00
1.608983515495326699e+00
1.603165770768795406e+00
1.597415879862999155e+00
1.591733156957600981e+00
1.586116910086689646e+00
1.580566442189715870e+00
1.575081052092021094e+00
1.569660035418928290e+00
1.564302685447387820e+00
1.559008293898675568e+00
1.553776151675695161e+00
1.548605549548115690e+00
1.543495778788405381e+00
1.538446131761709967e+00
1.533455902472306231e+00
1.528524387069233770e+00
1.523650884313561438e+00
1.518834696009601526e+00
1.514075127402282117e+00
1.509371487542675805e+00
1.504723089623731358e+00
1.500129251287924070e+00
1.495589294908668432e+00
1.491102547847044102e+00
1.486668342685411925e+00
1.482286017439347736e+00
1.477954915749296383e+00
1.473674387053173218e+00
1.469443786741179370e+00
1.465262476293950122e+00
1.461129823405097783e+00
1.457045202089196856e+00
1.453007992776113699e+00
1.449017582392644998e+00
1.445073364432220897e+00
1.441174739013574069e+00
1.437321112929007327e+00
1.433511899683069579e+00
1.429746519522204995e+00
1.426024399456090830e+00
1.422344973271167934e+00
1.418707681536952592e+00
1.415111971605664154e+00
1.411557297605596339e+00
1.408043120428760009e+00
1.404568907713165338e+00
1.401134133820172600e+00
1.397738279807309469e+00
1.394380833396854813e+00
1.391061288940597329e+00
1.387779147381009492e+00
1.384533916209160997e+00
1.381325109419692332e+00
1.378152247462993030e+00
1.375014857194973406e+00
1.371912471824511925e+00
1.368844630858908173e+00
1.365810880047468423e+00
1.362810771323437642e+00
1.359843862744455789e+00
1.356909718431693168e+00
1.354007908507812719e+00
1.351138009033912901e+00
1.348299601945591064e+00
1.345492274988223214e+00
1.342715621651618729e+00
1.339969241104107756e+00
1.337252738126220031e+00
1.334565723043999341e+00
1.331907811662067287e+00
1.329278625196515407e+00
1.326677790207703600e+00
1.324104938533018583e+00
1.321559707219684743e+00
1.319041738457659374e+00
1.316550679512700661e+00
1.314086182659632396e+00
1.311647905115856494e+00
1.309235508975190587e+00
1.306848661142023138e+00
1.304487033265851803e+00
1.302150301676251232e+00
1.299838147318263859e+00
1.297550255688274756e+00
1.295286316770394741e+00
1.293046024973351305e+00
1.290829079067940199e+00
1.288635182125032141e+00
1.286464041454174367e+00
1.284315368542780167e+00
1.282188878995942583e+00
1.280084292476864061e+00
1.278001332647936472e+00
1.275939727112451072e+00
1.273899207356988139e+00
1.271879508694437888e+00
1.269880370207717268e+00
1.267901534694149346e+00
1.265942748610514368e+00
1.264003762018792720e+00
1.262084328532575794e+00
1.260184205264183177e+00
1.258303152772431766e+00
1.256440935011119642e+00
1.254597319278173861e+00
1.252772076165488579e+00
1.250964979509433750e+00
1.249175806342059936e+00
1.247404336842950823e+00
1.245650354291768735e+00
1.243913645021458070e+00
1.242193998372111530e+00
1.240491206645495614e+00
1.238805065060227362e+00
1.237135371707608344e+00
1.235481927508089495e+00
1.233844536168383854e+00
1.232223004139199940e+00
1.230617140573616153e+00
1.229026757286057814e+00
1.227451668711901256e+00
1.225891691867672773e+00
1.224346646311864406e+00
1.222816354106317061e+00
1.221300639778224006e+00
1.219799330282679950e+00
1.218312254965828512e+00
1.216839245528564817e+00
1.215380135990795196e+00
1.213934762656257771e+00
1.212502964077878387e+00
1.211084581023665674e+00
1.209679456443147005e+00
1.208287435434311607e+00
1.206908365211082801e+00
1.205542095071297837e+00
1.204188476365180671e+00
1.202847362464322556e+00
1.201518608731143134e+00
1.200202072488836036e+00
1.198897612991782990e+00
1.197605091396446442e+00
1.196324370732714248e+00
1.195055315875693802e+00
1.193797793517969552e+00
1.192551672142290409e+00
1.191316821994675035e+00
1.190093115057982764e+00
1.188880425025872434e+00
1.187678627277183541e+00
1.186487598850732184e+00
1.185307218420507791e+00
1.184137366271248881e+00
1.182977924274437820e+00
1.181828775864645076e+00
1.180689806016279375e+00
1.179560901220687796e+00
1.178441949463635563e+00
1.177332840203136888e+00
1.176233464347639313e+00
1.175143714234565540e+00
1.174063483609184111e+00
1.172992667603825145e+00
1.171931162717430031e+00
1.170878866795419526e+00
1.169835679009887386e+00
1.168801499840107283e+00
1.167776231053357483e+00
1.166759775686036393e+00
1.165752038025095416e+00
1.164752923589754685e+00
1.163762339113515454e+00
1.162780192526457812e+00
1.161806392937818178e+00
1.160840850618843234e+00
1.159883476985920536e+00
1.158934184583968907e+00
1.157992887070097288e+00
1.157059499197524932e+00
1.156133936799747408e+00
1.155216116774961277e+00
1.154305957070730360e+00
1.153403376668897806e+00
1.152508295570730867e+00
1.151620634782307029e+00
1.150740316300122412e+00
1.149867263096931547e+00
1.149001399107813182e+00
1.148142649216444156e+00
1.147290939241602192e+00
1.146446195923866762e+00
1.145608346912543762e+00
1.144777320752775163e+00
1.143953046872873136e+00
1.143135455571831827e+00
1.142324478007047395e+00
1.141520046182221693e+00
1.140722092935457344e+00
1.139930551927542668e+00
1.139145357630407585e+00
1.138366445315768694e+00
1.137593751043946000e+00
1.136827211652857716e+00
1.136066764747171831e+00
1.135312348687647299e+00
1.134563902580617345e+00
1.133821366267651287e+00
1.133084680315366022e+00
1.132353786005399598e+00
1.131628625324536896e+00
1.130909140954985626e+00
1.130195276264803095e+00
1.129486975298470419e+00
1.128784182767606614e+00
1.128086844041831682e+00
1.127394905139761372e+00
1.126708312720144267e+00
1.126027014073132992e+00
1.125350957111683980e+00
1.124680090363095353e+00
1.124014362960666480e+00
1.123353724635484996e+00
1.122698125708341488e+00
1.122047517081762313e+00
1.121401850232165431e+00
1.120761077202130807e+00
1.120125150592794050e+00
1.119494023556344198e+00
1.118867649788642504e+00
1.118245983521947817e+00
1.117628979517753640e+00
1.117016593059727114e+00
1.116408779946759910e+00
1.115805496486117265e+00
1.115206699486691155e+00
1.114612346252356057e+00
1.114022394575417074e+00
1.113436802730162212e+00
1.112855529466505011e+00
1.112278534003724895e+00
1.111705776024295655e+00
1.111137215667808320e+00
1.110572813524983271e+00
1.110012530631767635e+00
1.109456328463522823e+00
1.108904168929295553e+00
1.108356014366169706e+00
1.107811827533709215e+00
1.107271571608472005e+00
1.106735210178609430e+00
1.106202707238546301e+00
1.105674027183730201e+00
1.105149134805466948e+00
1.104627995285822895e+00
1.104110574192605831e+00
1.103596837474415393e+00
1.103086751455767400e+00
1.102580282832286596e+00
1.102077398665970431e+00
1.101578066380514587e+00
1.101082253756720197e+00
1.100589928927947270e+00
1.100101060375649586e+00
1.099615616924965344e+00
1.099133567740369299e+00
1.098654882321394632e+00
1.098179530498408996e+00
1.097707482428450065e+00
1.097238708591126821e+00
1.096773179784569230e+00
1.096310867121445654e+00
1.095851742025029107e+00
1.095395776225319251e+00
1.094942941755224108e+00
1.094493210946791750e+00
1.094046556427492378e+00
1.093602951116558808e+00
1.093162368221373804e+00
1.092724781233909592e+00
1.092290163927213786e+00
1.091858490351949706e+00
1.091429734832981335e+00
1.091003871966005345e+00
1.090580876614232864e+00
1.090160723905113427e+00
1.089743389227105563e+00
1.089328848226495339e+00
1.088917076804253981e+00
1.088508051112939912e+00
1.088101747553644527e+00
1.087698142772982601e+00
1.087297213660115336e+00
1.086898937343824922e+00
1.086503291189619969e+00
1.086110252796886888e+00
1.085719799996077040e+00
1.085331910845930947e+00
1.084946563630744043e+00
1.084563736857666827e+00
1.084183409254041219e+00
1.083805559764774884e+00
1.083430167549749301e+00
1.083057211981264922e+00
1.082686672641516745e+00
1.082318529320109857e+00
1.081952762011601843e+00
1.081589350913082059e+00
1.081228276421783985e+00
1.080869519132726220e+00
1.080513059836387013e+00
1.080158879516409876e+00
1.079806959347339390e+00
1.079457280692386334e+00
1.079109825101224551e+00
1.078764574307814028e+00
1.078421510228255276e+00
1.078080614958670580e+00
1.077741870773115673e+00
1.077405260121513830e+00
1.077070765627623050e+00
1.076738370087025443e+00
1.076408056465146812e+00
1.076079807895297336e+00
1.075753607676743107e+00
1.075429439272798326e+00
1.075107286308947252e+00
1.074787132570983683e+00
1.074468962003182204e+00
1.074152758706489186e+00
1.073838506936734660e+00
1.073526191102874838e+00
1.073215795765249503e+00
1.072907305633867159e+00
1.072600705566708612e+00
1.072295980568055862e+00
1.071993115786840534e+00
1.071692096515012294e+00
1.071392908185930359e+00
1.071095536372776102e+00
1.070799966786981416e+00
1.070506185276684619e+00
1.070214177825197455e+00
1.069923930549498081e+00
1.069635429698741369e+00
1.069348661652786747e+00
1.069063612920744477e+00
1.068780270139544797e+00
1.068498620072517280e+00
1.068218649607997062e+00
1.067940345757940834e+00
1.067663695656564826e+00
1.067388686558998323e+00
1.067115305839954731e+00
1.066843540992417960e+00
1.066573379626347462e+00
1.066304809467396142e+00
1.066037818355648037e+00
1.065772394244368648e+00
1.065508525198772594e+00
1.065246199394804805e+00
1.064985405117939488e+00
1.064726130761991962e+00
1.064468364827943825e+00
1.064212095922787649e+00
1.063957312758379459e+00
1.063704004150310301e+00
1.063452159016788690e+00
1.063201766377539270e+00
1.062952815352712799e+00
1.062705295161810115e+00
1.062459195122620104e+00
1.062214504650167868e+00
1.061971213255682001e+00
1.061729310545564298e+00
1.061488786220383451e+00
1.061249630073871852e+00
1.061011831991937937e+00
1.060775381951692742e+00
1.060540270020484455e+00
1.060306486354946287e+00
1.060074021200055894e+00
1.059842864888205005e+00
1.059613007838282828e+00
1.059384440554766771e+00
1.059157153626827386e+00
1.058931137727441296e+00
1.058706383612517232e+00
1.058482882120030499e+00
1.058260624169167663e+00
1.058039600759484777e+00
1.057819802970070056e+00
1.057601221958720972e+00
1.057383848961129580e+00
1.057167675290077158e+00
1.056952692334637955e+00
1.056738891559394933e+00
1.056526264503660162e+00
1.056314802780708773e+00
1.056104498077019782e+00
1.055895342151526473e+00
1.055687326834873652e+00
1.055480444028687126e+00
1.055274685704848947e+00
1.055070043904780652e+00
