2.369567233726304067e+00
2.367675088860965005e+00
2.366617870153945979e+00
2.365304374266257170e+00
2.363638877040600050e+00
2.361594570469006005e+00
2.359163024305327205e+00
2.356343373491948334e+00
2.353138777066013709e+00
2.349554940061924224e+00
2.345599378694759096e+00
2.341280998248659095e+00
2.336609817934690803e+00
2.331596771063299656e+00
2.326253546840657993e+00
2.320592456968442630e+00
2.314626318300748942e+00
2.308368346900879331e+00
2.301832060996896523e+00
2.295031191500136458e+00
2.287979599383997087e+00
2.280691199557498106e+00
2.273179891037093725e+00
2.265459493292184323e+00
2.257543688656278746e+00
2.249445970681662743e+00
2.241179598286587193e+00
2.232757555508379177e+00
2.224192516640954409e+00
2.215496816502454447e+00
2.206682425552118687e+00
2.197760929553947307e+00
2.188743513469889379e+00
2.179640949256619997e+00
2.170463587236212799e+00
2.161221350713239175e+00
2.151923733516611037e+00
2.142579800154154057e+00
2.133198188280463814e+00
2.123787113193577269e+00
2.114354374092192401e+00
2.104907361843150859e+00
2.095453068026730037e+00
2.085998095046195822e+00
2.076548667106240309e+00
2.067110641883013855e+00
2.057689522726109832e+00
2.048290471249353928e+00
2.038918320183350730e+00
2.029577586377401932e+00
2.020272483852639134e+00
2.011006936820686875e+00
2.001784592594420431e+00
1.992608834327831868e+00
1.983482793532149291e+00
1.974409362323985562e+00
1.965391205369448890e+00
1.956430771495101251e+00
1.947530304943117851e+00
1.938691856253486279e+00
1.929917292761016423e+00
1.921208308699193124e+00
1.912566434906668000e+00
1.903993048135282695e+00
1.895489379961328380e+00
1.887056525303988153e+00
1.878695450556971736e+00
1.870407001340662623e+00
1.862191909883850638e+00
1.854050802044703739e+00
1.845984203981850147e+00
1.837992548486707678e+00
1.830076180988995826e+00
1.822235365247385719e+00
1.814470288737514370e+00
1.806781067749781311e+00
1.799167752209005933e+00
1.791630330228233259e+00
1.784168732408659697e+00
1.776782835897312562e+00
1.769472468214134064e+00
1.762237410859468500e+00
1.755077402712938328e+00
1.747992143234083695e+00
1.740981295474980595e+00
1.734044488914478599e+00
1.727181322123514828e+00
1.720391365270422579e+00
1.713674162474855933e+00
1.707029234018524466e+00
1.700456078420594208e+00
1.693954174385241984e+00
1.687522982628464119e+00
1.681161947590911643e+00
1.674870499043223049e+00
1.668648053589906199e+00
1.662494016077636250e+00
1.656407780913399019e+00
1.650388733297754706e+00
1.644436250378087827e+00
1.638549702326552948e+00
1.632728453347116471e+00
1.626971862615842257e+00
1.621279285158403249e+00
1.615650072668486370e+00
1.610083574270649853e+00
1.604579137230924157e+00
1.599136107618290836e+00
1.593753830919963477e+00
1.588431652613308653e+00
1.583168918696937100e+00
1.577964976183543255e+00
1.572819173556731842e+00
1.567730861194041481e+00
1.562699391758278544e+00
1.557724120559035086e+00
1.552804405886273331e+00
1.547939609317657395e+00
1.543129096001306211e+00
1.538372234915414305e+00
1.533668399106281832e+00
1.529016965905977354e+00
1.524417317131028016e+00
1.519868839263249560e+00
1.515370923613860610e+00
1.510922966471970774e+00
1.506524369238378291e+00
1.502174538545670179e+00
1.497872886365465339e+00
1.493618830103646156e+00
1.489411792684356417e+00
1.485251202623479649e+00
1.481136494092298861e+00
1.477067106971999388e+00
1.473042486899577730e+00
1.469062085305772092e+00
1.465125359445523134e+00
1.461231772421496711e+00
1.457380793201099589e+00
1.453571896627472659e+00
1.449804563424870407e+00
1.446078280198807020e+00
1.442392539431349263e+00
1.438746839471908956e+00
1.435140684523836363e+00
1.431573584627161333e+00
1.428045055637725325e+00
1.424554619203007189e+00
1.421101802734881625e+00
1.417686139379550569e+00
1.414307167984877101e+00
1.410964433065321932e+00
1.407657484764675893e+00
1.404385878816805766e+00
1.401149176504543403e+00
1.397946944616904386e+00
1.394778755404783466e+00
1.391644186535277328e+00
1.388542821044760345e+00
1.385474247290835681e+00
1.382438058903294076e+00
1.379433854734165132e+00
1.376461238807011878e+00
1.373519820265505675e+00
1.370609213321404507e+00
1.367729037202032094e+00
1.364878916097302053e+00
1.362058479106394993e+00
1.359267360184132301e+00
1.356505198087119890e+00
1.353771636319733185e+00
1.351066323079979981e+00
1.348388911205309348e+00
1.345739058118406994e+00
1.343116425773020817e+00
1.340520680599878833e+00
1.337951493452697482e+00
1.335408539554362672e+00
1.332891498443291356e+00
1.330400053920007153e+00
1.327933893993960668e+00
1.325492710830634691e+00
1.323076200698928506e+00
1.320684063918879936e+00
1.318316004809720443e+00
1.315971731638289732e+00
1.313650956567832928e+00
1.311353395607188332e+00
1.309078768560388628e+00
1.306826798976679305e+00
1.304597214100973623e+00
1.302389744824752782e+00
1.300204125637425268e+00
1.298040094578140291e+00
1.295897393188080837e+00
1.293775766463232113e+00
1.291674962807638938e+00
1.289594733987137420e+00
1.287534835083607332e+00
1.285495024449692103e+00
1.283475063664045734e+00
1.281474717487058879e+00
1.279493753817116941e+00
1.277531943647334911e+00
1.275589061022829762e+00
1.273664882998471803e+00
1.271759189597162720e+00
1.269871763768621431e+00
1.268002391348655333e+00
1.266150861018967122e+00
1.264316964267431009e+00
1.262500495348908958e+00
1.260701251246523658e+00
1.258919031633471075e+00
1.257153638835290854e+00
1.255404877792651641e+00
1.253672556024616247e+00
1.251956483592395752e+00
1.250256473063572571e+00
1.248572339476824444e+00
1.246903900307100965e+00
1.245250975431279716e+00
1.243613387094296918e+00
1.241990959875717504e+00
1.240383520656793692e+00
1.238790898587947220e+00
1.237212925056721868e+00
1.235649433656175633e+00
1.234100260153706330e+00
1.232565242460320176e+00
1.231044220600331141e+00
1.229537036681482176e+00
1.228043534865491448e+00
1.226563561339019781e+00
1.225096964285037116e+00
1.223643593854611300e+00
1.222203302139091896e+00
1.220775943142693887e+00
1.219361372755469963e+00
1.217959448726676497e+00
1.216570030638527200e+00
1.215192979880307833e+00
1.213828159622884595e+00
1.212475434793574447e+00
1.211134672051373373e+00
1.209805739762553012e+00
1.208488507976605453e+00
1.207182848402547526e+00
1.205888634385562153e+00
1.204605740883980314e+00
1.203334044446607187e+00
1.202073423190370915e+00
1.200823756778307771e+00
1.199584926397861739e+00
1.198356814739512055e+00
1.197139305975698287e+00
1.195932285740077372e+00
1.194735641107065760e+00
1.193549260571693305e+00
1.192373034029755363e+00
1.191206852758243784e+00
1.190050609396086756e+00
1.188904197925153117e+00
1.187767513651550200e+00
1.186640453187189248e+00
1.185522914431632158e+00
1.184414796554195570e+00
1.183315999976325417e+00
1.182226426354229476e+00
1.181145978561772836e+00
1.180074560673615380e+00
1.179012077948605297e+00
1.177958436813419274e+00
1.176913544846438731e+00
1.175877310761865635e+00
1.174849644394081016e+00
1.173830456682221302e+00
1.172819659654992908e+00
1.171817166415707767e+00
1.170822891127533127e+00
1.169836748998975162e+00
1.168858656269558427e+00
1.167888530195732244e+00
1.166926289036969600e+00
1.165971852042085199e+00
1.165025139435750035e+00
1.164086072405195793e+00
1.163154573087132437e+00
1.162230564554844525e+00
1.161313970805478490e+00
1.160404716747526876e+00
1.159502728188484655e+00
1.158607931822693837e+00
1.157720255219363725e+00
1.156839626810771238e+00
1.155965975880625329e+00
1.155099232552613264e+00
1.154239327779105651e+00
1.153386193330032228e+00
1.152539761781917527e+00
1.151699966507076844e+00
1.150866741662972759e+00
1.150040022181724853e+00
1.149219743759773316e+00
1.148405842847691094e+00
1.147598256640148806e+00
1.146796923066020657e+00
1.146001780778640899e+00
1.145212769146192633e+00
1.144429828242245373e+00
1.143652898836424958e+00
1.142881922385220683e+00
1.142116841022922991e+00
1.141357597552695946e+00
1.140604135437776723e+00
1.139856398792802761e+00
1.139114332375262162e+00
1.138377881577073758e+00
1.137646992416279534e+00
1.136921611528864506e+00
1.136201686160688729e+00
1.135487164159541651e+00
1.134777993967300169e+00
1.134074124612210799e+00
1.133375505701278430e+00
1.132682087412756999e+00
1.131993820488757851e+00
1.131310656227959788e+00
1.130632546478421041e+00
1.129959443630495830e+00
1.129291300609853055e+00
1.128628070870590694e+00
1.127969708388453007e+00
1.127316167654139223e+00
1.126667403666711031e+00
1.126023371927092231e+00
1.125384028431656080e+00
1.124749329665913677e+00
1.124119232598280504e+00
1.123493694673937338e+00
1.122872673808778199e+00
1.122256128383437357e+00
1.121644017237406477e+00
1.121036299663233926e+00
1.120432935400802243e+00
1.119833884631687981e+00
1.119239107973600156e+00
1.118648566474898409e+00
1.118062221609182894e+00
1.117480035269964089e+00
1.116901969765407454e+00
1.116327987813147349e+00
1.115758052535175127e+00
1.115192127452801163e+00
1.114630176481677282e+00
1.114072163926905557e+00
1.113518054478194630e+00
1.112967813205096190e+00
1.112421405552305176e+00
1.111878797335020375e+00
1.111339954734374302e+00
1.110804844292923921e+00
1.110273432910198199e+00
1.109745687838319839e+00
1.109221576677671406e+00
1.108701067372632298e+00
1.108184128207370112e+00
1.107670727801687516e+00
1.107160835106928642e+00
1.106654419401942091e+00
1.106151450289093674e+00
1.105651897690342222e+00
1.105155731843358469e+00
1.104662923297702104e+00
1.104173442911055680e+00
1.103687261845496703e+00
1.103204351563830343e+00
1.102724683825971441e+00
1.102248230685366481e+00
1.101774964485475294e+00
1.101304857856291619e+00
1.100837883710913623e+00
1.100374015242160830e+00
1.099913225919236126e+00
1.099455489484430615e+00
1.099000779949873552e+00
1.098549071594329130e+00
1.098100338960028344e+00
1.097654556849551710e+00
1.097211700322745509e+00
1.096771744693685990e+00
1.096334665527679553e+00
1.095900438638300223e+00
1.095469040084477541e+00
1.095040446167605541e+00
1.094614633428707240e+00
1.094191578645625773e+00
1.093771258830253723e+00
1.093353651225804191e+00
1.092938733304110954e+00
1.092526482762969708e+00
1.092116877523509721e+00
1.091709895727601909e+00
1.091305515735301768e+00
1.090903716122323397e+00
1.090504475677548157e+00
1.090107773400563085e+00
1.089713588499236607e+00
1.089321900387319575e+00
1.088932688682081373e+00
1.088545933201974458e+00
1.088161613964331309e+00
1.087779711183088915e+00
1.087400205266544573e+00
1.087023076815137212e+00
1.086648306619261151e+00
1.086275875657105816e+00
1.085905765092525233e+00
1.085537956272930149e+00
1.085172430727212145e+00
1.084809170163692160e+00
1.084448156468095892e+00
1.084089371701549398e+00
1.083732798098614891e+00
1.083378418065331195e+00
1.083026214177297053e+00
1.082676169177767544e+00
1.082328265975779136e+00
1.081982487644299162e+00
1.081638817418394849e+00
1.081297238693428531e+00
1.080957735023274857e+00
1.080620290118560201e+00
1.080284887844924491e+00
1.079951512221303700e+00
1.079620147418235643e+00
1.079290777756185982e+00
1.078963387703893773e+00
1.078637961876740547e+00
1.078314485035138715e+00
1.077992942082936167e+00
1.077673318065848207e+00
1.077355598169901674e+00
1.077039767719903063e+00
1.076725812177923736e+00
1.076413717141801563e+00
1.076103468343668101e+00
1.075795051648484657e+00
1.075488453052604765e+00
1.075183658682347554e+00
1.074880654792593537e+00
1.074579427765395501e+00
1.074279964108606045e+00
1.073982250454522225e+00
1.073686273558548177e+00
1.073392020297871730e+00
1.073099477670158786e+00
1.072808632792262351e+00
1.072519472898949111e+00
1.072231985341639549e+00
1.071946157587162718e+00
1.071661977216530337e+00
1.071379431923719761e+00
1.071098509514476049e+00
1.070819197905127806e+00
1.070541485121413228e+00
1.070265359297327912e+00
1.069990808673978444e+00
1.069717821598454632e+00
1.069446386522714398e+00
1.069176492002480883e+00
1.068908126696152650e+00
1.068641279363729657e+00
1.068375938865747887e+00
1.068112094162229520e+00
1.067849734311644205e+00
1.067588848469883667e+00
1.067329425889247618e+00
1.067071455917442790e+00
1.066814927996591500e+00
1.066559831662254210e+00
1.066306156542462080e+00
1.066053892356763289e+00
1.065803028915276451e+00
1.065553556117758927e+00
1.065305463952685106e+00
1.065058742496332700e+00
1.064813381911884571e+00
1.064569372448536999e+00
1.064326704440620386e+00
1.064085368306728618e+00
1.063845354548860644e+00
1.063606653751570486e+00
1.063369256581126798e+00
1.063133153784684426e+00
1.062898336189462167e+00
1.062664794701933424e+00
1.062432520307022621e+00
1.062201504067315172e+00
1.061971737122272108e+00
