2.279638039891907830e+00
2.276241635078360304e+00
2.275614696794533209e+00
2.274576081444789288e+00
2.273128812233189855e+00
2.271277080848856933e+00
2.269026209000607253e+00
2.266382601048134937e+00
2.263353688024080768e+00
2.259947864009851592e+00
2.256174416000109151e+00
2.252043448461161557e+00
2.247565803819731478e+00
2.242752980118140727e+00
2.237617047042556706e+00
2.232170561474850601e+00
2.226426483641112064e+00
2.220398094833987646e+00
2.214098917577572934e+00
2.207542638986514039e+00
2.200743037949866476e+00
2.193713916648722950e+00
2.186469036798456056e+00
2.179022060893768487e+00
2.171386498630191397e+00
2.163575658580793259e+00
2.155602605122057813e+00
2.147480120529711378e+00
2.139220672102952747e+00
2.130836384123988569e+00
2.122339014419114545e+00
2.113739935256210956e+00
2.105050118291342365e+00
2.096280123262484363e+00
2.087440090121281511e+00
2.078539734291984242e+00
2.069588344750519227e+00
2.060594784624024456e+00
2.051567494022606741e+00
2.042514494828099103e+00
2.033443397180506373e+00
2.024361407419165815e+00
2.015275337253235932e+00
2.006191613953985708e+00
1.997116291379181563e+00
1.988055061657165723e+00
1.979013267375557827e+00
1.969995914135435733e+00
1.961007683347590902e+00
1.952052945161804054e+00
1.943135771433718961e+00
1.934259948646422256e+00
1.925428990715433386e+00
1.916646151616253180e+00
1.907914437783266637e+00
1.899236620237525930e+00
1.890615246408474448e+00
1.882052651621833217e+00
1.873550970231979473e+00
1.865112146382356562e+00
1.856737944382624406e+00
1.848429958694971509e+00
1.840189623525970264e+00
1.832018222023271914e+00
1.823916895079002565e+00
1.815886649744232528e+00
1.807928367260446922e+00
1.800042810715726471e+00
1.792230632334447460e+00
1.784492380410415358e+00
1.776828505894099797e+00
1.769239368645203259e+00
1.761725243362262106e+00
1.754286325201227292e+00
1.746922735095132184e+00
1.739634524787008640e+00
1.732421681588197648e+00
1.725284132874000509e+00
1.718221750328537745e+00
1.711234353950365605e+00
1.704321715830224626e+00
1.697483563711862153e+00
1.690719584346672022e+00
1.684029426652452033e+00
1.677412704686247036e+00
1.670869000440883489e+00
1.664397866474405907e+00
1.657998828381292755e+00
1.651671387113828215e+00
1.645415021161872549e+00
1.639229188598560372e+00
1.633113328999482139e+00
1.627066865242242422e+00
1.621089205193119387e+00
1.615179743287158631e+00
1.609337862007748310e+00
1.603562933271345914e+00
1.597854319722831651e+00
1.592211375946625873e+00
1.586633449598378487e+00
1.581119882461911264e+00
1.575670011435736040e+00
1.570283169453281724e+00
1.564958686340689020e+00
1.559695889615937414e+00
1.554494105232692824e+00
1.549352658272209915e+00
1.544270873586365944e+00
1.539248076394783116e+00
1.534283592838737498e+00
1.529376750494527926e+00
1.524526878848688316e+00
1.519733309737418825e+00
1.514995377752367922e+00
1.510312420614832174e+00
1.505683779520347487e+00
1.501108799455413534e+00
1.496586829488151249e+00
1.492117223034470364e+00
1.487699338101249991e+00
1.483332537508036619e+00
1.479016189088524946e+00
1.474749665873143378e+00
1.470532346253945688e+00
1.466363614132887072e+00
1.462242859054612598e+00
1.458169476324682412e+00
1.454142867114235127e+00
1.450162438551916289e+00
1.446227603803965867e+00
1.442337782143185088e+00
1.438492399007535338e+00
1.434690886049105885e+00
1.430932681174025500e+00
1.427217228573977259e+00
1.423543978749882477e+00
1.419912388528302039e+00
1.416321921071030943e+00
1.412772045878398330e+00
1.409262238786708199e+00
1.405791981960252457e+00
1.402360763878252925e+00
1.398968079317175262e+00
1.395613429328693922e+00
1.392296321213679189e+00
1.389016268492512696e+00
1.385772790871984572e+00
1.382565414209102839e+00
1.379393670472019551e+00
1.376257097698328380e+00
1.373155239950985873e+00
1.370087647272015374e+00
1.367053875634244520e+00
1.364053486891217748e+00
1.361086048725491660e+00
1.358151134595454002e+00
1.355248323680821931e+00
1.352377200826988091e+00
1.349537356488287543e+00
1.346728386670402067e+00
1.343949892871916241e+00
1.341201482025218938e+00
1.338482766436803306e+00
1.335793363727082017e+00
1.333132896769804621e+00
1.330500993631141604e+00
1.327897287508553292e+00
1.325321416669458463e+00
1.322773024389838126e+00
1.320251758892762695e+00
1.317757273286974007e+00
1.315289225505516413e+00
1.312847278244506866e+00
1.310431098902063107e+00
1.308040359517458562e+00
1.305674736710522144e+00
1.303333911621327612e+00
1.301017569850210220e+00
1.298725401398140855e+00
1.296457100607480095e+00
1.294212366103140610e+00
1.291990900734191428e+00
1.289792411515905179e+00
1.287616609572304505e+00
1.285463210079176077e+00
1.283331932207609105e+00
1.281222499068069176e+00
1.279134637654985474e+00
1.277068078791915751e+00
1.275022557077250651e+00
1.272997810830509557e+00
1.270993582039193104e+00
1.269009616306240540e+00
1.267045662798064409e+00
1.265101474193195186e+00
1.263176806631513216e+00
1.261271419664093951e+00
1.259385076203658027e+00
1.257517542475626193e+00
1.255668587969791083e+00
1.253837985392586951e+00
1.252025510619984461e+00
1.250230942650976784e+00
1.248454063561695193e+00
1.246694658460108407e+00
1.244952515441341223e+00
1.243227425543590892e+00
1.241519182704639679e+00
1.239827583718966064e+00
1.238152428195449239e+00
1.236493518515652035e+00
1.234850659792705807e+00
1.233223659830752217e+00
1.231612329084986968e+00
1.230016480622247554e+00
1.228435930082178995e+00
1.226870495638971770e+00
1.225319997963629337e+00
1.223784260186798978e+00
1.222263107862156639e+00
1.220756368930307811e+00
1.219263873683235966e+00
1.217785454729282790e+00
1.216320946958627136e+00
1.214870187509304866e+00
1.213433015733719866e+00
1.212009273165662870e+00
1.210598803487834996e+00
1.209201452499849783e+00
1.207817068086718404e+00
1.206445500187836695e+00
1.205086600766412053e+00
1.203740223779378393e+00
1.202406225147761187e+00
1.201084462727507463e+00
1.199774796280743683e+00
1.198477087447493705e+00
1.197191199717825505e+00
1.195916998404424447e+00
1.194654350615596439e+00
1.193403125228676531e+00
1.192163192863867627e+00
1.190934425858461987e+00
1.189716698241486625e+00
1.188509885708721736e+00
1.187313865598117024e+00
1.186128516865591731e+00
1.184953720061206361e+00
1.183789357305707668e+00
1.182635312267442007e+00
1.181491470139621747e+00
1.180357717617953384e+00
1.179233942878608499e+00
1.178120035556549094e+00
1.177015886724174676e+00
1.175921388870321049e+00
1.174836435879571539e+00
1.173760923011902602e+00
1.172694746882646744e+00
1.171637805442756086e+00
1.170589997959390782e+00
1.169551224996804972e+00
1.168521388397522287e+00
1.167500391263820214e+00
1.166488137939496239e+00
1.165484533991916205e+00
1.164489486194347112e+00
1.163502902508569026e+00
1.162524692067748111e+00
1.161554765159586999e+00
1.160593033209730063e+00
1.159639408765437363e+00
1.158693805479501737e+00
1.157756138094421683e+00
1.156826322426825149e+00
1.155904275352123811e+00
1.154989914789421146e+00
1.154083159686640991e+00
1.153183930005895697e+00
1.152292146709080534e+00
1.151407731743687712e+00
1.150530608028843549e+00
1.149660699441561240e+00
1.148797930803206579e+00
1.147942227866173059e+00
1.147093517300761922e+00
1.146251726682266714e+00
1.145416784478256123e+00
1.144588620036052440e+00
1.143767163570403866e+00
1.142952346151345999e+00
1.142144099692251613e+00
1.141342356938060965e+00
1.140547051453699279e+00
1.139758117612659216e+00
1.138975490585774741e+00
1.138199106330155530e+00
1.137428901578292795e+00
1.136664813827333198e+00
1.135906781328519077e+00
1.135154743076780992e+00
1.134408638800501024e+00
1.133668408951419515e+00
1.132933994694706126e+00
1.132205337899173436e+00
1.131482381127644654e+00
1.130765067627462317e+00
1.130053341321148652e+00
1.129347146797195389e+00
1.128646429301005893e+00
1.127951134725962756e+00
1.127261209604636161e+00
1.126576601100125696e+00
1.125897256997526297e+00
1.125223125695527848e+00
1.124554156198140475e+00
1.123890298106539287e+00
1.123231501611036132e+00
1.122577717483170812e+00
1.121928897067916653e+00
1.121284992276008419e+00
1.120645955576376362e+00
1.120011739988700628e+00
1.119382299076074450e+00
1.118757586937771498e+00
1.118137558202126458e+00
1.117522168019518647e+00
1.116911372055456431e+00
1.116305126483772892e+00
1.115703387979907646e+00
1.115106113714301239e+00
1.114513261345880135e+00
1.113924789015636296e+00
1.113340655340307572e+00
1.112760819406139579e+00
1.112185240762754157e+00
1.111613879417090889e+00
1.111046695827449637e+00
1.110483650897615027e+00
1.109924705971065517e+00
1.109369822825268859e+00
1.108818963666059032e+00
1.108272091122098235e+00
1.107729168239410367e+00
1.107190158476005326e+00
1.106655025696571260e+00
1.106123734167250294e+00
1.105596248550479777e+00
1.105072533899926102e+00
1.104552555655466506e+00
1.104036279638265894e+00
1.103523672045907622e+00
1.103014699447606661e+00
1.102509328779477826e+00
1.102007527339887716e+00
1.101509262784854171e+00
1.101014503123528998e+00
1.100523216713733987e+00
1.100035372257561317e+00
1.099550938797041688e+00
1.099069885709868410e+00
1.098592182705182552e+00
1.098117799819422480e+00
1.097646707412224698e+00
1.097178876162386629e+00
1.096714277063888021e+00
1.096252881421962311e+00
1.095794660849227053e+00
1.095339587261869418e+00
1.094887632875882755e+00
1.094438770203354450e+00
1.093992972048809298e+00
1.093550211505601721e+00
1.093110461952357948e+00
1.092673697049466597e+00
1.092239890735620333e+00
1.091809017224405043e+00
1.091381051000932967e+00
1.090955966818527800e+00
1.090533739695448201e+00
1.090114344911664146e+00
1.089697758005671702e+00
1.089283954771355534e+00
1.088872911254888720e+00
1.088464603751685633e+00
1.088059008803379912e+00
1.087656103194864832e+00
1.087255863951352541e+00
1.086858268335489042e+00
1.086463293844500910e+00
1.086070918207382219e+00
1.085681119382119642e+00
1.085293875552957310e+00
1.084909165127692088e+00
1.084526966735015030e+00
1.084147259221879045e+00
1.083770021650909854e+00
1.083395233297844484e+00
1.083022873649011064e+00
1.082652922398836592e+00
1.082285359447392237e+00
1.081920164897968606e+00
1.081557319054686106e+00
1.081196802420131053e+00
1.080838595693033533e+00
1.080482679765966569e+00
1.080129035723079278e+00
1.079777644837861983e+00
1.079428488570936207e+00
1.079081548567880189e+00
1.078736806657075942e+00
1.078394244847591610e+00
1.078053845327084259e+00
1.077715590459737971e+00
1.077379462784223252e+00
1.077045445011685088e+00
1.076713520023757198e+00
1.076383670870602938e+00
1.076055880768980622e+00
1.075730133100334385e+00
1.075406411408909246e+00
1.075084699399892818e+00
1.074764980937578107e+00
1.074447240043552299e+00
1.074131460894907297e+00
1.073817627822474918e+00
1.073505725309084724e+00
1.073195737987840737e+00
1.072887650640427903e+00
1.072581448195430331e+00
1.072277115726679941e+00
1.071974638451621997e+00
1.071674001729699066e+00
1.071375191060763399e+00
1.071078192083501746e+00
1.070782990573882376e+00
1.070489572443624748e+00
1.070197923738685608e+00
1.069908030637764851e+00
1.069619879450830480e+00
1.069333456617662437e+00
1.069048748706414420e+00
1.068765742412193909e+00
1.068484424555659951e+00
1.068204782081639381e+00
1.067926802057758140e+00
1.067650471673092571e+00
1.067375778236835604e+00
1.067102709176980690e+00
1.066831252039021072e+00
1.066561394484665914e+00
1.066293124290572658e+00
1.066026429347094906e+00
1.065761297657043860e+00
1.065497717334469741e+00
1.065235676603453641e+00
1.064975163796915814e+00
1.064716167355439502e+00
1.064458675826108314e+00
1.064202677861359359e+00
1.063948162217846161e+00
1.063695117755323105e+00
1.063443533435534105e+00
1.063193398321123695e+00
1.062944701574555673e+00
1.062697432457047286e+00
1.062451580327514522e+00
1.062207134641533601e+00
1.061964084950311138e+00
1.061722420899669395e+00
1.061482132229043307e+00
1.061243208770488167e+00
1.061005640447701737e+00
1.060769417275056359e+00
1.060534529356642386e+00
1.060300966885325380e+00
1.060068720141811083e+00
1.059837779493726373e+00
1.059608135394706219e+00
1.059379778383493953e+00
1.059152699083053317e+00
1.058926888199689387e+00
1.058702336522179488e+00
1.058479034920916106e+00
1.058256974347060231e+00
1.058036145831701358e+00
1.057816540485032375e+00
1.057598149495529771e+00
1.057380964129145395e+00
1.057164975728509759e+00
1.056950175712139561e+00
1.056736555573659198e+00
1.056524106881031155e+00
1.056312821275791292e+00
1.056102690472296768e+00
1.055893706256983755e+00
1.055685860487628469e+00
1.055479145092623749e+00
1.055273552070257193e+00
1.055069073488002607e+00
