1.552746160394435637e-01
1.547615686731691198e-01
1.546668483146152184e-01
1.545099181566427782e-01
1.542912174123008406e-01
1.540113554004336749e-01
1.536711062558078489e-01
1.532714024185229951e-01
1.528133269304537134e-01
1.522981046651104009e-01
1.517270926416355026e-01
1.511017695833382635e-01
1.504237248856708786e-01
1.496946471589395977e-01
1.489163125076808092e-01
1.480905727017572115e-01
1.472193433845507271e-01
1.463045924514937979e-01
1.453483287183514883e-01
1.443525909836395893e-01
1.433194375739239856e-01
1.422509364449613400e-01
1.411491558962065795e-01
1.400161559413995171e-01
1.388539803641001547e-01
1.376646494743765103e-01
1.364501535714218172e-01
1.352124471069016398e-01
1.339534435352247033e-01
1.326750108296776420e-01
1.313789676375128612e-01
1.300670800424242879e-01
1.287410588993827543e-01
1.274025577043279844e-01
1.260531709597474126e-01
1.246944329964242287e-01
1.233278172116500371e-01
1.219547356847095476e-01
1.205765391315371526e-01
1.191945171617712212e-01
1.178098988031998917e-01
1.164238532604423698e-01
1.150374908767787391e-01
1.136518642701819515e-01
1.122679696167857427e-01
1.108867480571619629e-01
1.095090872029753776e-01
1.081358227236050573e-01
1.067677399943659095e-01
1.054055757898359619e-01
1.040500200076029530e-01
1.027017174094215918e-01
1.013612693683499794e-01
1.000292356118612225e-01
9.870613595227273329e-02
9.739245199706403344e-02
9.608862883272596689e-02
9.479507667682367245e-02
9.351217249385157526e-02
9.224026157123436931e-02
9.097965905261319597e-02
8.973065142612991762e-02
8.849349796604467910e-02
8.726843212649204595e-02
8.605566288660697338e-02
8.485537604666999745e-02
8.366773547520431342e-02
8.249288430727019783e-02
8.133094609441976486e-02
8.018202590699123611e-02
7.904621138958413396e-02
7.792357377069358826e-02
7.681416882759935227e-02
7.571803780769136016e-02
7.463520830748344992e-02
7.356569511061902822e-02
7.250950098621367079e-02
7.146661744888968548e-02
7.043702548188433832e-02
6.942069622460270151e-02
6.841759162599353461e-02
6.742766506509424718e-02
6.645086194009208747e-02
6.548712022720901138e-02
6.453637101069566173e-02
6.359853898518941229e-02
6.267354293165409984e-02
6.176129616809149236e-02
6.086170697615755909e-02
5.997467900481470715e-02
5.910011165206092293e-02
5.823790042579478354e-02
5.738793728479067019e-02
5.655011096074476218e-02
5.572430726230571257e-02
5.491040936197078698e-02
5.410829806668194381e-02
5.331785207293387313e-02
5.253894820716446812e-02
5.177146165215514712e-02
5.101526616015474025e-02
5.027023425339307433e-02
4.953623741262646457e-02
4.881314625432078835e-02
4.810083069706585363e-02
4.739916011776358629e-02
4.670800349812593427e-02
4.602722956198225523e-02
4.535670690387986342e-02
4.469630410942510707e-02
4.404588986780865606e-02
4.340533307691764320e-02
4.277450294143522042e-02
4.215326906429421594e-02
4.154150153184061472e-02
4.093907099304879699e-02
4.034584873309764175e-02
3.976170674162238933e-02
3.918651777592562641e-02
3.862015541941879460e-02
3.806249413556418715e-02
3.751340931755313413e-02
3.697277733396237692e-02
3.644047557061150244e-02
3.591638246882720292e-02
3.540037756032401312e-02
3.489234149888231773e-02
3.439215608901324828e-02
3.389970431177406762e-02
3.341487034790585620e-02
3.293753959843944562e-02
3.246759870291907046e-02
3.200493555538799773e-02
3.154943931825882064e-02
3.110100043419945087e-02
3.065951063615236782e-02
3.022486295560031927e-02
2.979695172918139096e-02
2.937567260375869779e-02
2.896092254003880540e-02
2.855259981483085699e-02
2.815060402202795506e-02
2.775483607240056966e-02
2.736519819227076558e-02
2.698159392114591812e-02
2.660392810838054303e-02
2.623210690892781999e-02
2.586603777825002490e-02
2.550562946644056861e-02
2.515079201161522435e-02
2.480143673262866916e-02
2.445747622115995376e-02
2.411882433322054542e-02
2.378539618012436366e-02
2.345710811896611209e-02
2.313387774264518207e-02
2.281562386947340315e-02
2.250226653240499849e-02
2.219372696791584165e-02
2.188992760457396727e-02
2.159079205131983134e-02
2.129624508549427669e-02
2.100621264063524951e-02
2.072062179407101884e-02
2.043940075433328674e-02
2.016247884841068996e-02
1.988978650886807573e-02
1.962125526084528351e-02
1.935681770896149206e-02
1.909640752413456488e-02
1.883995943033994064e-02
1.858740919131808556e-02
1.833869359724925319e-02
1.809375045140653240e-02
1.785251855680226873e-02
1.761493770283805230e-02
1.738094865196994701e-02
1.715049312640003903e-02
1.692351379480393561e-02
1.669995425910260692e-02
1.647975904128753943e-02
1.626287357030786057e-02
1.604924416902477405e-02
1.583881804124381495e-02
1.563154325882614923e-02
1.542736874888907088e-02
1.522624428110033387e-02
1.502812045506819391e-02
1.483294868783665427e-02
1.464068120148545246e-02
1.445127101084274848e-02
1.426467191130987612e-02
1.408083846680534441e-02
1.389972599782766070e-02
1.372129056964227663e-02
1.354548898059243674e-02
1.337227875053804624e-02
1.320161810942349287e-02
1.303346598597572917e-02
1.286778199653504373e-02
1.270452643401797505e-02
1.254366025701577139e-02
1.238514507902620937e-02
1.222894315782305924e-02
1.207501738495956635e-02
1.192333127540979448e-02
1.177384895734628553e-02
1.162653516205411526e-02
1.148135521398200611e-02
1.133827502092991241e-02
1.119726106437209621e-02
1.105828038991745789e-02
1.092130059790335367e-02
1.078628983412647374e-02
1.065321678070563736e-02
1.052205064707910018e-02
1.039276116113553930e-02
1.026531856047470555e-02
1.013969358380015923e-02
1.001585746244272948e-02
9.893781912011054280e-03
9.773439124171284451e-03
9.654801758553805888e-03
9.537842934783928583e-03
9.422536224638972807e-03
9.308855644327214407e-03
9.196775646889185363e-03
9.086271114720273143e-03
8.977317352211805143e-03
8.869890078510125550e-03
8.763965420394245753e-03
8.659519905266361076e-03
8.556530454258215804e-03
8.454974375449271148e-03
8.354829357197106343e-03
8.256073461576144551e-03
8.158685117926309932e-03
8.062643116508267857e-03
7.967926602264101613e-03
7.874515068682776814e-03
7.782388351767527759e-03
7.691526624106102480e-03
7.601910389039385693e-03
7.513520474930335605e-03
7.426338029528735570e-03
7.340344514432417186e-03
7.255521699643037968e-03
7.171851658214545289e-03
7.089316760993470516e-03
7.007899671449737550e-03
6.927583340595915365e-03
6.848351001994553745e-03
6.770186166851363541e-03
6.693072619194007263e-03
6.616994411133356700e-03
6.541935858208295686e-03
6.467881534810434631e-03
6.394816269689325774e-03
6.322725141536057573e-03
6.251593474643167385e-03
6.181406834641657404e-03
6.112151024312293193e-03
6.043812079469790960e-03
5.976376264920302966e-03
5.909830070489487108e-03
5.844160207120347936e-03
5.779353603040106660e-03
5.715397399994927470e-03
5.652278949550439309e-03
5.589985809458315053e-03
5.528505740086599174e-03
5.467826700913868895e-03
5.407936847084768989e-03
5.348824526026948849e-03
5.290478274128292482e-03
5.232886813472377961e-03
5.176039048632847216e-03
5.119924063523858572e-03
5.064531118307063519e-03
5.009849646353548187e-03
4.955869251259537381e-03
4.902579703915466505e-03
4.849970939627162858e-03
4.798033055288303608e-03
4.746756306603238003e-03
4.696131105359243989e-03
4.646148016747506278e-03
4.596797756731755072e-03
4.548071189463829926e-03
4.499959324745336949e-03
4.452453315534531976e-03
4.405544455497787011e-03
4.359224176604475053e-03
4.313484046765174440e-03
4.268315767511209925e-03
4.223711171716537476e-03
4.179662221359581493e-03
4.136161005325095577e-03
4.093199737245291348e-03
4.050770753379608242e-03
4.008866510531726955e-03
3.967479584004424999e-03
3.926602665590132879e-03
3.886228561597885635e-03
3.846350190914955836e-03
3.806960583103271688e-03
3.768052876529443245e-03
3.729620316528484310e-03
3.691656253599535226e-03
3.654154141634379308e-03
3.617107536176821739e-03
3.580510092713306940e-03
3.544355564993961240e-03
3.508637803383083363e-03
3.473350753239198927e-03
3.438488453323809875e-03
3.404045034238107215e-03
3.370014716887635795e-03
3.336391810974095786e-03
3.303170713513662021e-03
3.270345907381788219e-03
3.237911959883345119e-03
3.205863521348400851e-03
3.174195323752686433e-03
3.142902179362191267e-03
3.111978979401936341e-03
3.081420692748098981e-03
3.051222364643029449e-03
3.021379115433334150e-03
2.991886139329437335e-03
2.962738703187645616e-03
2.933932145313252957e-03
2.905461874284619335e-03
2.877323367798192717e-03
2.849512171533224482e-03
2.822023898037128060e-03
2.794854225629529645e-03
2.767998897326108196e-03
2.741453719780990485e-03
2.715214562247582775e-03
2.689277355557634450e-03
2.663638091118035716e-03
2.638292819925264817e-03
2.613237651596569695e-03
2.588468753418572774e-03
2.563982349411933655e-03
2.539774719412590549e-03
2.515842198168490203e-03
2.492181174452822844e-03
2.468788090191463645e-03
2.445659439606597853e-03
2.422791768374368132e-03
2.400181672797668201e-03
2.377825798992603493e-03
2.355720842089716483e-03
2.333863545448133531e-03
2.312250699884031008e-03
2.290879142911883722e-03
2.269745757998807047e-03
2.248847473831925518e-03
2.228181263598072708e-03
2.207744144275867928e-03
2.187533175940114226e-03
2.167545461077784782e-03
2.147778143915886513e-03
2.128228409760857861e-03
2.108893484348998981e-03
2.089770633208130803e-03
2.070857161030150318e-03
2.052150411054165947e-03
2.033647764460055126e-03
2.015346639772471436e-03
1.997244492274866286e-03
1.979338813433424542e-03
1.961627130330712444e-03
1.944107005108983589e-03
1.926776034422883650e-03
1.909631848901238542e-03
1.892672112618145252e-03
1.875894522572663873e-03
1.859296808177572256e-03
1.842876730756465992e-03
1.826632083049456326e-03
1.810560688726929992e-03
1.794660401911863604e-03
1.778929106709482236e-03
1.763364716745591818e-03
1.747965174711794273e-03
1.732728451918876022e-03
1.717652547857358722e-03
1.702735489765408710e-03
1.687975332203929492e-03
1.673370156638790242e-03
1.658918071029731687e-03
1.644617209426447015e-03
1.630465731570978488e-03
1.616461822506983555e-03
1.602603692195173762e-03
1.588889575135358839e-03
1.575317729994491411e-03
1.561886439240995099e-03
1.548594008784985902e-03
1.535438767624504189e-03
1.522419067497329456e-03
1.509533282538861633e-03
1.496779808945257299e-03
1.484157064642194646e-03
1.471663488959114091e-03
1.459297542308599311e-03
1.447057705871204226e-03
1.434942481285155858e-03
1.422950390341336810e-03
1.411079974682960840e-03
1.399329795510388403e-03
1.387698433290515156e-03
1.376184487470928121e-03
1.364786576198683595e-03
1.353503336043628295e-03
1.342333421726156625e-03
1.331275505849352893e-03
1.320328278635416993e-03
1.309490447666403256e-03
1.298760737629006418e-03
1.288137890063514174e-03
1.277620663116720316e-03
1.267207831298840758e-03
1.256898185244295814e-03
1.246690531476203926e-03
1.236583692174861348e-03
1.226576504949583287e-03
1.216667822614463145e-03
1.206856512967539614e-03
1.197141458573396360e-03
1.187521556549444093e-03
1.177995718355336410e-03
1.168562869585776376e-03
1.159221949766688249e-03
1.149971912154498050e-03
1.140811723538599515e-03
1.131740364046917614e-03
1.122756826954546651e-03
1.113860118495357994e-03
1.105049257676580252e-03
1.096323276096256710e-03
1.087681217763591295e-03
1.079122138922023908e-03
1.070645107875147894e-03
1.062249204815279239e-03
1.053933521654717639e-03
1.045697161859600972e-03
1.037539240286352530e-03
1.029458883020667242e-03
1.021455227218982451e-03
1.013527420952343473e-03
1.005674623052809670e-03
9.978960029620904948e-04
9.901907405825620227e-04
9.825580261305915265e-04
9.749970599920913892e-04
9.675070525803260981e-04
9.600872241957773790e-04
9.527368048883681209e-04
9.454550343215195780e-04
9.382411616385410167e-04
9.310944453308839719e-04
9.240141531084756794e-04
9.169995617719664495e-04
9.100499570870144734e-04
9.031646336603642257e-04
8.963428948178787069e-04
8.895840524843957485e-04
8.828874270653659867e-04
8.762523473303391848e-04
8.696781502981604500e-04
8.631641811238837184e-04
8.567097929874490205e-04
8.503143469839304297e-04
8.439772120155676323e-04
8.376977646852694099e-04
8.314753891917819146e-04
8.253094772264507216e-04
8.191994278714727915e-04
8.131446474996565591e-04
8.071445496757173599e-04
8.011985550590474802e-04
7.953060913078376657e-04
7.894665929847554352e-04
7.836795014639001515e-04
7.779442648391833841e-04
7.722603378341213369e-04
7.666271817128140435e-04
7.610442641923679608e-04
7.555110593565938018e-04
7.500270475708704270e-04
7.445917153983515205e-04
7.392045555174278811e-04
7.338650666402606873e-04
7.285727534326841108e-04
7.233271264351037689e-04
7.181277019846721505e-04
