0	0
.01	1.45E-06
.02	2.90E-06
.03	4.35E-06
.04	5.80E-06
.05	7.26E-06
.06	8.71E-06
.07	.0000101
.08	.0000116
.09	.000013
.1	.0000145
.11	.0000159
.12	.0000174
.13	.0000188
.14	.0000203
.15	.0000217
.16	.0000232
.17	.0000246
.18	.0000261
.19	.0000276
.2	.000029
.21	.0000305
.22	.0000319
.23	.0000334
.24	.0000348
.25	.0000363
.26	.0000377
.27	.0000392
.28	.0000407
.29	.0000421
.3	.0000436
.31	.000045
.32	.0000465
.33	.0000479
.34	.0000494
.35	.0000509
.36	.0000523
.37	.0000538
.38	.0000552
.39	.0000567
.4	.0000581
.41	.0000596
.42	.0000611
.43	.0000625
.44	.000064
.45	.0000655
.46	.0000669
.47	.0000684
.48	.0000698
.49	.0000713
.5	.0000728
.51	.0000742
.52	.0000757
.53	.0000772
.54	.0000786
.55	.0000801
.56	.0000816
.57	.000083
.58	.0000845
.59	.000086
.6	.0000874
.61	.0000889
.62	.0000904
.63	.0000919
.64	.0000933
.65	.0000948
.66	.0000963
.67	.0000978
.68	.0000992
.69	.0001007
.7	.0001022
.71	.0001037
.72	.0001051
.73	.0001066
.74	.0001081
.75	.0001096
.76	.0001111
.77	.0001125
.78	.000114
.79	.0001155
.8	.000117
.81	.0001185
.82	.00012
.83	.0001214
.84	.0001229
.85	.0001244
.86	.0001259
.87	.0001274
.88	.0001289
.89	.0001304
.9	.0001319
.91	.0001334
.92	.0001349
.93	.0001364
.94	.0001379
.95	.0001394
.96	.0001409
.97	.0001424
.98	.0001439
.99	.0001454
1	.0001469
1.01	.0001484
1.02	.0001499
1.03	.0001514
1.04	.0001529
1.05	.0001544
1.06	.0001559
1.07	.0001574
1.08	.0001589
1.09	.0001604
1.1	.0001619
1.11	.0001635
1.12	.000165
1.13	.0001665
1.14	.000168
1.15	.0001695
1.16	.000171
1.17	.0001726
1.18	.0001741
1.19	.0001756
1.2	.0001771
1.21	.0001787
1.22	.0001802
1.23	.0001817
1.24	.0001833
1.25	.0001848
1.26	.0001863
1.27	.0001879
1.28	.0001894
1.29	.0001909
1.3	.0001925
1.31	.000194
1.32	.0001955
1.33	.0001971
1.34	.0001986
1.35	.0002002
1.36	.0002017
1.37	.0002033
1.38	.0002048
1.39	.0002064
1.4	.0002079
1.41	.0002095
1.42	.000211
1.43	.0002126
1.44	.0002141
1.45	.0002157
1.46	.0002173
1.47	.0002188
1.48	.0002204
1.49	.000222
1.5	.0002235
1.51	.0002251
1.52	.0002267
1.53	.0002282
1.54	.0002298
1.55	.0002314
1.56	.000233
1.57	.0002345
1.58	.0002361
1.59	.0002377
1.6	.0002393
1.61	.0002409
1.62	.0002425
1.63	.0002441
1.64	.0002456
1.65	.0002472
1.66	.0002488
1.67	.0002504
1.68	.000252
1.69	.0002536
1.7	.0002552
1.71	.0002568
1.72	.0002584
1.73	.00026
1.74	.0002617
1.75	.0002633
1.76	.0002649
1.77	.0002665
1.78	.0002681
1.79	.0002697
1.8	.0002714
1.81	.000273
1.82	.0002746
1.83	.0002762
1.84	.0002779
1.85	.0002795
1.86	.0002811
1.87	.0002828
1.88	.0002844
1.89	.000286
1.9	.0002877
1.91	.0002893
1.92	.000291
1.93	.0002926
1.94	.0002943
1.95	.0002959
1.96	.0002976
1.97	.0002992
1.98	.0003009
1.99	.0003025
2	.0003042
2.01	.0003059
2.02	.0003075
2.03	.0003092
2.04	.0003109
2.05	.0003125
2.06	.0003142
2.07	.0003159
2.08	.0003176
2.09	.0003193
2.1	.000321
2.11	.0003226
2.12	.0003243
2.13	.000326
2.14	.0003277
2.15	.0003294
2.16	.0003311
2.17	.0003328
2.18	.0003345
2.19	.0003362
2.2	.0003379
2.21	.0003397
2.22	.0003414
2.23	.0003431
2.24	.0003448
2.25	.0003465
2.26	.0003483
2.27	.00035
2.28	.0003517
2.29	.0003535
2.3	.0003552
2.31	.0003569
2.32	.0003587
2.33	.0003604
2.34	.0003622
2.35	.0003639
2.36	.0003657
2.37	.0003674
2.38	.0003692
2.39	.0003709
2.4	.0003727
2.41	.0003745
2.42	.0003762
2.43	.000378
2.44	.0003798
2.45	.0003816
2.46	.0003833
2.47	.0003851
2.48	.0003869
2.49	.0003887
2.5	.0003905
2.51	.0003923
2.52	.0003941
2.53	.0003959
2.54	.0003977
2.55	.0003995
2.56	.0004013
2.57	.0004031
2.58	.000405
2.59	.0004068
2.6	.0004086
2.61	.0004104
2.62	.0004123
2.63	.0004141
2.64	.0004159
2.65	.0004178
2.66	.0004196
2.67	.0004215
2.68	.0004233
2.69	.0004252
2.7	.000427
2.71	.0004289
2.72	.0004307
2.73	.0004326
2.74	.0004345
2.75	.0004363
2.76	.0004382
2.77	.0004401
2.78	.000442
2.79	.0004439
2.8	.0004458
2.81	.0004476
2.82	.0004495
2.83	.0004514
2.84	.0004533
2.85	.0004553
2.86	.0004572
2.87	.0004591
2.88	.000461
2.89	.0004629
2.9	.0004648
2.91	.0004668
2.92	.0004687
2.93	.0004707
2.94	.0004726
2.95	.0004745
2.96	.0004765
2.97	.0004784
2.98	.0004804
2.99	.0004824
3	.0004843
3.01	.0004863
3.02	.0004883
3.03	.0004902
3.04	.0004922
3.05	.0004942
3.06	.0004962
3.07	.0004982
3.08	.0005002
3.09	.0005022
3.1	.0005042
3.11	.0005062
3.12	.0005082
3.13	.0005102
3.14	.0005122
3.15	.0005143
3.16	.0005163
3.17	.0005183
3.18	.0005203
3.19	.0005224
3.2	.0005244
3.21	.0005265
3.22	.0005285
3.23	.0005306
3.24	.0005327
3.25	.0005347
3.26	.0005368
3.27	.0005389
3.28	.000541
3.29	.000543
3.3	.0005451
3.31	.0005472
3.32	.0005493
3.33	.0005514
3.34	.0005535
3.35	.0005557
3.36	.0005578
3.37	.0005599
3.38	.000562
3.39	.0005641
3.4	.0005663
3.41	.0005684
3.42	.0005706
3.43	.0005727
3.44	.0005749
3.45	.000577
3.46	.0005792
3.47	.0005814
3.48	.0005835
3.49	.0005857
3.5	.0005879
3.51	.0005901
3.52	.0005923
3.53	.0005945
3.54	.0005967
3.55	.0005989
3.56	.0006011
3.57	.0006033
3.58	.0006056
3.59	.0006078
3.6	.00061
3.61	.0006123
3.62	.0006145
3.63	.0006168
3.64	.000619
3.65	.0006213
3.66	.0006236
3.67	.0006258
3.68	.0006281
3.69	.0006304
3.7	.0006327
3.71	.000635
3.72	.0006373
3.73	.0006396
3.74	.0006419
3.75	.0006442
3.76	.0006465
3.77	.0006489
3.78	.0006512
3.79	.0006535
3.8	.0006559
3.81	.0006582
3.82	.0006606
3.83	.000663
3.84	.0006653
3.85	.0006677
3.86	.0006701
3.87	.0006725
3.88	.0006749
3.89	.0006773
3.9	.0006797
3.91	.0006821
3.92	.0006845
3.93	.0006869
3.94	.0006894
3.95	.0006918
3.96	.0006942
3.97	.0006967
3.98	.0006991
3.99	.0007016
4	.0007041
4.01	.0007065
4.02	.000709
4.03	.0007115
4.04	.000714
4.05	.0007165
4.06	.000719
4.07	.0007215
4.08	.000724
4.09	.0007266
4.1	.0007291
4.11	.0007316
4.12	.0007342
4.13	.0007367
4.14	.0007393
4.15	.0007419
4.16	.0007444
4.17	.000747
4.18	.0007496
4.19	.0007522
4.2	.0007548
4.21	.0007574
4.22	.00076
4.23	.0007627
4.24	.0007653
4.25	.0007679
4.26	.0007706
4.27	.0007732
4.28	.0007759
4.29	.0007786
4.3	.0007812
4.31	.0007839
4.32	.0007866
4.33	.0007893
4.34	.000792
4.35	.0007947
4.36	.0007974
4.37	.0008002
4.38	.0008029
4.39	.0008056
4.4	.0008084
4.41	.0008111
4.42	.0008139
4.43	.0008167
4.44	.0008195
4.45	.0008223
4.46	.0008251
4.47	.0008279
4.48	.0008307
4.49	.0008335
4.5	.0008363
4.51	.0008392
4.52	.000842
4.53	.0008449
4.54	.0008477
4.55	.0008506
4.56	.0008535
4.57	.0008564
4.58	.0008593
4.59	.0008622
4.6	.0008651
4.61	.000868
4.62	.0008709
4.63	.0008739
4.64	.0008768
4.65	.0008798
4.66	.0008828
4.67	.0008857
4.68	.0008887
4.69	.0008917
4.7	.0008947
4.71	.0008977
4.72	.0009007
4.73	.0009038
4.74	.0009068
4.75	.0009099
4.76	.0009129
4.77	.000916
4.78	.0009191
4.79	.0009221
4.8	.0009252
4.81	.0009283
4.82	.0009315
4.83	.0009346
4.84	.0009377
4.85	.0009409
4.86	.000944
4.87	.0009472
4.88	.0009504
4.89	.0009535
4.9	.0009567
4.91	.0009599
4.92	.0009631
4.93	.0009664
4.94	.0009696
4.95	.0009729
4.96	.0009761
4.97	.0009794
4.98	.0009827
4.99	.0009861
5	.0009894
5.01	.0009929
5.02	.0009964
5.03	.0010001
5.04	.0010039
5.05	.0010079
5.06	.0010122
5.07	.001017
5.08	.0010222
5.09	.001028
5.1	.0010347
5.11	.0010422
5.12	.0010508
5.13	.0010607
5.14	.001072
5.15	.0010848
5.16	.0010992
5.17	.0011155
5.18	.0011336
5.19	.0011538
5.2	.0011763
5.21	.0012011
5.22	.0012285
5.23	.0012589
5.24	.0012924
5.25	.0013295
5.26	.0013703
5.27	.0014152
5.28	.001464
5.29	.0015167
5.3	.0015729
5.31	.0016321
5.32	.0016932
5.33	.0017552
5.34	.0018169
5.35	.001877
5.36	.0019341
5.37	.0019873
5.38	.0020356
5.39	.0020786
5.4	.0021163
5.41	.0021491
5.42	.002178
5.43	.0022042
5.44	.0022296
5.45	.0022562
5.46	.0022863
5.47	.0023224
5.48	.0023669
5.49	.0024225
5.5	.0024917
5.51	.0025767
5.52	.0026795
5.53	.0028019
5.54	.0029449
5.55	.0031093
5.56	.0032948
5.57	.0035006
5.58	.0037254
5.59	.0039668
5.6	.0042222
5.61	.0044884
5.62	.0047622
5.63	.00504
5.64	.0053189
5.65	.0055959
5.66	.0058688
5.67	.0061357
5.68	.0063954
5.69	.0066473
5.7	.0068914
5.71	.0071281
5.72	.0073583
5.73	.0075832
5.74	.0078044
5.75	.0080238
5.76	.0082436
5.77	.0084663
5.78	.0086945
5.79	.0089314
5.8	.00918
5.81	.0094436
5.82	.0097256
5.83	.010029
5.84	.010358
5.85	.010716
5.86	.011105
5.87	.011528
5.88	.011988
5.89	.012486
5.9	.013024
5.91	.0136
5.92	.014215
5.93	.014864
5.94	.015543
5.95	.016246
5.96	.016966
5.97	.017693
5.98	.018418
5.99	.019127
6	.019811
6.01	.020458
6.02	.021058
6.03	.021603
6.04	.022087
6.05	.022506
6.06	.022861
6.07	.023156
6.08	.023397
6.09	.023596
6.1	.023765
6.11	.023919
6.12	.024075
6.13	.024247
6.14	.02445
6.15	.024697
6.16	.024995
6.17	.02535
6.18	.025765
6.19	.026237
6.2	.026765
6.21	.027342
6.22	.027963
6.23	.028622
6.24	.029313
6.25	.030033
6.26	.030779
6.27	.03155
6.28	.032345
6.29	.033162
6.3	.034001
6.31	.03486
6.32	.035735
6.33	.03662
6.34	.037509
6.35	.038392
6.36	.039262
6.37	.040108
6.38	.040923
6.39	.041701
6.4	.04244
6.41	.043139
6.42	.043805
6.43	.044447
6.44	.04508
6.45	.045722
6.46	.046393
6.47	.047116
6.48	.047912
6.49	.048804
6.5	.049807
6.51	.050936
6.52	.052199
6.53	.053598
6.54	.05513
6.55	.056786
6.56	.05855
6.57	.060405
6.58	.062329
6.59	.064297
6.6	.066286
6.61	.068273
6.62	.07024
6.63	.072171
6.64	.074057
6.65	.075896
6.66	.077691
6.67	.079452
6.68	.081197
6.69	.082946
6.7	.084722
6.71	.086553
6.72	.088463
6.73	.090475
6.74	.09261
6.75	.094883
6.76	.097306
6.77	.099884
6.78	.10261
6.79	.1055
6.8	.10854
6.81	.11171
6.82	.115
6.83	.11842
6.84	.12194
6.85	.12556
6.86	.12928
6.87	.1331
6.88	.13702
6.89	.14104
6.9	.14518
6.91	.14943
6.92	.15379
6.93	.15826
6.94	.16282
6.95	.16744
6.96	.17211
6.97	.17677
6.98	.18141
6.99	.18598
7	.19046
7.01	.19485
7.02	.19913
7.03	.20333
7.04	.20749
7.05	.21165
7.06	.21587
7.07	.22022
7.08	.22475
7.09	.22952
7.1	.23458
7.11	.23996
7.12	.24566
7.13	.25168
7.14	.25799
7.15	.26454
7.16	.27128
7.17	.27813
7.18	.28503
7.19	.29192
7.2	.29874
7.21	.30545
7.22	.31204
7.23	.3185
7.24	.32487
7.25	.33119
7.26	.33753
7.27	.34393
7.28	.35049
7.29	.35725
7.3	.36428
7.31	.3716
7.32	.37923
7.33	.38718
7.34	.39543
7.35	.40395
7.36	.41271
7.37	.42169
7.38	.43085
7.39	.44017
7.4	.44963
7.41	.45922
7.42	.46891
7.43	.4787
7.44	.48854
7.45	.49843
7.46	.5083
7.47	.51814
7.48	.52789
7.49	.53752
7.5	.54699
7.51	.55627
7.52	.56535
7.53	.57422
7.54	.58289
7.55	.59134
7.56	.5996
7.57	.60766
7.58	.61553
7.59	.62321
7.6	.6307
7.61	.63801
7.62	.64516
7.63	.65218
7.64	.65912
7.65	.66603
7.66	.67299
7.67	.6801
7.68	.68743
7.69	.69509
7.7	.70314
7.71	.71163
7.72	.7206
7.73	.73003
7.74	.73988
7.75	.7501
7.76	.76059
7.77	.77127
7.78	.78202
7.79	.79274
7.8	.80335
7.81	.81376
7.82	.82392
7.83	.83377
7.84	.84329
7.85	.85247
7.86	.86129
7.87	.86976
7.88	.87789
7.89	.88571
7.9	.89326
7.91	.90058
7.92	.90773
7.93	.91477
7.94	.9218
7.95	.92889
7.96	.93612
7.97	.94357
7.98	.9513
7.99	.95935
8	.96774
8.01	.97646
8.02	.98548
8.03	.99476
8.04	1.0042
8.05	1.0138
8.06	1.0234
8.07	1.0331
8.08	1.0426
8.09	1.0521
8.1	1.0615
8.11	1.0708
8.12	1.08
8.13	1.0892
8.14	1.0985
8.15	1.1078
8.16	1.1173
8.17	1.127
8.18	1.137
8.19	1.1472
8.2	1.1577
8.21	1.1685
8.22	1.1794
8.23	1.1906
8.24	1.2018
8.25	1.2131
8.26	1.2244
8.27	1.2358
8.28	1.2471
8.29	1.2584
8.3	1.2697
8.31	1.281
8.32	1.2923
8.33	1.3038
8.34	1.3153
8.35	1.3271
8.36	1.3389
8.37	1.351
8.38	1.3631
8.39	1.3753
8.4	1.3876
8.41	1.3998
8.42	1.412
8.43	1.424
8.44	1.4358
8.45	1.4476
8.46	1.4593
8.47	1.471
8.48	1.4827
8.49	1.4947
8.5	1.507
8.51	1.5197
8.52	1.5329
8.53	1.5466
8.54	1.5608
8.55	1.5754
8.56	1.5903
8.57	1.6053
8.58	1.6202
8.59	1.6349
8.6	1.649
8.61	1.6625
8.62	1.6752
8.63	1.6868
8.64	1.6974
8.65	1.707
8.66	1.7155
8.67	1.7231
8.68	1.73
8.69	1.7363
8.7	1.7423
8.71	1.7483
8.72	1.7544
8.73	1.7608
8.74	1.7679
8.75	1.7756
8.76	1.7842
8.77	1.7936
8.78	1.8038
8.79	1.8148
8.8	1.8263
8.81	1.8384
8.82	1.8506
8.83	1.8628
8.84	1.8748
8.85	1.8864
8.86	1.8973
8.87	1.9073
8.88	1.9164
8.89	1.9244
8.9	1.9312
8.91	1.937
8.92	1.9417
8.93	1.9455
8.94	1.9484
8.95	1.9505
8.96	1.9521
8.97	1.9532
8.98	1.954
8.99	1.9546
9	1.9551
9.01	1.9557
9.02	1.9564
9.03	1.9574
9.04	1.9588
9.05	1.9607
9.06	1.9631
9.07	1.9661
9.08	1.9697
9.09	1.974
9.1	1.9789
9.11	1.9844
9.12	1.9902
9.13	1.9964
9.14	2.0027
9.15	2.009
9.16	2.0151
9.17	2.021
9.18	2.0264
9.19	2.0313
9.2	2.0356
9.21	2.0393
9.22	2.0424
9.23	2.0447
9.24	2.0464
9.25	2.0474
9.26	2.0477
9.27	2.0473
9.28	2.0464
9.29	2.0448
9.3	2.0427
9.31	2.0401
9.32	2.0371
9.33	2.0338
9.34	2.0303
9.35	2.0267
9.36	2.0231
9.37	2.0195
9.38	2.0161
9.39	2.0129
9.4	2.0099
9.41	2.0072
9.42	2.0047
9.43	2.0025
9.44	2.0005
9.45	1.9987
9.46	1.997
9.47	1.9954
9.48	1.9937
9.49	1.992
9.5	1.9902
9.51	1.9883
9.52	1.9862
9.53	1.9838
9.54	1.9813
9.55	1.9786
9.56	1.9758
9.57	1.9729
9.58	1.9698
9.59	1.9667
9.6	1.9635
9.61	1.9602
9.62	1.9568
9.63	1.9533
9.64	1.9495
9.65	1.9456
9.66	1.9414
9.67	1.9369
9.68	1.9322
9.69	1.9273
9.7	1.9221
9.71	1.9169
9.72	1.9116
9.73	1.9063
9.74	1.901
9.75	1.8959
9.76	1.891
9.77	1.8861
9.78	1.8814
9.79	1.8767
9.8	1.872
9.81	1.8673
9.82	1.8623
9.83	1.8572
9.84	1.8517
9.85	1.8459
9.86	1.8398
9.87	1.8334
9.88	1.8267
9.89	1.8199
9.9	1.813
9.91	1.8061
9.92	1.7993
9.93	1.7928
9.94	1.7865
9.95	1.7806
9.96	1.775
9.97	1.7698
9.98	1.7649
9.99	1.7602
10	1.7558
10.01	1.7514
10.02	1.7472
10.03	1.7429
10.04	1.7385
10.05	1.7341
10.06	1.7295
10.07	1.7248
10.08	1.72
10.09	1.7151
10.1	1.7101
10.11	1.7052
10.12	1.7003
10.13	1.6955
10.14	1.6909
10.15	1.6864
10.16	1.6821
10.17	1.678
10.18	1.674
10.19	1.6702
10.2	1.6666
10.21	1.6631
10.22	1.6597
10.23	1.6565
10.24	1.6533
10.25	1.6503
10.26	1.6474
10.27	1.6446
10.28	1.6419
10.29	1.6394
10.3	1.637
10.31	1.6347
10.32	1.6326
10.33	1.6305
10.34	1.6286
10.35	1.6267
10.36	1.6249
10.37	1.6231
10.38	1.6213
10.39	1.6194
10.4	1.6175
10.41	1.6156
10.42	1.6137
10.43	1.6117
10.44	1.6097
10.45	1.6077
10.46	1.6057
10.47	1.6038
10.48	1.6019
10.49	1.6002
10.5	1.5985
10.51	1.597
10.52	1.5955
10.53	1.5942
10.54	1.5931
10.55	1.5921
10.56	1.5912
10.57	1.5905
10.58	1.59
10.59	1.5896
10.6	1.5893
10.61	1.5891
10.62	1.589
10.63	1.5889
10.64	1.5889
10.65	1.589
10.66	1.5892
10.67	1.5893
10.68	1.5896
10.69	1.59
10.7	1.5904
10.71	1.591
10.72	1.5916
10.73	1.5924
10.74	1.5933
10.75	1.5942
10.76	1.5952
10.77	1.5962
10.78	1.5972
10.79	1.5982
10.8	1.5992
10.81	1.6001
10.82	1.6009
10.83	1.6016
10.84	1.6022
10.85	1.6028
10.86	1.6032
10.87	1.6034
10.88	1.6036
10.89	1.6036
10.9	1.6035
10.91	1.6033
10.92	1.603
10.93	1.6025
10.94	1.6021
10.95	1.6016
10.96	1.6011
10.97	1.6008
10.98	1.6007
10.99	1.6008
11	1.6012
11.01	1.602
11.02	1.6031
11.03	1.6046
11.04	1.6064
11.05	1.6085
11.06	1.6109
11.07	1.6134
11.08	1.6159
11.09	1.6185
11.1	1.6209
11.11	1.6232
11.12	1.6254
11.13	1.6274
11.14	1.6293
11.15	1.631
11.16	1.6326
11.17	1.6342
11.18	1.6357
11.19	1.6372
11.2	1.6387
11.21	1.6402
11.22	1.6417
11.23	1.6433
11.24	1.6449
11.25	1.6465
11.26	1.648
11.27	1.6495
11.28	1.651
11.29	1.6525
11.3	1.6539
11.31	1.6552
11.32	1.6564
11.33	1.6576
11.34	1.6587
11.35	1.6598
11.36	1.6608
11.37	1.6619
11.38	1.6629
11.39	1.664
11.4	1.6652
11.41	1.6665
11.42	1.668
11.43	1.6698
11.44	1.6717
11.45	1.6739
11.46	1.6763
11.47	1.6789
11.48	1.6816
11.49	1.6844
11.5	1.6872
11.51	1.69
11.52	1.6926
11.53	1.6951
11.54	1.6973
11.55	1.6993
11.56	1.7011
11.57	1.7027
11.58	1.7041
11.59	1.7054
11.6	1.7065
11.61	1.7076
11.62	1.7086
11.63	1.7096
11.64	1.7107
11.65	1.7116
11.66	1.7126
11.67	1.7136
11.68	1.7144
11.69	1.7152
11.7	1.7159
11.71	1.7164
11.72	1.7167
11.73	1.7168
11.74	1.7167
11.75	1.7165
11.76	1.7161
11.77	1.7155
11.78	1.7148
11.79	1.7141
11.8	1.7134
11.81	1.7128
11.82	1.7123
11.83	1.7119
11.84	1.7118
11.85	1.7119
11.86	1.7122
11.87	1.7127
11.88	1.7134
11.89	1.7142
11.9	1.715
11.91	1.7158
11.92	1.7166
11.93	1.7172
11.94	1.7176
11.95	1.7178
11.96	1.7177
11.97	1.7173
11.98	1.7167
11.99	1.7159
12	1.7149
12.01	1.7138
12.02	1.7126
12.03	1.7113
12.04	1.7101
12.05	1.7089
12.06	1.7079
12.07	1.707
12.08	1.7063
12.09	1.7058
12.1	1.7055
12.11	1.7055
12.12	1.7057
12.13	1.706
12.14	1.7066
12.15	1.7073
12.16	1.7081
12.17	1.7091
12.18	1.7102
12.19	1.7113
12.2	1.7124
12.21	1.7136
12.22	1.7148
12.23	1.7159
12.24	1.717
12.25	1.718
12.26	1.7189
12.27	1.7196
12.28	1.7201
12.29	1.7204
12.3	1.7206
12.31	1.7206
12.32	1.7205
12.33	1.7204
12.34	1.7202
12.35	1.7201
12.36	1.7201
12.37	1.7203
12.38	1.7207
12.39	1.7213
12.4	1.7222
12.41	1.7233
12.42	1.7248
12.43	1.7264
12.44	1.7284
12.45	1.7306
12.46	1.7331
12.47	1.7358
12.48	1.7389
12.49	1.7422
12.5	1.7456
12.51	1.7493
12.52	1.7531
12.53	1.7569
12.54	1.7607
12.55	1.7644
12.56	1.768
12.57	1.7713
12.58	1.7745
12.59	1.7774
12.6	1.7801
12.61	1.7828
12.62	1.7853
12.63	1.7879
12.64	1.7907
12.65	1.7937
12.66	1.797
12.67	1.8009
12.68	1.8053
12.69	1.8103
12.7	1.816
12.71	1.8225
12.72	1.8297
12.73	1.8378
12.74	1.8467
12.75	1.8564
12.76	1.8669
12.77	1.8783
12.78	1.8904
12.79	1.9032
12.8	1.917
12.81	1.9314
12.82	1.9463
12.83	1.9622
12.84	1.9786
12.85	1.9953
12.86	2.0129
12.87	2.0308
12.88	2.049
12.89	2.0679
12.9	2.0871
12.91	2.1066
12.92	2.1269
12.93	2.1476
12.94	2.1689
12.95	2.1909
12.96	2.214
12.97	2.2377
12.98	2.2624
12.99	2.2883
13	2.315
13.01	2.3428
13.02	2.3718
13.03	2.4016
13.04	2.4321
13.05	2.4635
13.06	2.4952
13.07	2.5272
13.08	2.559
13.09	2.5904
13.1	2.6214
13.11	2.6509
13.12	2.6789
13.13	2.7053
13.14	2.729
13.15	2.7497
13.16	2.7679
13.17	2.7823
13.18	2.7923
13.19	2.7992
13.2	2.8019
13.21	2.7995
13.22	2.7938
13.23	2.7844
13.24	2.7699
13.25	2.7526
13.26	2.7326
13.27	2.7083
13.28	2.6822
13.29	2.6543
13.3	2.624
13.31	2.5926
13.32	2.5605
13.33	2.5274
13.34	2.4941
13.35	2.4607
13.36	2.4275
13.37	2.3947
13.38	2.3624
13.39	2.3306
13.4	2.2997
13.41	2.2693
13.42	2.2397
13.43	2.2111
13.44	2.1831
13.45	2.1557
13.46	2.1294
13.47	2.1036
13.48	2.0785
13.49	2.0546
13.5	2.0313
13.51	2.0087
13.52	1.9873
13.53	1.9668
13.54	1.9472
13.55	1.9288
13.56	1.9115
13.57	1.895
13.58	1.8798
13.59	1.8655
13.6	1.8521
13.61	1.8397
13.62	1.8281
13.63	1.8171
13.64	1.8068
13.65	1.7972
13.66	1.7879
13.67	1.7791
13.68	1.7708
13.69	1.7628
13.7	1.7551
13.71	1.7478
13.72	1.7407
13.73	1.7339
13.74	1.7274
13.75	1.7213
13.76	1.7153
13.77	1.7098
13.78	1.7044
13.79	1.6993
13.8	1.6945
13.81	1.6898
13.82	1.6853
13.83	1.6809
13.84	1.6765
13.85	1.6721
13.86	1.6676
13.87	1.663
13.88	1.6582
13.89	1.6532
13.9	1.648
13.91	1.6426
13.92	1.6369
13.93	1.6311
13.94	1.6251
13.95	1.619
13.96	1.613
13.97	1.607
13.98	1.6013
13.99	1.596
14	1.5912
14.01	1.5869
14.02	1.5833
14.03	1.5804
14.04	1.5784
14.05	1.5771
14.06	1.5768
14.07	1.5771
14.08	1.5783
14.09	1.5801
14.1	1.5824
14.11	1.5853
14.12	1.5885
14.13	1.592
14.14	1.5957
14.15	1.5995
14.16	1.6034
14.17	1.6072
14.18	1.6109
14.19	1.6146
14.2	1.6181
14.21	1.6215
14.22	1.6248
14.23	1.628
14.24	1.631
14.25	1.6338
14.26	1.6365
14.27	1.6391
14.28	1.6416
14.29	1.644
14.3	1.6464
14.31	1.6487
14.32	1.651
14.33	1.6533
14.34	1.6557
14.35	1.6582
14.36	1.6609
14.37	1.6637
14.38	1.6667
14.39	1.6699
14.4	1.6733
14.41	1.677
14.42	1.6809
14.43	1.685
14.44	1.6894
14.45	1.694
14.46	1.6989
14.47	1.7039
14.48	1.7091
14.49	1.7144
14.5	1.7198
14.51	1.725
14.52	1.7302
14.53	1.7351
14.54	1.7396
14.55	1.7437
14.56	1.7472
14.57	1.7502
14.58	1.7525
14.59	1.7542
14.6	1.7552
14.61	1.7557
14.62	1.7557
14.63	1.7553
14.64	1.7546
14.65	1.7537
14.66	1.7528
14.67	1.7519
14.68	1.7511
14.69	1.7505
14.7	1.7502
14.71	1.7501
14.72	1.7503
14.73	1.7508
14.74	1.7515
14.75	1.7525
14.76	1.7536
14.77	1.7548
14.78	1.7561
14.79	1.7574
14.8	1.7587
14.81	1.7599
14.82	1.7609
14.83	1.7618
14.84	1.7625
14.85	1.763
14.86	1.7633
14.87	1.7633
14.88	1.7631
14.89	1.7625
14.9	1.7618
14.91	1.7607
14.92	1.7595
14.93	1.758
14.94	1.7563
14.95	1.7544
14.96	1.7524
14.97	1.7502
14.98	1.748
14.99	1.7458
15	1.7436
15.01	1.7415
15.02	1.7396
15.03	1.7379
15.04	1.7364
15.05	1.7351
15.06	1.7342
15.07	1.7334
15.08	1.7329
15.09	1.7325
15.1	1.7323
15.11	1.7321
15.12	1.7318
15.13	1.7314
15.14	1.7309
15.15	1.7301
15.16	1.7291
15.17	1.7278
15.18	1.7263
15.19	1.7247
15.2	1.7229
15.21	1.721
15.22	1.7192
15.23	1.7174
15.24	1.7157
15.25	1.7141
15.26	1.7127
15.27	1.7114
15.28	1.7102
15.29	1.709
15.3	1.7077
15.31	1.7064
15.32	1.7049
15.33	1.7033
15.34	1.7014
15.35	1.6993
15.36	1.6969
15.37	1.6943
15.38	1.6915
15.39	1.6884
15.4	1.6853
15.41	1.682
15.42	1.6786
15.43	1.6751
15.44	1.6716
15.45	1.6681
15.46	1.6646
15.47	1.661
15.48	1.6575
15.49	1.6541
15.5	1.6506
15.51	1.6473
15.52	1.644
15.53	1.6408
15.54	1.6377
15.55	1.6348
15.56	1.632
15.57	1.6295
15.58	1.6271
15.59	1.6249
15.6	1.6229
15.61	1.6211
15.62	1.6194
15.63	1.6178
15.64	1.6164
15.65	1.615
15.66	1.6136
15.67	1.6122
15.68	1.6109
15.69	1.6095
15.7	1.6081
15.71	1.6066
15.72	1.605
15.73	1.6034
15.74	1.6017
15.75	1.5999
15.76	1.5981
15.77	1.5962
15.78	1.5942
15.79	1.5921
15.8	1.59
15.81	1.5878
15.82	1.5856
15.83	1.5833
15.84	1.5809
15.85	1.5786
15.86	1.5762
15.87	1.5737
15.88	1.5713
15.89	1.5688
15.9	1.5664
15.91	1.564
15.92	1.5618
15.93	1.5596
15.94	1.5577
15.95	1.556
15.96	1.5545
15.97	1.5533
15.98	1.5524
15.99	1.5517
16	1.5513
16.01	1.551
16.02	1.5509
16.03	1.5507
16.04	1.5506
16.05	1.5503
16.06	1.5499
16.07	1.5493
16.08	1.5484
16.09	1.5472
16.1	1.5458
16.11	1.5442
16.12	1.5423
16.13	1.5402
16.14	1.538
16.15	1.5356
16.16	1.5331
16.17	1.5305
16.18	1.5278
16.19	1.5251
16.2	1.5224
16.21	1.5196
16.22	1.5169
16.23	1.5142
16.24	1.5117
16.25	1.5093
16.26	1.507
16.27	1.5049
16.28	1.5031
16.29	1.5015
16.3	1.5002
16.31	1.499
16.32	1.4981
16.33	1.4973
16.34	1.4967
16.35	1.4961
16.36	1.4957
16.37	1.4952
16.38	1.4948
16.39	1.4943
16.4	1.4938
16.41	1.4933
16.42	1.4927
16.43	1.4921
16.44	1.4914
16.45	1.4907
16.46	1.4899
16.47	1.489
16.48	1.4879
16.49	1.4868
16.5	1.4856
16.51	1.4843
16.52	1.483
16.53	1.4815
16.54	1.4801
16.55	1.4787
16.56	1.4774
16.57	1.4761
16.58	1.475
16.59	1.4741
16.6	1.4734
16.61	1.473
16.62	1.4727
16.63	1.4726
16.64	1.4727
16.65	1.473
16.66	1.4733
16.67	1.4736
16.68	1.4739
16.69	1.4741
16.7	1.4741
16.71	1.4739
16.72	1.4735
16.73	1.4728
16.74	1.4718
16.75	1.4705
16.76	1.4689
16.77	1.4671
16.78	1.4652
16.79	1.4632
16.8	1.4612
16.81	1.4593
16.82	1.4575
16.83	1.4559
16.84	1.4545
16.85	1.4535
16.86	1.4528
16.87	1.4524
16.88	1.4522
16.89	1.4523
16.9	1.4525
16.91	1.4529
16.92	1.4533
16.93	1.4536
16.94	1.4539
16.95	1.4541
16.96	1.4541
16.97	1.4538
16.98	1.4535
16.99	1.4529
17	1.4522
17.01	1.4513
17.02	1.4504
17.03	1.4494
17.04	1.4484
17.05	1.4474
17.06	1.4464
17.07	1.4455
17.08	1.4447
17.09	1.4439
17.1	1.4431
17.11	1.4424
17.12	1.4418
17.13	1.4412
17.14	1.4407
17.15	1.4402
17.16	1.4398
17.17	1.4394
17.18	1.439
17.19	1.4386
17.2	1.4381
17.21	1.4377
17.22	1.4371
17.23	1.4365
17.24	1.4358
17.25	1.4349
17.26	1.434
17.27	1.4329
17.28	1.4317
17.29	1.4304
17.3	1.429
17.31	1.4276
17.32	1.4261
17.33	1.4245
17.34	1.4228
17.35	1.4211
17.36	1.4193
17.37	1.4174
17.38	1.4154
17.39	1.4134
17.4	1.4112
17.41	1.409
17.42	1.4067
17.43	1.4044
17.44	1.4022
17.45	1.4
17.46	1.398
17.47	1.3961
17.48	1.3944
17.49	1.3929
17.5	1.3916
17.51	1.3905
17.52	1.3895
17.53	1.3888
17.54	1.3882
17.55	1.3878
17.56	1.3874
17.57	1.3871
17.58	1.3869
17.59	1.3867
17.6	1.3865
17.61	1.3863
17.62	1.386
17.63	1.3857
17.64	1.3854
17.65	1.385
17.66	1.3846
17.67	1.3842
17.68	1.3837
17.69	1.3833
17.7	1.3829
17.71	1.3826
17.72	1.3825
17.73	1.3824
17.74	1.3825
17.75	1.3827
17.76	1.3831
17.77	1.3836
17.78	1.3841
17.79	1.3847
17.8	1.3853
17.81	1.3859
17.82	1.3863
17.83	1.3867
17.84	1.3868
17.85	1.3868
17.86	1.3866
17.87	1.3862
17.88	1.3856
17.89	1.3849
17.9	1.3841
17.91	1.3832
17.92	1.3823
17.93	1.3815
17.94	1.3807
17.95	1.38
17.96	1.3795
17.97	1.379
17.98	1.3786
17.99	1.3782
18	1.3778
18.01	1.3774
18.02	1.3769
18.03	1.3763
18.04	1.3756
18.05	1.3748
18.06	1.3738
18.07	1.3729
18.08	1.3718
18.09	1.3708
18.1	1.3698
18.11	1.3688
18.12	1.3679
18.13	1.3671
18.14	1.3664
18.15	1.3656
18.16	1.3649
18.17	1.3642
18.18	1.3634
18.19	1.3625
18.2	1.3615
18.21	1.3604
18.22	1.3592
18.23	1.3579
18.24	1.3565
18.25	1.3551
18.26	1.3538
18.27	1.3526
18.28	1.3515
18.29	1.3507
18.3	1.3501
18.31	1.3497
18.32	1.3496
18.33	1.3497
18.34	1.35
18.35	1.3504
18.36	1.351
18.37	1.3515
18.38	1.352
18.39	1.3524
18.4	1.3526
18.41	1.3525
18.42	1.3522
18.43	1.3515
18.44	1.3505
18.45	1.3491
18.46	1.3473
18.47	1.3451
18.48	1.3425
18.49	1.3397
18.5	1.3366
18.51	1.3332
18.52	1.3297
18.53	1.3261
18.54	1.3225
18.55	1.3188
18.56	1.3152
18.57	1.3117
18.58	1.3084
18.59	1.3051
18.6	1.302
18.61	1.2991
18.62	1.2963
18.63	1.2936
18.64	1.2909
18.65	1.2883
18.66	1.2857
18.67	1.2831
18.68	1.2804
18.69	1.2775
18.7	1.2745
18.71	1.2713
18.72	1.2679
18.73	1.2644
18.74	1.2607
18.75	1.2568
18.76	1.2529
18.77	1.2489
18.78	1.2449
18.79	1.241
18.8	1.2372
18.81	1.2335
18.82	1.23
18.83	1.2267
18.84	1.2235
18.85	1.2205
18.86	1.2177
18.87	1.2151
18.88	1.2126
18.89	1.2102
18.9	1.2079
18.91	1.2058
18.92	1.2038
18.93	1.202
18.94	1.2003
18.95	1.1987
18.96	1.1973
18.97	1.1961
18.98	1.195
18.99	1.194
19	1.1931
19.01	1.1922
19.02	1.1912
19.03	1.1903
19.04	1.1892
19.05	1.1881
19.06	1.1868
19.07	1.1855
19.08	1.184
19.09	1.1826
19.1	1.1811
19.11	1.1796
19.12	1.1782
19.13	1.1768
19.14	1.1754
19.15	1.1741
19.16	1.1728
19.17	1.1714
19.18	1.17
19.19	1.1685
19.2	1.167
19.21	1.1653
19.22	1.1635
19.23	1.1617
19.24	1.1598
19.25	1.1578
19.26	1.1558
19.27	1.1537
19.28	1.1517
19.29	1.1497
19.3	1.1478
19.31	1.1459
19.32	1.144
19.33	1.1421
19.34	1.1403
19.35	1.1384
19.36	1.1366
19.37	1.1347
19.38	1.1328
19.39	1.1309
19.4	1.129
19.41	1.1271
19.42	1.1253
19.43	1.1234
19.44	1.1215
19.45	1.1197
19.46	1.1179
19.47	1.1162
19.48	1.1145
19.49	1.1129
19.5	1.1114
19.51	1.11
19.52	1.1086
19.53	1.1073
19.54	1.1061
19.55	1.1049
19.56	1.1038
19.57	1.1027
19.58	1.1017
19.59	1.1006
19.6	1.0995
19.61	1.0983
19.62	1.0971
19.63	1.0958
19.64	1.0944
19.65	1.0928
19.66	1.0912
19.67	1.0894
19.68	1.0875
19.69	1.0855
19.7	1.0834
19.71	1.0813
19.72	1.0792
19.73	1.0772
19.74	1.0752
19.75	1.0734
19.76	1.0717
19.77	1.0701
19.78	1.0687
19.79	1.0675
19.8	1.0664
19.81	1.0654
19.82	1.0645
19.83	1.0637
19.84	1.063
19.85	1.0622
19.86	1.0615
19.87	1.0607
19.88	1.0599
19.89	1.0592
19.9	1.0584
19.91	1.0576
19.92	1.0568
19.93	1.0561
19.94	1.0554
19.95	1.0548
19.96	1.0542
19.97	1.0537
19.98	1.0532
19.99	1.0529
20	1.0526
20.01	1.0523
20.02	1.0521
20.03	1.0518
20.04	1.0516
20.05	1.0513
20.06	1.0509
20.07	1.0503
20.08	1.0497
20.09	1.0488
20.1	1.0479
20.11	1.0468
20.12	1.0456
20.13	1.0443
20.14	1.0429
20.15	1.0415
20.16	1.0402
20.17	1.0388
20.18	1.0376
20.19	1.0365
20.2	1.0354
20.21	1.0345
20.22	1.0337
20.23	1.0331
20.24	1.0325
20.25	1.032
20.26	1.0315
20.27	1.0312
20.28	1.0308
20.29	1.0306
20.3	1.0303
20.31	1.0301
20.32	1.0299
20.33	1.0296
20.34	1.0294
20.35	1.0292
20.36	1.029
20.37	1.0287
20.38	1.0283
20.39	1.0279
20.4	1.0273
20.41	1.0267
20.42	1.0259
20.43	1.025
20.44	1.0239
20.45	1.0228
20.46	1.0215
20.47	1.0202
20.48	1.0189
20.49	1.0176
20.5	1.0163
20.51	1.015
20.52	1.0139
20.53	1.0128
20.54	1.0119
20.55	1.011
20.56	1.0103
20.57	1.0097
20.58	1.0091
20.59	1.0085
20.6	1.0079
20.61	1.0073
20.62	1.0066
20.63	1.0058
20.64	1.0049
20.65	1.0039
20.66	1.0028
20.67	1.0016
20.68	1.0004
20.69	.99923
20.7	.99802
20.71	.99684
20.72	.99572
20.73	.99466
20.74	.99369
20.75	.9928
20.76	.99199
20.77	.99127
20.78	.99062
20.79	.99004
20.8	.98954
20.81	.98912
20.82	.98877
20.83	.98851
20.84	.98834
20.85	.98826
20.86	.98826
20.87	.98835
20.88	.98851
20.89	.98873
20.9	.98899
20.91	.98927
20.92	.98955
20.93	.98981
20.94	.99002
20.95	.99019
20.96	.99029
20.97	.99033
20.98	.99031
20.99	.99022
21	.99009
21.01	.98992
21.02	.98972
21.03	.98951
21.04	.98929
21.05	.98909
21.06	.9889
21.07	.98873
21.08	.98859
21.09	.98847
21.1	.98836
21.11	.98826
21.12	.98815
21.13	.98802
21.14	.98785
21.15	.98763
21.16	.98735
21.17	.98699
21.18	.98657
21.19	.98608
21.2	.98553
21.21	.98494
21.22	.98433
21.23	.98373
21.24	.98317
21.25	.98266
21.26	.98223
21.27	.98191
21.28	.98171
21.29	.98165
21.3	.98173
21.31	.98197
21.32	.98235
21.33	.98289
21.34	.98357
21.35	.98438
21.36	.9853
21.37	.98632
21.38	.98739
21.39	.9885
21.4	.98958
21.41	.99061
21.42	.99153
21.43	.9923
21.44	.99288
21.45	.99324
21.46	.99335
21.47	.99321
21.48	.9928
21.49	.99213
21.5	.99123
21.51	.99013
21.52	.98886
21.53	.98747
21.54	.986
21.55	.98451
21.56	.98304
21.57	.98164
21.58	.98036
21.59	.97923
21.6	.97831
21.61	.97761
21.62	.97717
21.63	.97699
21.64	.97707
21.65	.97741
21.66	.97797
21.67	.97873
21.68	.97962
21.69	.98061
21.7	.98163
21.71	.98262
21.72	.98352
21.73	.98431
21.74	.98494
21.75	.98541
21.76	.9857
21.77	.98585
21.78	.98587
21.79	.98581
21.8	.9857
21.81	.98558
21.82	.98548
21.83	.98543
21.84	.98544
21.85	.9855
21.86	.98561
21.87	.98574
21.88	.98587
21.89	.98596
21.9	.98601
21.91	.98598
21.92	.98587
21.93	.98568
21.94	.98544
21.95	.98515
21.96	.98484
21.97	.98456
21.98	.98432
21.99	.98414
22	.98405
22.01	.98405
22.02	.98412
22.03	.98424
22.04	.98439
22.05	.98453
22.06	.98462
22.07	.98463
22.08	.98451
22.09	.98425
22.1	.98383
22.11	.98323
22.12	.98246
22.13	.98154
22.14	.9805
22.15	.97935
22.16	.97814
22.17	.9769
22.18	.97567
22.19	.97447
22.2	.97333
22.21	.97228
22.22	.97133
22.23	.9705
22.24	.96979
22.25	.9692
22.26	.96873
22.27	.96839
22.28	.96817
22.29	.96807
22.3	.96808
22.31	.96819
22.32	.96839
22.33	.96866
22.34	.96898
22.35	.96933
22.36	.96969
22.37	.97004
22.38	.97036
22.39	.97062
22.4	.97083
22.41	.97097
22.42	.97103
22.43	.97101
22.44	.97091
22.45	.97074
22.46	.9705
22.47	.9702
22.48	.96985
22.49	.96944
22.5	.96899
22.51	.9685
22.52	.96798
22.53	.96743
22.54	.96686
22.55	.96628
22.56	.96568
22.57	.96509
22.58	.9645
22.59	.96394
22.6	.96342
22.61	.96294
22.62	.96254
22.63	.96223
22.64	.96202
22.65	.96193
22.66	.96197
22.67	.96216
22.68	.96249
22.69	.96297
22.7	.96358
22.71	.96431
22.72	.96514
22.73	.96605
22.74	.96702
22.75	.96802
22.76	.96902
22.77	.97
22.78	.97094
22.79	.97182
22.8	.97262
22.81	.97336
22.82	.97401
22.83	.9746
22.84	.97512
22.85	.97559
22.86	.97603
22.87	.97644
22.88	.97685
22.89	.97725
22.9	.97766
22.91	.97807
22.92	.97847
22.93	.97886
22.94	.97921
22.95	.9795
22.96	.97973
22.97	.97986
22.98	.97989
22.99	.97981
23	.97961
23.01	.97929
23.02	.97884
23.03	.97829
23.04	.97762
23.05	.97687
23.06	.97602
23.07	.9751
23.08	.97411
23.09	.97306
23.1	.97195
23.11	.97077
23.12	.96954
23.13	.96826
23.14	.96693
23.15	.96557
23.16	.96419
23.17	.96282
23.18	.96149
23.19	.96023
23.2	.95907
23.21	.95807
23.22	.95726
23.23	.95667
23.24	.95634
23.25	.95627
23.26	.95648
23.27	.95695
23.28	.95767
23.29	.95858
23.3	.95965
23.31	.96082
23.32	.96202
23.33	.96319
23.34	.96429
23.35	.96525
23.36	.96604
23.37	.96664
23.38	.96703
23.39	.96721
23.4	.9672
23.41	.96703
23.42	.96671
23.43	.96628
23.44	.96577
23.45	.9652
23.46	.96461
23.47	.964
23.48	.9634
23.49	.9628
23.5	.96222
23.51	.96165
23.52	.9611
23.53	.96057
23.54	.96006
23.55	.95959
23.56	.95915
23.57	.95877
23.58	.95846
23.59	.95824
23.6	.95812
23.61	.95812
23.62	.95825
23.63	.95851
23.64	.9589
23.65	.95942
23.66	.96003
23.67	.96073
23.68	.96146
23.69	.9622
23.7	.9629
23.71	.96352
23.72	.96401
23.73	.96434
23.74	.96448
23.75	.96442
23.76	.96415
23.77	.96368
23.78	.96303
23.79	.96224
23.8	.96134
23.81	.96038
23.82	.95942
23.83	.95849
23.84	.95763
23.85	.95689
23.86	.95627
23.87	.95581
23.88	.95549
23.89	.95531
23.9	.95528
23.91	.95537
23.92	.95557
23.93	.95586
23.94	.95623
23.95	.95666
23.96	.95714
23.97	.95764
23.98	.95816
23.99	.95866
24	.95914
24.01	.95958
24.02	.95996
24.03	.96026
24.04	.96048
24.05	.9606
24.06	.96062
24.07	.96055
24.08	.9604
24.09	.96017
24.1	.95988
24.11	.95954
24.12	.95919
24.13	.95883
24.14	.95849
24.15	.95817
24.16	.9579
24.17	.95768
24.18	.9575
24.19	.95738
24.2	.95731
24.21	.95728
24.22	.95729
24.23	.95733
24.24	.95739
24.25	.95747
24.26	.95757
24.27	.95768
24.28	.9578
24.29	.95794
24.3	.95811
24.31	.95831
24.32	.95856
24.33	.95887
24.34	.95925
24.35	.95973
24.36	.96032
24.37	.96103
24.38	.96187
24.39	.96283
24.4	.96391
24.41	.9651
24.42	.96637
24.43	.96769
24.44	.96905
24.45	.97041
24.46	.97175
24.47	.97305
24.48	.9743
24.49	.97548
24.5	.97659
24.51	.97764
24.52	.97864
24.53	.97958
24.54	.98049
24.55	.98135
24.56	.98217
24.57	.98296
24.58	.98369
24.59	.98436
24.6	.98496
24.61	.98547
24.62	.98588
24.63	.98619
24.64	.98638
24.65	.98644
24.66	.98639
24.67	.98623
24.68	.98597
24.69	.98562
24.7	.98519
24.71	.98472
24.72	.9842
24.73	.98366
24.74	.98312
24.75	.9826
24.76	.9821
24.77	.98166
24.78	.98128
24.79	.98098
24.8	.98079
24.81	.98071
24.82	.98078
24.83	.98099
24.84	.98136
24.85	.98188
24.86	.98255
24.87	.98335
24.88	.98425
24.89	.98522
24.9	.98621
24.91	.98717
24.92	.98807
24.93	.98885
24.94	.98948
24.95	.98994
24.96	.99021
24.97	.99029
24.98	.9902
24.99	.98994
25	.98954
25.01	.98905
25.02	.98849
25.03	.9879
25.04	.9873
25.05	.98671
25.06	.98617
25.07	.98568
25.08	.98525
25.09	.98489
25.1	.98461
25.11	.98442
25.12	.9843
25.13	.98428
25.14	.98435
25.15	.98452
25.16	.98478
25.17	.98514
25.18	.98559
25.19	.98614
25.2	.98677
25.21	.98749
25.22	.9883
25.23	.98918
25.24	.99013
25.25	.99116
25.26	.99226
25.27	.99342
25.28	.99463
25.29	.9959
25.3	.9972
25.31	.99852
25.32	.99985
25.33	1.0011
25.34	1.0024
25.35	1.0037
25.36	1.0048
25.37	1.0059
25.38	1.0069
25.39	1.0078
25.4	1.0087
25.41	1.0094
25.42	1.01
25.43	1.0106
25.44	1.0112
25.45	1.0117
25.46	1.0124
25.47	1.0131
25.48	1.0139
25.49	1.0149
25.5	1.016
25.51	1.0172
25.52	1.0184
25.53	1.0198
25.54	1.0211
25.55	1.0224
25.56	1.0235
25.57	1.0246
25.58	1.0254
25.59	1.0261
25.6	1.0265
25.61	1.0268
25.62	1.0268
25.63	1.0267
25.64	1.0265
25.65	1.0263
25.66	1.0259
25.67	1.0257
25.68	1.0254
25.69	1.0253
25.7	1.0252
25.71	1.0254
25.72	1.0256
25.73	1.0261
25.74	1.0266
25.75	1.0274
25.76	1.0282
25.77	1.0292
25.78	1.0302
25.79	1.0313
25.8	1.0323
25.81	1.0334
25.82	1.0344
25.83	1.0354
25.84	1.0362
25.85	1.0369
25.86	1.0374
25.87	1.0379
25.88	1.0382
25.89	1.0383
25.9	1.0384
25.91	1.0383
25.92	1.0383
25.93	1.0381
25.94	1.038
25.95	1.038
25.96	1.0379
25.97	1.038
25.98	1.0382
25.99	1.0384
26	1.0388
26.01	1.0392
26.02	1.0398
26.03	1.0404
26.04	1.0411
26.05	1.0419
26.06	1.0427
26.07	1.0435
26.08	1.0444
26.09	1.0453
26.1	1.0462
26.11	1.0471
26.12	1.0479
26.13	1.0488
26.14	1.0498
26.15	1.0507
26.16	1.0516
26.17	1.0525
26.18	1.0535
26.19	1.0544
26.2	1.0554
26.21	1.0563
26.22	1.0573
26.23	1.0582
26.24	1.059
26.25	1.0598
26.26	1.0605
26.27	1.0611
26.28	1.0616
26.29	1.062
26.3	1.0623
26.31	1.0624
26.32	1.0624
26.33	1.0624
26.34	1.0623
26.35	1.0621
26.36	1.0619
26.37	1.0616
26.38	1.0614
26.39	1.0611
26.4	1.0608
26.41	1.0604
26.42	1.06
26.43	1.0596
26.44	1.059
26.45	1.0583
26.46	1.0576
26.47	1.0567
26.48	1.0557
26.49	1.0546
26.5	1.0534
26.51	1.0521
26.52	1.0507
26.53	1.0493
26.54	1.0478
26.55	1.0462
26.56	1.0446
26.57	1.043
26.58	1.0413
26.59	1.0395
26.6	1.0376
26.61	1.0356
26.62	1.0335
26.63	1.0314
26.64	1.0291
26.65	1.0268
26.66	1.0243
26.67	1.0218
26.68	1.0192
26.69	1.0166
26.7	1.0139
26.71	1.0113
26.72	1.0086
26.73	1.006
26.74	1.0035
26.75	1.0009
26.76	.99848
26.77	.99604
26.78	.99364
26.79	.99127
26.8	.98892
26.81	.98658
26.82	.98423
26.83	.98188
26.84	.97952
26.85	.97713
26.86	.97472
26.87	.97229
26.88	.96982
26.89	.96733
26.9	.96479
26.91	.96221
26.92	.95959
26.93	.95691
26.94	.95417
26.95	.95137
26.96	.94851
26.97	.94562
26.98	.94269
26.99	.93975
27	.93683
27.01	.93397
27.02	.93118
27.03	.92851
27.04	.92597
27.05	.92357
27.06	.92134
27.07	.91927
27.08	.91735
27.09	.91556
27.1	.91389
27.11	.91231
27.12	.91081
27.13	.90935
27.14	.90793
27.15	.90653
27.16	.90514
27.17	.90375
27.18	.90237
27.19	.90098
27.2	.89958
27.21	.89817
27.22	.89672
27.23	.89524
27.24	.89371
27.25	.8921
27.26	.89041
27.27	.88863
27.28	.88675
27.29	.88477
27.3	.88268
27.31	.88051
27.32	.87826
27.33	.87593
27.34	.87356
27.35	.87113
27.36	.86866
27.37	.86616
27.38	.86362
27.39	.86104
27.4	.85842
27.41	.85576
27.42	.85305
27.43	.85031
27.44	.84755
27.45	.84478
27.46	.84203
27.47	.83933
27.48	.8367
27.49	.83417
27.5	.83176
27.51	.82951
27.52	.82742
27.53	.8255
27.54	.82377
27.55	.82222
27.56	.82085
27.57	.81965
27.58	.8186
27.59	.81769
27.6	.81688
27.61	.81615
27.62	.81545
27.63	.81476
27.64	.81404
27.65	.81326
27.66	.81239
27.67	.81141
27.68	.8103
27.69	.80907
27.7	.80773
27.71	.80628
27.72	.80475
27.73	.80316
27.74	.80155
27.75	.79993
27.76	.79832
27.77	.79674
27.78	.79519
27.79	.79368
27.8	.79218
27.81	.79069
27.82	.78919
27.83	.78764
27.84	.78604
27.85	.78435
27.86	.78256
27.87	.78065
27.88	.77862
27.89	.77645
27.9	.77417
27.91	.77176
27.92	.76924
27.93	.76662
27.94	.76391
27.95	.76114
27.96	.75829
27.97	.7554
27.98	.75246
27.99	.74949
28	.74649
28.01	.74347
28.02	.74046
28.03	.73746
28.04	.73448
28.05	.73155
28.06	.72869
28.07	.7259
28.08	.72321
28.09	.72061
28.1	.71813
28.11	.71575
28.12	.71347
28.13	.71128
28.14	.70917
28.15	.70713
28.16	.70514
28.17	.70319
28.18	.70126
28.19	.69934
28.2	.69742
28.21	.69549
28.22	.69355
28.23	.6916
28.24	.68963
28.25	.68765
28.26	.68567
28.27	.6837
28.28	.68174
28.29	.67981
28.3	.6779
28.31	.67602
28.32	.67417
28.33	.67233
28.34	.67051
28.35	.66869
28.36	.66685
28.37	.66497
28.38	.66305
28.39	.66107
28.4	.65902
28.41	.6569
28.42	.6547
28.43	.65243
28.44	.6501
28.45	.64772
28.46	.64529
28.47	.64284
28.48	.64036
28.49	.63787
28.5	.63537
28.51	.63288
28.52	.6304
28.53	.62794
28.54	.62549
28.55	.62308
28.56	.62069
28.57	.61833
28.58	.61601
28.59	.61374
28.6	.61151
28.61	.60935
28.62	.60725
28.63	.60522
28.64	.60327
28.65	.6014
28.66	.59961
28.67	.59789
28.68	.59625
28.69	.59465
28.7	.5931
28.71	.59158
28.72	.59007
28.73	.58856
28.74	.58702
28.75	.58544
28.76	.58381
28.77	.58213
28.78	.58039
28.79	.5786
28.8	.57675
28.81	.57488
28.82	.57298
28.83	.5711
28.84	.56924
28.85	.56744
28.86	.5657
28.87	.56404
28.88	.56247
28.89	.56097
28.9	.55955
28.91	.55818
28.92	.55683
28.93	.55548
28.94	.55411
28.95	.55267
28.96	.55115
28.97	.54953
28.98	.54782
28.99	.54599
29	.54407
29.01	.54207
29.02	.54001
29.03	.53791
29.04	.5358
29.05	.5337
29.06	.53164
29.07	.52964
29.08	.52771
29.09	.52587
29.1	.52414
29.11	.5225
29.12	.52096
29.13	.51952
29.14	.51818
29.15	.51692
29.16	.51576
29.17	.51467
29.18	.51366
29.19	.51272
29.2	.51185
29.21	.51105
29.22	.51032
29.23	.50963
29.24	.50899
29.25	.50837
29.26	.50777
29.27	.50714
29.28	.50648
29.29	.50576
29.3	.50495
29.31	.50405
29.32	.50303
29.33	.5019
29.34	.50066
29.35	.49931
29.36	.49787
29.37	.49636
29.38	.49479
29.39	.49318
29.4	.49156
29.41	.48993
29.42	.48831
29.43	.48671
29.44	.48515
29.45	.48361
29.46	.48212
29.47	.48068
29.48	.47928
29.49	.47794
29.5	.47665
29.51	.47542
29.52	.47423
29.53	.47309
29.54	.47198
29.55	.4709
29.56	.46983
29.57	.46876
29.58	.46769
29.59	.46659
29.6	.46549
29.61	.46436
29.62	.46322
29.63	.46209
29.64	.46096
29.65	.45985
29.66	.45878
29.67	.45775
29.68	.45678
29.69	.45586
29.7	.455
29.71	.4542
29.72	.45344
29.73	.45272
29.74	.45203
29.75	.45135
29.76	.45068
29.77	.45001
29.78	.44933
29.79	.44865
29.8	.44795
29.81	.44725
29.82	.44654
29.83	.44582
29.84	.44509
29.85	.44434
29.86	.44356
29.87	.44275
29.88	.4419
29.89	.441
29.9	.44005
29.91	.43904
29.92	.43799
29.93	.43689
29.94	.43577
29.95	.43463
29.96	.4335
29.97	.43239
29.98	.43132
29.99	.4303
30	.42935
30.01	.42847
30.02	.42767
30.03	.42695
30.04	.42632
30.05	.42576
30.06	.42529
30.07	.42491
30.08	.4246
30.09	.42438
30.1	.42424
30.11	.42418
30.12	.42419
30.13	.42427
30.14	.4244
30.15	.42458
30.16	.42478
30.17	.42498
30.18	.42518
30.19	.42534
30.2	.42546
30.21	.42553
30.22	.42554
30.23	.42549
30.24	.42539
30.25	.42526
30.26	.4251
30.27	.42493
30.28	.42475
30.29	.42459
30.3	.42445
30.31	.42432
30.32	.4242
30.33	.42407
30.34	.42393
30.35	.42375
30.36	.42353
30.37	.42326
30.38	.42293
30.39	.42253
30.4	.42209
30.41	.4216
30.42	.42107
30.43	.42053
30.44	.41999
30.45	.41946
30.46	.41894
30.47	.41846
30.48	.41801
30.49	.41761
30.5	.41727
30.51	.41698
30.52	.41677
30.53	.41665
30.54	.41661
30.55	.41668
30.56	.41686
30.57	.41716
30.58	.41756
30.59	.41807
30.6	.41866
30.61	.41932
30.62	.42002
30.63	.42073
30.64	.42142
30.65	.42206
30.66	.42263
30.67	.4231
30.68	.42345
30.69	.42368
30.7	.42378
30.71	.42376
30.72	.42361
30.73	.42335
30.74	.423
30.75	.42255
30.76	.42203
30.77	.42146
30.78	.42083
30.79	.42017
30.8	.41949
30.81	.4188
30.82	.41812
30.83	.41744
30.84	.4168
30.85	.41618
30.86	.4156
30.87	.41507
30.88	.41459
30.89	.41415
30.9	.41375
30.91	.41339
30.92	.41307
30.93	.41278
30.94	.41252
30.95	.41229
30.96	.4121
30.97	.41196
30.98	.41186
30.99	.41182
31	.41186
31.01	.41196
31.02	.41214
31.03	.4124
31.04	.41272
31.05	.4131
31.06	.41352
31.07	.41397
31.08	.41443
31.09	.4149
31.1	.41534
31.11	.41577
31.12	.41616
31.13	.41651
31.14	.41682
31.15	.4171
31.16	.41734
31.17	.41755
31.18	.41774
31.19	.41791
31.2	.41807
31.21	.41822
31.22	.41838
31.23	.41854
31.24	.41871
31.25	.41892
31.26	.41915
31.27	.41942
31.28	.41974
31.29	.42011
31.3	.42053
31.31	.421
31.32	.42152
31.33	.42207
31.34	.42264
31.35	.42324
31.36	.42383
31.37	.42441
31.38	.42496
31.39	.42548
31.4	.42595
31.41	.42637
31.42	.42673
31.43	.42704
31.44	.42729
31.45	.42749
31.46	.42765
31.47	.42778
31.48	.42787
31.49	.42794
31.5	.428
31.51	.42804
31.52	.42807
31.53	.42808
31.54	.42807
31.55	.42804
31.56	.42798
31.57	.42788
31.58	.42773
31.59	.42752
31.6	.42725
31.61	.42691
31.62	.4265
31.63	.42601
31.64	.42545
31.65	.42482
31.66	.42413
31.67	.42339
31.68	.4226
31.69	.42178
31.7	.42095
31.71	.42013
31.72	.41931
31.73	.41853
31.74	.4178
31.75	.41714
31.76	.41655
31.77	.41604
31.78	.41562
31.79	.4153
31.8	.41506
31.81	.41489
31.82	.41478
31.83	.4147
31.84	.41463
31.85	.41455
31.86	.41441
31.87	.41421
31.88	.41391
31.89	.41352
31.9	.41301
31.91	.4124
31.92	.41169
31.93	.41089
31.94	.41001
31.95	.40907
31.96	.40808
31.97	.40705
31.98	.40597
31.99	.40486
32	.4037
32.01	.4025
32.02	.40123
32.03	.3999
32.04	.39849
32.05	.397
32.06	.39542
32.07	.39375
32.08	.39199
32.09	.39015
32.1	.38823
32.11	.38624
32.12	.3842
32.13	.38211
32.14	.37998
32.15	.37782
32.16	.37565
32.17	.37346
32.18	.37128
32.19	.36908
32.2	.36689
32.21	.36469
32.22	.36249
32.23	.36027
32.24	.35804
32.25	.35578
32.26	.3535
32.27	.35119
32.28	.34886
32.29	.34651
32.3	.34415
32.31	.34179
32.32	.33944
32.33	.33712
32.34	.33484
32.35	.33262
32.36	.33046
32.37	.32838
32.38	.32637
32.39	.32444
32.4	.32259
32.41	.3208
32.42	.31907
32.43	.31738
32.44	.31571
32.45	.31405
32.46	.31239
32.47	.3107
32.48	.30897
32.49	.30719
32.5	.30536
32.51	.30347
32.52	.30151
32.53	.2995
32.54	.29743
32.55	.29531
32.56	.29316
32.57	.29098
32.58	.2888
32.59	.28661
32.6	.28444
32.61	.28229
32.62	.28018
32.63	.27811
32.64	.27609
32.65	.27414
32.66	.27225
32.67	.27042
32.68	.26866
32.69	.26697
32.7	.26535
32.71	.2638
32.72	.26232
32.73	.2609
32.74	.25955
32.75	.25825
32.76	.25701
32.77	.25581
32.78	.25466
32.79	.25354
32.8	.25244
32.81	.25137
32.82	.25031
32.83	.24926
32.84	.24822
32.85	.2472
32.86	.24619
32.87	.24522
32.88	.24428
32.89	.2434
32.9	.24258
32.91	.24184
32.92	.24118
32.93	.24061
32.94	.24013
32.95	.23973
32.96	.23941
32.97	.23915
32.98	.23893
32.99	.23873
33	.23855
33.01	.23835
33.02	.23812
33.03	.23786
33.04	.23757
33.05	.23723
33.06	.23686
33.07	.23647
33.08	.23605
33.09	.23562
33.1	.2352
33.11	.23478
33.12	.23437
33.13	.23398
33.14	.2336
33.15	.23325
33.16	.2329
33.17	.23256
33.18	.23222
33.19	.23188
33.2	.23153
33.21	.23116
33.22	.23077
33.23	.23036
33.24	.22994
33.25	.22949
33.26	.22904
33.27	.22858
33.28	.22812
33.29	.22767
33.3	.22724
33.31	.22683
33.32	.22645
33.33	.22611
33.34	.2258
33.35	.22551
33.36	.22525
33.37	.225
33.38	.22477
33.39	.22454
33.4	.2243
33.41	.22406
33.42	.2238
33.43	.22354
33.44	.22326
33.45	.22298
33.46	.22269
33.47	.22239
33.48	.22208
33.49	.22177
33.5	.22144
33.51	.2211
33.52	.22073
33.53	.22034
33.54	.21992
33.55	.21948
33.56	.219
33.57	.21849
33.58	.21797
33.59	.21742
33.6	.21685
33.61	.21628
33.62	.21569
33.63	.2151
33.64	.2145
33.65	.21389
33.66	.21327
33.67	.21264
33.68	.21198
33.69	.21129
33.7	.21057
33.71	.20981
33.72	.20902
33.73	.20819
33.74	.20733
33.75	.20643
33.76	.20552
33.77	.20458
33.78	.20364
33.79	.20271
33.8	.20179
33.81	.2009
33.82	.20004
33.83	.19924
33.84	.19849
33.85	.1978
33.86	.19718
33.87	.19662
33.88	.19613
33.89	.1957
33.9	.19532
33.91	.19497
33.92	.19465
33.93	.19434
33.94	.19403
33.95	.1937
33.96	.19334
33.97	.19295
33.98	.19251
33.99	.19203
34	.19151
34.01	.19095
34.02	.19035
34.03	.18973
34.04	.18909
34.05	.18844
34.06	.18779
34.07	.18714
34.08	.18651
34.09	.18588
34.1	.18527
34.11	.18467
34.12	.18409
34.13	.18353
34.14	.18298
34.15	.18243
34.16	.18188
34.17	.18134
34.18	.18079
34.19	.18023
34.2	.17965
34.21	.17906
34.22	.17845
34.23	.17782
34.24	.17718
34.25	.17652
34.26	.17587
34.27	.17522
34.28	.17458
34.29	.17396
34.3	.17337
34.31	.17281
34.32	.17228
34.33	.17178
34.34	.1713
34.35	.17084
34.36	.17039
34.37	.16994
34.38	.16948
34.39	.169
34.4	.1685
34.41	.16798
34.42	.16742
34.43	.16684
34.44	.16624
34.45	.16562
34.46	.165
34.47	.16439
34.48	.1638
34.49	.16324
34.5	.16273
34.51	.16227
34.52	.16188
34.53	.16155
34.54	.1613
34.55	.16113
34.56	.16101
34.57	.16096
34.58	.16095
34.59	.16098
34.6	.16103
34.61	.16108
34.62	.16112
34.63	.16114
34.64	.16113
34.65	.16107
34.66	.16097
34.67	.16082
34.68	.16062
34.69	.16038
34.7	.16009
34.71	.15976
34.72	.1594
34.73	.15901
34.74	.15859
34.75	.15814
34.76	.15768
34.77	.15719
34.78	.15668
34.79	.15616
34.8	.15563
34.81	.15509
34.82	.15456
34.83	.15404
34.84	.15355
34.85	.15307
34.86	.15264
34.87	.15225
34.88	.15191
34.89	.15162
34.9	.15139
34.91	.15122
34.92	.15111
34.93	.15104
34.94	.15103
34.95	.15106
34.96	.15112
34.97	.15121
34.98	.1513
34.99	.15139
35	.15146
35.01	.1515
35.02	.1515
35.03	.15145
35.04	.15134
35.05	.15117
35.06	.15093
35.07	.15063
35.08	.15027
35.09	.14986
35.1	.1494
35.11	.1489
35.12	.14838
35.13	.14784
35.14	.14729
35.15	.14674
35.16	.14619
35.17	.14565
35.18	.14513
35.19	.14461
35.2	.14411
35.21	.14361
35.22	.14313
35.23	.14265
35.24	.14218
35.25	.14171
35.26	.14124
35.27	.14077
35.28	.1403
35.29	.13984
35.3	.13938
35.31	.13893
35.32	.13849
35.33	.13806
35.34	.13764
35.35	.13724
35.36	.13685
35.37	.13647
35.38	.1361
35.39	.13573
35.4	.13537
35.41	.13499
35.42	.13461
35.43	.13421
35.44	.13379
35.45	.13334
35.46	.13288
35.47	.13239
35.48	.13187
35.49	.13134
35.5	.13079
35.51	.13024
35.52	.12969
35.53	.12914
35.54	.12861
35.55	.12809
35.56	.12761
35.57	.12715
35.58	.12673
35.59	.12634
35.6	.12598
35.61	.12565
35.62	.12534
35.63	.12505
35.64	.12477
35.65	.12451
35.66	.12424
35.67	.12398
35.68	.12371
35.69	.12345
35.7	.12318
35.71	.1229
35.72	.12262
35.73	.12234
35.74	.12205
35.75	.12176
35.76	.12145
35.77	.12114
35.78	.12082
35.79	.12048
35.8	.12012
35.81	.11974
35.82	.11934
35.83	.11893
35.84	.11849
35.85	.11805
35.86	.11759
35.87	.11712
35.88	.11666
35.89	.1162
35.9	.11575
35.91	.11531
35.92	.11488
35.93	.11446
35.94	.11406
35.95	.11366
35.96	.11327
35.97	.11288
35.98	.11248
35.99	.11207
36	.11165
36.01	.11121
36.02	.11076
36.03	.1103
36.04	.10983
36.05	.10936
36.06	.1089
36.07	.10844
36.08	.108
36.09	.10759
36.1	.10721
36.11	.10685
36.12	.10653
36.13	.10623
36.14	.10595
36.15	.10568
36.16	.10543
36.17	.10517
36.18	.10492
36.19	.10466
36.2	.10439
36.21	.10411
36.22	.10383
36.23	.10356
36.24	.10329
36.25	.10304
36.26	.10281
36.27	.10261
36.28	.10244
36.29	.10231
36.3	.10221
36.31	.10214
36.32	.10211
36.33	.1021
36.34	.10213
36.35	.10217
36.36	.10224
36.37	.10234
36.38	.10245
36.39	.10257
36.4	.10271
36.41	.10285
36.42	.103
36.43	.10314
36.44	.10327
36.45	.10337
36.46	.10346
36.47	.10352
36.48	.10355
36.49	.10355
36.5	.10352
36.51	.10348
36.52	.10341
36.53	.10334
36.54	.10327
36.55	.10319
36.56	.10313
36.57	.10307
36.58	.10303
36.59	.103
36.6	.10299
36.61	.10299
36.62	.103
36.63	.10302
36.64	.10306
36.65	.1031
36.66	.10315
36.67	.10321
36.68	.10327
36.69	.10334
36.7	.10341
36.71	.10348
36.72	.10356
36.73	.10363
36.74	.10369
36.75	.10376
36.76	.10382
36.77	.10388
36.78	.10393
36.79	.10399
36.8	.10405
36.81	.10412
36.82	.1042
36.83	.10429
36.84	.1044
36.85	.10452
36.86	.10465
36.87	.1048
36.88	.10495
36.89	.1051
36.9	.10526
36.91	.10541
36.92	.10556
36.93	.1057
36.94	.10582
36.95	.10593
36.96	.10603
36.97	.10612
36.98	.1062
36.99	.10626
37	.10631
37.01	.10636
37.02	.10638
37.03	.1064
37.04	.1064
37.05	.1064
37.06	.10638
37.07	.10635
37.08	.10632
37.09	.10629
37.1	.10627
37.11	.10626
37.12	.10627
37.13	.10631
37.14	.10637
37.15	.10648
37.16	.10662
37.17	.10679
37.18	.107
37.19	.10724
37.2	.1075
37.21	.10778
37.22	.10807
37.23	.10835
37.24	.10863
37.25	.1089
37.26	.10915
37.27	.10939
37.28	.10962
37.29	.10984
37.3	.11005
37.31	.11026
37.32	.11047
37.33	.11069
37.34	.11092
37.35	.11116
37.36	.1114
37.37	.11163
37.38	.11186
37.39	.11207
37.4	.11225
37.41	.11241
37.42	.11252
37.43	.11259
37.44	.11263
37.45	.11263
37.46	.11261
37.47	.11256
37.48	.1125
37.49	.11244
37.5	.11239
37.51	.11235
37.52	.11234
37.53	.11237
37.54	.11243
37.55	.11254
37.56	.11269
37.57	.11288
37.58	.11312
37.59	.11339
37.6	.1137
37.61	.11404
37.62	.11439
37.63	.11474
37.64	.11509
37.65	.11542
37.66	.11571
37.67	.11596
37.68	.11616
37.69	.1163
37.7	.11639
37.71	.11643
37.72	.11642
37.73	.11638
37.74	.11632
37.75	.11626
37.76	.11621
37.77	.11618
37.78	.11618
37.79	.11622
37.8	.1163
37.81	.11643
37.82	.1166
37.83	.11681
37.84	.11704
37.85	.11729
37.86	.11755
37.87	.11782
37.88	.11807
37.89	.11832
37.9	.11855
37.91	.11875
37.92	.11894
37.93	.11911
37.94	.11925
37.95	.11937
37.96	.11946
37.97	.11954
37.98	.1196
37.99	.11964
38	.11967
38.01	.11969
38.02	.1197
38.03	.1197
38.04	.11971
38.05	.11972
38.06	.11973
38.07	.11975
38.08	.11977
38.09	.11979
38.1	.11982
38.11	.11984
38.12	.11986
38.13	.11988
38.14	.1199
38.15	.11991
38.16	.11993
38.17	.11996
38.18	.12
38.19	.12007
38.2	.12018
38.21	.12032
38.22	.1205
38.23	.12073
38.24	.121
38.25	.12132
38.26	.12167
38.27	.12205
38.28	.12245
38.29	.12286
38.3	.12328
38.31	.1237
38.32	.12411
38.33	.12452
38.34	.12493
38.35	.12533
38.36	.12573
38.37	.12613
38.38	.12653
38.39	.12694
38.4	.12734
38.41	.12774
38.42	.12812
38.43	.1285
38.44	.12884
38.45	.12916
38.46	.12945
38.47	.12969
38.48	.12988
38.49	.13003
38.5	.13013
38.51	.1302
38.52	.13022
38.53	.13022
38.54	.13019
38.55	.13016
38.56	.13013
38.57	.1301
38.58	.1301
38.59	.13012
38.6	.13018
38.61	.13029
38.62	.13043
38.63	.13062
38.64	.13085
38.65	.13112
38.66	.13143
38.67	.13177
38.68	.13213
38.69	.1325
38.7	.13288
38.71	.13324
38.72	.13358
38.73	.1339
38.74	.13419
38.75	.13444
38.76	.13465
38.77	.13483
38.78	.13498
38.79	.1351
38.8	.1352
38.81	.1353
38.82	.13539
38.83	.13549
38.84	.13561
38.85	.13574
38.86	.13589
38.87	.13605
38.88	.13624
38.89	.13643
38.9	.13664
38.91	.13685
38.92	.13706
38.93	.13727
38.94	.13748
38.95	.13768
38.96	.13787
38.97	.13806
38.98	.13824
38.99	.13842
39	.13859
39.01	.13876
39.02	.13892
39.03	.13909
39.04	.13926
39.05	.13942
39.06	.13958
39.07	.13974
39.08	.13989
39.09	.14004
39.1	.14017
39.11	.14029
39.12	.14038
39.13	.14047
39.14	.14053
39.15	.14058
39.16	.14061
39.17	.14064
39.18	.14066
39.19	.14068
39.2	.1407
39.21	.14073
39.22	.14077
39.23	.14082
39.24	.14088
39.25	.14095
39.26	.14104
39.27	.14113
39.28	.14122
39.29	.14132
39.3	.14141
39.31	.14151
39.32	.14159
39.33	.14167
39.34	.14174
39.35	.14181
39.36	.14186
39.37	.14191
39.38	.14196
39.39	.14199
39.4	.14203
39.41	.14206
39.42	.14209
39.43	.14213
39.44	.14218
39.45	.14225
39.46	.14233
39.47	.14244
39.48	.14258
39.49	.14276
39.5	.14297
39.51	.14323
39.52	.14353
39.53	.14387
39.54	.14425
39.55	.14468
39.56	.14516
39.57	.14567
39.58	.14623
39.59	.14683
39.6	.14747
39.61	.14815
39.62	.14885
39.63	.14958
39.64	.15032
39.65	.15107
39.66	.1518
39.67	.1525
39.68	.15317
39.69	.15377
39.7	.15431
39.71	.15475
39.72	.1551
39.73	.15535
39.74	.1555
39.75	.15554
39.76	.15549
39.77	.15536
39.78	.15516
39.79	.15491
39.8	.15463
39.81	.15434
39.82	.15405
39.83	.15377
39.84	.15352
39.85	.1533
39.86	.15312
39.87	.15299
39.88	.1529
39.89	.15285
39.9	.15285
39.91	.15289
39.92	.15297
39.93	.15309
39.94	.15326
39.95	.15347
39.96	.15372
39.97	.15401
39.98	.15433
39.99	.15468
40	.15505
40.01	.15542
40.02	.15579
40.03	.15613
40.04	.15645
40.05	.15671
40.06	.15692
40.07	.15707
40.08	.15715
40.09	.15717
40.1	.15712
40.11	.15703
40.12	.1569
40.13	.15675
40.14	.1566
40.15	.15647
40.16	.15638
40.17	.15634
40.18	.15636
40.19	.15645
40.2	.15662
40.21	.15686
40.22	.15717
40.23	.15754
40.24	.15795
40.25	.15841
40.26	.15888
40.27	.15937
40.28	.15987
40.29	.16035
40.3	.16081
40.31	.16125
40.32	.16166
40.33	.16204
40.34	.16238
40.35	.16268
40.36	.16294
40.37	.16317
40.38	.16336
40.39	.16352
40.4	.16365
40.41	.16377
40.42	.16387
40.43	.16397
40.44	.16408
40.45	.1642
40.46	.16434
40.47	.16451
40.48	.16471
40.49	.16494
40.5	.1652
40.51	.16548
40.52	.16577
40.53	.16608
40.54	.16638
40.55	.16667
40.56	.16693
40.57	.16717
40.58	.16736
40.59	.16751
40.6	.1676
40.61	.16765
40.62	.16763
40.63	.16757
40.64	.16745
40.65	.16728
40.66	.16707
40.67	.16683
40.68	.16655
40.69	.16626
40.7	.16596
40.71	.16566
40.72	.16536
40.73	.16509
40.74	.16484
40.75	.16463
40.76	.16445
40.77	.16432
40.78	.16423
40.79	.16418
40.8	.16417
40.81	.1642
40.82	.16426
40.83	.16436
40.84	.16447
40.85	.1646
40.86	.16475
40.87	.16491
40.88	.16507
40.89	.16523
40.9	.16538
40.91	.16552
40.92	.16564
40.93	.16575
40.94	.16582
40.95	.16588
40.96	.16591
40.97	.16592
40.98	.16591
40.99	.16589
41	.16587
41.01	.16585
41.02	.16583
41.03	.16582
41.04	.16581
41.05	.16581
41.06	.16582
41.07	.16583
41.08	.16585
41.09	.16586
41.1	.16586
41.11	.16587
41.12	.16588
41.13	.1659
41.14	.16592
41.15	.16597
41.16	.16604
41.17	.16615
41.18	.1663
41.19	.16649
41.2	.16672
41.21	.16698
41.22	.16729
41.23	.16762
41.24	.16797
41.25	.16834
41.26	.1687
41.27	.16907
41.28	.16943
41.29	.16978
41.3	.1701
41.31	.17041
41.32	.17068
41.33	.17093
41.34	.17116
41.35	.17134
41.36	.1715
41.37	.17162
41.38	.1717
41.39	.17175
41.4	.17177
41.41	.17176
41.42	.17173
41.43	.17167
41.44	.1716
41.45	.17153
41.46	.17146
41.47	.17141
41.48	.17138
41.49	.17139
41.5	.17145
41.51	.17157
41.52	.17177
41.53	.17203
41.54	.17238
41.55	.17279
41.56	.17328
41.57	.17381
41.58	.17438
41.59	.17497
41.6	.17555
41.61	.17609
41.62	.17658
41.63	.177
41.64	.17732
41.65	.17755
41.66	.17768
41.67	.1777
41.68	.17762
41.69	.17746
41.7	.17723
41.71	.17695
41.72	.17664
41.73	.17632
41.74	.176
41.75	.1757
41.76	.17543
41.77	.1752
41.78	.17502
41.79	.17488
41.8	.17479
41.81	.17475
41.82	.17475
41.83	.17479
41.84	.17487
41.85	.17499
41.86	.17515
41.87	.17535
41.88	.1756
41.89	.17589
41.9	.17622
41.91	.1766
41.92	.17701
41.93	.17747
41.94	.17794
41.95	.17843
41.96	.17891
41.97	.17937
41.98	.17979
41.99	.18015
42	.18044
42.01	.18065
42.02	.18078
42.03	.18081
42.04	.18076
42.05	.18064
42.06	.18045
42.07	.1802
42.08	.17992
42.09	.17963
42.1	.17933
42.11	.17904
42.12	.17877
42.13	.17854
42.14	.17834
42.15	.17818
42.16	.17808
42.17	.17802
42.18	.17802
42.19	.17807
42.2	.17818
42.21	.17834
42.22	.17856
42.23	.17883
42.24	.17915
42.25	.17951
42.26	.17991
42.27	.18035
42.28	.1808
42.29	.18127
42.3	.18175
42.31	.18224
42.32	.18271
42.33	.18318
42.34	.18363
42.35	.18405
42.36	.18445
42.37	.18481
42.38	.18512
42.39	.18538
42.4	.18558
42.41	.18571
42.42	.18576
42.43	.18573
42.44	.18563
42.45	.18545
42.46	.18519
42.47	.18487
42.48	.18449
42.49	.18406
42.5	.1836
42.51	.18312
42.52	.18262
42.53	.18212
42.54	.18162
42.55	.18115
42.56	.18069
42.57	.18027
42.58	.17988
42.59	.17953
42.6	.17924
42.61	.17899
42.62	.17881
42.63	.17868
42.64	.1786
42.65	.17859
42.66	.17862
42.67	.1787
42.68	.17882
42.69	.17897
42.7	.17913
42.71	.17931
42.72	.17949
42.73	.17966
42.74	.17983
42.75	.17998
42.76	.18013
42.77	.18026
42.78	.18038
42.79	.1805
42.8	.18061
42.81	.18071
42.82	.18081
42.83	.18091
42.84	.181
42.85	.18108
42.86	.18115
42.87	.18121
42.88	.18125
42.89	.18129
42.9	.18132
42.91	.18133
42.92	.18134
42.93	.18134
42.94	.18133
42.95	.1813
42.96	.18126
42.97	.18121
42.98	.18113
42.99	.18102
43	.18089
43.01	.18073
43.02	.18055
43.03	.18036
43.04	.18016
43.05	.17995
43.06	.17976
43.07	.17959
43.08	.17945
43.09	.17934
43.1	.17928
43.11	.17926
43.12	.17929
43.13	.17935
43.14	.17944
43.15	.17955
43.16	.17968
43.17	.1798
43.18	.17991
43.19	.18
43.2	.18005
43.21	.18007
43.22	.18005
43.23	.17997
43.24	.17985
43.25	.17968
43.26	.17946
43.27	.17918
43.28	.17886
43.29	.17847
43.3	.17804
43.31	.17754
43.32	.17699
43.33	.17639
43.34	.17574
43.35	.17505
43.36	.17432
43.37	.17357
43.38	.17282
43.39	.17207
43.4	.17133
43.41	.17062
43.42	.16995
43.43	.16932
43.44	.16873
43.45	.16819
43.46	.16767
43.47	.16718
43.48	.1667
43.49	.16622
43.5	.16572
43.51	.1652
43.52	.16464
43.53	.16405
43.54	.1634
43.55	.16271
43.56	.16198
43.57	.16119
43.58	.16037
43.59	.1595
43.6	.1586
43.61	.15767
43.62	.15672
43.63	.15573
43.64	.15471
43.65	.15367
43.66	.15258
43.67	.15146
43.68	.1503
43.69	.14909
43.7	.14782
43.71	.1465
43.72	.14513
43.73	.1437
43.74	.14223
43.75	.14071
43.76	.13915
43.77	.13756
43.78	.13596
43.79	.13434
43.8	.13271
43.81	.13108
43.82	.12946
43.83	.12785
43.84	.12624
43.85	.12464
43.86	.12304
43.87	.12144
43.88	.11983
43.89	.11821
43.9	.11656
43.91	.11489
43.92	.1132
43.93	.11148
43.94	.10974
43.95	.10799
43.96	.10623
43.97	.10447
43.98	.10272
43.99	.101
44	.099314
44.01	.097673
44.02	.096085
44.03	.094557
44.04	.093093
44.05	.091692
44.06	.090353
44.07	.08907
44.08	.087838
44.09	.086649
44.1	.085494
44.11	.084365
44.12	.083256
44.13	.082162
44.14	.081078
44.15	.080003
44.16	.078937
44.17	.077882
44.18	.076843
44.19	.075823
44.2	.074828
44.21	.073864
44.22	.072935
44.23	.072045
44.24	.071199
44.25	.070397
44.26	.069642
44.27	.068932
44.28	.068266
44.29	.067641
44.3	.067053
44.31	.066497
44.32	.065967
44.33	.065459
44.34	.064966
44.35	.064483
44.36	.064005
44.37	.063529
44.38	.063052
44.39	.062572
44.4	.062089
44.41	.061602
44.42	.061113
44.43	.060625
44.44	.060139
44.45	.059659
44.46	.059185
44.47	.058721
44.48	.058267
44.49	.057824
44.5	.057391
44.51	.056965
44.52	.056545
44.53	.056126
44.54	.055704
44.55	.055274
44.56	.054831
44.57	.054372
44.58	.053892
44.59	.053391
44.6	.052867
44.61	.052321
44.62	.051757
44.63	.051179
44.64	.050593
44.65	.050006
44.66	.049425
44.67	.048856
44.68	.048306
44.69	.04778
44.7	.047281
44.71	.046811
44.72	.046369
44.73	.045954
44.74	.045563
44.75	.04519
44.76	.04483
44.77	.044477
44.78	.044123
44.79	.043763
44.8	.043388
44.81	.042991
44.82	.042564
44.83	.042099
44.84	.041586
44.85	.041015
44.86	.040374
44.87	.039649
44.88	.038827
44.89	.037893
44.9	.036833
44.91	.035633
44.92	.034286
44.93	.032784
44.94	.031129
44.95	.029325
44.96	.027389
44.97	.025339
44.98	.023204
44.99	.021018
45	.018817
45.01	.01664

