2.378561741245662553e+00
2.378159496525634076e+00
2.377248612618660495e+00
2.375838518160271917e+00
2.373933929935475362e+00
2.371541092428886444e+00
2.368667724281303677e+00
2.365322946414846861e+00
2.361517198196604994e+00
2.357262143613375827e+00
2.352570569216170249e+00
2.347456275608006848e+00
2.341933964258390510e+00
2.336019121403270837e+00
2.329727900726872747e+00
2.323077006424485447e+00
2.316083578118475650e+00
2.308765078950419714e+00
2.301139188006268377e+00
2.293223698055800064e+00
2.285036419408589481e+00
2.276595090510912023e+00
2.267917295737353456e+00
2.259020390669928879e+00
2.249921435009805126e+00
2.240637133134422143e+00
2.231183782196463739e+00
2.221577227562258727e+00
2.211832825304806960e+00
2.201965411400781836e+00
2.191989277230541600e+00
2.181918150943789936e+00
2.171765184230181056e+00
2.161542944022037283e+00
2.151263408653942832e+00
2.140937968009751113e+00
2.130577427200221585e+00
2.120192013332372838e+00
2.109791384953848770e+00
2.099384643780582760e+00
2.088980348343183024e+00
2.078586529215954215e+00
2.068210705521003945e+00
2.057859902428594623e+00
2.047540669403067781e+00
2.037259098970438664e+00
2.027020845809819338e+00
2.016831145994855135e+00
2.006694836234244939e+00
1.996616372981333987e+00
1.986599851302032427e+00
1.976649023407944572e+00
1.966767316777473518e+00
1.956957851801900183e+00
1.947223458906233162e+00
1.937566695106027970e+00
1.927989859971108721e+00
1.918495010975986625e+00
1.909083978224374034e+00
1.899758378541507087e+00
1.890519628933736040e+00
1.881368959419528197e+00
1.872307425239854384e+00
1.863335918459278373e+00
1.854455178971810447e+00
1.845665804927504983e+00
1.836968262597667767e+00
1.828362895697644541e+00
1.819849934187131701e+00
1.811429502568594252e+00
1.803101627704617016e+00
1.794866246175270241e+00
1.786723211196411087e+00
1.778672299119782085e+00
1.770713215535203888e+00
1.762845600995011530e+00
1.755069036380101144e+00
1.747383047926639232e+00
1.739787111931559771e+00
1.732280659154617375e+00
1.724863078933860372e+00
1.717533723030769011e+00
1.710291909220655215e+00
1.703136924643031458e+00
1.696068028926270177e+00
1.689084457099760295e+00
1.682185422306543998e+00
1.675370118328415314e+00
1.668637721934992824e+00
1.661987395067617168e+00
1.655418286868362454e+00
1.648929535563833371e+00
1.642520270212826761e+00
1.636189612326643505e+00
1.629936677369999698e+00
1.623760576150274915e+00
1.617660416102285392e+00
1.611635302475330489e+00
1.605684339428878449e+00
1.599806631042854033e+00
1.594001282248154849e+00
1.588267399682655512e+00
1.582604092477618796e+00
1.577010472979172739e+00
1.571485657409173786e+00
1.566028766469556466e+00
1.560638925893933493e+00
1.555315266950078268e+00
1.550056926896591136e+00
1.544863049396901111e+00
1.539732784893526274e+00
1.534665290945366856e+00
1.529659732530538330e+00
1.524715282317227860e+00
1.519831120904745925e+00
1.515006437036925613e+00
1.510240427789824924e+00
1.505532298735537733e+00
1.500881264083885558e+00
1.496286546803547335e+00
1.491747378724172179e+00
1.487263000620814957e+00
1.482832662282071556e+00
1.478455622563120908e+00
1.474131149424752429e+00
1.469858519959556853e+00
1.465637020406177271e+00
1.461465946152606055e+00
1.457344601729383404e+00
1.453272300793494232e+00
1.449248366103740082e+00
1.445272129488276658e+00
1.441342931804969307e+00
1.437460122895213299e+00
1.433623061531737131e+00
1.429831115360969962e+00
1.426083660840442580e+00
1.422380083171702836e+00
1.418719776229140583e+00
1.415102142485173742e+00
1.411526592932131230e+00
1.407992547001187811e+00
1.404499432478682586e+00
1.401046685420115345e+00
1.397633750062098335e+00
1.394260078732520780e+00
1.390925131759171762e+00
1.387628377377039479e+00
1.384369291634512944e+00
1.381147358298633998e+00
1.377962068759628789e+00
1.374812921934837950e+00
1.371699424172238002e+00
1.368621089153661874e+00
1.365577437797864890e+00
1.362567998163549676e+00
1.359592305352470332e+00
1.356649901412686932e+00
1.353740335242116455e+00
1.350863162492415892e+00
1.348017945473285017e+00
1.345204253057300958e+00
1.342421660585289889e+00
1.339669749772341989e+00
1.336948108614488318e+00
1.334256331296134190e+00
1.331594018098246623e+00
1.328960775307357345e+00
1.326356215125422011e+00
1.323779955580563605e+00
1.321231620438712673e+00
1.318710839116207456e+00
1.316217246593332391e+00
1.313750483328845586e+00
1.311310195175494409e+00
1.308896033296548911e+00
1.306507654083360670e+00
1.304144719073938585e+00
1.301806894872575615e+00
1.299493853070524008e+00
1.297205270167718361e+00
1.294940827495549174e+00
1.292700211140703104e+00
1.290483111870046162e+00
1.288289225056584053e+00
1.286118250606440583e+00
1.283969892886928976e+00
1.281843860655640377e+00
1.279739866990582176e+00
1.277657629221361280e+00
1.275596868861382349e+00
1.273557311541081205e+00
1.271538686942170093e+00
1.269540728732886592e+00
1.267563174504250822e+00
1.265605765707298769e+00
1.263668247591305027e+00
1.261750369142979000e+00
1.259851883026608999e+00
1.257972545525166463e+00
1.256112116482347218e+00
1.254270359245535316e+00
1.252447040609694806e+00
1.250641930762155685e+00
1.248854803228302002e+00
1.247085434818136829e+00
1.245333605573727409e+00
1.243599098717500517e+00
1.241881700601394023e+00
1.240181200656837568e+00
1.238497391345558141e+00
1.236830068111210990e+00
1.235179029331792355e+00
1.233544076272854895e+00
1.231925013041493822e+00
1.230321646541110425e+00
1.228733786426909447e+00
1.227161245062159178e+00
1.225603837475169877e+00
1.224061381317004038e+00
1.222533696819884330e+00
1.221020606756301419e+00
1.219521936398811901e+00
1.218037513480513256e+00
1.216567168156175605e+00
1.215110732964032492e+00
1.213668042788217161e+00
1.212238934821818548e+00
1.210823248530581431e+00
1.209420825617200324e+00
1.208031509986215335e+00
1.206655147709515763e+00
1.205291586992402797e+00
1.203940678140244191e+00
1.202602273525681831e+00
1.201276227556389076e+00
1.199962396643378781e+00
1.198660639169842002e+00
1.197370815460506499e+00
1.196092787751527053e+00
1.194826420160861380e+00
1.193571578659160970e+00
1.192328131041146211e+00
1.191095946897458235e+00
1.189874897586996161e+00
1.188664856209701304e+00
1.187465697579817681e+00
1.186277298199583052e+00
1.185099536233376494e+00
1.183932291482288512e+00
1.182775445359121491e+00
1.181628880863807352e+00
1.180492482559238443e+00
1.179366136547497224e+00
1.178249730446485177e+00
1.177143153366947859e+00
1.176046295889870086e+00
1.174959050044255937e+00
1.173881309285282226e+00
1.172812968472800366e+00
1.171753923850210599e+00
1.170704073023677516e+00
1.169663314941692400e+00
1.168631549874977082e+00
1.167608679396710869e+00
1.166594606363098086e+00
1.165589234894237158e+00
1.164592470355329423e+00
1.163604219338171486e+00
1.162624389642970657e+00
1.161652890260453486e+00
1.160689631354261397e+00
1.159734524243643650e+00
1.158787481386430951e+00
1.157848416362283750e+00
1.156917243856219635e+00
1.155993879642402300e+00
1.155078240568203407e+00
1.154170244538513801e+00
1.153269810500319847e+00
1.152376858427519801e+00
1.151491309305994193e+00
1.150613085118912471e+00
1.149742108832283671e+00
1.148878304380726689e+00
1.148021596653491683e+00
1.147171911480682649e+00
1.146329175619717367e+00
1.145493316742001388e+00
1.144664263419811645e+00
1.143841945113390768e+00
1.143026292158254797e+00
1.142217235752693849e+00
1.141414707945477058e+00
1.140618641623754703e+00
1.139828970501146177e+00
1.139045629106025803e+00
1.138268552769987396e+00
1.137497677616494007e+00
1.136732940549706417e+00
1.135974279243490592e+00
1.135221632130593239e+00
1.134474938391991650e+00
1.133734137946412979e+00
1.132999171440009389e+00
1.132269980236202844e+00
1.131546506405690433e+00
1.130828692716593808e+00
1.130116482624778262e+00
1.129409820264307696e+00
1.128708650438060790e+00
1.128012918608483517e+00
1.127322570888488196e+00
1.126637554032496880e+00
1.125957815427618636e+00
1.125283303084961828e+00
1.124613965631088508e+00
1.123949752299590266e+00
1.123290612922799525e+00
1.122636497923626964e+00
1.121987358307524385e+00
1.121343145654567497e+00
1.120703812111664588e+00
1.120069310384877781e+00
1.119439593731869298e+00
1.118814615954453640e+00
1.118194331391270779e+00
1.117578694910563719e+00
1.116967661903071063e+00
1.116361188275023730e+00
1.115759230441245808e+00
1.115161745318364428e+00
1.114568690318118005e+00
1.113980023340765513e+00
1.113395702768594342e+00
1.112815687459526526e+00
1.112239936740819779e+00
1.111668410402863572e+00
1.111101068693066685e+00
1.110537872309832919e+00
1.109978782396632946e+00
1.109423760536157433e+00
1.108872768744562531e+00
1.108325769465795974e+00
1.107782725566007320e+00
1.107243600328044142e+00
1.106708357446025026e+00
1.106176961019995408e+00
1.105649375550658897e+00
1.105125565934191423e+00
1.104605497457122665e+00
1.104089135791297416e+00
1.103576446988912885e+00
1.103067397477623945e+00
1.102561954055718774e+00
1.102060083887368425e+00
1.101561754497941914e+00
1.101066933769393907e+00
1.100575589935710363e+00
1.100087691578428117e+00
1.099603207622217971e+00
1.099122107330523290e+00
1.098644360301274547e+00
1.098169936462650043e+00
1.097698806068912791e+00
1.097230939696294039e+00
1.096766308238942056e+00
1.096304882904928890e+00
1.095846635212309295e+00
1.095391536985241387e+00
1.094939560350158603e+00
1.094490677731995154e+00
1.094044861850469674e+00
1.093602085716414818e+00
1.093162322628163707e+00
1.092725546167985007e+00
1.092291730198567956e+00
1.091860848859556476e+00
1.091432876564134125e+00
1.091007787995653455e+00
1.090585558104315567e+00
1.090166162103891834e+00
1.089749575468496712e+00
1.089335773929400952e+00
1.088924733471890560e+00
1.088516430332169938e+00
1.088110840994304773e+00
1.087707942187213561e+00
1.087307710881692202e+00
1.086910124287487012e+00
1.086515159850403478e+00
1.086122795249454764e+00
1.085733008394053956e+00
1.085345777421237834e+00
1.084961080692933288e+00
1.084578896793260139e+00
1.084199204525868820e+00
1.083821982911317372e+00
1.083447211184481729e+00
1.083074868792001100e+00
1.082704935389758649e+00
1.082337390840396374e+00
1.081972215210863730e+00
1.081609388769997349e+00
1.081248891986136274e+00
1.080890705524765405e+00
1.080534810246194910e+00
1.080181187203268278e+00
1.079829817639099909e+00
1.079480682984844897e+00
1.079133764857498790e+00
1.078789045057724216e+00
1.078446505567708158e+00
1.078106128549048970e+00
1.077767896340667386e+00
1.077431791456748833e+00
1.077097796584711276e+00
1.076765894583200378e+00
1.076436068480110420e+00
1.076108301470632078e+00
1.075782576915324418e+00
1.075458878338215296e+00
1.075137189424919981e+00
1.074817494020795516e+00
1.074499776129105078e+00
1.074184019909218968e+00
1.073870209674831377e+00
1.073558329892201568e+00
1.073248365178421704e+00
1.072940300299701111e+00
1.072634120169677185e+00
1.072329809847748061e+00
1.072027354537422372e+00
1.071726739584695443e+00
1.071427950476443458e+00
1.071130972838838957e+00
1.070835792435787637e+00
1.070542395167381589e+00
1.070250767068376740e+00
1.069960894306688060e+00
1.069672763181902742e+00
1.069386360123812940e+00
1.069101671690967592e+00
1.068818684569242672e+00
1.068537385570428544e+00
1.068257761630837965e+00
1.067979799809926078e+00
1.067703487288932607e+00
1.067428811369542041e+00
1.067155759472554921e+00
1.066884319136581549e+00
1.066614478016748135e+00
1.066346223883422040e+00
1.066079544620950781e+00
1.065814428226417476e+00
1.065550862808412713e+00
1.065288836585820187e+00
1.065028337886618104e+00
1.064769355146695684e+00
1.064511876908684096e+00
1.064255891820800715e+00
1.064001388635710477e+00
1.063748356209398116e+00
1.063496783500055942e+00
1.063246659566984942e+00
1.062997973569510091e+00
1.062750714765907434e+00
1.062504872512344711e+00
1.062260436261837526e+00
1.062017395563212174e+00
1.061775740060089346e+00
1.061535459489872935e+00
1.061296543682753946e+00
1.061058982560728392e+00
1.060822766136623407e+00
1.060587884513137569e+00
1.060354327881893433e+00
1.060122086522496510e+00
1.059891150801613779e+00
1.059661511172055981e+00
1.059433158171874334e+00
1.059206082423468143e+00
1.058980274632700391e+00
1.058755725588028440e+00
1.058532426159641160e+00
1.058310367298607613e+00
1.058089540036036169e+00
1.057869935482244061e+00
1.057651544825935153e+00
1.057434359333389917e+00
1.057218370347660974e+00
1.057003569287783273e+00
1.056789947647989836e+00
1.056577496996937704e+00
1.056366208976943666e+00
1.056156075303228414e+00
1.055947087763169145e+00
1.055739238215562370e+00
1.055532518589892499e+00
1.055326920885613751e+00
