0.000000000000000000e+00 0.000000000000000000e+00 0.000000000000000000e+00 0.000000000000000000e+00
0.000000000000000000e+00 0.000000000000000000e+00 0.000000000000000000e+00 0.000000000000000000e+00
0.000000000000000000e+00 0.000000000000000000e+00 0.000000000000000000e+00 0.000000000000000000e+00
0.000000000000000000e+00 0.000000000000000000e+00 0.000000000000000000e+00 0.000000000000000000e+00
0.000000000000000000e+00 0.000000000000000000e+00 0.000000000000000000e+00 0.000000000000000000e+00
0.000000000000000000e+00 0.000000000000000000e+00 0.000000000000000000e+00 0.000000000000000000e+00
0.000000000000000000e+00 0.000000000000000000e+00 0.000000000000000000e+00 0.000000000000000000e+00
0.000000000000000000e+00 0.000000000000000000e+00 0.000000000000000000e+00 0.000000000000000000e+00
0.000000000000000000e+00 0.000000000000000000e+00 0.000000000000000000e+00 0.000000000000000000e+00
0.000000000000000000e+00 0.000000000000000000e+00 0.000000000000000000e+00 0.000000000000000000e+00
0.000000000000000000e+00 0.000000000000000000e+00 0.000000000000000000e+00 0.000000000000000000e+00
0.000000000000000000e+00 0.000000000000000000e+00 0.000000000000000000e+00 0.000000000000000000e+00
0.000000000000000000e+00 0.000000000000000000e+00 0.000000000000000000e+00 0.000000000000000000e+00
0.000000000000000000e+00 0.000000000000000000e+00 0.000000000000000000e+00 0.000000000000000000e+00
0.000000000000000000e+00 0.000000000000000000e+00 0.000000000000000000e+00 0.000000000000000000e+00
0.000000000000000000e+00 0.000000000000000000e+00 0.000000000000000000e+00 0.000000000000000000e+00
0.000000000000000000e+00 0.000000000000000000e+00 0.000000000000000000e+00 0.000000000000000000e+00
0.000000000000000000e+00 0.000000000000000000e+00 0.000000000000000000e+00 0.000000000000000000e+00
0.000000000000000000e+00 0.000000000000000000e+00 0.000000000000000000e+00 0.000000000000000000e+00
0.000000000000000000e+00 0.000000000000000000e+00 0.000000000000000000e+00 0.000000000000000000e+00
0.000000000000000000e+00 0.000000000000000000e+00 0.000000000000000000e+00 0.000000000000000000e+00
0.000000000000000000e+00 0.000000000000000000e+00 0.000000000000000000e+00 0.000000000000000000e+00
0.000000000000000000e+00 0.000000000000000000e+00 0.000000000000000000e+00 0.000000000000000000e+00
0.000000000000000000e+00 0.000000000000000000e+00 0.000000000000000000e+00 0.000000000000000000e+00
0.000000000000000000e+00 0.000000000000000000e+00 0.000000000000000000e+00 0.000000000000000000e+00
0.000000000000000000e+00 0.000000000000000000e+00 0.000000000000000000e+00 0.000000000000000000e+00
0.000000000000000000e+00 0.000000000000000000e+00 0.000000000000000000e+00 0.000000000000000000e+00
0.000000000000000000e+00 0.000000000000000000e+00 0.000000000000000000e+00 0.000000000000000000e+00
0.000000000000000000e+00 0.000000000000000000e+00 0.000000000000000000e+00 0.000000000000000000e+00
0.000000000000000000e+00 0.000000000000000000e+00 0.000000000000000000e+00 0.000000000000000000e+00
0.000000000000000000e+00 0.000000000000000000e+00 0.000000000000000000e+00 0.000000000000000000e+00
0.000000000000000000e+00 0.000000000000000000e+00 0.000000000000000000e+00 0.000000000000000000e+00
0.000000000000000000e+00 0.000000000000000000e+00 0.000000000000000000e+00 0.000000000000000000e+00
0.000000000000000000e+00 0.000000000000000000e+00 0.000000000000000000e+00 0.000000000000000000e+00
0.000000000000000000e+00 0.000000000000000000e+00 0.000000000000000000e+00 0.000000000000000000e+00
0.000000000000000000e+00 0.000000000000000000e+00 0.000000000000000000e+00 0.000000000000000000e+00
0.000000000000000000e+00 0.000000000000000000e+00 0.000000000000000000e+00 0.000000000000000000e+00
0.000000000000000000e+00 0.000000000000000000e+00 0.000000000000000000e+00 0.000000000000000000e+00
0.000000000000000000e+00 0.000000000000000000e+00 0.000000000000000000e+00 0.000000000000000000e+00
0.000000000000000000e+00 0.000000000000000000e+00 0.000000000000000000e+00 0.000000000000000000e+00
0.000000000000000000e+00 0.000000000000000000e+00 0.000000000000000000e+00 0.000000000000000000e+00
0.000000000000000000e+00 0.000000000000000000e+00 0.000000000000000000e+00 0.000000000000000000e+00
0.000000000000000000e+00 0.000000000000000000e+00 0.000000000000000000e+00 0.000000000000000000e+00
0.000000000000000000e+00 0.000000000000000000e+00 0.000000000000000000e+00 0.000000000000000000e+00
0.000000000000000000e+00 0.000000000000000000e+00 0.000000000000000000e+00 0.000000000000000000e+00
0.000000000000000000e+00 0.000000000000000000e+00 0.000000000000000000e+00 0.000000000000000000e+00
0.000000000000000000e+00 0.000000000000000000e+00 0.000000000000000000e+00 0.000000000000000000e+00
0.000000000000000000e+00 0.000000000000000000e+00 0.000000000000000000e+00 0.000000000000000000e+00
0.000000000000000000e+00 0.000000000000000000e+00 0.000000000000000000e+00 0.000000000000000000e+00
0.000000000000000000e+00 0.000000000000000000e+00 0.000000000000000000e+00 1.442885771543086018e-02
0.000000000000000000e+00 0.000000000000000000e+00 0.000000000000000000e+00 3.607214428857715566e-02
0.000000000000000000e+00 0.000000000000000000e+00 0.000000000000000000e+00 5.050100200400801237e-02
0.000000000000000000e+00 0.000000000000000000e+00 0.000000000000000000e+00 6.012024048096192147e-02
0.000000000000000000e+00 0.000000000000000000e+00 2.885771543086172036e-02 6.973947895791582363e-02
0.000000000000000000e+00 0.000000000000000000e+00 5.050100200400801237e-02 7.695390781563125893e-02
0.000000000000000000e+00 0.000000000000000000e+00 6.733466933867734983e-02 8.416833667334669422e-02
0.000000000000000000e+00 0.000000000000000000e+00 7.935871743486973273e-02 9.138276553106211564e-02
0.000000000000000000e+00 0.000000000000000000e+00 8.897795591182364183e-02 9.619238476953907713e-02
0.000000000000000000e+00 0.000000000000000000e+00 9.859719438877755093e-02 1.034068136272544985e-01
0.000000000000000000e+00 0.000000000000000000e+00 1.082164328657314600e-01 1.082164328657314600e-01
0.000000000000000000e+00 0.000000000000000000e+00 1.154308617234468815e-01 1.130260521042084076e-01
0.000000000000000000e+00 0.000000000000000000e+00 1.226452905811623167e-01 1.178356713426853691e-01
0.000000000000000000e+00 0.000000000000000000e+00 1.298597194388777520e-01 1.226452905811623167e-01
0.000000000000000000e+00 0.000000000000000000e+00 1.370741482965931735e-01 1.274549098196392782e-01
0.000000000000000000e+00 0.000000000000000000e+00 1.442885771543086226e-01 1.322645290581162258e-01
0.000000000000000000e+00 3.607214428857715566e-02 1.490981963927855702e-01 1.370741482965931735e-01
0.000000000000000000e+00 6.492985971943887602e-02 1.539078156312625179e-01 1.394789579158316473e-01
0.000000000000000000e+00 8.416833667334669422e-02 1.611222444889779393e-01 1.442885771543086226e-01
0.000000000000000000e+00 1.010020040080160247e-01 1.659318637274549146e-01 1.490981963927855702e-01
0.000000000000000000e+00 1.154308617234468815e-01 1.707414829659318622e-01 1.515030060120240440e-01
0.000000000000000000e+00 1.274549098196392782e-01 1.755511022044088099e-01 1.563126252505009917e-01
0.000000000000000000e+00 1.394789579158316473e-01 1.803607214428857575e-01 1.587174348697394655e-01
0.000000000000000000e+00 1.490981963927855702e-01 1.851703406813627051e-01 1.611222444889779393e-01
0.000000000000000000e+00 1.587174348697394655e-01 1.899799599198396804e-01 1.659318637274549146e-01
0.000000000000000000e+00 1.683366733466933884e-01 1.947895791583166281e-01 1.683366733466933884e-01
0.000000000000000000e+00 1.755511022044088099e-01 1.995991983967935757e-01 1.731462925851703361e-01
0.000000000000000000e+00 1.827655310621242313e-01 2.020040080160320495e-01 1.755511022044088099e-01
0.000000000000000000e+00 1.923847695390781543e-01 2.068136272545089971e-01 1.779559118236472837e-01
0.000000000000000000e+00 1.995991983967935757e-01 2.116232464929859725e-01 1.803607214428857575e-01
0.000000000000000000e+00 2.068136272545089971e-01 2.140280561122244463e-01 1.851703406813627051e-01
0.000000000000000000e+00 2.140280561122244463e-01 2.188376753507013939e-01 1.875751503006012066e-01
0.000000000000000000e+00 2.188376753507013939e-01 2.236472945891783415e-01 1.899799599198396804e-01
0.000000000000000000e+00 2.260521042084168153e-01 2.260521042084168153e-01 1.923847695390781543e-01
0.000000000000000000e+00 2.308617234468937629e-01 2.308617234468937629e-01 1.947895791583166281e-01
0.000000000000000000e+00 2.380761523046092121e-01 2.332665330661322645e-01 1.971943887775551019e-01
0.000000000000000000e+00 2.428857715430861597e-01 2.380761523046092121e-01 2.020040080160320495e-01
0.000000000000000000e+00 2.501002004008016089e-01 2.404809619238476859e-01 2.044088176352705233e-01
0.000000000000000000e+00 2.549098196392785565e-01 2.428857715430861597e-01 2.068136272545089971e-01
0.000000000000000000e+00 2.597194388777555041e-01 2.476953907815631073e-01 2.092184368737474986e-01
0.000000000000000000e+00 2.645290581162324517e-01 2.501002004008016089e-01 2.116232464929859725e-01
0.000000000000000000e+00 2.717434869739479009e-01 2.525050100200400549e-01 2.140280561122244463e-01
0.000000000000000000e+00 2.765531062124248485e-01 2.573146292585170025e-01 2.164328657314629201e-01
0.000000000000000000e+00 2.813627254509017961e-01 2.597194388777555041e-01 2.188376753507013939e-01
0.000000000000000000e+00 2.861723446893787437e-01 2.621242484969939501e-01 2.212424849699398677e-01
0.000000000000000000e+00 2.909819639278556913e-01 2.669338677354709533e-01 2.236472945891783415e-01
0.000000000000000000e+00 2.957915831663326389e-01 2.693386773547093993e-01 2.260521042084168153e-01
0.000000000000000000e+00 3.006012024048095865e-01 2.717434869739479009e-01 2.284569138276552891e-01
0.000000000000000000e+00 3.030060120240480881e-01 2.741482965931863469e-01 2.308617234468937629e-01
0.000000000000000000e+00 3.078156312625250357e-01 2.789579158316632945e-01 2.332665330661322645e-01
0.000000000000000000e+00 3.126252505010019833e-01 2.813627254509017961e-01 2.356713426853707383e-01
0.000000000000000000e+00 3.174348697394789309e-01 2.837675350701402421e-01 2.380761523046092121e-01
0.000000000000000000e+00 3.222444889779558785e-01 2.861723446893787437e-01 2.380761523046092121e-01
0.000000000000000000e+00 3.246492985971943801e-01 2.885771543086172453e-01 2.404809619238476859e-01
0.000000000000000000e+00 3.294589178356713277e-01 2.909819639278556913e-01 2.428857715430861597e-01
0.000000000000000000e+00 3.342685370741482753e-01 2.933867735470941929e-01 2.452905811623246335e-01
0.000000000000000000e+00 3.366733466933867769e-01 2.957915831663326389e-01 2.476953907815631073e-01
0.000000000000000000e+00 3.414829659318637245e-01 3.006012024048095865e-01 2.501002004008016089e-01
0.000000000000000000e+00 3.438877755511021705e-01 3.030060120240480881e-01 2.525050100200400549e-01
0.000000000000000000e+00 3.486973947895791182e-01 3.054108216432865341e-01 2.525050100200400549e-01
0.000000000000000000e+00 3.535070140280561213e-01 3.078156312625250357e-01 2.549098196392785565e-01
0.000000000000000000e+00 3.559118236472945673e-01 3.102204408817635373e-01 2.573146292585170025e-01
0.000000000000000000e+00 3.607214428857715149e-01 3.126252505010019833e-01 2.597194388777555041e-01
0.000000000000000000e+00 3.631262525050100165e-01 3.150300601202404849e-01 2.621242484969939501e-01
0.000000000000000000e+00 3.655310621242484626e-01 3.174348697394789309e-01 2.645290581162324517e-01
0.000000000000000000e+00 3.703406813627254102e-01 3.198396793587174325e-01 2.645290581162324517e-01
0.000000000000000000e+00 3.727454909819639117e-01 3.222444889779558785e-01 2.669338677354709533e-01
0.000000000000000000e+00 3.775551102204408593e-01 3.246492985971943801e-01 2.693386773547093993e-01
0.000000000000000000e+00 3.799599198396793609e-01 3.270541082164328262e-01 2.717434869739479009e-01
0.000000000000000000e+00 3.847695390781563085e-01 3.294589178356713277e-01 2.717434869739479009e-01
0.000000000000000000e+00 3.871743486973947546e-01 3.318637274549098293e-01 2.741482965931863469e-01
0.000000000000000000e+00 3.895791583166332561e-01 3.342685370741482753e-01 2.765531062124248485e-01
0.000000000000000000e+00 3.943887775551102037e-01 3.342685370741482753e-01 2.789579158316632945e-01
0.000000000000000000e+00 3.967935871743487053e-01 3.366733466933867769e-01 2.789579158316632945e-01
0.000000000000000000e+00 3.991983967935871513e-01 3.390781563126252229e-01 2.813627254509017961e-01
0.000000000000000000e+00 4.040080160320640990e-01 3.414829659318637245e-01 2.837675350701402421e-01
0.000000000000000000e+00 4.064128256513026005e-01 3.438877755511021705e-01 2.861723446893787437e-01
0.000000000000000000e+00 4.088176352705410466e-01 3.462925851703406721e-01 2.861723446893787437e-01
0.000000000000000000e+00 4.112224448897795481e-01 3.486973947895791182e-01 2.885771543086172453e-01
0.000000000000000000e+00 4.160320641282564957e-01 3.511022044088176197e-01 2.909819639278556913e-01
0.000000000000000000e+00 4.184368737474949973e-01 3.535070140280561213e-01 2.909819639278556913e-01
0.000000000000000000e+00 4.208416833667334433e-01 3.559118236472945673e-01 2.933867735470941929e-01
0.000000000000000000e+00 4.232464929859719449e-01 3.559118236472945673e-01 2.957915831663326389e-01
0.000000000000000000e+00 4.280561122244488925e-01 3.583166332665330689e-01 2.957915831663326389e-01
0.000000000000000000e+00 4.304609218436873386e-01 3.607214428857715149e-01 2.981963927855711405e-01
0.000000000000000000e+00 4.328657314629258401e-01 3.631262525050100165e-01 3.006012024048095865e-01
0.000000000000000000e+00 4.352705410821642862e-01 3.655310621242484626e-01 3.006012024048095865e-01
0.000000000000000000e+00 4.376753507014027877e-01 3.679358717434869641e-01 3.030060120240480881e-01
0.000000000000000000e+00 4.400801603206412893e-01 3.679358717434869641e-01 3.054108216432865341e-01
0.000000000000000000e+00 4.424849699398797354e-01 3.703406813627254102e-01 3.054108216432865341e-01
0.000000000000000000e+00 4.472945891783566830e-01 3.727454909819639117e-01 3.078156312625250357e-01
0.000000000000000000e+00 4.496993987975951845e-01 3.751503006012024133e-01 3.102204408817635373e-01
0.000000000000000000e+00 4.521042084168336306e-01 3.775551102204408593e-01 3.102204408817635373e-01
0.000000000000000000e+00 4.545090180360721321e-01 3.775551102204408593e-01 3.126252505010019833e-01
0.000000000000000000e+00 4.569138276553105782e-01 3.799599198396793609e-01 3.150300601202404849e-01
0.000000000000000000e+00 4.593186372745490798e-01 3.823647294589178069e-01 3.150300601202404849e-01
0.000000000000000000e+00 4.617234468937875258e-01 3.847695390781563085e-01 3.174348697394789309e-01
0.000000000000000000e+00 4.641282565130260274e-01 3.847695390781563085e-01 3.174348697394789309e-01
0.000000000000000000e+00 4.665330661322645289e-01 3.871743486973947546e-01 3.198396793587174325e-01
0.000000000000000000e+00 4.689378757515029750e-01 3.895791583166332561e-01 3.222444889779558785e-01
0.000000000000000000e+00 4.713426853707414765e-01 3.919839679358717022e-01 3.222444889779558785e-01
0.000000000000000000e+00 4.737474949899799226e-01 3.919839679358717022e-01 3.246492985971943801e-01
0.000000000000000000e+00 4.785571142284568702e-01 3.943887775551102037e-01 3.270541082164328262e-01
0.000000000000000000e+00 4.809619238476953718e-01 3.967935871743487053e-01 3.270541082164328262e-01
0.000000000000000000e+00 4.833667334669338178e-01 3.991983967935871513e-01 3.294589178356713277e-01
0.000000000000000000e+00 4.857715430861723194e-01 3.991983967935871513e-01 3.294589178356713277e-01
0.000000000000000000e+00 4.881763527054108209e-01 4.016032064128256529e-01 3.318637274549098293e-01
0.000000000000000000e+00 4.905811623246492670e-01 4.040080160320640990e-01 3.318637274549098293e-01
0.000000000000000000e+00 4.929859719438877685e-01 4.064128256513026005e-01 3.342685370741482753e-01
0.000000000000000000e+00 4.953907815631262146e-01 4.064128256513026005e-01 3.366733466933867769e-01
0.000000000000000000e+00 4.977955911823647162e-01 4.088176352705410466e-01 3.366733466933867769e-01
0.000000000000000000e+00 4.977955911823647162e-01 4.112224448897795481e-01 3.390781563126252229e-01
0.000000000000000000e+00 5.002004008016032177e-01 4.112224448897795481e-01 3.390781563126252229e-01
0.000000000000000000e+00 5.026052104208416083e-01 4.136272545090179942e-01 3.414829659318637245e-01
0.000000000000000000e+00 5.050100200400801098e-01 4.160320641282564957e-01 3.414829659318637245e-01
0.000000000000000000e+00 5.074148296593186114e-01 4.160320641282564957e-01 3.438877755511021705e-01
0.000000000000000000e+00 5.098196392785571129e-01 4.184368737474949973e-01 3.462925851703406721e-01
0.000000000000000000e+00 5.122244488977956145e-01 4.208416833667334433e-01 3.462925851703406721e-01
0.000000000000000000e+00 5.146292585170340050e-01 4.208416833667334433e-01 3.486973947895791182e-01
0.000000000000000000e+00 5.170340681362725066e-01 4.232464929859719449e-01 3.486973947895791182e-01
0.000000000000000000e+00 5.194388777555110082e-01 4.256513026052103910e-01 3.511022044088176197e-01
0.000000000000000000e+00 5.218436873747495097e-01 4.256513026052103910e-01 3.511022044088176197e-01
0.000000000000000000e+00 5.242484969939879003e-01 4.280561122244488925e-01 3.535070140280561213e-01
0.000000000000000000e+00 5.266533066132264018e-01 4.304609218436873386e-01 3.535070140280561213e-01
0.000000000000000000e+00 5.290581162324649034e-01 4.304609218436873386e-01 3.559118236472945673e-01
0.000000000000000000e+00 5.290581162324649034e-01 4.328657314629258401e-01 3.559118236472945673e-01
0.000000000000000000e+00 5.314629258517034049e-01 4.352705410821642862e-01 3.583166332665330689e-01
0.000000000000000000e+00 5.338677354709419065e-01 4.352705410821642862e-01 3.583166332665330689e-01
0.000000000000000000e+00 5.362725450901802970e-01 4.376753507014027877e-01 3.607214428857715149e-01
0.000000000000000000e+00 5.386773547094187986e-01 4.400801603206412893e-01 3.607214428857715149e-01
0.000000000000000000e+00 5.410821643286573002e-01 4.400801603206412893e-01 3.631262525050100165e-01
0.000000000000000000e+00 5.434869739478958017e-01 4.424849699398797354e-01 3.631262525050100165e-01
0.000000000000000000e+00 5.458917835671341923e-01 4.448897795591182369e-01 3.655310621242484626e-01
0.000000000000000000e+00 5.458917835671341923e-01 4.448897795591182369e-01 3.679358717434869641e-01
0.000000000000000000e+00 5.482965931863726938e-01 4.472945891783566830e-01 3.679358717434869641e-01
0.000000000000000000e+00 5.507014028056111954e-01 4.472945891783566830e-01 3.703406813627254102e-01
0.000000000000000000e+00 5.531062124248496970e-01 4.496993987975951845e-01 3.703406813627254102e-01
0.000000000000000000e+00 5.555110220440881985e-01 4.521042084168336306e-01 3.727454909819639117e-01
0.000000000000000000e+00 5.579158316633265891e-01 4.521042084168336306e-01 3.727454909819639117e-01
0.000000000000000000e+00 5.579158316633265891e-01 4.545090180360721321e-01 3.751503006012024133e-01
0.000000000000000000e+00 5.603206412825650906e-01 4.545090180360721321e-01 3.751503006012024133e-01
0.000000000000000000e+00 5.627254509018035922e-01 4.569138276553105782e-01 3.751503006012024133e-01
0.000000000000000000e+00 5.651302605210420937e-01 4.593186372745490798e-01 3.775551102204408593e-01
0.000000000000000000e+00 5.675350701402804843e-01 4.593186372745490798e-01 3.775551102204408593e-01
0.000000000000000000e+00 5.675350701402804843e-01 4.617234468937875258e-01 3.799599198396793609e-01
0.000000000000000000e+00 5.699398797595189858e-01 4.617234468937875258e-01 3.799599198396793609e-01
0.000000000000000000e+00 5.723446893787574874e-01 4.641282565130260274e-01 3.823647294589178069e-01
0.000000000000000000e+00 5.747494989979959890e-01 4.665330661322645289e-01 3.823647294589178069e-01
0.000000000000000000e+00 5.771543086172344905e-01 4.665330661322645289e-01 3.847695390781563085e-01
4.809619238476953856e-02 5.771543086172344905e-01 4.689378757515029750e-01 3.847695390781563085e-01
8.657314629258516803e-02 5.795591182364728811e-01 4.689378757515029750e-01 3.871743486973947546e-01
1.106212424849699338e-01 5.819639278557113826e-01 4.713426853707414765e-01 3.871743486973947546e-01
1.322645290581162258e-01 5.843687374749498842e-01 4.713426853707414765e-01 3.895791583166332561e-01
1.490981963927855702e-01 5.867735470941883857e-01 4.737474949899799226e-01 3.895791583166332561e-01
1.659318637274549146e-01 5.867735470941883857e-01 4.761523046092184241e-01 3.919839679358717022e-01
1.803607214428857575e-01 5.891783567134267763e-01 4.761523046092184241e-01 3.919839679358717022e-01
1.947895791583166281e-01 5.915831663326652778e-01 4.785571142284568702e-01 3.943887775551102037e-01
2.068136272545089971e-01 5.939879759519037794e-01 4.785571142284568702e-01 3.943887775551102037e-01
2.188376753507013939e-01 5.939879759519037794e-01 4.809619238476953718e-01 3.943887775551102037e-01
2.308617234468937629e-01 5.963927855711422810e-01 4.809619238476953718e-01 3.967935871743487053e-01
2.404809619238476859e-01 5.987975951903807825e-01 4.833667334669338178e-01 3.967935871743487053e-01
2.501002004008016089e-01 6.012024048096191731e-01 4.833667334669338178e-01 3.991983967935871513e-01
2.621242484969939501e-01 6.012024048096191731e-01 4.857715430861723194e-01 3.991983967935871513e-01
2.693386773547093993e-01 6.036072144288576746e-01 4.881763527054108209e-01 4.016032064128256529e-01
2.789579158316632945e-01 6.060120240480961762e-01 4.881763527054108209e-01 4.016032064128256529e-01
2.885771543086172453e-01 6.084168336673346777e-01 4.905811623246492670e-01 4.040080160320640990e-01
2.981963927855711405e-01 6.084168336673346777e-01 4.905811623246492670e-01 4.040080160320640990e-01
3.054108216432865341e-01 6.108216432865730683e-01 4.929859719438877685e-01 4.040080160320640990e-01
3.150300601202404849e-01 6.132264529058115698e-01 4.929859719438877685e-01 4.064128256513026005e-01
3.222444889779558785e-01 6.132264529058115698e-01 4.953907815631262146e-01 4.064128256513026005e-01
3.294589178356713277e-01 6.156312625250500714e-01 4.953907815631262146e-01 4.088176352705410466e-01
3.366733466933867769e-01 6.180360721442885730e-01 4.977955911823647162e-01 4.088176352705410466e-01
3.438877755511021705e-01 6.204408817635270745e-01 4.977955911823647162e-01 4.112224448897795481e-01
3.511022044088176197e-01 6.204408817635270745e-01 5.002004008016032177e-01 4.112224448897795481e-01
3.583166332665330689e-01 6.228456913827654651e-01 5.002004008016032177e-01 4.112224448897795481e-01
3.655310621242484626e-01 6.252505010020039666e-01 5.026052104208416083e-01 4.136272545090179942e-01
3.727454909819639117e-01 6.252505010020039666e-01 5.026052104208416083e-01 4.136272545090179942e-01
3.799599198396793609e-01 6.276553106212424682e-01 5.050100200400801098e-01 4.160320641282564957e-01
3.871743486973947546e-01 6.300601202404809698e-01 5.050100200400801098e-01 4.160320641282564957e-01
3.919839679358717022e-01 6.324649298597193603e-01 5.074148296593186114e-01 4.184368737474949973e-01
3.991983967935871513e-01 6.324649298597193603e-01 5.074148296593186114e-01 4.184368737474949973e-01
4.064128256513026005e-01 6.348697394789578619e-01 5.098196392785571129e-01 4.184368737474949973e-01
4.112224448897795481e-01 6.372745490981963634e-01 5.098196392785571129e-01 4.208416833667334433e-01
4.184368737474949973e-01 6.372745490981963634e-01 5.122244488977956145e-01 4.208416833667334433e-01
4.232464929859719449e-01 6.396793587174348650e-01 5.122244488977956145e-01 4.232464929859719449e-01
4.304609218436873386e-01 6.420841683366733665e-01 5.146292585170340050e-01 4.232464929859719449e-01
4.352705410821642862e-01 6.420841683366733665e-01 5.146292585170340050e-01 4.232464929859719449e-01
4.400801603206412893e-01 6.444889779559117571e-01 5.170340681362725066e-01 4.256513026052103910e-01
4.472945891783566830e-01 6.468937875751502586e-01 5.170340681362725066e-01 4.256513026052103910e-01
4.521042084168336306e-01 6.468937875751502586e-01 5.194388777555110082e-01 4.280561122244488925e-01
4.569138276553105782e-01 6.492985971943887602e-01 5.194388777555110082e-01 4.280561122244488925e-01
4.641282565130260274e-01 6.517034068136272618e-01 5.218436873747495097e-01 4.304609218436873386e-01
4.689378757515029750e-01 6.517034068136272618e-01 5.218436873747495097e-01 4.304609218436873386e-01
4.737474949899799226e-01 6.541082164328656523e-01 5.242484969939879003e-01 4.304609218436873386e-01
4.785571142284568702e-01 6.565130260521041539e-01 5.242484969939879003e-01 4.328657314629258401e-01
4.857715430861723194e-01 6.565130260521041539e-01 5.266533066132264018e-01 4.328657314629258401e-01
4.905811623246492670e-01 6.589178356713426554e-01 5.266533066132264018e-01 4.352705410821642862e-01
4.953907815631262146e-01 6.613226452905811570e-01 5.290581162324649034e-01 4.352705410821642862e-01
5.002004008016032177e-01 6.613226452905811570e-01 5.290581162324649034e-01 4.352705410821642862e-01
5.050100200400801098e-01 6.637274549098196585e-01 5.314629258517034049e-01 4.376753507014027877e-01
5.098196392785571129e-01 6.637274549098196585e-01 5.314629258517034049e-01 4.376753507014027877e-01
5.146292585170340050e-01 6.661322645290580491e-01 5.338677354709419065e-01 4.376753507014027877e-01
5.194388777555110082e-01 6.685370741482965506e-01 5.338677354709419065e-01 4.400801603206412893e-01
5.242484969939879003e-01 6.685370741482965506e-01 5.362725450901802970e-01 4.400801603206412893e-01
5.290581162324649034e-01 6.709418837675350522e-01 5.362725450901802970e-01 4.424849699398797354e-01
5.338677354709419065e-01 6.733466933867735538e-01 5.386773547094187986e-01 4.424849699398797354e-01
5.386773547094187986e-01 6.733466933867735538e-01 5.386773547094187986e-01 4.424849699398797354e-01
5.434869739478958017e-01 6.757515030060119443e-01 5.410821643286573002e-01 4.448897795591182369e-01
5.482965931863726938e-01 6.781563126252504459e-01 5.410821643286573002e-01 4.448897795591182369e-01
5.531062124248496970e-01 6.781563126252504459e-01 5.410821643286573002e-01 4.472945891783566830e-01
5.579158316633265891e-01 6.805611222444889474e-01 5.434869739478958017e-01 4.472945891783566830e-01
5.627254509018035922e-01 6.805611222444889474e-01 5.434869739478958017e-01 4.472945891783566830e-01
5.675350701402804843e-01 6.829659318637274490e-01 5.458917835671341923e-01 4.496993987975951845e-01
5.723446893787574874e-01 6.853707414829659506e-01 5.458917835671341923e-01 4.496993987975951845e-01
5.747494989979959890e-01 6.853707414829659506e-01 5.482965931863726938e-01 4.496993987975951845e-01
5.795591182364728811e-01 6.877755511022043411e-01 5.482965931863726938e-01 4.521042084168336306e-01
5.843687374749498842e-01 6.877755511022043411e-01 5.507014028056111954e-01 4.521042084168336306e-01
5.891783567134267763e-01 6.901803607214428427e-01 5.507014028056111954e-01 4.545090180360721321e-01
5.939879759519037794e-01 6.925851703406813442e-01 5.531062124248496970e-01 4.545090180360721321e-01
5.963927855711422810e-01 6.925851703406813442e-01 5.531062124248496970e-01 4.545090180360721321e-01
6.012024048096191731e-01 6.949899799599198458e-01 5.531062124248496970e-01 4.569138276553105782e-01
6.060120240480961762e-01 6.949899799599198458e-01 5.555110220440881985e-01 4.569138276553105782e-01
6.108216432865730683e-01 6.973947895791582363e-01 5.555110220440881985e-01 4.569138276553105782e-01
6.132264529058115698e-01 6.997995991983967379e-01 5.579158316633265891e-01 4.593186372745490798e-01
6.180360721442885730e-01 6.997995991983967379e-01 5.579158316633265891e-01 4.593186372745490798e-01
6.228456913827654651e-01 7.022044088176352394e-01 5.603206412825650906e-01 4.593186372745490798e-01
6.252505010020039666e-01 7.022044088176352394e-01 5.603206412825650906e-01 4.617234468937875258e-01
6.300601202404809698e-01 7.046092184368737410e-01 5.603206412825650906e-01 4.617234468937875258e-01
6.348697394789578619e-01 7.070140280561122426e-01 5.627254509018035922e-01 4.617234468937875258e-01
6.372745490981963634e-01 7.070140280561122426e-01 5.627254509018035922e-01 4.641282565130260274e-01
6.420841683366733665e-01 7.094188376753506331e-01 5.651302605210420937e-01 4.641282565130260274e-01
6.468937875751502586e-01 7.094188376753506331e-01 5.651302605210420937e-01 4.665330661322645289e-01
6.492985971943887602e-01 7.118236472945891347e-01 5.675350701402804843e-01 4.665330661322645289e-01
6.541082164328656523e-01 7.118236472945891347e-01 5.675350701402804843e-01 4.665330661322645289e-01
6.589178356713426554e-01 7.142284569138276362e-01 5.675350701402804843e-01 4.689378757515029750e-01
6.613226452905811570e-01 7.166332665330661378e-01 5.699398797595189858e-01 4.689378757515029750e-01
6.661322645290580491e-01 7.166332665330661378e-01 5.699398797595189858e-01 4.689378757515029750e-01
6.685370741482965506e-01 7.190380761523045283e-01 5.723446893787574874e-01 4.713426853707414765e-01
6.733466933867735538e-01 7.190380761523045283e-01 5.723446893787574874e-01 4.713426853707414765e-01
6.757515030060119443e-01 7.214428857715430299e-01 5.747494989979959890e-01 4.713426853707414765e-01
6.805611222444889474e-01 7.214428857715430299e-01 5.747494989979959890e-01 4.737474949899799226e-01
6.829659318637274490e-01 7.238476953907815314e-01 5.747494989979959890e-01 4.737474949899799226e-01
6.877755511022043411e-01 7.262525050100200330e-01 5.771543086172344905e-01 4.737474949899799226e-01
6.925851703406813442e-01 7.262525050100200330e-01 5.771543086172344905e-01 4.761523046092184241e-01
6.949899799599198458e-01 7.286573146292585346e-01 5.795591182364728811e-01 4.761523046092184241e-01
6.997995991983967379e-01 7.286573146292585346e-01 5.795591182364728811e-01 4.761523046092184241e-01
7.022044088176352394e-01 7.310621242484969251e-01 5.819639278557113826e-01 4.785571142284568702e-01
7.070140280561122426e-01 7.310621242484969251e-01 5.819639278557113826e-01 4.785571142284568702e-01
7.094188376753506331e-01 7.334669338677354267e-01 5.819639278557113826e-01 4.785571142284568702e-01
7.142284569138276362e-01 7.358717434869739282e-01 5.843687374749498842e-01 4.809619238476953718e-01
7.166332665330661378e-01 7.358717434869739282e-01 5.843687374749498842e-01 4.809619238476953718e-01
7.190380761523045283e-01 7.382765531062124298e-01 5.867735470941883857e-01 4.809619238476953718e-01
7.238476953907815314e-01 7.382765531062124298e-01 5.867735470941883857e-01 4.833667334669338178e-01
7.262525050100200330e-01 7.406813627254508203e-01 5.867735470941883857e-01 4.833667334669338178e-01
7.310621242484969251e-01 7.406813627254508203e-01 5.891783567134267763e-01 4.833667334669338178e-01
7.334669338677354267e-01 7.430861723446893219e-01 5.891783567134267763e-01 4.857715430861723194e-01
7.382765531062124298e-01 7.430861723446893219e-01 5.915831663326652778e-01 4.857715430861723194e-01
7.406813627254508203e-01 7.454909819639278235e-01 5.915831663326652778e-01 4.857715430861723194e-01
7.454909819639278235e-01 7.454909819639278235e-01 5.915831663326652778e-01 4.881763527054108209e-01
7.478957915831663250e-01 7.478957915831663250e-01 5.939879759519037794e-01 4.881763527054108209e-01
7.503006012024048266e-01 7.503006012024048266e-01 5.939879759519037794e-01 4.881763527054108209e-01
7.551102204408817187e-01 7.503006012024048266e-01 5.963927855711422810e-01 4.905811623246492670e-01
7.575150300601202202e-01 7.527054108216432171e-01 5.963927855711422810e-01 4.905811623246492670e-01
7.623246492985971123e-01 7.527054108216432171e-01 5.963927855711422810e-01 4.905811623246492670e-01
7.647294589178356139e-01 7.551102204408817187e-01 5.987975951903807825e-01 4.929859719438877685e-01
7.671342685370741155e-01 7.551102204408817187e-01 5.987975951903807825e-01 4.929859719438877685e-01
7.719438877755511186e-01 7.575150300601202202e-01 6.012024048096191731e-01 4.929859719438877685e-01
7.743486973947895091e-01 7.575150300601202202e-01 6.012024048096191731e-01 4.953907815631262146e-01
7.767535070140280107e-01 7.599198396793587218e-01 6.012024048096191731e-01 4.953907815631262146e-01
7.815631262525050138e-01 7.599198396793587218e-01 6.036072144288576746e-01 4.953907815631262146e-01
7.839679358717434043e-01 7.623246492985971123e-01 6.036072144288576746e-01 4.977955911823647162e-01
7.863727454909819059e-01 7.623246492985971123e-01 6.036072144288576746e-01 4.977955911823647162e-01
7.911823647294589090e-01 7.647294589178356139e-01 6.060120240480961762e-01 4.977955911823647162e-01
7.935871743486974106e-01 7.647294589178356139e-01 6.060120240480961762e-01 5.002004008016032177e-01
7.959919839679358011e-01 7.671342685370741155e-01 6.084168336673346777e-01 5.002004008016032177e-01
8.008016032064128042e-01 7.671342685370741155e-01 6.084168336673346777e-01 5.002004008016032177e-01
8.032064128256513058e-01 7.695390781563126170e-01 6.084168336673346777e-01 5.026052104208416083e-01
8.056112224448896963e-01 7.695390781563126170e-01 6.108216432865730683e-01 5.026052104208416083e-01
8.104208416833666995e-01 7.719438877755511186e-01 6.108216432865730683e-01 5.026052104208416083e-01
8.128256513026052010e-01 7.719438877755511186e-01 6.132264529058115698e-01 5.026052104208416083e-01
8.152304609218437026e-01 7.743486973947895091e-01 6.132264529058115698e-01 5.050100200400801098e-01
8.200400801603205947e-01 7.743486973947895091e-01 6.132264529058115698e-01 5.050100200400801098e-01
8.224448897795590963e-01 7.767535070140280107e-01 6.156312625250500714e-01 5.050100200400801098e-01
8.248496993987975978e-01 7.767535070140280107e-01 6.156312625250500714e-01 5.074148296593186114e-01
8.272545090180359884e-01 7.791583166332665122e-01 6.156312625250500714e-01 5.074148296593186114e-01
8.320641282565129915e-01 7.791583166332665122e-01 6.180360721442885730e-01 5.074148296593186114e-01
8.344689378757514930e-01 7.815631262525050138e-01 6.180360721442885730e-01 5.098196392785571129e-01
8.368737474949899946e-01 7.839679358717434043e-01 6.204408817635270745e-01 5.098196392785571129e-01
8.392785571142283851e-01 7.839679358717434043e-01 6.204408817635270745e-01 5.098196392785571129e-01
8.440881763527053883e-01 7.863727454909819059e-01 6.204408817635270745e-01 5.122244488977956145e-01
8.464929859719438898e-01 7.863727454909819059e-01 6.228456913827654651e-01 5.122244488977956145e-01
8.488977955911822804e-01 7.887775551102204075e-01 6.228456913827654651e-01 5.122244488977956145e-01
8.513026052104207819e-01 7.887775551102204075e-01 6.228456913827654651e-01 5.122244488977956145e-01
8.561122244488977850e-01 7.887775551102204075e-01 6.252505010020039666e-01 5.146292585170340050e-01
8.585170340681362866e-01 7.911823647294589090e-01 6.252505010020039666e-01 5.146292585170340050e-01
8.609218436873746771e-01 7.911823647294589090e-01 6.252505010020039666e-01 5.146292585170340050e-01
8.633266533066131787e-01 7.935871743486974106e-01 6.276553106212424682e-01 5.170340681362725066e-01
8.657314629258516803e-01 7.935871743486974106e-01 6.276553106212424682e-01 5.170340681362725066e-01
8.705410821643285724e-01 7.959919839679358011e-01 6.300601202404809698e-01 5.170340681362725066e-01
8.729458917835670739e-01 7.959919839679358011e-01 6.300601202404809698e-01 5.194388777555110082e-01
8.753507014028055755e-01 7.983967935871743027e-01 6.300601202404809698e-01 5.194388777555110082e-01
8.777555110220440771e-01 7.983967935871743027e-01 6.324649298597193603e-01 5.194388777555110082e-01
8.825651302605209692e-01 8.008016032064128042e-01 6.324649298597193603e-01 5.194388777555110082e-01
8.849699398797594707e-01 8.008016032064128042e-01 6.324649298597193603e-01 5.218436873747495097e-01
8.873747494989979723e-01 8.032064128256513058e-01 6.348697394789578619e-01 5.218436873747495097e-01
8.897795591182364738e-01 8.032064128256513058e-01 6.348697394789578619e-01 5.218436873747495097e-01
8.921843687374748644e-01 8.056112224448896963e-01 6.348697394789578619e-01 5.242484969939879003e-01
8.945891783567133659e-01 8.056112224448896963e-01 6.372745490981963634e-01 5.242484969939879003e-01
8.993987975951903691e-01 8.080160320641281979e-01 6.372745490981963634e-01 5.242484969939879003e-01
9.018036072144288706e-01 8.080160320641281979e-01 6.396793587174348650e-01 5.266533066132264018e-01
9.042084168336672612e-01 8.104208416833666995e-01 6.396793587174348650e-01 5.266533066132264018e-01
9.066132264529057627e-01 8.104208416833666995e-01 6.396793587174348650e-01 5.266533066132264018e-01
9.090180360721442643e-01 8.128256513026052010e-01 6.420841683366733665e-01 5.266533066132264018e-01
9.114228456913827658e-01 8.128256513026052010e-01 6.420841683366733665e-01 5.290581162324649034e-01
9.162324649298596579e-01 8.152304609218437026e-01 6.420841683366733665e-01 5.290581162324649034e-01
9.186372745490981595e-01 8.152304609218437026e-01 6.444889779559117571e-01 5.290581162324649034e-01
9.210420841683366611e-01 8.176352705410820931e-01 6.444889779559117571e-01 5.314629258517034049e-01
9.234468937875750516e-01 8.176352705410820931e-01 6.444889779559117571e-01 5.314629258517034049e-01
9.258517034068135532e-01 8.200400801603205947e-01 6.468937875751502586e-01 5.314629258517034049e-01
9.282565130260520547e-01 8.200400801603205947e-01 6.468937875751502586e-01 5.314629258517034049e-01
9.306613226452905563e-01 8.200400801603205947e-01 6.468937875751502586e-01 5.338677354709419065e-01
9.354709418837674484e-01 8.224448897795590963e-01 6.492985971943887602e-01 5.338677354709419065e-01
9.378757515030059499e-01 8.224448897795590963e-01 6.492985971943887602e-01 5.338677354709419065e-01
9.402805611222444515e-01 8.248496993987975978e-01 6.492985971943887602e-01 5.362725450901802970e-01
9.426853707414829531e-01 8.248496993987975978e-01 6.517034068136272618e-01 5.362725450901802970e-01
9.450901803607213436e-01 8.272545090180359884e-01 6.517034068136272618e-01 5.362725450901802970e-01
9.474949899799598452e-01 8.272545090180359884e-01 6.517034068136272618e-01 5.362725450901802970e-01
9.498997995991983467e-01 8.296593186372744899e-01 6.541082164328656523e-01 5.386773547094187986e-01
9.523046092184368483e-01 8.296593186372744899e-01 6.541082164328656523e-01 5.386773547094187986e-01
9.547094188376753499e-01 8.320641282565129915e-01 6.541082164328656523e-01 5.386773547094187986e-01
9.595190380761522420e-01 8.320641282565129915e-01 6.565130260521041539e-01 5.410821643286573002e-01
9.619238476953907435e-01 8.344689378757514930e-01 6.565130260521041539e-01 5.410821643286573002e-01
9.643286573146292451e-01 8.344689378757514930e-01 6.565130260521041539e-01 5.410821643286573002e-01
9.667334669338676356e-01 8.344689378757514930e-01 6.589178356713426554e-01 5.410821643286573002e-01
9.691382765531061372e-01 8.368737474949899946e-01 6.589178356713426554e-01 5.434869739478958017e-01
9.715430861723446387e-01 8.368737474949899946e-01 6.589178356713426554e-01 5.434869739478958017e-01
9.739478957915831403e-01 8.392785571142283851e-01 6.613226452905811570e-01 5.434869739478958017e-01
9.763527054108216419e-01 8.392785571142283851e-01 6.613226452905811570e-01 5.434869739478958017e-01
9.787575150300600324e-01 8.416833667334668867e-01 6.613226452905811570e-01 5.458917835671341923e-01
9.811623246492985340e-01 8.416833667334668867e-01 6.637274549098196585e-01 5.458917835671341923e-01
9.835671342685370355e-01 8.440881763527053883e-01 6.637274549098196585e-01 5.458917835671341923e-01
9.859719438877755371e-01 8.440881763527053883e-01 6.637274549098196585e-01 5.482965931863726938e-01
9.907815631262524292e-01 8.464929859719438898e-01 6.661322645290580491e-01 5.482965931863726938e-01
9.931863727454909307e-01 8.464929859719438898e-01 6.661322645290580491e-01 5.482965931863726938e-01
9.955911823647294323e-01 8.464929859719438898e-01 6.661322645290580491e-01 5.482965931863726938e-01
9.979959919839679339e-01 8.488977955911822804e-01 6.685370741482965506e-01 5.507014028056111954e-01
1.000400801603206435e+00 8.488977955911822804e-01 6.685370741482965506e-01 5.507014028056111954e-01
1.002805611222444826e+00 8.513026052104207819e-01 6.685370741482965506e-01 5.507014028056111954e-01
1.005210420841683217e+00 8.513026052104207819e-01 6.709418837675350522e-01 5.507014028056111954e-01
1.007615230460921829e+00 8.537074148296592835e-01 6.709418837675350522e-01 5.531062124248496970e-01
1.010020040080160220e+00 8.537074148296592835e-01 6.709418837675350522e-01 5.531062124248496970e-01
1.012424849699398832e+00 8.561122244488977850e-01 6.733466933867735538e-01 5.531062124248496970e-01
1.014829659318637223e+00 8.561122244488977850e-01 6.733466933867735538e-01 5.555110220440881985e-01
1.017234468937875613e+00 8.561122244488977850e-01 6.733466933867735538e-01 5.555110220440881985e-01
1.019639278557114226e+00 8.585170340681362866e-01 6.757515030060119443e-01 5.555110220440881985e-01
1.022044088176352616e+00 8.585170340681362866e-01 6.757515030060119443e-01 5.555110220440881985e-01
1.024448897795591229e+00 8.609218436873746771e-01 6.757515030060119443e-01 5.579158316633265891e-01
1.026853707414829620e+00 8.609218436873746771e-01 6.781563126252504459e-01 5.579158316633265891e-01
1.029258517034068010e+00 8.633266533066131787e-01 6.781563126252504459e-01 5.579158316633265891e-01
1.031663326653306623e+00 8.633266533066131787e-01 6.781563126252504459e-01 5.579158316633265891e-01
1.034068136272545013e+00 8.633266533066131787e-01 6.805611222444889474e-01 5.603206412825650906e-01
1.036472945891783626e+00 8.657314629258516803e-01 6.805611222444889474e-01 5.603206412825650906e-01
1.038877755511022016e+00 8.657314629258516803e-01 6.805611222444889474e-01 5.603206412825650906e-01
1.041282565130260407e+00 8.681362725450901818e-01 6.829659318637274490e-01 5.603206412825650906e-01
1.043687374749499019e+00 8.681362725450901818e-01 6.829659318637274490e-01 5.627254509018035922e-01
1.046092184368737410e+00 8.705410821643285724e-01 6.829659318637274490e-01 5.627254509018035922e-01
1.048496993987975801e+00 8.705410821643285724e-01 6.853707414829659506e-01 5.627254509018035922e-01
1.050901803607214413e+00 8.705410821643285724e-01 6.853707414829659506e-01 5.627254509018035922e-01
1.053306613226452804e+00 8.729458917835670739e-01 6.853707414829659506e-01 5.651302605210420937e-01
1.055711422845691416e+00 8.729458917835670739e-01 6.853707414829659506e-01 5.651302605210420937e-01
1.058116232464929807e+00 8.753507014028055755e-01 6.877755511022043411e-01 5.651302605210420937e-01
1.060521042084168197e+00 8.753507014028055755e-01 6.877755511022043411e-01 5.675350701402804843e-01
1.062925851703406810e+00 8.777555110220440771e-01 6.877755511022043411e-01 5.675350701402804843e-01
1.065330661322645200e+00 8.777555110220440771e-01 6.901803607214428427e-01 5.675350701402804843e-01
1.067735470941883813e+00 8.777555110220440771e-01 6.901803607214428427e-01 5.675350701402804843e-01
1.070140280561122204e+00 8.801603206412825786e-01 6.901803607214428427e-01 5.699398797595189858e-01
1.072545090180360594e+00 8.801603206412825786e-01 6.925851703406813442e-01 5.699398797595189858e-01
1.074949899799599207e+00 8.825651302605209692e-01 6.925851703406813442e-01 5.699398797595189858e-01
1.077354709418837597e+00 8.825651302605209692e-01 6.925851703406813442e-01 5.699398797595189858e-01
1.079759519038076210e+00 8.849699398797594707e-01 6.949899799599198458e-01 5.723446893787574874e-01
1.082164328657314600e+00 8.849699398797594707e-01 6.949899799599198458e-01 5.723446893787574874e-01
1.084569138276552991e+00 8.849699398797594707e-01 6.949899799599198458e-01 5.723446893787574874e-01
1.086973947895791603e+00 8.873747494989979723e-01 6.973947895791582363e-01 5.723446893787574874e-01
1.089378757515029994e+00 8.873747494989979723e-01 6.973947895791582363e-01 5.747494989979959890e-01
1.091783567134268385e+00 8.897795591182364738e-01 6.973947895791582363e-01 5.747494989979959890e-01
1.094188376753506997e+00 8.897795591182364738e-01 6.973947895791582363e-01 5.747494989979959890e-01
1.096593186372745388e+00 8.897795591182364738e-01 6.997995991983967379e-01 5.747494989979959890e-01
1.098997995991984000e+00 8.921843687374748644e-01 6.997995991983967379e-01 5.771543086172344905e-01
1.101402805611222391e+00 8.921843687374748644e-01 6.997995991983967379e-01 5.771543086172344905e-01
1.103807615230460781e+00 8.945891783567133659e-01 7.022044088176352394e-01 5.771543086172344905e-01
1.106212424849699394e+00 8.945891783567133659e-01 7.022044088176352394e-01 5.771543086172344905e-01
1.108617234468937784e+00 8.969939879759518675e-01 7.022044088176352394e-01 5.795591182364728811e-01
1.111022044088176397e+00 8.969939879759518675e-01 7.046092184368737410e-01 5.795591182364728811e-01
1.113426853707414788e+00 8.969939879759518675e-01 7.046092184368737410e-01 5.795591182364728811e-01
1.115831663326653178e+00 8.993987975951903691e-01 7.046092184368737410e-01 5.795591182364728811e-01
1.115831663326653178e+00 8.993987975951903691e-01 7.046092184368737410e-01 5.819639278557113826e-01
1.118236472945891791e+00 9.018036072144288706e-01 7.070140280561122426e-01 5.819639278557113826e-01
1.120641282565130181e+00 9.018036072144288706e-01 7.070140280561122426e-01 5.819639278557113826e-01
1.123046092184368794e+00 9.018036072144288706e-01 7.070140280561122426e-01 5.819639278557113826e-01
1.125450901803607184e+00 9.042084168336672612e-01 7.094188376753506331e-01 5.843687374749498842e-01
1.127855711422845575e+00 9.042084168336672612e-01 7.094188376753506331e-01 5.843687374749498842e-01
1.130260521042084187e+00 9.066132264529057627e-01 7.094188376753506331e-01 5.843687374749498842e-01
1.132665330661322578e+00 9.066132264529057627e-01 7.118236472945891347e-01 5.843687374749498842e-01
1.135070140280560969e+00 9.066132264529057627e-01 7.118236472945891347e-01 5.867735470941883857e-01
1.137474949899799581e+00 9.090180360721442643e-01 7.118236472945891347e-01 5.867735470941883857e-01
1.139879759519037972e+00 9.090180360721442643e-01 7.118236472945891347e-01 5.867735470941883857e-01
1.142284569138276584e+00 9.114228456913827658e-01 7.142284569138276362e-01 5.867735470941883857e-01
1.144689378757514975e+00 9.114228456913827658e-01 7.142284569138276362e-01 5.891783567134267763e-01
1.147094188376753365e+00 9.114228456913827658e-01 7.142284569138276362e-01 5.891783567134267763e-01
1.147094188376753365e+00 9.138276553106211564e-01 7.166332665330661378e-01 5.891783567134267763e-01
1.149498997995991978e+00 9.138276553106211564e-01 7.166332665330661378e-01 5.891783567134267763e-01
1.151903807615230368e+00 9.162324649298596579e-01 7.166332665330661378e-01 5.891783567134267763e-01
1.154308617234468981e+00 9.162324649298596579e-01 7.166332665330661378e-01 5.915831663326652778e-01
1.156713426853707372e+00 9.162324649298596579e-01 7.190380761523045283e-01 5.915831663326652778e-01
1.159118236472945762e+00 9.186372745490981595e-01 7.190380761523045283e-01 5.915831663326652778e-01
1.161523046092184375e+00 9.186372745490981595e-01 7.190380761523045283e-01 5.915831663326652778e-01
1.163927855711422765e+00 9.210420841683366611e-01 7.214428857715430299e-01 5.939879759519037794e-01
1.166332665330661378e+00 9.210420841683366611e-01 7.214428857715430299e-01 5.939879759519037794e-01
1.168737474949899768e+00 9.210420841683366611e-01 7.214428857715430299e-01 5.939879759519037794e-01
1.171142284569138159e+00 9.234468937875750516e-01 7.238476953907815314e-01 5.939879759519037794e-01
1.171142284569138159e+00 9.234468937875750516e-01 7.238476953907815314e-01 5.963927855711422810e-01
1.173547094188376771e+00 9.258517034068135532e-01 7.238476953907815314e-01 5.963927855711422810e-01
1.175951903807615162e+00 9.258517034068135532e-01 7.238476953907815314e-01 5.963927855711422810e-01
1.178356713426853553e+00 9.258517034068135532e-01 7.262525050100200330e-01 5.963927855711422810e-01
1.180761523046092165e+00 9.282565130260520547e-01 7.262525050100200330e-01 5.987975951903807825e-01
1.183166332665330556e+00 9.282565130260520547e-01 7.262525050100200330e-01 5.987975951903807825e-01
1.185571142284569168e+00 9.306613226452905563e-01 7.286573146292585346e-01 5.987975951903807825e-01
1.187975951903807559e+00 9.306613226452905563e-01 7.286573146292585346e-01 5.987975951903807825e-01
1.190380761523045949e+00 9.306613226452905563e-01 7.286573146292585346e-01 6.012024048096191731e-01
1.190380761523045949e+00 9.330661322645290578e-01 7.286573146292585346e-01 6.012024048096191731e-01
1.192785571142284562e+00 9.330661322645290578e-01 7.310621242484969251e-01 6.012024048096191731e-01
1.195190380761522952e+00 9.330661322645290578e-01 7.310621242484969251e-01 6.012024048096191731e-01
1.197595190380761565e+00 9.354709418837674484e-01 7.310621242484969251e-01 6.012024048096191731e-01
1.199999999999999956e+00 9.354709418837674484e-01 7.334669338677354267e-01 6.036072144288576746e-01
1.199999999999999956e+00 9.378757515030059499e-01 7.334669338677354267e-01 6.036072144288576746e-01
1.199999999999999956e+00 9.378757515030059499e-01 7.334669338677354267e-01 6.036072144288576746e-01
1.199999999999999956e+00 9.378757515030059499e-01 7.334669338677354267e-01 6.036072144288576746e-01
1.199999999999999956e+00 9.402805611222444515e-01 7.358717434869739282e-01 6.060120240480961762e-01
1.199999999999999956e+00 9.402805611222444515e-01 7.358717434869739282e-01 6.060120240480961762e-01
1.199999999999999956e+00 9.426853707414829531e-01 7.358717434869739282e-01 6.060120240480961762e-01
1.199999999999999956e+00 9.426853707414829531e-01 7.358717434869739282e-01 6.060120240480961762e-01
1.199999999999999956e+00 9.426853707414829531e-01 7.382765531062124298e-01 6.084168336673346777e-01
1.199999999999999956e+00 9.450901803607213436e-01 7.382765531062124298e-01 6.084168336673346777e-01
1.199999999999999956e+00 9.450901803607213436e-01 7.382765531062124298e-01 6.084168336673346777e-01
1.199999999999999956e+00 9.450901803607213436e-01 7.406813627254508203e-01 6.084168336673346777e-01
1.199999999999999956e+00 9.474949899799598452e-01 7.406813627254508203e-01 6.084168336673346777e-01
1.199999999999999956e+00 9.474949899799598452e-01 7.406813627254508203e-01 6.108216432865730683e-01
1.199999999999999956e+00 9.498997995991983467e-01 7.406813627254508203e-01 6.108216432865730683e-01
1.199999999999999956e+00 9.498997995991983467e-01 7.430861723446893219e-01 6.108216432865730683e-01
1.199999999999999956e+00 9.498997995991983467e-01 7.430861723446893219e-01 6.108216432865730683e-01
1.199999999999999956e+00 9.523046092184368483e-01 7.430861723446893219e-01 6.132264529058115698e-01
