1.202007400638102963e+00
2.229261398994388521e-01
2.223736081079272231e-01
2.213881481958417663e-01
2.202019447485056014e-01
2.188211517982793508e-01
2.172517517396765352e-01
2.155059454925624951e-01
2.135995155718581062e-01
2.115499523168583029e-01
2.093752441328229352e-01
2.070930969300822377e-01
2.047204399120145513e-01
2.022731232763941567e-01
1.997657455184188580e-01
1.972115699211425821e-01
1.946225037313512318e-01
1.920091219067875388e-01
1.893807223385606808e-01
1.867454025923874494e-01
1.841101503619586299e-01
1.814809414585773772e-01
1.788628404988280851e-01
1.762601005917205643e-01
1.736762593040092340e-01
1.711142290092639573e-01
1.685763804098895646e-01
1.660646185701039057e-01
1.635804512239976138e-01
1.611250494411091694e-01
1.586993009585561942e-01
1.563038566401201146e-01
1.539391706141066407e-01
1.516055346870306131e-01
1.493031076411530378e-01
1.470319400103385077e-01
1.447919948985929850e-01
1.425831653651782882e-01
1.404052888540144872e-01
1.382581590967473240e-01
1.361415358707049050e-01
1.340551529467820802e-01
1.319987245190386849e-01
1.299719503681558697e-01
1.279745199750771945e-01
1.260061157692450862e-01
1.240664156677258323e-01
1.221550950368867072e-01
1.202718281870258366e-01
1.184162894919673081e-01
1.165881542099630463e-01
1.147870990688880377e-01
1.130128026674300651e-01
1.112649457344351139e-01
1.095432112806612873e-01
1.078472846704657540e-01
1.061768536355067599e-01
1.045316082479212788e-01
1.029112408667287454e-01
1.013154460680895930e-01
9.974392056759658065e-02
9.819636314070712135e-02
9.667247454580736588e-02
9.517195745311243793e-02
9.369451638152746786e-02
9.223985764484254890e-02
9.080768930796068172e-02
8.939772115337850378e-02
8.800966465781293047e-02
8.664323297856586781e-02
8.529814094902947452e-02
8.397410508265254481e-02
8.267084358454572512e-02
8.138807636991657324e-02
8.012552508848755362e-02
7.888291315405424053e-02
7.765996577839423542e-02
7.645641000873536208e-02
7.527197476808235310e-02
7.410639089771124677e-02
7.295939120121494592e-02
7.183071048954257909e-02
7.072008562650715369e-02
6.962725557430839152e-02
6.855196143867033076e-02
6.749394651321867500e-02
6.645295632279539511e-02
6.542873866543716388e-02
6.442104365278422673e-02
6.342962374871941034e-02
6.245423380609068514e-02
6.149463110136937916e-02
6.055057536715115901e-02
5.962182882241558179e-02
5.870815620048915745e-02
5.780932477467547181e-02
5.692510438153673691e-02
5.605526744181235643e-02
5.519958897899951422e-02
5.435784663560572216e-02
5.352982068711225477e-02
5.271529405368491350e-02
5.191405230968580697e-02
5.112588369103572561e-02
5.035057910049411944e-02
4.958793211091133690e-02
4.883773896652927188e-02
4.809979858239922523e-02
4.737391254198486390e-02
4.665988509302787524e-02
4.595752314175331060e-02
4.526663624547953152e-02
4.458703660372144439e-02
4.391853904784655954e-02
4.326096102937242172e-02
4.261412260696328946e-02
4.197784643220853901e-02
4.135195773424871213e-02
4.073628430331565492e-02
4.013065647325516488e-02
3.953490710309971040e-02
3.894887155774858639e-02
3.837238768782018361e-02
3.780529580873739914e-02
3.724743867909460771e-02
3.669866147837366060e-02
3.615881178404883878e-02
3.562773954814298094e-02
3.510529707327531695e-02
3.459133898825113296e-02
3.408572222323814904e-02
3.358830598457336614e-02
3.309895172923873335e-02
3.261752313904440342e-02
3.214388609456270141e-02
3.167790864884108964e-02
3.121946100092837240e-02
3.076841546925506918e-02
3.032464646488631371e-02
2.988803046468200414e-02
2.945844598439516585e-02
2.903577355172578742e-02
2.861989567936067125e-02
2.821069683802239145e-02
2.780806342954327687e-02
2.741188375999395813e-02
2.702204801287670655e-02
2.663844822240725788e-02
2.626097824690171167e-02
2.588953374227936921e-02
2.552401213570412372e-02
2.516431259937162296e-02
2.481033602445918695e-02
2.446198499524749118e-02
2.411916376342882959e-02
2.378177822260694324e-02
2.344973588300511627e-02
2.312294584638395836e-02
2.280131878118277222e-02
2.248476689788786453e-02
2.217320392463847586e-02
2.186654508307186995e-02
2.156470706441741825e-02
2.126760800584241023e-02
2.097516746705585522e-02
2.068730640716940836e-02
2.040394716182885454e-02
2.012501342060764656e-02
1.985043020467298566e-02
1.958012384472529108e-02
1.931402195921139153e-02
1.905205343281237904e-02
1.879414839521144701e-02
1.854023820013884702e-02
1.829025540469489050e-02
1.804413374895361133e-02
1.780180813584558014e-02
1.756321461131865602e-02
1.732829034477933322e-02
1.709697360981136949e-02
1.686920376517209511e-02
1.664492123606452906e-02
1.642406749568624258e-02
1.620658504705048408e-02
1.599241740508057161e-02
1.578150907897531846e-02
1.557380555484287783e-02
1.536925327860200370e-02
1.516779963914831331e-02
1.496939295178422065e-02
1.477398244190831003e-02
1.458151822896471515e-02
1.439195131064752511e-02
1.420523354735937077e-02
1.402131764692111753e-02
1.384015714952993754e-02
1.366170641296370579e-02
1.348592059802807691e-02
1.331275565424389073e-02
1.314216830577407888e-02
1.297411603758263920e-02
1.280855708182786733e-02
1.264545040448474163e-02
1.248475569219185434e-02
1.232643333932404231e-02
1.217044443528387046e-02
1.201675075201172858e-02
1.186531473171021159e-02
1.171609947477969538e-02
1.156906872796463134e-02
1.142418687270256930e-02
1.128141891367978947e-02
1.114073046758376484e-02
1.100208775205478544e-02
1.086545757483079952e-02
1.073080732308405623e-02
1.059810495294584085e-02
1.046731897921707698e-02
1.033841846526142513e-02
1.021137301307826692e-02
1.008615275355322430e-02
9.962728336882548455e-03
9.841070923169081483e-03
9.721152173187143711e-03
9.602944239313813968e-03
9.486419756622978955e-03
9.371551834140852411e-03
9.258314046258986352e-03
9.146680424303164567e-03
9.036625448255565865e-03
8.928124038626092732e-03
8.821151548472768236e-03
8.715683755567357055e-03
8.611696854703254633e-03
8.509167450144090178e-03
8.408072548211284469e-03
8.308389550005401691e-03
8.210096244263069901e-03
8.113170800343350031e-03
8.017591761343440676e-03
7.923338037340705436e-03
7.830388898760136385e-03
7.738723969861425848e-03
7.648323222348744725e-03
7.559166969096958039e-03
7.471235857993343589e-03
7.384510865893905568e-03
7.298973292690699201e-03
7.214604755489096091e-03
7.131387182892698698e-03
7.049302809393556864e-03
6.968334169867126081e-03
6.888464094168600393e-03
6.809675701828925981e-03
6.731952396850363583e-03
6.655277862597153669e-03
6.579636056781912323e-03
6.505011206544596310e-03
6.431387803622738014e-03
6.358750599611524314e-03
6.287084601311735722e-03
6.216375066164164971e-03
6.146607497768075135e-03
6.077767641484108432e-03
6.009841480118097330e-03
5.942815229684554959e-03
5.876675335249881282e-03
5.811408466851969955e-03
5.747001515495831631e-03
5.683441589223637777e-03
5.620716009257219550e-03
5.558812306213234238e-03
5.497718216387181139e-03
5.437421678107443035e-03
5.377910828156389454e-03
5.319173998258101138e-03
5.261199711631198671e-03
5.203976679605306840e-03
5.147493798300756609e-03
5.091740145369096082e-03
5.036704976794648125e-03
4.982377723754850829e-03
4.928747989538868196e-03
4.875805546523069404e-03
4.823540333202786835e-03
4.771942451278437733e-03
4.721002162795888066e-03
4.670709887339543308e-03
4.621056199277217245e-03
4.572031825055733641e-03
4.523627640546653596e-03
4.475834668440650636e-03
4.428644075690246415e-03
4.382047170999293743e-03
4.336035402358877355e-03
4.290600354628462329e-03
4.245733747161500003e-03
4.201427431474783619e-03
4.157673388960410506e-03
4.114463728639851207e-03
4.071790684959291154e-03
4.029646615625149392e-03
3.988023999479482079e-03
3.946915434413987914e-03
3.906313635322597282e-03
3.866211432091127675e-03
3.826601767623672747e-03
3.787477695905346400e-03
3.748832380099873570e-03
3.710659090682328232e-03
3.672951203605551510e-03
3.635702198500131467e-03
3.598905656906976197e-03
3.562555260542184417e-03
3.526644789593190530e-03
3.491168121046040601e-03
3.456119227042834738e-03
3.421492173268959880e-03
3.387281117369787299e-03
3.353480307395251443e-03
3.320084080273656701e-03
3.287086860311907912e-03
3.254483157723567135e-03
3.222267567183122097e-03
3.190434766406299773e-03
3.158979514755984493e-03
3.127896651873263070e-03
3.097181096332761712e-03
3.066827844322511914e-03
3.036831968347164859e-03
3.007188615954637604e-03
2.977893008485340588e-03
2.948940439843992546e-03
2.920326275293146784e-03
2.892045950268440097e-03
2.864094969214911208e-03
2.836468904443778961e-03
2.809163395010140420e-03
2.782174145609876692e-03
2.755496925496831156e-03
2.729127567418807281e-03
2.703061966572407708e-03
2.677296079576634794e-03
2.651825923464363154e-03
2.626647574691842475e-03
2.601757168165585738e-03
2.577150896286341860e-03
2.552825008010134542e-03
2.528775807925579770e-03
2.504999655347489758e-03
2.481492963426536105e-03
2.458252198274430041e-03
2.435273878104239880e-03
2.412554572386088093e-03
2.390090901017479473e-03
2.367879533508047019e-03
2.345917188178520824e-03
2.324200631373815433e-03
2.302726676689635047e-03
2.281492184212749637e-03
2.260494059774139676e-03
2.239729254215422349e-03
2.219194762667837158e-03
2.198887623843677735e-03
2.178804919340129528e-03
2.158943772955033719e-03
2.139301350014399545e-03
2.119874856711702338e-03
2.100661539458339305e-03
2.081658684245387900e-03
2.062863616016328509e-03
2.044273698050485567e-03
2.025886331357011020e-03
2.007698954079353316e-03
1.989709040909799515e-03
1.971914102514100899e-03
1.954311684965854244e-03
1.936899369190498224e-03
1.919674770418909344e-03
1.902635537650195592e-03
1.885779353123570069e-03
1.869103931799281828e-03
1.852607020848211000e-03
1.836286399150389515e-03
1.820139876801481161e-03
1.804165294628250985e-03
1.788360523711632344e-03
1.772723464918132341e-03
1.757252048439060651e-03
1.741944233337542258e-03
1.726798007102949613e-03
1.711811385213030026e-03
1.696982410703336015e-03
1.682309153743639886e-03
1.667789711221661026e-03
1.653422206333741420e-03
1.639204788182105311e-03
1.625135631379044524e-03
1.611212935657651722e-03
1.597434925488938097e-03
1.583799849705363029e-03
1.570305981130542617e-03
1.556951616215180656e-03
1.543735074678922840e-03
1.530654699158167124e-03
1.517708854859701030e-03
1.504895929219909802e-03
1.492214331569850739e-03
1.479662492805510670e-03
1.467238865063715154e-03
1.454941921403243811e-03
1.442770155491161733e-03
1.430722081294358121e-03
1.418796232775959261e-03
1.406991163596890606e-03
1.395305446822104603e-03
1.383737674631777210e-03
1.372286458037048299e-03
1.360950426600348239e-03
1.349728228160486506e-03
1.338618528561911873e-03
1.327620011388536440e-03
1.316731377701724735e-03
1.305951345782637406e-03
1.295278650878620933e-03
1.284712044953707126e-03
1.274250296443150618e-03
1.263892190011865584e-03
1.253636526316740220e-03
1.243482121772777806e-03
1.233427808322936628e-03
1.223472433211670934e-03
1.213614858762103324e-03
1.203853962156650964e-03
1.194188635221290389e-03
1.184617784213075125e-03
1.175140329611215140e-03
1.165755205911251247e-03
1.156461361422686821e-03
1.147257758069696477e-03
1.138143371194988689e-03
1.129117189366814775e-03
1.120178214188986962e-03
1.111325460113842022e-03
1.102557954258222457e-03
1.093874736222288533e-03
1.085274857911160086e-03
1.076757383359377030e-03
1.068321388558148228e-03
1.059965961285127406e-03
1.051690200937070024e-03
1.043493218364911377e-03
1.035374135711518559e-03
1.027332086251865834e-03
1.019366214235814918e-03
1.011475674733187252e-03
1.003659633481330821e-03
9.959172667350329588e-04
9.882477611186722515e-04
9.806503134807719509e-04
9.731241307506517495e-04
9.656684297974110244e-04
9.582824372909731509e-04
9.509653895653464662e-04
9.437165324839025000e-04
9.365351213067453062e-04
9.294204205601562822e-04
9.223717039079144418e-04
9.153882540247084386e-04
9.084693624713452214e-04
9.016143295719753056e-04
8.948224642930976535e-04
8.880930841244343704e-04
8.814255149615627836e-04
8.748190909904298047e-04
8.682731545734512875e-04
8.617870561374828264e-04
8.553601540633706726e-04
8.489918145772060382e-04
8.426814116432180656e-04
8.364283268582681620e-04
8.302319493478736018e-04
8.240916756639024262e-04
8.180069096836757462e-04
8.119770625106529803e-04
8.060015523765310004e-04
8.000798045448920606e-04
7.942112512162101227e-04
7.883953314342845341e-04
7.826314909940675557e-04
7.769191823508533228e-04
7.712578645308417911e-04
7.656470030429356373e-04
7.600860697919468393e-04
7.545745429930235263e-04
7.491119070873185652e-04
7.436976526589558290e-04
7.383312763531413823e-04
7.330122807955875277e-04
7.277401745129376785e-04
