1.202007400690229932e+00
1.689697669869171526e-01
1.698311228582193300e-01
1.699218864243047800e-01
1.697344440277850641e-01
1.694030382925259814e-01
1.689714594481049048e-01
1.684571427595279725e-01
1.678684923151425312e-01
1.672103799812091895e-01
1.664861695049205670e-01
1.656985626209191986e-01
1.648499869657231720e-01
1.639427823145764573e-01
1.629792892430343143e-01
1.619618877403000146e-01
1.608930095015677353e-01
1.597751364342606395e-01
1.586107921989617364e-01
1.574025305374271710e-01
1.561529224488862888e-01
1.548645433341371003e-01
1.535399607021198098e-01
1.521817227419626217e-01
1.507923479022052760e-01
1.493743155298955794e-01
1.479300575730285727e-01
1.464619513221769864e-01
1.449723131514163710e-01
1.434633932092881647e-01
1.419373710048506543e-01
1.403963518304139901e-01
1.388423639605263493e-01
1.372773565658812200e-01
1.357031982807723747e-01
1.341216763634821840e-01
1.325344963902943263e-01
1.309432824258578432e-01
1.293495776148864684e-01
1.277548451430408349e-01
1.261604695177871716e-01
1.245677581232888242e-01
1.229779430067112350e-01
1.213921828566886102e-01
1.198115651380795982e-01
1.182371083504707432e-01
1.166697643810390844e-01
1.151104209255179311e-01
1.135599039539010591e-01
1.120189802002653917e-01
1.104883596586693911e-01
1.089686980694511836e-01
1.074605993824289257e-01
1.059646181855253833e-01
1.044812620891195781e-01
1.030109940580921646e-01
1.015542346849938604e-01
1.001113643990773766e-01
9.868272560708782337e-02
9.726862476275947855e-02
9.586933436284172938e-02
9.448509486828308990e-02
9.311611654985831044e-02
9.176258125815020539e-02
9.042464411823550319e-02
8.910243514991518510e-02
8.779606081462118516e-02
8.650560549046257264e-02
8.523113287709113695e-02
8.397268733227024329e-02
8.273029514215934910e-02
8.150396572745872981e-02
8.029369278762449325e-02
7.909945538541895971e-02
7.792121897409415299e-02
7.675893636951305887e-02
7.561254866950022080e-02
7.448198612270033603e-02
7.336716894918625387e-02
7.226800811500819210e-02
7.118440606283234218e-02
7.011625740075716484e-02
6.906344955134119390e-02
6.802586336278886037e-02
6.700337368419932715e-02
6.599584990669503382e-02
6.500315647218912751e-02
6.402515335146624631e-02
6.306169649318890680e-02
6.211263824538233724e-02
6.117782775084917163e-02
6.025711131794449227e-02
5.935033276802890306e-02
5.845733376089118360e-02
5.757795409934787084e-02
5.671203201417383821e-02
5.585940443046531756e-02
5.501990721647126437e-02
5.419337541588559876e-02
5.337964346453333980e-02
5.257854539234268348e-02
5.178991501144010468e-02
5.101358609116975890e-02
5.024939252078810398e-02
4.949716846054730279e-02
4.875674848184588517e-02
4.802796769708020386e-02
4.731066187980327575e-02
4.660466757576416097e-02
4.590982220535827496e-02
4.522596415800611558e-02
4.455293287894150633e-02
4.389056894885483978e-02
4.323871415682978281e-02
4.259721156697616334e-02
4.196590557913666003e-02
4.134464198403339785e-02
4.073326801319312324e-02
4.013163238397265964e-02
3.953958533998610386e-02
3.895697868722159535e-02
3.838366582611821287e-02
3.781950177985408251e-02
3.726434321909063291e-02
3.671804848339239175e-02
3.618047759954617221e-02
3.565149229696825545e-02
3.513095602039931209e-02
3.461873394006367149e-02
3.411469295945434438e-02
3.361870172091648706e-02
3.313063060916550395e-02
3.265035175288792668e-02
3.217773902455738771e-02
3.171266803859067868e-02
3.125501614795965499e-02
3.080466243937376308e-02
3.036148772713523000e-02
2.992537454576572539e-02
2.949620714149994716e-02
2.907387146272718062e-02
2.865825514947350355e-02
2.824924752198890512e-02
2.784673956852288038e-02
2.745062393235323667e-02
2.706079489812858105e-02
2.667714837759279506e-02
2.629958189473964245e-02
2.592799457045968578e-02
2.556228710672257126e-02
2.520236177034439196e-02
2.484812237638611698e-02
2.449947427122207977e-02
2.415632431531842053e-02
2.381858086575771444e-02
2.348615375854477133e-02
2.315895429072419714e-02
2.283689520234096632e-02
2.251989065827185096e-02
2.220785622995405037e-02
2.190070887703410990e-02
2.159836692896189778e-02
2.130075006655054309e-02
2.100777930352176401e-02
2.071937696805467577e-02
2.043546668435779201e-02
2.015597335427737544e-02
1.988082313895791348e-02
1.960994344057100450e-02
1.934326288412067940e-02
1.908071129934299504e-02
1.882221970270461786e-02
1.856772027951651347e-02
1.831714636616693648e-02
1.807043243248657172e-02
1.782751406424979215e-02
1.758832794582312203e-02
1.735281184296421850e-02
1.712090458577908772e-02
1.689254605184323937e-02
1.666767714948882637e-02
1.644623980126795268e-02
1.622817692758880131e-02
1.601343243053399493e-02
1.580195117786187264e-02
1.559367898719263290e-02
1.538856261038361664e-02
1.518654971809434324e-02
1.498758888454342769e-02
1.479162957245955777e-02
1.459862211822537774e-02
1.440851771721864301e-02
1.422126840934679129e-02
1.403682706478110061e-02
1.385514736988417012e-02
1.367618381333554969e-02
1.349989167245384085e-02
1.332622699971333126e-02
1.315514660945774246e-02
1.298660806480723441e-02
1.282056966475984654e-02
1.265699043148600829e-02
1.249583009781464991e-02
1.233704909491030281e-02
1.218060854013837922e-02
1.202647022512099567e-02
1.187459660397648629e-02
1.172495078174574240e-02
1.157749650300173190e-02
1.143219814064012907e-02
1.128902068485061576e-02
1.114792973226647922e-02
1.100889147528942395e-02
1.087187269159097316e-02
1.073684073378449767e-02
1.060376351926879158e-02
1.047260952024106975e-02
1.034334775387506060e-02
1.021594777266467483e-02
1.009037965493052823e-02
9.966613995486229075e-03
9.844621896463744831e-03
9.724374958295171553e-03
9.605845270847793854e-03
9.489005404713094644e-03
9.373828402643851268e-03
9.260287771140801247e-03
9.148357472184476605e-03
9.038011915110550146e-03
8.929225948627632012e-03
8.821974852974111270e-03
8.716234332212354635e-03
8.611980506658848539e-03
8.509189905447722344e-03
8.407839459225067980e-03
8.307906492972796583e-03
8.209368718960476097e-03
8.112204229821095777e-03
8.016391491751519160e-03
7.921909337833309486e-03
7.828736961473462680e-03
7.736853909962117075e-03
7.646240078146435831e-03
7.556875702217162247e-03
7.468741353608311130e-03
7.381817933004992428e-03
7.296086664461291782e-03
7.211529089622499035e-03
7.128127062053092426e-03
7.045862741666963913e-03
6.964718589258469227e-03
6.884677361132761353e-03
6.805722103833941605e-03
6.727836148968592729e-03
6.651003108123628056e-03
6.575206867876680350e-03
6.500431584897823842e-03
6.426661681139522568e-03
6.353881839115664565e-03
6.282076997265624400e-03
6.211232345404223143e-03
6.141333320253425897e-03
6.072365601056942640e-03
6.004315105274677516e-03
5.937167984355792329e-03
5.870910619589306961e-03
5.805529618030737943e-03
5.741011808503514863e-03
5.677344237673265584e-03
5.614514166194644121e-03
5.552509064928093895e-03
5.491316611226923668e-03
5.430924685291498195e-03
5.371321366590980743e-03
5.312494930350625602e-03
5.254433844103256236e-03
5.197126764304211763e-03
5.140562533008530104e-03
5.084730174608675587e-03
5.029618892632639268e-03
4.975218066600337226e-03
4.921517248938053583e-03
4.868506161949046063e-03
4.816174694840148415e-03
4.764512900802555205e-03
4.713510994146339651e-03
4.663159347487406091e-03
4.613448488985807602e-03
4.564369099634992509e-03
4.515912010600497441e-03
4.468068200607397400e-03
4.420828793375380927e-03
4.374185055101221381e-03
4.328128391986676288e-03
4.282650347812218088e-03
4.237742601554539759e-03
4.193396965047902110e-03
4.149605380688068529e-03
4.106359919178293773e-03
4.063652777316111714e-03
4.021476275820824904e-03
3.979822857200394914e-03
3.938685083657117621e-03
3.898055635031709171e-03
3.857927306784491184e-03
3.818293008013383741e-03
3.779145759508066929e-03
3.740478691839143905e-03
3.702285043482494986e-03
3.664558158977084586e-03
3.627291487116601765e-03
3.590478579173602552e-03
3.554113087156108089e-03
3.518188762095170608e-03
3.482699452364163180e-03
3.447639102027812152e-03
3.413001749221311869e-03
3.378781524558696799e-03
3.344972649569675268e-03
3.311569435165156398e-03
3.278566280129605395e-03
3.245957669641288870e-03
3.213738173818602144e-03
3.181902446292790392e-03
3.150445222806171064e-03
3.119361319835309027e-03
3.088645633239373803e-03
3.058293136932138060e-03
3.028298881578025872e-03
2.998657993311355970e-03
2.969365672478619517e-03
2.940417192402980558e-03
2.911807898170872509e-03
2.883533205440322496e-03
2.855588599270301835e-03
2.827969632971049762e-03
2.800671926974707300e-03
2.773691167725965065e-03
2.747023106592593172e-03
2.720663558794940342e-03
2.694608402354780816e-03
2.668853577062253995e-03
2.643395083461559485e-03
2.618228981854131641e-03
2.593351391319770240e-03
2.568758488754514704e-03
2.544446507926144407e-03
2.520411738545475389e-03
2.496650525354625252e-03
2.473159267230951291e-03
2.449934416306837059e-03
2.426972477104579699e-03
2.404270005686992128e-03
2.381823608822171423e-03
2.359629943163371862e-03
2.337685714443028112e-03
2.315987676680521766e-03
2.294532631404271484e-03
2.273317426886831832e-03
2.252338957393642226e-03
2.231594162444701292e-03
2.211080026088783294e-03
2.190793576190720911e-03
2.170731883730455097e-03
2.150892062114732797e-03
2.131271266500181418e-03
2.111866693128406237e-03
2.092675578672424652e-03
2.073695199594250815e-03
2.054922871513632787e-03
2.036355948587567546e-03
2.017991822900537437e-03
1.999827923865042222e-03
1.981861717632489583e-03
1.964090706514068103e-03
1.946512428411690740e-03
1.929124456258319263e-03
1.911924397468191782e-03
1.894909893396065853e-03
1.878078618805908463e-03
1.861428281348372809e-03
1.844956621047331427e-03
1.828661409795021573e-03
1.812540450855698983e-03
1.796591578377674039e-03
1.780812656913665498e-03
1.765201580949182954e-03
1.749756274438784729e-03
1.734474690350244807e-03
1.719354810216346899e-03
1.704394643694129817e-03
1.689592228131570235e-03
1.674945628141534179e-03
1.660452935182864069e-03
1.646112267148294945e-03
1.631921767959525552e-03
1.617879607168758215e-03
1.603983979567093036e-03
1.590233104799219574e-03
1.576625226984698733e-03
1.563158614345406617e-03
1.549831558839158754e-03
1.536642375799427774e-03
1.523589403580958039e-03
1.510671003211327143e-03
1.497885558048150456e-03
1.485231473441915497e-03
1.472707176404531139e-03
1.460311115283035015e-03
1.448041759438949616e-03
1.435897598932642412e-03
1.423877144213070997e-03
1.411978925812354662e-03
1.400201494045564448e-03
1.388543418715257891e-03
1.377003288820859280e-03
1.365579712272818862e-03
1.354271315611324826e-03
1.343076743729623365e-03
1.331994659601850976e-03
1.321023744015221340e-03
1.310162695306553134e-03
1.299410229103083051e-03
1.288765078067348902e-03
1.278225991646390891e-03
1.267791735824732192e-03
1.257461092881521350e-03
1.247232861151473943e-03
1.237105854789665978e-03
1.227078903540096844e-03
1.217150852507989291e-03
1.207320561935572084e-03
1.197586906981672325e-03
1.187948777504640400e-03
1.178405077848731358e-03
1.168954726634000843e-03
1.159596656549418932e-03
1.150329814149306197e-03
1.141153159652980508e-03
1.132065666747586420e-03
1.123066322394000857e-03
1.114154126635892540e-03
1.105328092411574960e-03
1.096587245369100034e-03
1.087930623684066605e-03
1.079357277880297521e-03
1.070866270653418042e-03
1.062456676697086638e-03
1.054127582532041457e-03
1.045878086337731321e-03
1.037707297786601493e-03
1.029614337881030539e-03
1.021598338792602343e-03
1.013658443704141751e-03
1.005793806653986931e-03
9.980035923827599437e-04
9.902869761825193115e-04
9.826431437481930944e-04
9.750712910313510257e-04
9.675706240962000200e-04
9.601403589778157409e-04
9.527797215425084197e-04
9.454879473504705948e-04
9.382642815202640917e-04
9.311079785956894285e-04
9.240183024144739713e-04
9.169945259790733072e-04
9.100359313293403729e-04
9.031418094173204866e-04
8.963114599837307970e-04
8.895441914364464811e-04
8.828393207308273764e-04
8.761961732517982004e-04
8.696140826977832991e-04
8.630923909663616982e-04
8.566304480416085231e-04
8.502276118832142928e-04
8.438832483172479734e-04
8.375967309285066529e-04
8.313674409545588478e-04
8.251947671813373523e-04
8.190781058403261887e-04
8.130168605071994145e-04
8.070104420021317676e-04
8.010582682914566509e-04
7.951597643908229172e-04
7.893143622698408062e-04
7.835215007581202134e-04
7.777806254526619355e-04
7.720911886267064084e-04
7.664526491398564916e-04
7.608644723495823926e-04
7.553261300239605229e-04
7.498371002558311404e-04
7.443968673780916936e-04
7.390049218802665970e-04
7.336607603263782659e-04
7.283638852739508177e-04
7.231138051941780973e-04
7.179100343933814696e-04
