1.202007400407268500e+00
1.831702677376595978e-01
1.830746783225334906e-01
1.828581608429511451e-01
1.825892974631746490e-01
1.822242620480010733e-01
1.817461643005482685e-01
1.811534569584522802e-01
1.804506017225602499e-01
1.796440385480279067e-01
1.787406031075463864e-01
1.777469596516092487e-01
1.766694386358606261e-01
1.755140238894432880e-01
1.742863854140527802e-01
1.729919182316751458e-01
1.716357744039888888e-01
1.702228858186435323e-01
1.687579789708899269e-01
1.672455838568110142e-01
1.656900389779958627e-01
1.640954940487409919e-01
1.624659115656396924e-01
1.608050680341031324e-01
1.591165553636965380e-01
1.574037827361129682e-01
1.556699791019918455e-01
1.539181963610703752e-01
1.521513132128670398e-01
1.503720396227142264e-01
1.485829218234375471e-01
1.467863477611045242e-01
1.449845528900528535e-01
1.431796262248667684e-01
1.413735165632366009e-01
1.395680388018916973e-01
1.377648802771228032e-01
1.359656070710886233e-01
1.341716702344262213e-01
1.323844118845569906e-01
1.306050711471574699e-01
1.288347899154808907e-01
1.270746184085840558e-01
1.253255205150217710e-01
1.235883789131971833e-01
1.218639999635576093e-01
1.201531183709956541e-01
1.184564016185088026e-01
1.167744541752704507e-01
1.151078214839317548e-01
1.134569937332390588e-01
1.118224094230185761e-01
1.102044587292363431e-01
1.086034866773123719e-01
1.070197961320914354e-01
1.054536506130582946e-01
1.039052769432927958e-01
1.023748677406510349e-01
1.008625837594173680e-01
9.936855609050261606e-02
9.789288822795302880e-02
9.643565800928884102e-02
9.499691943683830075e-02
9.357670438694405679e-02
9.217502421357039177e-02
9.079187125252856372e-02
8.942722023220996130e-02
8.808102959640054519e-02
8.675324274445363193e-02
8.544378919378672887e-02
8.415258566940281293e-02
8.287953712484491531e-02
8.162453769876457099e-02
8.038747161099260574e-02
7.916821400181897617e-02
7.796663171793048741e-02
7.678258404824762906e-02
7.561592341274413209e-02
7.446649600708393768e-02
7.333414240579266830e-02
7.221869812648151754e-02
7.111999415750455689e-02
7.003785745126611673e-02
6.897211138528541730e-02
6.792257619296836191e-02
6.688906936593920494e-02
6.587140602965861624e-02
6.486939929394991422e-02
6.388286057996597767e-02
6.291159992501728360e-02
6.195542626662163543e-02
6.101414770702104362e-02
6.008757175936522282e-02
5.917550557666702987e-02
5.827775616458193836e-02
5.739413057899242498e-02
5.652443610931685847e-02
5.566848044842052923e-02
5.482607184993682631e-02
5.399701927376658606e-02
5.318113252047954043e-02
5.237822235529405318e-02
5.158810062227010829e-02
5.081058034932089268e-02
5.004547584459726611e-02
4.929260278478738572e-02
4.855177829581849153e-02
4.782282102643666682e-02
4.710555121510649756e-02
4.639979075064198932e-02
4.570536322696373138e-02
4.502209399234598231e-02
4.434981019350402176e-02
4.368834081484732762e-02
4.303751671320073247e-02
4.239717064828955884e-02
4.176713730925434714e-02
4.114725333745515579e-02
4.053735734580465877e-02
3.993728993485892720e-02
3.934689370587431123e-02
3.876601327104187145e-02
3.819449526107639853e-02
3.763218833034942534e-02
3.707894315972486837e-02
3.653461245726455364e-02
3.599905095694413276e-02
3.547211541552607733e-02
3.495366460771774653e-02
3.444355931974096147e-02
3.394166234142845934e-02
3.344783845695911001e-02
3.296195443433318217e-02
3.248387901368842562e-02
3.201348289454400420e-02
3.155063872206569087e-02
3.109522107242323682e-02
3.064710643732750442e-02
3.020617320781151041e-02
2.977230165732502529e-02
2.934537392420619173e-02
2.892527399359089840e-02
2.851188767881317199e-02
2.810510260235346905e-02
2.770480817637738583e-02
2.731089558291909317e-02
2.692325775374747668e-02
2.654178934995577582e-02
2.616638674131773618e-02
2.579694798543874859e-02
2.543337280674306741e-02
2.507556257532151528e-02
2.472342028567541677e-02
2.437685053537697391e-02
2.403575950368053160e-02
2.370005493009935682e-02
2.336964609297665849e-02
2.304444378806997859e-02
2.272436030716721081e-02
2.240930941675124688e-02
2.209920633673513254e-02
2.179396771927739895e-02
2.149351162769362264e-02
2.119775751548008680e-02
2.090662620545856443e-02
2.062003986905540723e-02
2.033792200572479350e-02
2.006019742252520763e-02
1.978679221386044421e-02
1.951763374138835300e-02
1.925265061411145229e-02
1.899177266864805064e-02
1.873493094969816766e-02
1.848205769070298057e-02
1.823308629470691763e-02
1.798795131542517411e-02
1.774658843852046711e-02
1.750893446309326543e-02
1.727492728338700725e-02
1.704450587071414808e-02
1.681761025560048195e-02
1.659418151015435924e-02
1.637416173065870187e-02
1.615749402038967747e-02
1.594412247266133523e-02
1.573399215409742452e-02
1.552704908813077461e-02
1.532324023873057883e-02
1.512251349435701601e-02
1.492481765214376949e-02
1.473010240230674187e-02
1.453831831278018516e-02
1.434941681407673683e-02
1.416335018437335502e-02
1.398007153482032014e-02
1.379953479507160796e-02
1.362169469903702634e-02
1.344650677085299992e-02
1.327392731107182589e-02
1.310391338306517856e-02
1.293642279964434330e-02
1.277141410989059492e-02
1.260884658619721571e-02
1.244868021151975673e-02
1.229087566683172150e-02
1.213539431878621344e-02
1.198219820757790224e-02
1.183125003500624765e-02
1.168251315273510262e-02
1.153595155074832457e-02
1.139152984599788206e-02
1.124921327124405943e-02
1.110896766408161866e-02
1.097075945615316045e-02
1.083455566254653418e-02
1.070032387137169992e-02
1.056803223351787321e-02
1.043764945258577811e-02
1.030914477499400746e-02
1.018248798025737749e-02
1.005764937143254281e-02
9.934599765732318385e-03
9.813310485302239802e-03
9.693753348159857980e-03
9.575900659292651759e-03
9.459725201913366660e-03
9.345200228869336365e-03
9.232299454204636810e-03
9.120997044870621587e-03
9.011267612585700804e-03
8.903086205838918119e-03
8.796428302036538374e-03
8.691269799790192138e-03
8.587587011341154403e-03
8.485356655123336977e-03
8.384555848457974150e-03
8.285162100380737138e-03
8.187153304598536463e-03
8.090507732573134353e-03
7.995204026730299077e-03
7.901221193791458514e-03
7.808538598227640452e-03
7.717135955830334987e-03
7.626993327401244450e-03
7.538091112555996010e-03
7.450410043640595670e-03
7.363931179759560311e-03
7.278635900912643411e-03
7.194505902238736324e-03
7.111523188365510492e-03
7.029670067861856775e-03
6.948929147792445339e-03
6.869283328372064248e-03
6.790715797717952577e-03
6.713210026698191238e-03
6.636749763875481913e-03
6.561319030542936588e-03
6.486902115851809168e-03
6.413483572028613917e-03
6.341048209680203059e-03
6.269581093185253549e-03
6.199067536170893220e-03
6.129493097072465264e-03
6.060843574774816070e-03
5.993105004334518295e-03
5.926263652780454014e-03
5.860306014992021535e-03
5.795218809653497442e-03
5.730988975282682099e-03
5.667603666332799058e-03
5.605050249366822640e-03
5.543316299301398291e-03
5.482389595721427755e-03
5.422258119260981411e-03
5.362910048052344468e-03
5.304333754239779625e-03
5.246517800557821444e-03
5.189450936972616647e-03
5.133122097385245212e-03
5.077520396395665721e-03
5.022635126126321313e-03
4.968455753104576191e-03
4.914971915201925279e-03
4.862173418630189557e-03
4.810050234992747226e-03
4.758592498390017481e-03
4.707790502578136985e-03
4.657634698180171569e-03
4.608115689948159670e-03
4.559224234075859132e-03
4.510951235560903272e-03
4.463287745614658367e-03
4.416224959120806058e-03
4.369754212139374643e-03
4.323866979457505547e-03
4.278554872184322545e-03
4.233809635390439752e-03
4.189623145790535852e-03
4.145987409467788952e-03
4.102894559641214606e-03
4.060336854472209461e-03
4.018306674912622452e-03
3.976796522590881483e-03
3.935799017737868707e-03
3.895306897149627447e-03
3.855313012187699603e-03
3.815810326815934333e-03
3.776791915672748825e-03
3.738250962178594431e-03
3.700180756677920371e-03
3.662574694614683952e-03
3.625426274741071642e-03
3.588729097358987329e-03
3.552476862592783818e-03
3.516663368693884618e-03
3.481282510375832348e-03
3.446328277179366503e-03
3.411794751867265173e-03
3.377676108848076848e-03
3.343966612628136454e-03
3.310660616291796667e-03
3.277752560008728722e-03
3.245236969568375540e-03
3.213108454940499879e-03
3.181361708861770235e-03
3.149991505447694538e-03
3.118992698829392042e-03
3.088360221814916325e-03
3.058089084574377829e-03
3.028174373348749716e-03
2.998611249181785867e-03
2.969394946674224021e-03
2.940520772760952303e-03
2.911984105509013692e-03
2.883780392937938114e-03
2.855905151860487021e-03
2.828353966744108407e-03
2.801122488592868061e-03
2.774206433848901230e-03
2.747601583313582022e-03
2.721303781087642051e-03
2.695308933530091329e-03
2.669613008235593565e-03
2.644212033029866554e-03
2.619102094982744648e-03
2.594279339438766707e-03
2.569739969064701018e-03
2.545480242913921755e-03
2.521496475507198527e-03
2.497785035929528646e-03
2.474342346943029462e-03
2.451164884115094537e-03
2.428249174962076457e-03
2.405591798107692240e-03
2.383189382456285792e-03
2.361038606380582664e-03
2.339136196923309596e-03
2.317478929012946852e-03
2.296063624693284178e-03
2.274887152365743029e-03
2.253946426045616482e-03
2.233238404630594892e-03
2.212760091182372664e-03
2.192508532220389418e-03
2.172480817027929757e-03
2.152674076970080737e-03
2.133085484823731351e-03
2.113712254118676418e-03
2.094551638490511816e-03
2.075600931044170074e-03
2.056857463728845731e-03
2.038318606723347678e-03
2.019981767832031583e-03
2.001844391891170576e-03
1.983903960185290621e-03
1.966157989873704767e-03
1.948604033426513341e-03
1.931239678070539997e-03
1.914062545244457668e-03
1.897070290063236717e-03
1.880260600791810966e-03
1.863631198327352512e-03
1.847179835690783509e-03
1.830904297526340322e-03
1.814802399609982599e-03
1.798871988366076546e-03
1.783110940391979642e-03
1.767517161990856843e-03
1.752088588712275930e-03
1.736823184900443883e-03
1.721718943250232165e-03
1.706773884370290295e-03
1.691986056353917767e-03
1.677353534356710273e-03
1.662874420181484824e-03
1.648546841870042945e-03
1.634368953301763242e-03
1.620338933798862483e-03
1.606454987738194186e-03
1.592715344169545267e-03
1.579118256440150813e-03
1.565662001825617348e-03
1.552344881166729633e-03
1.539165218512382124e-03
1.526121360768375535e-03
1.513211677352060492e-03
1.500434559852484827e-03
1.487788421696393821e-03
1.475271697819365664e-03
1.462882844342772550e-03
1.450620338255642150e-03
1.438482677101887621e-03
1.426468378672697329e-03
1.414575980703882633e-03
1.402804040578108915e-03
1.391151135032039562e-03
1.379615859868259329e-03
1.368196829671812498e-03
1.356892677531349118e-03
1.345702054764851561e-03
1.334623630649747110e-03
1.323656092157291008e-03
1.312798143691471919e-03
1.302048506831886667e-03
1.291405920080867858e-03
1.280869138614673794e-03
1.270436934038647213e-03
1.260108094146312075e-03
1.249881422682336610e-03
1.239755739109267216e-03
1.229729878378000478e-03
1.219802690701939085e-03
1.209973041334690916e-03
1.200239810351370071e-03
1.190601892433352377e-03
1.181058196656414047e-03
1.171607646282263023e-03
1.162249178553373657e-03
1.152981744491086155e-03
1.143804308696823964e-03
1.134715849156500223e-03
1.125715357048042830e-03
1.116801836551811495e-03
1.107974304664216449e-03
1.099231791014024240e-03
1.090573337681690182e-03
1.081997999021488488e-03
1.073504841486420339e-03
1.065092943455835063e-03
1.056761395065800198e-03
1.048509298042021387e-03
1.040335765535447187e-03
1.032239921960398984e-03
1.024220902835157711e-03
1.016277854625197759e-03
1.008409934588560012e-03
1.000616310623918910e-03
9.928961611207808360e-04
9.852486748120692708e-04
9.776730506290511654e-04
9.701684975583125701e-04
9.627342345011489968e-04
9.553694901349307636e-04
9.480735027767241314e-04
9.408455202489061789e-04
9.336847997468899693e-04
9.265906077088404205e-04
9.195622196874168744e-04
9.125989202234177904e-04
9.057000027213505484e-04
8.988647693269669102e-04
8.920925308065407941e-04
8.853826064280511006e-04
8.787343238441584596e-04
8.721470189769520457e-04
8.656200359043751723e-04
8.591527267484269171e-04
8.527444515650689809e-04
8.463945782356648495e-04
8.401024823602104910e-04
8.338675471520600596e-04
8.276891633342283545e-04
8.215667290373116676e-04
8.154996496988790259e-04
8.094873379643649459e-04
8.035292135894676023e-04
7.976247033440137055e-04
7.917732409171343968e-04
7.859742668240903224e-04
7.802272283141442654e-04
7.745315792801196015e-04
7.688867801691102880e-04
7.632922978945352616e-04
7.577476057495280328e-04
7.522521833216212501e-04
7.468055164085864823e-04
7.414070969356120148e-04
7.360564228736579803e-04
7.307529981589931624e-04
7.254963326139483816e-04
