1.202007402516640955e+00
1.569178815803538296e-01
1.558790849214720664e-01
1.554218126271274258e-01
1.550774404496119141e-01
1.547281642996727324e-01
1.543432277644615491e-01
1.539128687168114518e-01
1.534331064762312624e-01
1.529021039818280747e-01
1.523191516908801446e-01
1.516842866480230256e-01
1.509980909222966572e-01
1.502615571157756014e-01
1.494759891604632296e-01
1.486429266210607392e-01
1.477640862614276185e-01
1.468413166164710681e-01
1.458765623732084238e-01
1.448718361277650801e-01
1.438291956878522959e-01
1.427507255661889241e-01
1.416385216765390642e-01
1.404946785183731894e-01
1.393212783367374641e-01
1.381203818879004064e-01
1.368940205429025614e-01
1.356441895319313584e-01
1.343728421811865026e-01
1.330818850272161846e-01
1.317731737162959327e-01
1.304485096118184473e-01
1.291096370430907803e-01
1.277582411363099024e-01
1.263959461736827716e-01
1.250243144306855403e-01
1.236448454446783807e-01
1.222589756708631625e-01
1.208680784841549977e-01
1.194734644879903718e-01
1.180763820934752212e-01
1.166780183346901867e-01
1.152794998883293204e-01
1.138818942681826957e-01
1.124862111673322340e-01
1.110934039231515763e-01
1.097043710824382873e-01
1.083199580460914996e-01
1.069409587748141460e-01
1.055681175391967042e-01
1.042021306993808072e-01
1.028436485011792190e-01
1.014932768771075744e-01
1.001515792422413287e-01
9.881907827615861450e-02
9.749625768343482546e-02
9.618356392630257601e-02
9.488140792406685176e-02
9.359016671481919236e-02
9.231018507577108678e-02
9.104177709927700757e-02
8.978522772228417215e-02
8.854079420748788010e-02
8.730870757500169832e-02
8.608917398377197161e-02
8.488237606239507071e-02
8.368847418926673998e-02
8.250760772232862417e-02
8.133989617891147772e-02
8.018544036635569250e-02
7.904432346429590694e-02
7.791661205961621095e-02
7.680235713520354446e-02
7.570159501373457944e-02
7.461434825776856739e-02
7.354062652750835427e-02
7.248042739760930664e-02
7.143373713444545192e-02
7.040053143525558388e-02
6.938077613058767079e-02
6.837442785146567725e-02
6.738143466268001203e-02
6.640173666358330229e-02
6.543526655775533385e-02
6.448195019286992458e-02
6.354170707204835622e-02
6.261445083798809763e-02
6.170008973106815009e-02
6.079852702264410685e-02
5.990966142465920657e-02
5.903338747670590358e-02
5.816959591158424314e-02
5.731817400040988691e-02
5.647900587824057628e-02
5.565197285118627518e-02
5.483695368590962155e-02
5.403382488238488851e-02
5.324246093076080016e-02
5.246273455312312067e-02
5.169451693091132310e-02
5.093767791874182632e-02
5.019208624530784035e-02
4.945760970204284013e-02
4.873411532016612424e-02
4.802146953672409985e-02
4.731953835019819116e-02
4.662818746622366534e-02
4.594728243395204692e-02
4.527668877353915183e-02
4.461627209524193782e-02
4.396589821056558905e-02
4.332543323589089362e-02
4.269474368898631272e-02
4.207369657878985009e-02
4.146215948882633201e-02
4.086000065460619612e-02
4.026708903534004930e-02
3.968329438027688727e-02
3.910848728996462603e-02
3.854253927271926450e-02
3.798532279656272048e-02
3.743671133689162323e-02
3.689657942010981379e-02
3.636480266346076018e-02
3.584125781127001781e-02
3.532582276780732444e-02
3.481837662696229962e-02
3.431879969891594995e-02
3.382697353398979312e-02
3.334278094382672752e-02
3.286610602007532245e-02
3.239683415071397538e-02
3.193485203416521201e-02
3.148004769132711073e-02
3.103231047565478337e-02
3.059153108140491920e-02
3.015760155016527361e-02
2.973041527576897325e-02
2.930986700770062472e-02
2.889585285308982759e-02
2.848827027738049314e-02
2.808701810376674005e-02
2.769199651147378691e-02
2.730310703296519315e-02
2.692025255014300622e-02
2.654333728961680641e-02
2.617226681710526498e-02
2.580694803102909912e-02
2.544728915535839076e-02
2.509319973176681387e-02
2.474459061114569342e-02
2.440137394452726594e-02
2.406346317346599872e-02
2.373077301991744978e-02
2.340321947566156163e-02
2.308071979130418144e-02
2.276319246490068893e-02
2.245055723022941485e-02
2.214273504475283705e-02
2.183964807729641203e-02
2.154121969547310653e-02
2.124737445288311585e-02
2.095803807611222938e-02
2.067313745155797619e-02
2.039260061209904884e-02
2.011635672363875499e-02
1.984433607153428605e-02
1.957647004693708823e-02
1.931269113306033000e-02
1.905293289138710461e-02
1.879712994784157529e-02
1.854521797893187926e-02
1.829713369788162070e-02
1.805281484076332738e-02
1.781220015264373471e-02
1.757522937375358835e-02
1.734184322569390369e-02
1.711198339768436189e-02
1.688559253286864986e-02
1.666261421467989459e-02
1.644299295327789415e-02
1.622667417206310678e-02
1.601360419427600573e-02
1.580373022968668481e-02
1.559700036138115913e-02
1.539336353264928077e-02
1.519276953397987080e-02
1.499516899016700017e-02
1.480051334753134350e-02
1.460875486126086281e-02
1.441984658287366605e-02
1.423374234780720379e-02
1.405039676313423781e-02
1.386976519541101467e-02
1.369180375865727307e-02
1.351646930247197946e-02
1.334371940028466694e-02
1.317351233774526759e-02
1.300580710125293776e-02
1.284056336662544803e-02
1.267774148790936847e-02
1.251730248633120372e-02
1.235920803939310163e-02
1.220342047010833375e-02
1.204990273638099040e-02
1.189861842052944430e-02
1.174953171895013262e-02
1.160260743192620229e-02
1.145781095357714316e-02
1.131510826195084377e-02
1.117446590925671827e-02
1.103585101223962701e-02
1.089923124269402167e-02
1.076457481811717194e-02
1.063185049250101738e-02
1.050102754726175112e-02
1.037207578230522551e-02
1.024496550722909030e-02
1.011966753265818204e-02
9.996153161714517454e-03
9.874394181618213404e-03
9.754362855420651776e-03
9.636031913865949691e-03
9.519374547382646740e-03
9.404364398200342617e-03
9.290975552594653991e-03
9.179182533253605475e-03
9.068960291770351845e-03
8.960284201254820752e-03
8.853130049066772200e-03
8.747474029667710871e-03
8.643292737589786459e-03
8.540563160520419153e-03
8.439262672502141974e-03
8.339369027243607665e-03
8.240860351544920803e-03
8.143715138829459368e-03
8.047912242787122819e-03
7.953430871122834506e-03
7.860250579411649785e-03
7.768351265056777470e-03
7.677713161351211110e-03
7.588316831639984640e-03
7.500143163581831154e-03
7.413173363509695767e-03
7.327388950887496998e-03
7.242771752861863407e-03
7.159303898908714499e-03
7.076967815571341344e-03
6.995746221289804792e-03
6.915622121320424802e-03
6.836578802742044984e-03
6.758599829551689177e-03
6.681669037842399676e-03
6.605770531068455229e-03
6.530888675391076717e-03
6.457008095106550431e-03
6.384113668154363722e-03
6.312190521704303531e-03
6.241224027820568843e-03
6.171199799203250062e-03
6.102103685003261793e-03
6.033921766712915628e-03
5.966640354127501246e-03
5.900245981379014654e-03
5.834725403039998752e-03
5.770065590296173490e-03
5.706253727187009066e-03
5.643277206912786746e-03
5.581123628207678052e-03
5.519780791776539471e-03
5.459236696795616989e-03
5.399479537475187184e-03
5.340497699683467020e-03
5.282279757630619667e-03
5.224814470611727039e-03
5.168090779807945831e-03
5.112097805144539923e-03
5.056824842204972123e-03
5.002261359200422912e-03
4.948396993992529649e-03
4.895221551170256952e-03
4.842724999178279685e-03
4.790897467497062454e-03
4.739729243872783764e-03
4.689210771597427524e-03
4.639332646837027868e-03
4.590085616007670913e-03
4.541460573198460686e-03
4.493448557640653852e-03
4.446040751221957965e-03
4.399228476044938531e-03
4.353003192029589533e-03
4.307356494558323146e-03
4.262280112163337013e-03
4.217765904254920130e-03
4.173805858890733758e-03
4.130392090584709963e-03
4.087516838155193927e-03
4.045172462611240638e-03
4.003351445076908099e-03
3.962046384752692697e-03
3.921249996912767530e-03
3.880955110938731894e-03
3.841154668387696588e-03
3.801841721095090137e-03
3.763009429311574023e-03
3.724651059872475297e-03
3.686759984400410969e-03
3.649329677539485221e-03
3.612353715221258092e-03
3.575825772961304262e-03
3.539739624185950836e-03
3.504089138588989405e-03
3.468868280517554449e-03
3.434071107386451206e-03
3.399691768120665855e-03
3.365724501625682024e-03
3.332163635284682464e-03
3.299003583482365293e-03
3.266238846155068189e-03
3.233864007366399514e-03
3.201873733908090595e-03
3.170262773925444644e-03
3.139025955567351523e-03
3.108158185659680526e-03
3.077654448402677382e-03
3.047509804090567462e-03
3.017719387854371320e-03
2.988278408426527002e-03
2.959182146927038549e-03
2.930425955671619922e-03
2.902005257000044979e-03
2.873915542125327158e-03
2.846152370003326819e-03
2.818711366221796164e-03
2.791588221909063836e-03
2.764778692661739017e-03
2.738278597491287589e-03
2.712083817788766074e-03
2.686190296308017377e-03
2.660594036166049822e-03
2.635291099861390967e-03
2.610277608309197108e-03
2.585549739893166186e-03
2.561103729534105339e-03
2.536935867774578034e-03
2.513042499879276481e-03
2.489420024951326162e-03
2.466064895063547167e-03
2.442973614405048732e-03
2.420142738442369879e-03
2.397568873095195195e-03
2.375248673926309232e-03
2.353178845345459038e-03
2.331356139827171249e-03
2.309777357141367098e-03
2.288439343598291931e-03
2.267338991305290711e-03
2.246473237437182462e-03
2.225839063518583912e-03
2.205433494718958207e-03
2.185253599159382547e-03
2.165296487231342659e-03
2.145559310927254871e-03
2.126039263182159800e-03
2.106733577226830093e-03
2.087639525951805620e-03
2.068754421282344418e-03
2.050075613563872613e-03
2.031600490958029599e-03
2.013326478848687442e-03
1.995251039258411161e-03
1.977371670274464307e-03
1.959685905484685568e-03
1.942191313422894638e-03
1.924885497023528765e-03
1.907766093085723350e-03
1.890830771746114308e-03
1.874077235960726904e-03
1.857503220995522161e-03
1.841106493925426940e-03
1.824884853141799535e-03
1.808836127868239298e-03
1.792958177684366231e-03
1.777248892057632776e-03
1.761706189882803961e-03
1.746328019029523082e-03
1.731112355896873749e-03
1.716057204975707630e-03
1.701160598418277993e-03
1.686420595614685934e-03
1.671835282776760979e-03
1.657402772528527354e-03
1.643121203503594826e-03
1.628988739949248192e-03
1.615003571336868062e-03
1.601163911979017977e-03
1.587468000652700632e-03
1.573914100228830486e-03
1.560500497307881545e-03
1.547225501861329133e-03
1.534087446879277457e-03
1.521084688023472634e-03
1.508215603286369895e-03
1.495478592655529858e-03
1.482872077783515185e-03
1.470394501663373904e-03
1.458044328309124164e-03
1.445820042441638966e-03
1.433720149179536869e-03
1.421743173735138957e-03
1.409887661115350474e-03
1.398152175827369970e-03
1.386535301589135547e-03
1.375035641044570437e-03
1.363651815483196608e-03
1.352382464564509321e-03
1.341226246046695438e-03
1.330181835519604399e-03
1.319247926142201079e-03
1.308423228384119523e-03
1.297706469771338399e-03
1.287096394635996351e-03
1.276591763870193758e-03
1.266191354683672034e-03
1.255893960365397563e-03
1.245698390049008444e-03
1.235603468481783797e-03
1.225608035797595349e-03
1.215710947293183620e-03
1.205911073208082007e-03
1.196207298508137392e-03
1.186598522672228494e-03
1.177083659482551677e-03
1.167661636818139413e-03
1.158331396451597753e-03
1.149091893849115906e-03
1.139942097973535226e-03
1.130880991090643488e-03
1.121907568578303042e-03
1.113020838738781491e-03
1.104219822613924928e-03
1.095503553803108465e-03
1.086871078284280204e-03
1.078321454237588873e-03
1.069853751871775293e-03
1.061467053253392547e-03
1.053160452138551242e-03
1.044933053807280089e-03
1.036783974900588748e-03
1.028712343259887514e-03
1.020717297768922128e-03
1.012797988198286614e-03
1.004953575052106246e-03
9.971832294172996210e-04
9.894861328150238774e-04
9.818614770543928390e-04
9.743084640886173721e-04
9.668263058730434218e-04
9.594142242257039897e-04
9.520714506897366963e-04
9.447972263979997811e-04
9.375908019398145488e-04
9.304514372296426817e-04
9.233784013777761573e-04
9.163709725630364089e-04
9.094284379073815745e-04
9.025500933523843182e-04
8.957352435376248964e-04
8.889832016809137054e-04
8.822932894602660090e-04
8.756648368977550459e-04
8.690971822450084625e-04
8.625896718705579726e-04
8.561416601486992019e-04
8.497525093501961946e-04
8.434215895345173550e-04
8.371482784437302193e-04
8.309319613979664759e-04
8.247720311924460704e-04
8.186678879960488991e-04
8.126189392513319615e-04
8.066245995761887541e-04
8.006842906668014664e-04
7.947974412021214683e-04
7.889634867497196877e-04
7.831818696731323182e-04
7.774520390403655409e-04
7.717734505340453043e-04
7.661455663626043616e-04
7.605678551729752645e-04
7.550397919644571141e-04
7.495608580039242290e-04
7.441305407422084623e-04
7.387483337317599010e-04
7.334137365454921655e-04
7.281262546967875874e-04
7.228853995607371864e-04
7.176906882964738475e-04
