1.202007400652161717e+00
1.530657090989354652e-01
1.546769712739543279e-01
1.555020943300929326e-01
1.558988291819719540e-01
1.560221932853994853e-01
1.559560509673268425e-01
1.557487818883686037e-01
1.554295909872764059e-01
1.550169537296260114e-01
1.545231422133648003e-01
1.539567269204841493e-01
1.533240092793340947e-01
1.526298704986674970e-01
1.518782891537725221e-01
1.510726636698090375e-01
1.502160161512720582e-01
1.493111221674251754e-01
1.483605934062665055e-01
1.473669298875107947e-01
1.463325523211991552e-01
1.452598214508189489e-01
1.441510488649301869e-01
1.430085022523809590e-01
1.418344070932081036e-01
1.406309461276134820e-01
1.394002575105293684e-01
1.381444322650420276e-01
1.368655114468971812e-01
1.355654832939447996e-01
1.342462805384327662e-01
1.329097779934453327e-01
1.315577904782119500e-01
1.301920711147702414e-01
1.288143100060060997e-01
1.274261332898785903e-01
1.260291025543313903e-01
1.246247145907984216e-01
1.232144014601854881e-01
1.217995308430424445e-01
1.203814066448399417e-01
1.189612698273954661e-01
1.175402994382851452e-01
1.161196138113473331e-01
1.147002719129023435e-01
1.132832748100855436e-01
1.118695672394633273e-01
1.104600392559984823e-01
1.090555279442397552e-01
1.076568191753977388e-01
1.062646493956965338e-01
1.048797074329920753e-01
1.035026363101871766e-01
1.021340350553686382e-01
1.007744604999142451e-01
9.942442905702696121e-02
9.808441847421182913e-02
9.675486955425909030e-02
9.543618784014198941e-02
9.412874526009097631e-02
9.283288172979640984e-02
9.154890670934819064e-02
9.027710071309448525e-02
8.901771677109152070e-02
8.777098184127203606e-02
8.653709817183026509e-02
8.531624461367032231e-02
8.410857788303797988e-02
8.291423377471675293e-02
8.173332832637025813e-02
8.056595893477956627e-02
7.941220542490665113e-02
7.827213107278921389e-02
7.714578358340952458e-02
7.603319602471889094e-02
7.493438771911556384e-02
7.384936509364586898e-02
7.277812249029312619e-02
7.172064293768692922e-02
7.067689888562890543e-02
6.964685290376051996e-02
6.863045834575777493e-02
6.762765998038219872e-02
6.663839459071906057e-02
6.566259154288892064e-02
6.470017332552194245e-02
6.375105606121915514e-02
6.281514999122864151e-02
6.189235993449558604e-02
6.098258572223709539e-02
6.008572260914251534e-02
5.920166166226294158e-02
5.833029012862689378e-02
5.747149178256678176e-02
5.662514725371732560e-02
5.579113433659980276e-02
5.496932828268166066e-02
5.415960207575024055e-02
5.336182669141997792e-02
5.257587134154839692e-02
5.180160370430357542e-02
5.103889014060309509e-02
5.028759589759908277e-02
4.954758529986495741e-02
4.881872192890671092e-02
4.810086879159121420e-02
4.739388847805817151e-02
4.669764330965902460e-02
4.601199547743972662e-02
4.533680717165100571e-02
4.467194070276814949e-02
4.401725861445161814e-02
4.337262378888623315e-02
4.273789954489318199e-02
4.211294972920764240e-02
4.149763880128415350e-02
4.089183191197742068e-02
4.029539497643324503e-02
3.970819474150232703e-02
3.913009884797306881e-02
3.856097588791925629e-02
3.800069545741539129e-02
3.744912820489635502e-02
3.690614587538559865e-02
3.637162135084165415e-02
3.584542868682970285e-02
3.532744314573343231e-02
3.481754122670444040e-02
3.431560069253590528e-02
3.382150059364202876e-02
3.333512128930794793e-02
3.285634446637575312e-02
3.238505315551516717e-02
3.192113174522824559e-02
3.146446599371634928e-02
3.101494303875174802e-02
3.057245140566528310e-02
3.013688101357162030e-02
2.970812317994792062e-02
2.928607062365868458e-02
2.887061746653923205e-02
2.846165923361995698e-02
2.805909285208966000e-02
2.766281664907871765e-02
2.727273034833811033e-02
2.688873506589616741e-02
2.651073330476189441e-02
2.613862894874017032e-02
2.577232725542565051e-02
2.541173484843560482e-02
2.505675970893769117e-02
2.470731116652567089e-02
2.436329988949744937e-02
2.402463787458074262e-02
2.369123843615316555e-02
2.336301619499720969e-02
2.303988706663721853e-02
2.272176824928712549e-02
2.240857821145325612e-02
2.210023667922232302e-02
2.179666462326630347e-02
2.149778424559800269e-02
2.120351896609889986e-02
2.091379340885487007e-02
2.062853338831719882e-02
2.034766589531842099e-02
2.007111908295926284e-02
1.979882225239392238e-02
1.953070583852945311e-02
1.926670139565741721e-02
1.900674158303778186e-02
1.875076015044850261e-02
1.849869192371751681e-02
1.825047279025037578e-02
1.800603968456882323e-02
1.776533057386820227e-02
1.752828444361105575e-02
1.729484128316271380e-02
1.706494207148183048e-02
1.683852876287386668e-02
1.661554427281597413e-02
1.639593246386338021e-02
1.617963813164094780e-02
1.596660699093031474e-02
1.575678566185738719e-02
1.555012165618433265e-02
1.534656336371689571e-02
1.514606003882356874e-02
1.494856178707925157e-02
1.475401955203153696e-02
1.456238510209799213e-02
1.437361101759263016e-02
1.418765067788944033e-02
1.400445824872243936e-02
1.382398866962617108e-02
1.364619764151858705e-02
1.347104161442642771e-02
1.329847777535793536e-02
1.312846403632077046e-02
1.296095902248870987e-02
1.279592206051727646e-02
1.263331316700870045e-02
1.247309303712622504e-02
1.231522303336038925e-02
1.215966517444480935e-02
1.200638212442339814e-02
1.185533718186757013e-02
1.170649426924484648e-02
1.155981792243631658e-02
1.141527328040516966e-02
1.127282607501323315e-02
1.113244262098670237e-02
1.099408980602922109e-02
1.085773508108192099e-02
1.072334645072980062e-02
1.059089246375248365e-02
1.046034220381983522e-02
1.033166528032945439e-02
1.020483181938695340e-02
1.007981245492618402e-02
9.956578319967863619e-03
9.835101038018214184e-03
9.715352714602146569e-03
9.597305928933068039e-03
9.480933725715548835e-03
9.366209607080792227e-03
9.253107524653301705e-03
9.141601871746047811e-03
9.031667475684655028e-03
8.923279590257151422e-03
8.816413888288772774e-03
8.711046454340242579e-03
8.607153777527676991e-03
8.504712744462458035e-03
8.403700632309977006e-03
8.304095101965261808e-03
8.205874191343784721e-03
8.109016308786883356e-03
8.013500226578115435e-03
7.919305074571891812e-03
7.826410333929743890e-03
7.734795830965169108e-03
7.644441731093663990e-03
7.555328532887952558e-03
7.467437062235105470e-03
7.380748466595941047e-03
7.295244209363484222e-03
7.210906064319863237e-03
7.127716110190344782e-03
7.045656725291540336e-03
6.964710582274788106e-03
6.884860642960322595e-03
6.806090153263800839e-03
6.728382638210384480e-03
6.651721897038359588e-03
6.576091998388385908e-03
6.501477275577502955e-03
6.427862321958311038e-03
6.355231986358227982e-03
6.283571368601990025e-03
6.212865815111955937e-03
6.143100914587915247e-03
6.074262493762952811e-03
6.006336613235664645e-03
5.939309563376413484e-03
5.873167860306715074e-03
5.807898241950657132e-03
5.743487664156807053e-03
5.679923296889571871e-03
5.617192520489018223e-03
5.555282921997457476e-03
5.494182291551996319e-03
5.433878618842087442e-03
5.374360089630308285e-03
5.315615082335979277e-03
5.257632164679919805e-03
5.200400090389866586e-03
5.143907795964778977e-03
5.088144397497734554e-03
5.033099187555632563e-03
4.978761632115669654e-03
4.925121367555934659e-03
4.872168197701536203e-03
4.819892090923040898e-03
4.768283177287183962e-03
4.717331745759485370e-03
4.667028241456870272e-03
4.617363262949714282e-03
4.568327559612939820e-03
4.519912029024348091e-03
4.472107714410123412e-03
4.424905802136427403e-03
4.378297619245995372e-03
4.332274631038990700e-03
4.286828438697939427e-03
4.241950776954860232e-03
4.197633511800875211e-03
4.153868638236612662e-03
4.110648278063448735e-03
4.067964677714372770e-03
4.025810206123798043e-03
3.984177352635741992e-03
3.943058724949600503e-03
3.902447047102890892e-03
3.862335157490197693e-03
3.822716006917557981e-03
3.783582656691978751e-03
3.744928276745227227e-03
3.706746143790959087e-03
3.669029639515443940e-03
3.631772248800070949e-03
3.594967557976198359e-03
3.558609253110924919e-03
3.522691118323704670e-03
3.487207034133168494e-03
3.452150975833139738e-03
3.417517011897747668e-03
3.383299302415526850e-03
3.349492097550631989e-03
3.316089736032226849e-03
3.283086643670397962e-03
3.250477331898317737e-03
3.218256396341104969e-03
3.186418515409190477e-03
3.154958448917460738e-03
3.123871036728430479e-03
3.093151197419789430e-03
3.062793926975411214e-03
3.032794297499703372e-03
3.003147455954621563e-03
2.973848622918925499e-03
2.944893091369873116e-03
2.916276225485780419e-03
2.887993459470153488e-03
2.860040296396545220e-03
2.832412307073474151e-03
2.805105128929878070e-03
2.778114464919567619e-03
2.751436082445390691e-03
2.725065812302215982e-03
2.698999547638338860e-03
2.673233242935167762e-03
2.647762913004942601e-03
2.622584632005779594e-03
2.597694532474160468e-03
2.573088804374130956e-03
2.548763694163317002e-03
2.524715503875032269e-03
2.500940590216712851e-03
2.477435363683523021e-03
2.454196287688020610e-03
2.431219877704503349e-03
2.408502700428323713e-03
2.386041372949968421e-03
2.363832561943203514e-03
2.341872982867582512e-03
2.320159399184365274e-03
2.298688621586348919e-03
2.277457507240786792e-03
2.256462959045660039e-03
2.235701924898239688e-03
2.215171396976832203e-03
2.194868411034558379e-03
2.174790045705191164e-03
2.154933421821320864e-03
2.135295701743653365e-03
2.115874088702401987e-03
2.096665826149353516e-03
2.077668197121583342e-03
2.058878523615621878e-03
2.040294165972398807e-03
2.021912522272902284e-03
2.003731027743830585e-03
1.985747154173486857e-03
1.967958409337560929e-03
1.950362336434842414e-03
1.932956513532153647e-03
1.915738553018963468e-03
1.898706101071205229e-03
1.881856837124015833e-03
1.865188473353469314e-03
1.848698754167056243e-03
1.832385455702822659e-03
1.816246385336686480e-03
1.800279381198311747e-03
1.784482311694972345e-03
1.768853075043477644e-03
1.753389598809748911e-03
1.738089839456488650e-03
1.722951781897907224e-03
1.707973439062355700e-03
1.693152851461939869e-03
1.678488086769451548e-03
1.663977239402230322e-03
1.649618430113152174e-03
1.635409805588168000e-03
1.621349538050591938e-03
1.607435824872114997e-03
1.593666888189954620e-03
1.580040974530602486e-03
1.566556354439635392e-03
1.553211322117644929e-03
1.540004195062223951e-03
1.526933313715831157e-03
1.513997041119323006e-03
1.501193762571406036e-03
1.488521885293367939e-03
1.475979838099671137e-03
1.463566071073462782e-03
1.451279055247954629e-03
1.439117282292441983e-03
1.427079264203842332e-03
1.415163533003059972e-03
1.403368640436354229e-03
1.391693157681516335e-03
1.380135675058867745e-03
1.368694801746871310e-03
1.357369165502478239e-03
1.346157412385724046e-03
1.335058206489169157e-03
1.324070229671252177e-03
1.313192181294372228e-03
1.302422777966809374e-03
1.291760753289066411e-03
1.281204857604147616e-03
1.270753857751833003e-03
1.260406536826958910e-03
1.250161693941526922e-03
1.240018143990517926e-03
1.229974717421691713e-03
1.220030260008754747e-03
1.210183632628344334e-03
1.200433711040471609e-03
1.190779385672456961e-03
1.181219561406325570e-03
1.171753157369514759e-03
1.162379106728933260e-03
1.153096356488271784e-03
1.143903867288480333e-03
1.134800613211406611e-03
1.125785581586565606e-03
1.116857772800846065e-03
1.108016200111315184e-03
1.099259889460851326e-03
1.090587879296807741e-03
1.081999220392325638e-03
1.073492975670625564e-03
1.065068220031863567e-03
1.056724040182875027e-03
1.048459534469371604e-03
1.040273812710900076e-03
1.032165996038253214e-03
1.024135216733551698e-03
1.016180618072574449e-03
1.008301354169747859e-03
1.000496589825397098e-03
9.927655003754418724e-04
9.851072715432636091e-04
9.775210992940650163e-04
9.700061896912891887e-04
9.625617587552889745e-04
9.551870323242694829e-04
9.478812459171390018e-04
9.406436445987260801e-04
9.334734828468002881e-04
9.263700244213262172e-04
9.193325422355863195e-04
9.123603182293061600e-04
9.054526432436884069e-04
8.986088168984017466e-04
8.918281474703427950e-04
8.851099517743069630e-04
8.784535550454482559e-04
8.718582908234878909e-04
8.653235008386793220e-04
8.588485348995365028e-04
8.524327507821691545e-04
8.460755141213633810e-04
8.397761983032351382e-04
8.335341843595261589e-04
8.273488608634623235e-04
8.212196238272035298e-04
8.151458766007829313e-04
8.091270297725729503e-04
8.031625010712371881e-04
7.972517152691370110e-04
7.913941040871748118e-04
7.855891061010363257e-04
7.798361666488540104e-04
7.741347377402000912e-04
7.684842779664491710e-04
7.628842524124436171e-04
7.573341325695022745e-04
7.518333962496534604e-04
7.463815275011904688e-04
7.409780165254115656e-04
7.356223595946050813e-04
7.303140589712652907e-04
7.250526228284210088e-04
7.198375651712266314e-04
