1.202007400671383230e+00
1.542657272859378759e-01
1.536935053879400770e-01
1.534121825089602431e-01
1.531439579011697472e-01
1.528515349860984918e-01
1.525237669885587399e-01
1.521533844463689444e-01
1.517351670858685941e-01
1.512657672384970231e-01
1.507433918552832652e-01
1.501674279132012291e-01
1.495381191991747294e-01
1.488563201850872653e-01
1.481233178422387831e-01
1.473407047583281948e-01
1.465102887347438654e-01
1.456340277406215633e-01
1.447139823994823826e-01
1.437522806454766544e-01
1.427510909057140287e-01
1.417126013357844772e-01
1.406390034254673405e-01
1.395324788238941072e-01
1.383951885924075698e-01
1.372292643360684683e-01
1.360368008289731812e-01
1.348198498598496553e-01
1.335804150997354223e-01
1.323204478445908217e-01
1.310418435202473919e-01
1.297464388605293339e-01
1.284360096853193745e-01
1.271122692163607903e-01
1.257768668762493103e-01
1.244313875216708359e-01
1.230773510661569703e-01
1.217162124509791610e-01
1.203493619257016284e-01
1.189781256024186051e-01
1.176037662501207975e-01
1.162274842979036243e-01
1.148504190179247680e-01
1.134736498612213956e-01
1.120981979215926183e-01
1.107250275048298205e-01
1.093550477825781103e-01
1.079891145120631252e-01
1.066280318047446024e-01
1.052725539287320961e-01
1.039233871314531460e-01
1.025811914706276917e-01
1.012465826430453270e-01
9.992013380199316064e-02
9.860237735542606852e-02
9.729380673808274427e-02
9.599487815182251860e-02
9.470601226936734007e-02
9.342759589747788584e-02
9.215998359637252169e-02
9.090349925286228538e-02
8.965843760527529571e-02
8.842506571877453703e-02
8.720362441015788724e-02
8.599432962160741267e-02
8.479737374324505805e-02
8.361292688462623746e-02
8.244113809557739037e-02
8.128213653701467367e-02
8.013603260255933169e-02
7.900291899190131639e-02
7.788287173703500876e-02
7.677595118254332274e-02
7.568220292122379567e-02
7.460165868638717057e-02
7.353433720221673464e-02
7.248024499360200545e-02
7.143937715686740630e-02
7.041171809285176608e-02
6.939724220374679509e-02
6.839591455513163720e-02
6.740769150460737547e-02
6.643252129839913311e-02
6.547034463729534126e-02
6.452109521323025343e-02
6.358470021781024994e-02
6.266108082402085944e-02
6.175015264234226531e-02
6.085182615243068388e-02
5.996600711151205826e-02
5.909259694057047291e-02
5.823149308939112173e-02
5.738258938146211657e-02
5.654577633971126505e-02
5.572094149401023849e-02
5.490796967133389911e-02
5.410674326943587520e-02
5.331714251485457357e-02
5.253904570603656204e-02
5.177232944231717482e-02
5.101686883947870871e-02
5.027253773256867841e-02
4.953920886661369871e-02
4.881675407587009879e-02
4.810504445218124342e-02
4.740395050301168117e-02
4.671334229969973523e-02
4.603308961642380015e-02
4.536306206037774708e-02
4.470312919361271731e-02
4.405316064698377304e-02
4.341302622661974420e-02
4.278259601330929723e-02
4.216174045518395613e-02
4.155033045405413794e-02
4.094823744573780622e-02
4.035533347470504628e-02
3.977149126334687118e-02
3.919658427615749230e-02
3.863048677910903284e-02
3.807307389448016249e-02
3.752422165138671883e-02
3.698380703225530308e-02
3.645170801545997291e-02
3.592780361433978165e-02
3.541197391279502643e-02
3.490410009765687604e-02
3.440406448801561212e-02
3.391175056167349683e-02
3.342704297889271398e-02
3.294982760359049800e-02
3.247999152213175422e-02
3.201742305985501996e-02
3.156201179547084290e-02
3.111364857345255350e-02
3.067222551454304794e-02
3.023763602448802795e-02
2.980977480110514125e-02
2.938853783978941786e-02
2.897382243755397546e-02
2.856552719569390580e-02
2.816355202116041859e-02
2.776779812673372053e-02
2.737816803006131589e-02
2.699456555164777422e-02
2.661689581185464407e-02
2.624506522698436678e-02
2.587898150450753179e-02
2.551855363749514979e-02
2.516369189830617442e-02
2.481430783159336087e-02
2.447031424666711377e-02
2.413162520927181892e-02
2.379815603281978595e-02
2.346982326911826663e-02
2.314654469863992522e-02
2.282823932036700393e-02
2.251482734124708382e-02
2.220623016529794588e-02
2.190237038238841694e-02
2.160317175672782711e-02
2.130855921509500900e-02
2.101845883482848787e-02
2.073279783160796724e-02
2.045150454704967868e-02
2.017450843613715142e-02
1.990174005450859665e-02
1.963313104562458555e-02
1.936861412782851441e-02
1.910812308132520121e-02
1.885159273508623182e-02
1.859895895370426364e-02
1.835015862420823207e-02
1.810512964285300452e-02
1.786381090189698845e-02
1.762614227637991637e-02
1.739206461091200376e-02
1.716151970648556457e-02
1.693445030731713374e-02
1.671080008773219786e-02
1.649051363909940018e-02
1.627353645682183894e-02
1.605981492739421215e-02
1.584929631553252949e-02
1.564192875138113031e-02
1.543766121780662352e-02
1.523644353777882723e-02
1.503822636185042638e-02
1.484296115573329258e-02
1.465060018798099162e-02
1.446109651777864775e-02
1.427440398284421548e-02
1.409047718744570535e-02
1.390927149053439345e-02
1.373074299400126388e-02
1.355484853105311943e-02
1.338154565471653089e-02
1.321079262646751226e-02
1.304254840498939548e-02
1.287677263506176520e-02
1.271342563657976849e-02
1.255246839370673453e-02
1.239386254415828816e-02
1.223757036862262171e-02
1.208355478031328430e-02
1.193177931465785532e-02
1.178220811912149626e-02
1.163480594316474402e-02
1.148953812833846885e-02
1.134637059851154733e-02
1.120526985023536856e-02
1.106620294324129304e-02
1.092913749107352929e-02
1.079404165185385289e-02
1.066088411918118643e-02
1.052963411316201053e-02
1.040026137157265031e-02
1.027273614115269476e-02
1.014702916902800352e-02
1.002311169426210215e-02
9.900955439536123989e-03
9.780532602955634841e-03
9.661815849983044699e-03
9.544778305494034873e-03
9.429393545959370918e-03
9.315635591747079350e-03
9.203478899546976150e-03
9.092898354914308312e-03
8.983869264933054891e-03
8.876367350995579414e-03
8.770368741698954598e-03
8.665849965854991246e-03
8.562787945615490948e-03
8.461159989707565249e-03
8.360943786780792447e-03
8.262117398862912562e-03
8.164659254924299878e-03
8.068548144548054121e-03
7.973763211705509057e-03
7.880283948636176636e-03
7.788090189828288622e-03
7.697162106102267178e-03
7.607480198792588959e-03
7.519025294027753895e-03
7.431778537107839103e-03
7.345721386976185839e-03
7.260835610786800683e-03
7.177103278562279795e-03
7.094506757945243450e-03
7.013028709037711500e-03
6.932652079330628089e-03
6.853360098718991496e-03
6.775136274605035938e-03
6.697964387083886473e-03
6.621828484213598646e-03
6.546712877367357256e-03
6.472602136665292841e-03
6.399481086487141500e-03
6.327334801061758156e-03
6.256148600134698451e-03
6.185908044710412834e-03
6.116598932869854281e-03
6.048207295660618273e-03
5.980719393059490130e-03
5.914121710006048360e-03
5.848400952505282240e-03
5.783544043799823849e-03
5.719538120608338994e-03
5.656370529431477799e-03
5.594028822922052571e-03
5.532500756319719618e-03
5.471774283948758165e-03
5.411837555777444103e-03
5.352678914038721050e-03
5.294286889910376770e-03
5.236650200254200187e-03
5.179757744412944592e-03
5.123598601064271313e-03
5.068162025130012842e-03
5.013437444741227281e-03
4.959414458256062100e-03
4.906082831331605096e-03
4.853432494047109184e-03
4.801453538078893739e-03
4.750136213924959633e-03
4.699470928179534830e-03
4.649448240855718652e-03
4.600058862755997471e-03
4.551293652889486924e-03
4.503143615935343777e-03
4.455599899750918060e-03
4.408653792924746920e-03
4.362296722373062291e-03
4.316520250978635349e-03
4.271316075272427876e-03
4.226676023155739002e-03
4.182592051663708635e-03
4.139056244767927613e-03
4.096060811218645535e-03
4.053598082425096533e-03
4.011660510373933446e-03
3.970240665584298494e-03
3.929331235099289311e-03
3.888925020513627796e-03
3.849014936035943628e-03
3.809594006585665087e-03
3.770655365923575655e-03
3.732192254816018608e-03
3.694198019231213510e-03
3.656666108567881938e-03
3.619590073915291643e-03
3.582963566344034376e-03
3.546780335227390363e-03
3.511034226592040387e-03
3.475719181498520584e-03
3.440829234449882968e-03
3.406358511828848790e-03
3.372301230362547472e-03
3.338651695614217475e-03
3.305404300502028277e-03
3.272553523843404078e-03
3.240093928925763013e-03
3.208020162102039052e-03
3.176326951411007418e-03
3.145009105222218784e-03
3.114061510904432475e-03
3.083479133517789354e-03
3.053257014528863115e-03
3.023390270548358821e-03
2.993874092090884498e-03
2.964703742356810962e-03
2.935874556035081902e-03
2.907381938127358897e-03
2.879221362792630089e-03
2.851388372212159805e-03
2.823878575474112959e-03
2.796687647477931905e-03
2.769811327857707190e-03
2.743245419924285507e-03
2.716985789626141269e-03
2.691028364528030847e-03
2.665369132807554348e-03
2.640004142269330913e-03
2.614929499376133105e-03
2.590141368296952195e-03
2.565635969971653916e-03
2.541409581191652212e-03
2.517458533696849063e-03
2.493779213287868057e-03
2.470368058953924337e-03
2.447221562015770152e-03
2.424336265283173059e-03
2.401708762227242056e-03
2.379335696166965004e-03
2.357213759469643788e-03
2.335339692765235446e-03
2.313710284174118337e-03
2.292322368548196151e-03
2.271172826724941664e-03
2.250258584794451785e-03
2.229576613378780534e-03
2.209123926923736454e-03
2.188897583003036450e-03
2.168894681633777403e-03
2.149112364604254238e-03
2.129547814812831653e-03
2.110198255618098064e-03
2.091060950200395851e-03
2.072133200933743476e-03
2.053412348768897996e-03
2.034895772626494573e-03
2.016580888800838939e-03
1.998465150373468502e-03
1.980546046636882419e-03
1.962821102527880727e-03
1.945287878070477844e-03
1.927943967828450950e-03
1.910787000366626380e-03
1.893814637721775735e-03
1.877024574882060282e-03
1.860414539275341735e-03
1.843982290266106593e-03
1.827725618660738186e-03
1.811642346221202559e-03
1.795730325186697604e-03
1.779987437803510261e-03
1.764411595862527306e-03
1.749000740244635458e-03
1.733752840473446345e-03
1.718665894275811469e-03
1.703737927149363233e-03
1.688966991937269381e-03
1.674351168410330524e-03
1.659888562855417428e-03
1.645577307671461072e-03
1.631415560971449623e-03
1.617401506191470115e-03
1.603533351705922066e-03
1.589809330449189033e-03
1.576227699543587260e-03
1.562786739933215863e-03
1.549484756024154799e-03
1.536320075330242351e-03
1.523291048124775400e-03
1.510396047098102766e-03
1.497633467020425104e-03
1.485001724410451879e-03
1.472499257209318674e-03
1.460124524459768727e-03
1.447876005990683928e-03
1.435752202106630902e-03
1.423751633282506739e-03
1.411872839863153629e-03
1.400114381767756126e-03
1.388474838199085445e-03
1.376952807357515341e-03
1.365546906159421188e-03
1.354255769960421765e-03
1.343078052282819937e-03
1.332012424547611299e-03
1.321057575810654630e-03
1.310212212503217765e-03
1.299475058176527637e-03
1.288844853250578192e-03
1.278320354766780513e-03
1.267900336144783639e-03
1.257583586942853746e-03
1.247368912622452220e-03
1.237255134316269083e-03
1.227241088600055470e-03
1.217325627268112890e-03
1.207507617112221158e-03
1.197785939704262576e-03
1.188159491182052109e-03
1.178627182038769058e-03
1.169187936915530969e-03
1.159840694397378229e-03
1.150584406812391134e-03
1.141418040033984104e-03
1.132340573286330426e-03
1.123350998952785465e-03
1.114448322387383587e-03
1.105631561729222530e-03
1.096899747719792470e-03
1.088251923523079123e-03
1.079687144548621301e-03
1.071204478277206331e-03
1.062803004089226972e-03
1.054481813095911038e-03
1.046240007972943633e-03
1.038076702796825700e-03
1.029991022883629303e-03
1.021982104630466456e-03
1.014049095359102932e-03
1.006191153162250707e-03
9.984074467520752047e-04
9.906971553111081769e-04
9.830594683453875316e-04
9.754935855399342673e-04
9.679987166163633340e-04
9.605740811927242651e-04
9.532189086454552441e-04
9.459324379734915895e-04
9.387139176643651602e-04
9.315626055624536255e-04
9.244777687391358707e-04
9.174586833649742102e-04
9.105046345838229034e-04
9.036149163888192778e-04
8.967888315003412708e-04
8.900256912456853834e-04
8.833248154406591170e-04
8.766855322728920891e-04
8.701071781869828105e-04
8.635890977712989795e-04
8.571306436465121747e-04
8.507311763558067725e-04
8.443900642567315389e-04
8.381066834146916203e-04
8.318804174979480080e-04
8.257106576743132370e-04
8.195968025093162881e-04
8.135382578658383176e-04
8.075344368053635237e-04
8.015847594906033713e-04
7.956886530895825385e-04
7.898455516811625152e-04
7.840548961619560157e-04
7.783161341546402301e-04
7.726287199176068952e-04
7.669921142558972556e-04
7.614057844335303310e-04
7.558692040871056641e-04
7.503818531406122438e-04
7.449432177215606962e-04
7.395527900782935702e-04
7.342100684985826799e-04
7.289145572292888555e-04
7.236657663972984522e-04
7.184632119316292781e-04
