1.202007400681026406e+00
1.791381796039999419e-01
1.808509957824671610e-01
1.814027678505037156e-01
1.815034978850890157e-01
1.813313287962041165e-01
1.809611798214626754e-01
1.804334188068758282e-01
1.797727891795596611e-01
1.789959545222933601e-01
1.781150880697816297e-01
1.771397357392221761e-01
1.760778355625594316e-01
1.749362966277407394e-01
1.737213368522378121e-01
1.724386837814806950e-01
1.710936953464515520e-01
1.696914328612766365e-01
1.682367051375726619e-01
1.667340950399340271e-01
1.651879754172184411e-01
1.636025187216145482e-01
1.619817030218058396e-01
1.603293161118994614e-01
1.586489587775642141e-01
1.569440478669137107e-01
1.552178195435783281e-01
1.534733329226672383e-01
1.517134741754150307e-01
1.499409611148196930e-01
1.481583482292664622e-01
1.463680321049159183e-01
1.445722571644736942e-01
1.427731216454531660e-01
1.409725837422270978e-01
1.391724678409522187e-01
1.373744707832690037e-01
1.355801681025135541e-01
1.337910201843808544e-01
1.320083783119080922e-01
1.302334905622472838e-01
1.284675075294842150e-01
1.267114878539874478e-01
1.249664035440727350e-01
1.232331450804585865e-01
1.215125262978723336e-01
1.198052890414793847e-01
1.181121075984561120e-01
1.164335929072585485e-01
1.147702965488103799e-01
1.131227145252150651e-01
1.114912908325829399e-01
1.098764208353027877e-01
1.082784544496045581e-01
1.066976991445382494e-01
1.051344227687003446e-01
1.035888562110265920e-01
1.020611959039492006e-01
1.005516061770375530e-01
9.906022146907610126e-02
9.758714840627472076e-02
9.613246775403083699e-02
9.469623624937577311e-02
9.327848832093293963e-02
9.187923770288554393e-02
9.049847894915791224e-02
8.913618885367664835e-02
8.779232778228676648e-02
8.646684092159764856e-02
8.515965944972483936e-02
8.387070163364053477e-02
8.259987385754578859e-02
8.134707158645916591e-02
8.011218026892595601e-02
7.889507618255940657e-02
7.769562722588409243e-02
7.651369365975420334e-02
7.534912880140146041e-02
7.420177967401506147e-02
7.307148761455174724e-02
7.195808884231923164e-02
7.086141499072973193e-02
6.978129360445584073e-02
6.871754860410286825e-02
6.767000072037232528e-02
6.663846789956549832e-02
6.562276568218308737e-02
6.462270755624521801e-02
6.363810528687253998e-02
6.266876922356814927e-02
6.171450858656329225e-02
6.077513173348739889e-02
5.985044640756083389e-02
5.894025996844158566e-02
5.804437960676585295e-02
5.716261254338335374e-02
5.629476621421454496e-02
5.544064844160386668e-02
5.460006759299385753e-02
5.377283272768814543e-02
5.295875373243437434e-02
5.215764144650695405e-02
5.136930777693254901e-02
5.059356580446482121e-02
4.983022988086886762e-02
4.907911571806025663e-02
4.834004046958925022e-02
4.761282280495437308e-02
4.689728297718138289e-02
4.619324288409004664e-02
4.550052612364203358e-02
4.481895804373990655e-02
4.414836578682766050e-02
4.348857832961896402e-02
4.283942651826167652e-02
4.220074309923547290e-02
4.157236274624695471e-02
4.095412208338817389e-02
4.034585970479874495e-02
3.974741619105684465e-02
3.915863412252090087e-02
3.857935808981913933e-02
3.800943470167842536e-02
3.744871259027670457e-02
3.689704241428233555e-02
3.635427685974101930e-02
3.582027063896583291e-02
3.529488048756246332e-02
3.477796515972892549e-02
3.426938542195473447e-02
3.376900404523235089e-02
3.327668579589970754e-02
3.279229742520731877e-02
3.231570765772298626e-02
3.184678717864844466e-02
3.138540862015160027e-02
3.093144654678598240e-02
3.048477744007599410e-02
3.004527968234517107e-02
2.961283353984559344e-02
2.918732114526608259e-02
2.876862647966368924e-02
2.835663535388736542e-02
2.795123538954216377e-02
2.755231599953820998e-02
2.715976836828323110e-02
2.677348543155138108e-02
2.639336185607279658e-02
2.601929401888612020e-02
2.565117998648320380e-02
2.528891949378718473e-02
2.493241392298848474e-02
2.458156628227225679e-02
2.423628118446575705e-02
2.389646482562691326e-02
2.356202496360385035e-02
2.323287089658271007e-02
2.290891344164767973e-02
2.259006491337276282e-02
2.227623910246116432e-02
2.196735125445097372e-02
2.166331804850403497e-02
2.136405757628823121e-02
2.106948932097044147e-02
2.077953413633162882e-02
2.049411422601451691e-02
2.021315312291601177e-02
1.993657566873117959e-02
1.966430799366159984e-02
1.939627749629359646e-02
1.913241282365377854e-02
1.887264385144979753e-02
1.861690166450227432e-02
1.836511853737189323e-02
1.811722791518889653e-02
1.787316439468795634e-02
1.763286370545276427e-02
1.739626269137374212e-02
1.716329929232189924e-02
1.693391252604235786e-02
1.670804247026793851e-02
1.648563024505650051e-02
1.626661799535345648e-02
1.605094887377863169e-02
1.583856702364204450e-02
1.562941756218494405e-02
1.542344656405128002e-02
1.522060104498515996e-02
1.502082894575804475e-02
1.482407911632244168e-02
1.463030130019455505e-02
1.443944611906209513e-02
1.425146505761888845e-02
1.406631044862490833e-02
1.388393545818945689e-02
1.370429407127678190e-02
1.352734107743421184e-02
1.335303205673850704e-02
1.318132336596217723e-02
1.301217212495446932e-02
1.284553620323857816e-02
1.268137420682067043e-02
1.251964546521059859e-02
1.236031001865142871e-02
1.220332860555509678e-02
1.204866265014389870e-02
1.189627425029342843e-02
1.174612616557707892e-02
1.159818180550764230e-02
1.145240521797506739e-02
1.130876107787750010e-02
1.116721467594390151e-02
1.102773190774485740e-02
1.089027926289029384e-02
1.075482381441040386e-02
1.062133320831895079e-02
1.048977565335512153e-02
1.036011991090201277e-02
1.023233528507963390e-02
1.010639161300961285e-02
9.982259255249323684e-03
9.859909086392563277e-03
9.739312485834901792e-03
9.620441328701637498e-03
9.503267976934480499e-03
9.387765270536276713e-03
9.273906518970118779e-03
9.161665492710772615e-03
9.051016414947475955e-03
8.941933953432816204e-03
8.834393212478058865e-03
8.728369725091618403e-03
8.623839445258263750e-03
8.520778740356645467e-03
8.419164383713529515e-03
8.318973547292517201e-03
8.220183794513212863e-03
8.122773073202402272e-03
8.026719708670439907e-03
7.932002396915212999e-03
7.838600197947910922e-03
7.746492529240632877e-03
7.655659159293629924e-03
7.566080201318907059e-03
7.477736107039611134e-03
7.390607660602443833e-03
7.304675972600713565e-03
7.219922474208162466e-03
7.136328911418693063e-03
7.053877339392040577e-03
6.972550116903696894e-03
6.892329900896162348e-03
6.813199641130033429e-03
6.735142574934001834e-03
6.658142222050910351e-03
6.582182379578750166e-03
6.507247117004725211e-03
6.433320771331092931e-03
6.360387942290036262e-03
6.288433487647701256e-03
6.217442518593871079e-03
6.147400395217441152e-03
6.078292722064910364e-03
6.010105343781065208e-03
5.942824340829809884e-03
5.876436025294377342e-03
5.810926936755030428e-03
5.746283838242586053e-03
5.682493712266973099e-03
5.619543756919207281e-03
5.557421382044793259e-03
5.496114205488911338e-03
5.435610049409625270e-03
5.375896936660431308e-03
5.316963087238584483e-03
5.258796914799950678e-03
5.201387023237490949e-03
5.144722203323340813e-03
5.088791429412644826e-03
5.033583856208561844e-03
4.979088815586611705e-03
4.925295813477727561e-03
4.872194526809207199e-03
4.819774800501160777e-03
4.768026644519445488e-03
4.716940230982141595e-03
4.666505891319568111e-03
4.616714113486825033e-03
4.567555539227221954e-03
4.519020961386487241e-03
4.471101321276201718e-03
4.423787706085844512e-03
4.377071346342052000e-03
4.330943613415124543e-03
4.285396017070999472e-03
4.240420203068019818e-03
4.196007950798193512e-03
4.152151170971394786e-03
4.108841903342244986e-03
4.066072314478348312e-03
4.023834695569618834e-03
3.982121460277690018e-03
3.940925142624664319e-03
3.900238394920192784e-03
3.860053985726673471e-03
3.820364797861733417e-03
3.781163826436628479e-03
3.742444176930998217e-03
3.704199063302267541e-03
3.666421806129762772e-03
3.629105830792358177e-03
3.592244665679338120e-03
3.555831940433955719e-03
3.519861384228467616e-03
3.484326824070997034e-03
3.449222183142519431e-03
3.414541479164460384e-03
3.380278822795488441e-03
3.346428416057637377e-03
3.312984550790507108e-03
3.279941607133578414e-03
3.247294052036069859e-03
3.215036437793334680e-03
3.183163400609736061e-03
3.151669659187538493e-03
3.120550013341054103e-03
3.089799342635642359e-03
3.059412605051243985e-03
3.029384835669868357e-03
2.999711145386438522e-03
2.970386719643100960e-03
2.941406817185824359e-03
2.912766768843214581e-03
2.884461976327491566e-03
2.856487911056426049e-03
2.828840112996699671e-03
2.801514189527351019e-03
2.774505814323974164e-03
2.747810726262464934e-03
2.721424728342125825e-03
2.695343686628181180e-03
2.669563529212918944e-03
2.644080245194884837e-03
2.618889883676881348e-03
2.593988552780866850e-03
2.569372418680756619e-03
2.545037704652051112e-03
2.520980690138507029e-03
2.497197709834677194e-03
2.473685152785185318e-03
2.450439461499448902e-03
2.427457131082054985e-03
2.404734708378394523e-03
2.382268791135193700e-03
2.360056027175840704e-03
2.338093113589945465e-03
2.316376795937184849e-03
2.294903867465075079e-03
2.273671168340162668e-03
2.252675584892851589e-03
2.231914048875042675e-03
2.211383536731083548e-03
2.191081068880893282e-03
2.171003709015869795e-03
2.151148563406884377e-03
2.131512780224013338e-03
2.112093548868391058e-03
2.092888099315377750e-03
2.073893701469024624e-03
2.055107664527589667e-03
2.036527336360327393e-03
2.018150102894474430e-03
1.999973387513188147e-03
1.981994650463430024e-03
1.964211388274283814e-03
1.946621133185019378e-03
1.929221452583096928e-03
1.912009948451564786e-03
1.894984256825969727e-03
1.878142047260539845e-03
1.861481022303441112e-03
1.844998916980767180e-03
1.828693498289664029e-03
1.812562564699454716e-03
1.796603945661875545e-03
1.780815501129069060e-03
1.765195121079957694e-03
1.749740725054534487e-03
1.734450261696040066e-03
1.719321708300768081e-03
1.704353070375553073e-03
1.689542381202451590e-03
1.674887701411025302e-03
1.660387118557650173e-03
1.646038746711651554e-03
1.631840726048758294e-03
1.617791222451009153e-03
1.603888427113440464e-03
1.590130556157368568e-03
1.576515850250006373e-03
1.563042574230490795e-03
1.549709016741956154e-03
1.536513489869925642e-03
1.523454328786449279e-03
1.510529891400340299e-03
1.497738558012961770e-03
1.485078730979900010e-03
1.472548834378052283e-03
1.460147313678250656e-03
1.447872635423254600e-03
1.435723286911057489e-03
1.423697775883268251e-03
1.411794630218740762e-03
1.400012397632122716e-03
1.388349645377314400e-03
1.376804959955812242e-03
1.365376946829771664e-03
1.354064230139749147e-03
1.342865452426930933e-03
1.331779274360145662e-03
1.320804374466888129e-03
1.309939448869048033e-03
1.299183211022759792e-03
1.288534391462424792e-03
1.277991737548966585e-03
1.267554013221973376e-03
1.257219998756047008e-03
1.246988490520882465e-03
1.236858300745240311e-03
1.226828257284766528e-03
1.216897203393441399e-03
1.207063997498732458e-03
1.197327512980344167e-03
1.187686637952402573e-03
1.178140275049274419e-03
1.168687341214601563e-03
1.159326767493832179e-03
1.150057498829973324e-03
1.140878493862582240e-03
1.131788724729949772e-03
1.122787176874454626e-03
1.113872848850833500e-03
1.105044752137724620e-03
1.096301910951900547e-03
1.087643362065645594e-03
1.079068154626852205e-03
1.070575349982045557e-03
1.062164021502094800e-03
1.053833254410689460e-03
1.045582145615500105e-03
1.037409803541998118e-03
1.029315347969724480e-03
1.021297909871350575e-03
1.013356631253991983e-03
1.005490665003165975e-03
9.976991747290568559e-04
9.899813346152430867e-04
9.823363292696517951e-04
9.747633535779846176e-04
9.672616125592149077e-04
9.598303212234802735e-04
9.524687044320148243e-04
9.451759967593558560e-04
9.379514423575738757e-04
9.307942948226434910e-04
9.237038170628432757e-04
9.166792811691388577e-04
9.097199682875581209e-04
9.028251684935755406e-04
8.959941806683095235e-04
8.892263123766635038e-04
8.825208797472853563e-04
8.758772073544176563e-04
8.692946281014196728e-04
8.627724831061730527e-04
8.563101215881301813e-04
8.499069007571109259e-04
8.435621857038106850e-04
8.372753492918336930e-04
8.310457720514889115e-04
8.248728420750906865e-04
8.187559549139042468e-04
8.126945134765243021e-04
8.066879279288898105e-04
8.007356155957322773e-04
7.948370008634944497e-04
7.889915150847303564e-04
7.831985964838633109e-04
7.774576900644260182e-04
7.717682475176407568e-04
7.661297271322932293e-04
7.605415937060641240e-04
7.550033184580760663e-04
7.495143789427945223e-04
7.440742589651092899e-04
7.386824484967751455e-04
7.333384435940184425e-04
7.280417463163832772e-04
7.227918646466994796e-04
7.175883124123526215e-04
