1.202007400641189827e+00
1.657072917158908809e-01
1.647189998451625559e-01
1.638421165814452629e-01
1.631345832942508456e-01
1.625258519405896884e-01
1.619590265880441471e-01
1.613975166657994620e-01
1.608186691342418373e-01
1.602085515667823201e-01
1.595586830765464426e-01
1.588640584709296311e-01
1.581219420097504935e-01
1.573311150481383480e-01
1.564913952519225160e-01
1.556033216175634615e-01
1.546679429050659416e-01
1.536866719594622288e-01
1.526611829067990311e-01
1.515933368392745895e-01
1.504851268318296853e-01
1.493386363574126796e-01
1.481560071919119093e-01
1.469394141907745255e-01
1.456910451554200847e-01
1.444130845569834842e-01
1.431077002506555285e-01
1.417770325604786885e-01
1.404231852825595928e-01
1.390482182705760628e-01
1.376541413482724741e-01
1.362429093505828359e-01
1.348164181356218960e-01
1.333765014392012116e-01
1.319249284650803600e-01
1.304634021203321947e-01
1.289935578175427089e-01
1.275169627752321122e-01
1.260351157556612312e-01
1.245494471856091051e-01
1.230613196111321334e-01
1.215720284420374886e-01
1.200828029459553858e-01
1.185948074556824744e-01
1.171091427568249355e-01
1.156268476259557365e-01
1.141489004923488815e-01
1.126762211990645635e-01
1.112096728416119285e-01
1.097500636647558425e-01
1.082981490001194841e-01
1.068546332292551609e-01
1.054201717586334547e-01
1.039953729947021843e-01
1.025808003086747661e-01
1.011769739821215403e-01
9.978437312570399842e-02
9.840343756455413593e-02
9.703456968484257261e-02
9.567813623700067993e-02
9.433447009195154720e-02
9.300387194738531094e-02
9.168661198187169625e-02
9.038293145510239990e-02
8.909304425315604792e-02
8.781713837808835521e-02
8.655537738155912042e-02
8.530790174257486813e-02
8.407483018967822075e-02
8.285626096822736042e-02
8.165227305356445586e-02
8.046292731109845608e-02
7.928826760444715460e-02
7.812832185291575249e-02
7.698310303969653490e-02
7.585261017221033020e-02
7.473682919612952003e-02
7.363573386458742431e-02
7.254928656417186650e-02
7.147743909926232431e-02
7.042013343630414146e-02
6.937730240958353556e-02
6.834887039006681819e-02
6.733475391884112538e-02
6.633486230665747163e-02
6.534909820105762324e-02
6.437735812252161349e-02
6.341953297104130360e-02
6.247550850447788212e-02
6.154516579001639148e-02
6.062838163000313502e-02
5.972502896338370559e-02
5.883497724393125378e-02
5.795809279640735251e-02
5.709423915174891700e-02
5.624327736232873076e-02
5.540506629830110885e-02
5.457946292599838434e-02
5.376632256929871762e-02
5.296549915484574655e-02
5.217684544196741353e-02
5.140021323809747245e-02
5.063545360046025484e-02
4.988241702476028938e-02
4.914095362156013780e-02
4.841091328102302416e-02
4.769214582663997698e-02
4.698450115854708314e-02
4.628782938699996241e-02
4.560198095655024902e-02
4.492680676143852997e-02
4.426215825268531301e-02
4.360788753735932166e-02
4.296384747044450919e-02
4.232989173973913943e-02
4.170587494417257041e-02
4.109165266592374605e-02
4.048708153668687665e-02
3.989201929843336908e-02
3.930632485898073736e-02
3.872985834267664296e-02
3.816248113647794510e-02
3.760405593170923488e-02
3.705444676174012020e-02
3.651351903584174052e-02
3.598113956944210684e-02
3.545717661099897361e-02
3.494149986570473793e-02
3.443398051620605999e-02
3.393449124053286858e-02
3.344290622740574148e-02
3.295910118908872838e-02
3.248295337194311710e-02
3.201434156482661081e-02
3.155314610548581866e-02
3.109924888506092333e-02
3.065253335083843386e-02
3.021288450736221362e-02
2.978018891601821524e-02
2.935433469319372046e-02
2.893521150711366591e-02
2.852271057344432995e-02
2.811672464975485675e-02
2.771714802891771245e-02
2.732387653153039997e-02
2.693680749742420957e-02
2.655583977634188436e-02
2.618087371783690831e-02
2.581181116046834048e-02
2.544855542033967050e-02
2.509101127904344794e-02
2.473908497106068125e-02
2.439268417066464342e-02
2.405171797837416664e-02
2.371609690700031414e-02
2.338573286732719900e-02
2.306053915346468336e-02
2.274043042790983501e-02
2.242532270634974706e-02
2.211513334223709146e-02
2.180978101116995416e-02
2.150918569510408551e-02
2.121326866641936107e-02
2.092195247187063692e-02
2.063516091644331668e-02
2.035281904713425599e-02
2.007485313668011875e-02
1.980119066725056706e-02
1.953176031412413513e-02
1.926649192936524813e-02
1.900531652551240569e-02
1.874816625929836764e-02
1.849497441541069626e-02
1.824567539030722690e-02
1.800020467609724992e-02
1.775849884449849300e-02
1.752049553088136716e-02
1.728613341840756074e-02
1.705535222227296671e-02
1.682809267406124368e-02
1.660429650621600417e-02
1.638390643663848942e-02
1.616686615341527550e-02
1.595312029968301917e-02
1.574261445863331041e-02
1.553529513866463638e-02
1.533110975868305463e-02
1.513000663355647951e-02
1.493193495972539205e-02
1.473684480097304204e-02
1.454468707435817992e-02
1.435541353631084038e-02
1.416897676889527363e-02
1.398533016623976916e-02
1.380442792113613891e-02
1.362622501180927627e-02
1.345067718885741871e-02
1.327774096236430425e-02
1.310737358918429019e-02
1.293953306039795359e-02
1.277417808894299248e-02
1.261126809741478644e-02
1.245076320604086850e-02
1.229262422082755615e-02
1.213681262187639963e-02
1.198329055187181968e-02
1.183202080473991051e-02
1.168296681447531828e-02
1.153609264413518048e-02
1.139136297500243852e-02
1.124874309591328281e-02
1.110819889275014606e-02
1.096969683809748131e-02
1.083320398106002794e-02
1.069868793724186758e-02
1.056611687888414468e-02
1.043545952516078228e-02
1.030668513262969488e-02
1.017976348583951758e-02
1.005466488808830737e-02
9.931360152333370064e-03
9.809820592251028079e-03
9.690018013443473660e-03
9.571924704792303396e-03
9.455513429955240273e-03
9.340757419006424922e-03
9.227630360216341684e-03
9.116106391970484404e-03
9.006160094825696807e-03
8.897766483701210691e-03
8.790901000202827609e-03
8.685539505078171060e-03
8.581658270803182650e-03
8.479233974294080392e-03
8.378243689747110617e-03
8.278664881601345560e-03
8.180475397624422523e-03
8.083653462118268671e-03
7.988177669243909373e-03
7.894026976462751102e-03
7.801180698093474961e-03
7.709618498981490355e-03
7.619320388281333040e-03
7.530266713346666328e-03
7.442438153730713060e-03
7.355815715291728549e-03
7.270380724403321948e-03
7.186114822267939024e-03
7.102999959331682267e-03
7.021018389798280857e-03
6.940152666242028340e-03
6.860385634316233314e-03
6.781700427556832701e-03
6.704080462279362641e-03
6.627509432567146343e-03
6.551971305350190629e-03
6.477450315571909797e-03
6.403930961443831185e-03
6.331397999785165140e-03
6.259836441446723319e-03
6.189231546817520850e-03
6.119568821412726609e-03
6.050834011541553897e-03
5.983013100052842446e-03
5.916092302158899863e-03
5.850058061334055884e-03
5.784897045288041328e-03
5.720596142012845595e-03
5.657142455900180875e-03
5.594523303931077038e-03
5.532726211933144608e-03
5.471738910907302141e-03
5.411549333420037980e-03
5.352145610062499642e-03
5.293516065972885855e-03
5.235649217423161278e-03
5.178533768467113649e-03
5.122158607649937231e-03
5.066512804777677237e-03
5.011585607744986973e-03
4.957366439421678241e-03
4.903844894594982379e-03
4.851010736968059713e-03
4.798853896213004476e-03
4.747364465077651315e-03
4.696532696544926562e-03
4.646349001043979278e-03
4.596803943712280197e-03
4.547888241707107385e-03
4.499592761566620705e-03
4.451908516618314181e-03
4.404826664435122947e-03
4.358338504337588848e-03
4.312435474941419405e-03
4.267109151749688169e-03
4.222351244788932235e-03
4.178153596288027190e-03
4.134508178399239238e-03
4.091407090960836983e-03
4.048842559299993017e-03
4.006806932075997890e-03
3.965292679162070802e-03
3.924292389566154740e-03
3.883798769388813448e-03
3.843804639818481327e-03
3.804302935162937830e-03
3.765286700916348032e-03
3.726749091861265677e-03
3.688683370205073520e-03
3.651082903749877824e-03
3.613941164095546468e-03
3.577251724875324303e-03
3.541008260022961065e-03
3.505204542071420348e-03
3.469834440481820055e-03
3.434891920003081776e-03
3.400371039060288546e-03
3.366265948172678622e-03
3.332570888399691029e-03
3.299280189815291878e-03
3.266388270009045348e-03
3.233889632614778045e-03
3.201778865864965840e-03
3.170050641171686268e-03
3.138699711732100342e-03
3.107720911159701088e-03
3.077109152139590170e-03
3.046859425107610857e-03
3.016966796953499553e-03
2.987426409746771726e-03
2.958233479485365691e-03
2.929383294866744984e-03
2.900871216080677835e-03
2.872692673623254873e-03
2.844843167132695815e-03
2.817318264244714297e-03
2.790113599469199422e-03
2.763224873086151008e-03
2.736647850061283988e-03
2.710378358980951568e-03
2.684412291005668517e-03
2.658745598842257151e-03
2.633374295733978063e-03
2.608294454468610898e-03
2.583502206403714974e-03
2.558993740509292198e-03
2.534765302427179675e-03
2.510813193546785997e-03
2.487133770097312187e-03
2.463723442255671015e-03
2.440578673269916919e-03
2.417695978598314449e-03
2.395071925063149264e-03
2.372703130019420889e-03
2.350586260538071147e-03
2.328718032603182327e-03
2.307095210323531920e-03
2.285714605157515567e-03
2.264573075151551408e-03
2.243667524191899493e-03
2.222994901269320731e-03
2.202552199756338189e-03
2.182336456697092034e-03
2.162344752109581283e-03
2.142574208299727681e-03
2.123021989187338053e-03
2.103685299643759995e-03
2.084561384840704409e-03
2.065647529610538900e-03
2.046941057817330822e-03
2.028439331738737545e-03
2.010139751458484177e-03
1.992039754269260034e-03
1.974136814085804444e-03
1.956428440867913864e-03
1.938912180053408265e-03
1.921585612000694223e-03
1.904446351440850557e-03
1.887492046938909519e-03
1.870720380364466031e-03
1.854129066371026880e-03
1.837715851884372687e-03
1.821478515599513461e-03
1.805414867486112218e-03
1.789522748302253049e-03
1.773800029116405106e-03
1.758244610837577304e-03
1.742854423753107101e-03
1.727627427074332304e-03
1.712561608490136347e-03
1.697654983727503149e-03
1.682905596119757454e-03
1.668311516182053493e-03
1.653870841193612372e-03
1.639581694787417901e-03
1.625442226546270621e-03
1.611450611605881123e-03
1.597605050264483103e-03
1.583903767598887884e-03
1.570345013086878270e-03
1.556927060235931744e-03
1.543648206218131442e-03
1.530506771510961074e-03
1.517501099544083139e-03
1.504629556352071566e-03
1.491890530232657316e-03
1.479282431410738679e-03
1.466803691707861592e-03
1.454452764217142218e-03
1.442228122983456144e-03
1.430128262688943209e-03
1.418151698343630626e-03
1.406296964981062526e-03
1.394562617358987731e-03
1.382947229664753834e-03
1.371449395225757565e-03
1.360067726224290733e-03
1.348800853417299979e-03
1.337647425860474240e-03
1.326606110636941588e-03
1.315675592590270131e-03
1.304854574061788163e-03
1.294141774632230277e-03
1.283535930867427555e-03
1.273035796068149603e-03
1.262640140023959211e-03
1.252347748771053633e-03
1.242157424353873682e-03
1.232067984590715917e-03
1.222078262842910988e-03
1.212187107787787363e-03
1.202393383195240030e-03
1.192695967707874463e-03
1.183093754624604636e-03
1.173585651687690783e-03
1.164170580873281294e-03
1.154847478185083622e-03
1.145615293451428740e-03
1.136472990125526623e-03
1.127419545088880013e-03
1.118453948457731996e-03
1.109575203392672944e-03
1.100782325911133170e-03
1.092074344702959488e-03
1.083450300948704233e-03
1.074909248140949389e-03
1.066450251908293524e-03
1.058072389842153313e-03
1.049774751326268841e-03
1.041556437368851762e-03
1.033416560437364594e-03
1.025354244295840090e-03
1.017368623844796182e-03
1.009458844963520780e-03
1.001624064354933279e-03
9.938634493927684353e-04
9.861761779711307376e-04
9.785614383564112534e-04
9.710184290414154923e-04
9.635463586018433359e-04
9.561444455548376254e-04
9.488119182199095374e-04
9.415480145817287875e-04
9.343519821552635166e-04
9.272230778528858363e-04
9.201605678534482361e-04
9.131637274734636690e-04
9.062318410402032650e-04
8.993642017667217558e-04
8.925601116287837236e-04
8.858188812436920819e-04
8.791398297509178499e-04
8.725222846945594095e-04
8.659655819075539425e-04
8.594690653976938457e-04
8.530320872353189992e-04
8.466540074426669952e-04
8.403341938850069888e-04
8.340720221633300289e-04
8.278668755085956529e-04
8.217181446776891359e-04
8.156252278508849133e-04
8.095875305308085877e-04
8.036044654429390453e-04
7.976754524376199976e-04
7.917999183935203441e-04
7.859772971224302700e-04
7.802070292756841914e-04
7.744885622517911749e-04
7.688213501054720015e-04
7.632048534581203306e-04
7.576385394094986613e-04
7.521218814507948588e-04
7.466543593789451384e-04
7.412354592121950985e-04
7.358646731069468355e-04
7.305414992758227496e-04
7.252654419068827255e-04
7.200360110840576785e-04
7.148527227088176828e-04
