1.202007400586536656e+00
1.637357406543804572e-01
1.628481848869164916e-01
1.625162888668092720e-01
1.622749734351498774e-01
1.620072772842195141e-01
1.616809963478912371e-01
1.612874386579326580e-01
1.608250905418720511e-01
1.602948874922899558e-01
1.596987037215061300e-01
1.590388090920887842e-01
1.583176486235673697e-01
1.575377437248029477e-01
1.567016449995808636e-01
1.558119087267110237e-01
1.548710845934731239e-01
1.538817087277743467e-01
1.528462990796116971e-01
1.517673516974273329e-01
1.506473372150778922e-01
1.494886972660550706e-01
1.482938407481687870e-01
1.470651399641774160e-01
1.458049267096430401e-01
1.445154883946322133e-01
1.431990642848333106e-01
1.418578419384767531e-01
1.404939539023791484e-01
1.391094747163428846e-01
1.377064182613180754e-01
1.362867354740059378e-01
1.348523124394173378e-01
1.334049688633454356e-01
1.319464569188111003e-01
1.304784604542432447e-01
1.290025945462107138e-01
1.275204053759386724e-01
1.260333704062256144e-01
1.245428988338516674e-01
1.230503322916433884e-01
1.215569457742465276e-01
1.200639487619010876e-01
1.185724865172728681e-01
1.170836415313885881e-01
1.155984350959756018e-01
1.141178289808954111e-01
1.126427271968576532e-01
1.111739778251516764e-01
1.097123748976725210e-01
1.082586603120946622e-01
1.068135257685039474e-01
1.053776147152995224e-01
1.039515242934837547e-01
1.025358072698547562e-01
1.011309739507029043e-01
9.973749406887061353e-02
9.835579863798279976e-02
9.698628176863861861e-02
9.562930244223606657e-02
9.428518623886972261e-02
9.295422701645641994e-02
9.163668853887833865e-02
9.033280605150854903e-02
8.904278780296052964e-02
8.776681651238381343e-02
8.650505078197617825e-02
8.525762645476131496e-02
8.402465791791557947e-02
8.280623935225378540e-02
8.160244592861796986e-02
8.041333495215302607e-02
7.923894695556418788e-02
7.807930674259076775e-02
7.693442438302240671e-02
7.580429616065374743e-02
7.468890547565242011e-02
7.358822370282071257e-02
7.250221100729600798e-02
7.143081711922293076e-02
7.037398206893984154e-02
6.933163688422652737e-02
6.830370425112572419e-02
6.729009913985870006e-02
6.629072939729990788e-02
6.530549630746637635e-02
6.433429512143087892e-02
6.337701555804413356e-02
6.243354227679169532e-02
6.150375532409123325e-02
6.058753055428111461e-02
5.968474002650533267e-02
5.879525237867357784e-02
5.791893317960554455e-02
5.705564526045001777e-02
5.620524902640549464e-02
5.536760274974888985e-02
5.454256284510530794e-02
5.372998412788929090e-02
5.292972005677352987e-02
5.214162296102426569e-02
5.136554425349526554e-02
5.060133463003758242e-02
4.984884425604799857e-02
4.910792294083934223e-02
4.837842030049714637e-02
4.766018590983762959e-02
4.695306944406025390e-02
4.625692081066321015e-02
4.557159027215369751e-02
4.489692856006435862e-02
4.423278698075715915e-02
4.357901751347274116e-02
4.293547290106478759e-02
4.230200673382864679e-02
4.167847352681829792e-02
4.106472879101903672e-02
4.046062909873800878e-02
3.986603214353159202e-02
3.928079679500075944e-02
3.870478314874377379e-02
3.813785257175530269e-02
3.757986774353971188e-02
3.703069269319074486e-02
3.649019283268199049e-02
3.595823498659391632e-02
3.543468741849302439e-02
3.491941985417171962e-02
3.441230350193271587e-02
3.391321107011117247e-02
3.342201678200128895e-02
3.293859638835004711e-02
3.246282717757743852e-02
3.199458798386514008e-02
3.153375919325157595e-02
3.108022274786631858e-02
3.063386214842593602e-02
3.019456245510492715e-02
2.976221028689719078e-02
2.933669381956709524e-02
2.891790278228930505e-02
2.850572845307155004e-02
2.810006365304627135e-02
2.770080273971241985e-02
2.730784159920896653e-02
2.692107763768796652e-02
2.654040977186229722e-02
2.616573841878750903e-02
2.579696548494479422e-02
2.543399435467713285e-02
2.507672987803991060e-02
2.472507835811030633e-02
2.437894753780953105e-02
2.403824658627979130e-02
2.370288608486134999e-02
2.337277801270821326e-02
2.304783573208082220e-02
2.272797397335334091e-02
2.241310881976302932e-02
2.210315769194269586e-02
2.179803933225528748e-02
2.149767378896741063e-02
2.120198240028114620e-02
2.091088777825136913e-02
2.062431379261142617e-02
2.034218555452836294e-02
2.006442940030601571e-02
1.979097287505656930e-02
1.952174471635833436e-02
1.925667483791252202e-02
1.899569431321875002e-02
1.873873535928025080e-02
1.848573132035280855e-02
1.823661665175019958e-02
1.799132690371606919e-02
1.774979870537452334e-02
1.751196974876743570e-02
1.727777877298879508e-02
1.704716554842342080e-02
1.682007086109801874e-02
1.659643649715213456e-02
1.637620522743419779e-02
1.615932079223014392e-02
1.594572788612802841e-02
1.573537214302528700e-02
1.552820012128219851e-02
1.532415928902582623e-02
1.512319800960682838e-02
1.492526552721547099e-02
1.473031195265450330e-02
1.453828824927807899e-02
1.434914621909141007e-02
1.416283848901998127e-02
1.397931849734573677e-02
1.379854048031116387e-02
1.362045945889658709e-02
1.344503122576669145e-02
1.327221233238924485e-02
1.310196007632762234e-02
1.293423248870403421e-02
1.276898832183664435e-02
1.260618703704891909e-02
1.244578879265144031e-02
1.228775443209525337e-02
1.213204547229767422e-02
1.197862409213724250e-02
1.182745312112033764e-02
1.167849602821529470e-02
1.153171691085684743e-02
1.138708048411472482e-02
1.124455207003092518e-02
1.110409758711993107e-02
1.096568354003324419e-02
1.082927700938549932e-02
1.069484564174116512e-02
1.056235763976110138e-02
1.043178175250504547e-02
1.030308726589278766e-02
1.017624399331649304e-02
1.005122226640897676e-02
9.927992925960580847e-03
9.806527312987024098e-03
9.686797259943721525e-03
9.568775082087222286e-03
9.452433568979437886e-03
9.337745976135286910e-03
9.224686016809971120e-03
9.113227853925516889e-03
9.003346092134118656e-03
8.895015770016114279e-03
8.788212352411377964e-03
8.682911722882442895e-03
8.579090176306577997e-03
8.476724411595751990e-03
8.375791524542623365e-03
8.276269000790602987e-03
8.178134708925180810e-03
8.081366893687418756e-03
7.985944169304325796e-03
7.891845512937161258e-03
7.799050258243806627e-03
7.707538089055455607e-03
7.617289033163980420e-03
7.528283456218993336e-03
7.440502055733782920e-03
7.353925855196389270e-03
7.268536198285907579e-03
7.184314743191981718e-03
7.101243457034467702e-03
7.019304610383846413e-03
6.938480771878671564e-03
6.858754802940091044e-03
6.780109852580388542e-03
6.702529352304829879e-03
6.625997011105803566e-03
6.550496810545840785e-03
6.476012999929879957e-03
6.402530091564513810e-03
6.330032856102274334e-03
6.258506317970685857e-03
6.187935750883158045e-03
6.118306673431547944e-03
6.049604844758151544e-03
5.981816260306636532e-03
5.914927147649333243e-03
5.848923962390352102e-03
5.783793384143162339e-03
5.719522312581533027e-03
5.656097863561223953e-03
5.593507365313025656e-03
5.531738354704650654e-03
5.470778573570651837e-03
5.410615965109027981e-03
5.351238670343326335e-03
5.292635024649537147e-03
5.234793554345699290e-03
5.177702973343756461e-03
5.121352179862657776e-03
5.065730253200926431e-03
5.010826450568148238e-03
4.956630203974471058e-03
4.903131117176219925e-03
4.850318962677584514e-03
4.798183678786749166e-03
4.746715366725641483e-03
4.695904287792363602e-03
4.645740860575403239e-03
4.596215658218228035e-03
4.547319405734168672e-03
4.499042977369712044e-03
4.451377394016184548e-03
4.404313820668293716e-03
4.357843563928812634e-03
4.311958069559146053e-03
4.266648920073750316e-03
4.221907832378703727e-03
4.177726655453254702e-03
4.134097368073261745e-03
4.091012076575854806e-03
4.048463012665232119e-03
4.006442531257542981e-03
3.964943108365442774e-03
3.923957339020739919e-03
3.883477935234515462e-03
3.843497723994805486e-03
3.804009645299757762e-03
3.765006750226799950e-03
3.726482199036948960e-03
3.688429259312813856e-03
3.650841304130575480e-03
3.613711810265089319e-03
3.577034356427124129e-03
3.540802621532430569e-03
3.505010383002210485e-03
3.469651515093985939e-03
3.434719987262498022e-03
3.400209862550406491e-03
3.366115296007434962e-03
3.332430533138429612e-03
3.299149908378804386e-03
3.266267843597809879e-03
3.233778846628146148e-03
3.201677509822337120e-03
3.169958508634719476e-03
3.138616600228912468e-03
3.107646622110030090e-03
3.077043490781549741e-03
3.046802200425923184e-03
3.016917821608864313e-03
2.987385500006700060e-03
2.958200455156393717e-03
2.929357979227619185e-03
2.900853435817163286e-03
2.872682258764092719e-03
2.844839950986314918e-03
2.817322083337933485e-03
2.790124293486375123e-03
2.763242284809826720e-03
2.736671825313960818e-03
2.710408746567707916e-03
2.684448942658151493e-03
2.658788369163609874e-03
2.633423042144738407e-03
2.608349037153685768e-03
2.583562488260402346e-03
2.559059587096229518e-03
2.534836581914203836e-03
2.510889776665923504e-03
2.487215530094430242e-03
2.463810254843182019e-03
2.440670416580488673e-03
2.417792533139185782e-03
2.395173173671524651e-03
2.372808957818696440e-03
2.350696554894568871e-03
2.328832683084255256e-03
2.307214108655955900e-03
2.285837645186858131e-03
2.264700152802429263e-03
2.243798537428765959e-03
2.223129750058098434e-03
2.202690786026742596e-03
2.182478684305761644e-03
2.162490526803726495e-03
2.142723437681642688e-03
2.123174582679424917e-03
2.103841168454283032e-03
2.084720441930271000e-03
2.065809689659054305e-03
2.047106237191679851e-03
2.028607448460977968e-03
2.010310725174793440e-03
1.992213506219351650e-03
1.974313267072872174e-03
1.956607519229264583e-03
1.939093809631615246e-03
1.921769720115257610e-03
1.904632866860313202e-03
1.887680899853725041e-03
1.870911502360096722e-03
1.854322390401795572e-03
1.837911312247641387e-03
1.821676047910421661e-03
1.805614408652758424e-03
1.789724236501323649e-03
1.774003403769361387e-03
1.758449812587107664e-03
1.743061394440206368e-03
1.727836109715815164e-03
1.712771947256267000e-03
1.697866923920450695e-03
1.683119084152252072e-03
1.668526499556371133e-03
1.654087268481145567e-03
1.639799515608447375e-03
1.625661391550224351e-03
1.611671072452015158e-03
1.597826759602728915e-03
1.584126679051195202e-03
1.570569081228945620e-03
1.557152240579192650e-03
1.543874455192068050e-03
1.530734046445794434e-03
1.517729358653845985e-03
1.504858758717817066e-03
1.492120635786183024e-03
1.479513400918476161e-03
1.467035486755155493e-03
1.454685347192718851e-03
1.442461457064307109e-03
1.430362311825409153e-03
1.418386427244804852e-03
1.406532339100398203e-03
1.394798602880248156e-03
1.383183793488246749e-03
1.371686504954672042e-03
1.360305350151520430e-03
1.349038960512294804e-03
1.337885985756473222e-03
1.326845093618372060e-03
1.315914969580442902e-03
1.305094316610795439e-03
1.294381854905010546e-03
1.283776321632140770e-03
1.273276470684750125e-03
1.262881072432927047e-03
1.252588913482384145e-03
1.242398796436311676e-03
1.232309539661042208e-03
1.222319977055629468e-03
1.212428957824824649e-03
1.202635346255964731e-03
1.192938021499190607e-03
1.183335877351359951e-03
1.173827822043155234e-03
1.164412778029834871e-03
1.155089681785086923e-03
1.145857483598270495e-03
1.136715147374833205e-03
1.127661650439835310e-03
1.118695983344667258e-03
1.109817149676676140e-03
1.101024165871987946e-03
1.092316061031002377e-03
1.083691876737109469e-03
1.075150666877891644e-03
1.066691497469438076e-03
1.058313446483204537e-03
1.050015603675701070e-03
1.041797070420728182e-03
1.033656959544299253e-03
1.025594395162140321e-03
1.017608512519648173e-03
1.009698457834388519e-03
1.001863388141023634e-03
9.941024711386497580e-04
9.864148850404091430e-04
9.787998184256269975e-04
9.712564700939511648e-04
9.637840489219927321e-04
9.563817737220148057e-04
9.490488731028903042e-04
9.417845853330295306e-04
9.345881582057117458e-04
9.274588489061066877e-04
9.203959238806431716e-04
9.133986587081524208e-04
9.064663379731325308e-04
8.995982551408640993e-04
8.927937124343692183e-04
8.860520207134399895e-04
8.793724993552392427e-04
8.727544761369046425e-04
8.661972871198871929e-04
8.597002765359867352e-04
8.532627966751029800e-04
8.468842077748016004e-04
8.405638779114010285e-04
8.343011828927318499e-04
8.280955061525904813e-04
8.219462386466473052e-04
8.158527787500175366e-04
8.098145321563310003e-04
8.038309117782965882e-04
7.979013376497261613e-04
7.920252368291184029e-04
7.862020433045503265e-04
7.804311979000680194e-04
7.747121481834818614e-04
7.690443483754135640e-04
7.634272592598270474e-04
7.578603480958169937e-04
7.523430885306690592e-04
7.468749605142955064e-04
7.414554502148144530e-04
7.360840499355133203e-04
7.307602580328911726e-04
7.254835788359502739e-04
7.202535225667790371e-04
7.150696052621004564e-04
