1.202007400622053579e+00
1.620548137427068880e-01
1.624943304320647652e-01
1.623447002830157582e-01
1.621104447324441256e-01
1.618123307995296967e-01
1.614479828026003649e-01
1.610179517147410366e-01
1.605241632575999944e-01
1.599686512309441977e-01
1.593532818834330345e-01
1.586798049768753938e-01
1.579499477743395441e-01
1.571654800222887227e-01
1.563282459385604839e-01
1.554401735583565147e-01
1.545032711345607213e-01
1.535196170408837935e-01
1.524913469318504022e-01
1.514206401780620326e-01
1.503097065916736141e-01
1.491607739132382593e-01
1.479760762510622385e-01
1.467578435272799686e-01
1.455082919219543025e-01
1.442296152801392228e-01
1.429239774373450012e-01
1.415935054165345652e-01
1.402402834499330286e-01
1.388663477796581447e-01
1.374736821917663665e-01
1.360642142385929398e-01
1.346398121044170004e-01
1.332022820695956955e-01
1.317533665285382516e-01
1.302947425173633933e-01
1.288280207077871220e-01
1.273547448248157077e-01
1.258763914471057732e-01
1.243943701504151567e-01
1.229100239563094138e-01
1.214246300502770659e-01
1.199394007354249031e-01
1.184554845901216596e-01
1.169739678001548294e-01
1.154958756381749968e-01
1.140221740654073501e-01
1.125537714327563693e-01
1.110915202605351482e-01
1.096362190780200974e-01
1.081886143059845595e-01
1.067494021671230031e-01
1.053192306110142529e-01
1.038987012418158828e-01
1.024883712383714840e-01
1.010887552577606902e-01
9.970032731455205632e-02
9.832352262916663199e-02
9.695873943977978415e-02
9.560634077312663015e-02
9.426665617041329881e-02
9.293998336529019078e-02
9.162658991151344245e-02
9.032671475851183907e-02
8.904056977361256286e-02
8.776834121013796230e-02
8.651019112097706187e-02
8.526625871761887854e-02
8.403666167488761662e-02
8.282149738194062583e-02
8.162084414024496637e-02
8.043476230949428429e-02
7.926329540253608530e-02
7.810647113052360258e-02
7.696430239961347952e-02
7.583678826059318812e-02
7.472391481289383797e-02
7.362565606448553956e-02
7.254197474916819488e-02
7.147282310281241613e-02
7.041814360007206397e-02
6.937786965312597864e-02
6.835192627395737797e-02
6.734023070168751457e-02
6.634269299642794881e-02
6.535921660111806974e-02
6.438969887274251236e-02
6.343403158432819877e-02
6.249210139903638855e-02
6.156379031766278515e-02
6.064897610079558049e-02
5.974753266684604269e-02
5.885933046710669497e-02
5.798423683898097647e-02
5.712211633844922060e-02
5.627283105281492837e-02
5.543624089472531241e-02
5.461220387841447116e-02
5.380057637909031049e-02
5.300121337632512919e-02
5.221396868228973115e-02
5.143869515562656675e-02
5.067524490171350371e-02
4.992346946004792840e-02
4.918321997943559537e-02
4.845434738164188654e-02
4.773670251412547721e-02
4.703013629245451910e-02
4.633449983296272084e-02
4.564964457618693461e-02
4.497542240158991511e-02
4.431168573406010780e-02
4.365828764263775946e-02
4.301508193191294627e-02
4.238192322650101429e-02
4.175866704899418996e-02
4.114516989175591444e-02
4.054128928291390183e-02
3.994688384688576538e-02
3.936181335975139084e-02
3.878593879977483561e-02
3.821912239335997080e-02
3.766122765670532752e-02
3.711211943341798103e-02
3.657166392832338075e-02
3.603972873770214941e-02
3.551618287616904734e-02
3.500089680039719653e-02
3.449374242988334505e-02
3.399459316493538830e-02
3.350332390205615352e-02
3.301981104688429813e-02
3.254393252485390103e-02
3.207556778970690331e-02
3.161459783001304563e-02
3.116090517380827249e-02
3.071437389149610578e-02
3.027488959710878877e-02
2.984233944805262523e-02
2.941661214343534170e-02
2.899759792107211437e-02
2.858518855326870958e-02
2.817927734146432467e-02
2.777975910981651808e-02
2.738653019781090575e-02
2.699948845196385380e-02
2.661853321669096356e-02
2.624356532440455525e-02
2.587448708490124732e-02
2.551120227410261926e-02
2.515361612219617696e-02
2.480163530123421362e-02
2.445516791223620659e-02
2.411412347184111252e-02
2.377841289855086096e-02
2.344794849861102717e-02
2.312264395155871552e-02
2.280241429547902321e-02
2.248717591200208657e-02
2.217684651107210136e-02
2.187134511551833485e-02
2.157059204545505246e-02
2.127450890253766019e-02
2.098301855409680228e-02
2.069604511717909948e-02
2.041351394250834339e-02
2.013535159839307045e-02
1.986148585459626692e-02
1.959184566618642209e-02
1.932636115738452232e-02
1.906496360542390273e-02
1.880758542443591516e-02
1.855416014937459612e-02
1.830462241999536444e-02
1.805890796489324768e-02
1.781695358561889708e-02
1.757869714087416380e-02
1.734407753080456985e-02
1.711303468138841710e-02
1.688550952893853527e-02
1.666144400471635326e-02
1.644078101967108921e-02
1.622346444930560308e-02
1.600943911867613520e-02
1.579865078753106208e-02
1.559104613559238357e-02
1.538657274798474472e-02
1.518517910081490160e-02
1.498681454690546297e-02
1.479142930168500687e-02
1.459897442923912929e-02
1.440940182852170834e-02
1.422266421973021437e-02
1.403871513084741125e-02
1.385750888434821373e-02
1.367900058407556414e-02
1.350314610228467785e-02
1.332990206685665154e-02
1.315922584868256008e-02
1.299107554921723889e-02
1.282540998820329466e-02
1.266218869156683462e-02
1.250137187948135997e-02
1.234292045460296319e-02
1.218679599047419772e-02
1.203296072009711788e-02
1.188137752467342476e-02
1.173200992251272057e-02
1.158482205810698086e-02
1.143977869136913496e-02
1.129684518703696905e-02
1.115598750423974286e-02
1.101717218622579736e-02
1.088036635025108230e-02
1.074553767762688634e-02
1.061265440392407389e-02
1.048168530933472550e-02
1.035259970918667519e-02
1.022536744461285257e-02
1.009995887337017222e-02
9.976344860809022858e-03
9.854496770990749457e-03
9.734386457950744420e-03
9.615986257107073457e-03
9.499268976811029580e-03
9.384207890039322070e-03
9.270776726224944433e-03
9.158949663226324117e-03
9.048701319431529111e-03
8.940006745996530516e-03
8.832841419215642365e-03
8.727181233022230505e-03
8.623002491617735507e-03
8.520281902227488241e-03
8.418996567981340551e-03
8.319123980917574046e-03
8.220642015107606365e-03
8.123528919900334377e-03
8.027763313284396948e-03
7.933324175366360601e-03
7.840190841962494869e-03
7.748342998303441725e-03
7.657760672849836178e-03
7.568424231216015763e-03
7.480314370201618553e-03
7.393412111928271586e-03
7.307698798080807662e-03
7.223156084249877582e-03
7.139765934375463460e-03
7.057510615289211420e-03
6.976372691354331204e-03
6.896335019200563847e-03
6.817380742553673552e-03
6.739493287157469724e-03
6.662656355786803972e-03
6.586853923349724957e-03
6.512070232077628827e-03
6.438289786802451134e-03
6.365497350318076973e-03
6.293677938825838376e-03
6.222816817461341611e-03
6.152899495903110978e-03
6.083911724059752266e-03
6.015839487834612372e-03
5.948669004968378318e-03
5.882386720955537322e-03
5.816979305035416964e-03
5.752433646255499140e-03
5.688736849606535959e-03
5.625876232227153446e-03
5.563839319677563178e-03
5.502613842281023522e-03
5.442187731531111967e-03
5.382549116565087804e-03
5.323686320700395276e-03
5.265587858034790313e-03
5.208242430107714281e-03
5.151638922622459385e-03
5.095766402228193298e-03
5.040614113360133465e-03
4.986171475137034063e-03
4.932428078315622202e-03
4.879373682299847047e-03
4.826998212204418846e-03
4.775291755972506900e-03
4.724244561544904165e-03
4.673847034081030603e-03
4.624089733230524538e-03
4.574963370454309189e-03
4.526458806394129987e-03
4.478567048290222653e-03
4.431279247445568149e-03
4.384586696736226218e-03
4.338480828167231435e-03
4.292953210472049037e-03
4.247995546756539419e-03
4.203599672184766753e-03
4.159757551707359523e-03
4.116461277830709038e-03
4.073703068426804720e-03
4.031475264582436331e-03
3.989770328487648662e-03
3.948580841362142428e-03
3.907899501419358559e-03
3.867719121867202025e-03
3.828032628944989715e-03
3.788833059995850867e-03
3.750113561573773825e-03
3.711867387585157316e-03
3.674087897463258583e-03
3.636768554376238784e-03
3.599902923467015840e-03
3.563484670124831936e-03
3.527507558288141883e-03
3.491965448777802333e-03
3.456852297660317243e-03
3.422162154640392799e-03
3.387889161482416246e-03
3.354027550460104892e-03
3.320571642834161362e-03
3.287515847356948465e-03
3.254854658803978552e-03
3.222582656531795819e-03
3.190694503061670007e-03
3.159184942688083187e-03
3.128048800112759060e-03
3.097280979102415895e-03
3.066876461170945246e-03
3.036830304284652941e-03
3.007137641590673822e-03
2.977793680168139539e-03
2.948793699801261544e-03
2.920133051774256860e-03
2.891807157687901943e-03
2.863811508296598349e-03
2.836141662366323171e-03
2.808793245552825436e-03
2.781761949299394951e-03
2.755043529754214876e-03
2.728633806706948477e-03
2.702528662543772064e-03
2.676724041221074848e-03
2.651215947257067659e-03
2.626000444741205097e-03
2.601073656360806605e-03
2.576431762445086354e-03
2.552071000025549381e-03
2.527987661913211077e-03
2.504178095791626067e-03
2.480638703326050899e-03
2.457365939288016273e-03
2.434356310695051217e-03
2.411606375965738309e-03
2.389112744089104227e-03
2.366872073808727259e-03
2.344881072820870910e-03
2.323136496986611538e-03
2.301635149557619987e-03
2.280373880415167889e-03
2.259349585322755014e-03
2.238559205191131222e-03
2.217999725356377839e-03
2.197668174870199762e-03
2.177561625802741825e-03
2.157677192556985753e-03
2.138012031195460176e-03
2.118563338777976549e-03
2.099328352711167696e-03
2.080304350108930830e-03
2.061488647163946340e-03
2.042878598529794879e-03
2.024471596713836238e-03
2.006265071480295339e-03
1.988256489263593926e-03
1.970443352591678184e-03
1.952823199519081610e-03
1.935393603069741810e-03
1.918152170689224265e-03
1.901096543706140563e-03
1.884224396802918963e-03
1.867533437495251612e-03
1.851021405620516778e-03
1.834686072834872551e-03
1.818525242118616478e-03
1.802536747290148797e-03
1.786718452527933385e-03
1.771068251900454263e-03
1.755584068904351980e-03
1.740263856009898304e-03
1.725105594214387979e-03
1.710107292602894595e-03
1.695266987916332901e-03
1.680582744126876780e-03
1.666052652020178632e-03
1.651674828784902363e-03
1.637447417608768954e-03
1.623368587281516853e-03
1.609436531804348284e-03
1.595649470005884021e-03
1.582005645164432988e-03
1.568503324636688146e-03
1.555140799492238683e-03
1.541916384154420460e-03
1.528828416046825768e-03
1.515875255245887872e-03
1.503055284138995204e-03
1.490366907088213266e-03
1.477808550099704880e-03
1.465378660498303223e-03
1.453075706607651367e-03
1.440898177435373170e-03
1.428844582363551340e-03
1.416913450844168101e-03
1.405103332099447112e-03
1.393412794827160375e-03
1.381840426910735777e-03
1.370384835133972275e-03
1.359044644900441867e-03
1.347818499957426129e-03
1.336705062124355888e-03
1.325703011025482951e-03
1.314811043827075797e-03
1.304027874978695972e-03
1.293352235958675775e-03
1.282782875023708111e-03
1.272318556962468913e-03
1.261958062853081337e-03
1.251700189824579137e-03
1.241543750822197284e-03
1.231487574376262774e-03
1.221530504374925908e-03
1.211671399840441024e-03
1.201909134709005589e-03
1.192242597614120775e-03
1.182670691673398710e-03
1.173192334278641644e-03
1.163806456889457993e-03
1.154512004829934312e-03
1.145307937088619081e-03
1.136193226121628768e-03
1.127166857658885510e-03
1.118227830513391198e-03
1.109375156393469040e-03
1.100607859717998372e-03
1.091924977434516114e-03
1.083325558840182896e-03
1.074808665405496558e-03
1.066373370600854492e-03
1.058018759725730873e-03
1.049743929740606452e-03
1.041547989101352994e-03
1.033430057596419933e-03
1.025389266186306752e-03
1.017424756845768195e-03
1.009535682408196564e-03
1.001721206412642525e-03
9.939805029530810864e-04
9.863127565299973244e-04
9.787171619043304790e-04
9.711929239535737604e-04
9.637392575301754853e-04
9.563553873220111481e-04
9.490405477151183300e-04
9.417939826584070242e-04
9.346149455305247057e-04
9.275026990087238124e-04
9.204565149397063786e-04
9.134756742125204124e-04
9.065594666332493258e-04
8.997071908017278486e-04
8.929181539900774489e-04
8.861916720231229538e-04
8.795270691605054040e-04
8.729236779807225113e-04
8.663808392668370531e-04
8.598979018938947283e-04
8.534742227181536063e-04
8.471091664677780084e-04
8.408021056353633896e-04
8.345524203719637078e-04
8.283594983827949690e-04
8.222227348243611386e-04
8.161415322032772616e-04
8.101153002764883851e-04
8.041434559530290238e-04
7.982254231972156153e-04
7.923606329333248745e-04
7.865485229516079937e-04
7.807885378157975722e-04
7.750801287719016018e-04
7.694227536583818708e-04
7.638158768176539016e-04
7.582589690089268537e-04
7.527515073222644558e-04
7.472929750939274638e-04
7.418828618230246435e-04
7.365206630893121392e-04
7.312058804721898028e-04
7.259380214709880473e-04
7.207165994263136418e-04
