1.202007400672696846e+00
1.511367505642438325e-01
1.525765193837258504e-01
1.527670596876670728e-01
1.526154390123301008e-01
1.523350921837028082e-01
1.519876610347607460e-01
1.515901540947934556e-01
1.511456092341688928e-01
1.506531556557779983e-01
1.501113879781301452e-01
1.495193962842088220e-01
1.488769696743292570e-01
1.481845303070882247e-01
1.474430019433560501e-01
1.466536828473976872e-01
1.458181422223025769e-01
1.449381413051377132e-01
1.440155748423287974e-01
1.430524279204423710e-01
1.420507438756877239e-01
1.410126000462025020e-01
1.399400890576175949e-01
1.388353040465571953e-01
1.377003267402361897e-01
1.365372176650305192e-01
1.353480079955704796e-01
1.341346927138096778e-01
1.328992248504194396e-01
1.316435106474026229e-01
1.303694055234175531e-01
1.290787107505359244e-01
1.277731707685302309e-01
1.264544710740188316e-01
1.251242366292208141e-01
1.237840307401822104e-01
1.224353543581436360e-01
1.210796457607222487e-01
1.197182805722446508e-01
1.183525720849777918e-01
1.169837718453733133e-01
1.156130704717656388e-01
1.142415986722633697e-01
1.128704284338729047e-01
1.115005743561721524e-01
1.101329951050537409e-01
1.087685949642393374e-01
1.074082254643453360e-01
1.060526870712676373e-01
1.047027309175641574e-01
1.033590605622903419e-01
1.020223337664007690e-01
1.006931642724146619e-01
9.937212357844608934e-02
9.805974269805248222e-02
9.675651389853348605e-02
9.546289241143454674e-02
9.417929811000343154e-02
9.290611714922128450e-02
9.164370356486001290e-02
9.039238082873382596e-02
8.915244335792946173e-02
8.792415797637698205e-02
8.670776532762564104e-02
8.550348123810462553e-02
8.431149803053204772e-02
8.313198578747579837e-02
8.196509356531049562e-02
8.081095055909667813e-02
7.966966721908344540e-02
7.854133631969566209e-02
7.742603398203018461e-02
7.632382065097392809e-02
7.523474202815295941e-02
7.415882996200154342e-02
7.309610329626473058e-02
7.204656867830572242e-02
7.101022132861141423e-02
6.998704577288078488e-02
6.897701653810535405e-02
6.798009881402321264e-02
6.699624908133161583e-02
6.602541570801397086e-02
6.506753951510220457e-02
6.412255431319521803e-02
6.319038741098863265e-02
6.227096009706379470e-02
6.136418809612285280e-02
6.046998200084863218e-02
5.958824768049700987e-02
5.871888666731872597e-02
5.786179652184364475e-02
5.701687117804605381e-02
5.618400126934219863e-02
5.536307443636092479e-02
5.455397561736851503e-02
5.375658732220203739e-02
5.297078989052975834e-02
5.219646173520962884e-02
5.143347957150927463e-02
5.068171863287444096e-02
4.994105287395012027e-02
4.921135516148947980e-02
4.849249745377255671e-02
4.778435096912200114e-02
4.708678634408337144e-02
4.639967378180130664e-02
4.572288319109833049e-02
4.505628431674710971e-02
4.439974686139537552e-02
4.375314059957782775e-02
4.311633548424073648e-02
4.248920174616933887e-02
4.187160998669879619e-02
4.126343126406579326e-02
4.066453717374023807e-02
4.007479992306710315e-02
3.949409240051506703e-02
3.892228823983680253e-02
3.835926187940587317e-02
3.780488861700322806e-02
3.725904466030033335e-02
3.672160717327062340e-02
3.619245431876729618e-02
3.567146529746742512e-02
3.515852038339573743e-02
3.465350095621384796e-02
3.415628953046540017e-02
3.366676978194006048e-02
3.318482657133218355e-02
3.271034596534202338e-02
3.224321525537091060e-02
3.178332297395113776e-02
3.133055890904383467e-02
3.088481411632799933e-02
3.044598092960606323e-02
3.001395296943364793e-02
2.958862515008601687e-02
2.916989368496191587e-02
2.875765609051744026e-02
2.835181118882950865e-02
2.795225910886886198e-02
2.755890128656874119e-02
2.717164046376464859e-02
2.679038068608383116e-02
2.641502729984709918e-02
2.604548694805639344e-02
2.568166756552618668e-02
2.532347837322212331e-02
2.497082987185714892e-02
2.462363383480672269e-02
2.428180330038334778e-02
2.394525256352973003e-02
2.361389716696387850e-02
2.328765389182826939e-02
2.296644074787693168e-02
2.265017696324224741e-02
2.233878297381676828e-02
2.203218041228189802e-02
2.173029209681661203e-02
2.143304201952139082e-02
2.114035533457594290e-02
2.085215834616596306e-02
2.056837849620307343e-02
2.028894435185705364e-02
2.001378559292971496e-02
1.974283299908576039e-02
1.947601843696632196e-02
1.921327484719709613e-02
1.895453623131619636e-02
1.869973763863275878e-02
1.844881515303551170e-02
1.820170587976212978e-02
1.795834793214882291e-02
1.771868041836609578e-02
1.748264342815999614e-02
1.725017801960401082e-02
1.702122620587564680e-02
1.679573094206675971e-02
1.657363611203627185e-02
1.635488651531569193e-02
1.613942785407171052e-02
1.592720672013831634e-02
1.571817058212105281e-02
1.551226777258143431e-02
1.530944747530849602e-02
1.510965971268101067e-02
1.491285533312672329e-02
1.471898599868234382e-02
1.452800417265963373e-02
1.433986310742036557e-02
1.415451683226464676e-02
1.397192014143441678e-02
1.379202858223738636e-02
1.361479844329112690e-02
1.344018674289233252e-02
1.326815121751164991e-02
1.309865031041658294e-02
1.293164316042324027e-02
1.276708959078132893e-02
1.260495009818796315e-02
1.244518584193765945e-02
1.228775863320501725e-02
1.213263092446153352e-02
1.197976579902948306e-02
1.182912696076930496e-02
1.168067872390459241e-02
1.153438600298131896e-02
1.139021430296405582e-02
1.124812970946731557e-02
1.110809887912306282e-02
1.097008903008190976e-02
1.083406793265016474e-02
1.070000390006064020e-02
1.056786577937668219e-02
1.043762294252897210e-02
1.030924527748452481e-02
1.018270317954647966e-02
1.005796754278478512e-02
9.935009751595115859e-03
9.813801672387528069e-03
9.694315645400717468e-03
9.576524476643921702e-03
9.460401429962888437e-03
9.345920219229671491e-03
9.233055000655973968e-03
9.121780365227032117e-03
9.012071331255798803e-03
8.903903337056099515e-03
8.797252233733749566e-03
8.692094278093016532e-03
8.588406125658984772e-03
8.486164823812661351e-03
8.385347805038448690e-03
8.285932880283225846e-03
8.187898232423190814e-03
8.091222409840519506e-03
7.995884320105553153e-03
7.901863223764578337e-03
7.809138728230965304e-03
7.717690781779642899e-03
7.627499667641611525e-03
7.538545998198998947e-03
7.450810709277518214e-03
7.364275054535882742e-03
7.278920599951349373e-03
7.194729218398436890e-03
7.111683084320836491e-03
7.029764668494242578e-03
6.948956732879710101e-03
6.869242325564931147e-03
6.790604775793086453e-03
6.713027689077547509e-03
6.636494942401304289e-03
6.560990679499280678e-03
6.486499306222827214e-03
6.413005485985508181e-03
6.340494135286591296e-03
6.268950419314857705e-03
6.198359747627525500e-03
6.128707769905596472e-03
6.059980371783654611e-03
5.992163670752751956e-03
5.925244012135018334e-03
5.859207965129406906e-03
5.794042318927205941e-03
5.729734078895699217e-03
5.666270462829364404e-03
5.603638897267231196e-03
5.541827013875510154e-03
5.480822645893938805e-03
5.420613824645511940e-03
5.361188776107463257e-03
5.302535917543607646e-03
5.244643854196192299e-03
5.187501376036529784e-03
5.131097454573327159e-03
5.075421239717926164e-03
5.020462056704973024e-03
4.966209403068279349e-03
4.912652945669928641e-03
4.859782517783258968e-03
4.807588116226821362e-03
4.756059898549585413e-03
4.705188180267106703e-03
4.654963432145996748e-03
4.605376277537183774e-03
4.556417489756987675e-03
4.508077989514545914e-03
4.460348842385180972e-03
4.413221256329043218e-03
4.366686579253962336e-03
4.320736296621505504e-03
4.275362029096272699e-03
4.230555530236659693e-03
4.186308684226796445e-03
4.142613503649665227e-03
4.099462127298870127e-03
4.056846818030386721e-03
4.014759960651993406e-03
3.973194059850683642e-03
3.932141738156773661e-03
3.891595733944628460e-03
3.851548899468614819e-03
3.811994198934296092e-03
3.772924706604010095e-03
3.734333604936049007e-03
3.696214182756880559e-03
3.658559833466040571e-03
3.621364053273173379e-03
3.584620439465696640e-03
3.548322688708219382e-03
3.512464595371289459e-03
3.477040049890356421e-03
3.442043037153793162e-03
3.407467634919198775e-03
3.373308012258250180e-03
3.339558428028815799e-03
3.306213229374149135e-03
3.273266850248784943e-03
3.240713809970405083e-03
3.208548711797465022e-03
3.176766241531737891e-03
3.145361166145867193e-03
3.114328332434701269e-03
3.083662665690917789e-03
3.053359168403780351e-03
3.023412918980615625e-03
2.993819070491252152e-03
2.964572849434172694e-03
2.935669554524687579e-03
2.907104555504061352e-03
2.878873291969859857e-03
2.850971272226705475e-03
2.823394072157179441e-03
2.796137334112521692e-03
2.769196765822877580e-03
2.742568139326291739e-03
2.716247289916937004e-03
2.690230115111250445e-03
2.664512573632337334e-03
2.639090684412296554e-03
2.613960525611285640e-03
2.589118233654502492e-03
2.564560002285398450e-03
2.540282081635501354e-03
2.516280777310359821e-03
2.492552449491397537e-03
2.469093512053528380e-03
2.445900431697602562e-03
2.422969727098311325e-03
2.400297968066751348e-03
2.377881774727287189e-03
2.355717816708866562e-03
2.333802812349961876e-03
2.312133527917694439e-03
2.290706776839990765e-03
2.269519418951166517e-03
2.248568359750351305e-03
2.227850549672844970e-03
2.207362983373823383e-03
2.187102699024232391e-03
2.167066777619199112e-03
2.147252342297534169e-03
2.127656557673706164e-03
2.108276629180479925e-03
2.089109802423315745e-03
2.070153362545490948e-03
2.051404633604060872e-03
2.032860977956634993e-03
2.014519795658218770e-03
1.996378523868600451e-03
1.978434636269776718e-03
1.960685642493051155e-03
1.943129087555923052e-03
1.925762551308611526e-03
1.908583647889852599e-03
1.891590025191714668e-03
1.874779364333753083e-03
1.858149379145790630e-03
1.841697815659446447e-03
1.825422451608216040e-03
1.809321095936026937e-03
1.793391588313870359e-03
1.777631798664762366e-03
1.762039626696295302e-03
1.746613001441468197e-03
1.731349880806747499e-03
1.716248251127941221e-03
1.701306126733438499e-03
1.686521549514509921e-03
1.671892588503107917e-03
1.657417339456324166e-03
1.643093924448006411e-03
1.628920491466914972e-03
1.614895214021794300e-03
1.601016290752695385e-03
1.587281945048956691e-03
1.573690424673298898e-03
1.560240001392224941e-03
1.546928970612529734e-03
1.533755651023600407e-03
1.520718384245880236e-03
1.507815534484824912e-03
1.495045488190652585e-03
1.482406653723743022e-03
1.469897461025286697e-03
1.457516361293562188e-03
1.445261826665324937e-03
1.433132349902378928e-03
1.421126444083391574e-03
1.409242642300609187e-03
1.397479497361501675e-03
1.385835581495267060e-03
1.374309486064057050e-03
1.362899821278990226e-03
1.351605215920555388e-03
1.340424317063716860e-03
1.329355789807340352e-03
1.318398317008010910e-03
1.307550599018141068e-03
1.296811353428259676e-03
1.286179314813474476e-03
1.275653234483931477e-03
1.265231880239386280e-03
1.254914036127536929e-03
1.244698502206336658e-03
1.234584094310142970e-03
1.224569643819382360e-03
1.214653997434090183e-03
1.204836016950970503e-03
1.195114579044004744e-03
1.185488575048482089e-03
1.175956910748529030e-03
1.166518506167999944e-03
1.157172295364586670e-03
1.147917226227264387e-03
1.138752260276883416e-03
1.129676372469926244e-03
1.120688551005326761e-03
1.111787797134308796e-03
1.102973124973308326e-03
1.094243561319638942e-03
1.085598145470256402e-03
1.077035929043181853e-03
1.068555975801822704e-03
1.060157361481938289e-03
1.051839173621409726e-03
1.043600511392573467e-03
1.035440485437179488e-03
1.027358217703922298e-03
1.019352841288464519e-03
1.011423500276002058e-03
1.003569349586150771e-03
9.957895548203426258e-04
9.880832921114568283e-04
9.804497479759437598e-04
9.728881191679885059e-04
9.653976125361167721e-04
9.579774448818866939e-04
9.506268428207948059e-04
9.433450426453032518e-04
9.361312901899483370e-04
9.289848406984939962e-04
9.219049586931579287e-04
9.148909178457900575e-04
9.079420008510678212e-04
9.010574993014479816e-04
8.942367135643111220e-04
8.874789526606684806e-04
8.807835341458773769e-04
8.741497839921239963e-04
8.675770364726759177e-04
8.610646340478255627e-04
8.546119272526963044e-04
8.482182745865383781e-04
8.418830424038655511e-04
8.356056048071003502e-04
8.293853435409443645e-04
8.232216478881792610e-04
8.171139145671720569e-04
8.110615476308414640e-04
8.050639583671132752e-04
7.991205652008954779e-04
7.932307935974876583e-04
7.873940759674663298e-04
7.816098515729346221e-04
7.758775664351417502e-04
7.701966732435727714e-04
7.645666312662695611e-04
7.589869062615187513e-04
7.534569703908841880e-04
7.479763021334324448e-04
7.425443862013018795e-04
7.371607134564519539e-04
7.318247808286844304e-04
7.265360912348239062e-04
7.212941534991117870e-04
7.160984822747167716e-04
7.109485979664795924e-04
