-2.586442829457727032e-06
2.530815395540823853e-02
2.643420048185824225e-02
2.689763806072557537e-02
2.712716395716404869e-02
2.719895580083801431e-02
2.715200620895668465e-02
2.701280465983681850e-02
2.680034505089499974e-02
2.652865411255022482e-02
2.620838634118544119e-02
2.584786924314600581e-02
2.545379837130767181e-02
2.503170342966502815e-02
2.458626243365294103e-02
2.412151420706903221e-02
2.364100265232751616e-02
2.314787524092958709e-02
2.264495085700982471e-02
2.213476721063033920e-02
2.161961471628504397e-02
2.110156148092302841e-02
2.058247251594412866e-02
2.006402524571810828e-02
1.954772267495046359e-02
1.903490509367743166e-02
1.852676087081868081e-02
1.802433666669810142e-02
1.752854724890812871e-02
1.704018500120061189e-02
1.655992915592985337e-02
1.608835474569631288e-02
1.562594125140064766e-02
1.517308091628335846e-02
1.473008669480893075e-02
1.429719980874938345e-02
1.387459688856446972e-02
1.346239668494425210e-02
1.306066634229973746e-02
1.266942723251692632e-02
1.228866035320140895e-02
1.191831129958011160e-02
1.155829482344665655e-02
1.120849899572070110e-02
1.086878899165714431e-02
1.053901051943668607e-02
1.021899291393605497e-02
9.908551917961196456e-03
9.607492173344641187e-03
9.315609443955074828e-03
9.032692592124058270e-03
8.758525329189803532e-03
8.492887759866179706e-03
8.235557739143429742e-03
7.986312059223862544e-03
7.744927482910921729e-03
7.511181638617984470e-03
7.284853791097238920e-03
7.065725500776877561e-03
6.853581183604626377e-03
6.648208582199381655e-03
6.449399158183769659e-03
6.256948414645501985e-03
6.070656156829187453e-03
5.890326698377561059e-03
5.715769019722032052e-03
5.546796884533364627e-03
5.383228919556579638e-03
5.224888662594577744e-03
5.071604582875877294e-03
4.923210077608678945e-03
4.779543448086059389e-03
4.640447858345459614e-03
4.505771279031117217e-03
4.375366418816330032e-03
4.249090645450097521e-03
4.126805898277891189e-03
4.008378593817098733e-03
3.893679525820290237e-03
3.782583761049664213e-03
3.674970531840250285e-03
3.570723126402073743e-03
3.469728777650652688e-03
3.371878551292338197e-03
3.277067233758505435e-03
3.185193220500796233e-03
3.096158405104206587e-03
3.009868069583730450e-03
2.926230776170906777e-03
2.845158260864667516e-03
2.766565328963296183e-03
2.690369752736523901e-03
2.616492171394620495e-03
2.544855993457429549e-03
2.475387301600586853e-03
2.408014760047867946e-03
2.342669524538395272e-03
2.279285154896880296e-03
2.217797530211116416e-03
2.158144766605705860e-03
2.100267137602078015e-03
2.044106997033757166e-03
1.989608704478430367e-03
1.936718553178621216e-03
1.885384700388286362e-03
1.835557100107033371e-03
1.787187438140704684e-03
1.740229069440626247e-03
1.694636957649104129e-03
1.650367616802208507e-03
1.607379055128479398e-03
1.565630720870434239e-03
1.525083450082753830e-03
1.485699416334379129e-03
1.447442082256836498e-03
1.410276152878409388e-03
1.374167530684443361e-03
1.339083272343147410e-03
1.304991547044729531e-03
1.271861596386191298e-03
1.239663695760174090e-03
1.208369117186866267e-03
1.177950093531482997e-03
1.148379784072997003e-03
1.119632241353380386e-03
1.091682379275040480e-03
1.064505942398093902e-03
1.038079476382535110e-03
1.012380299544981058e-03
9.873864754782486070e-04
9.630767866969134434e-04
9.394307092726782377e-04
9.164283884129343586e-04
8.940506149598750896e-04
8.722788027576471254e-04
8.510949668690068887e-04
8.304817026026328590e-04
8.104221653167018296e-04
7.909000509790506048e-04
7.718995774351038999e-04
7.534054663837086311e-04
7.354029260081796585e-04
7.178776342502028252e-04
7.008157227015604116e-04
6.842037610829226858e-04
6.680287422945215122e-04
6.522780680132494969e-04
6.369395348122858149e-04
6.220013207913597944e-04
6.074519726862593998e-04
5.932803934509910376e-04
5.794758302861480800e-04
5.660278630999830652e-04
5.529263933851951036e-04
5.401616334931736568e-04
5.277240962969436495e-04
5.156045852175869743e-04
5.037941846111719524e-04
4.922842504960757643e-04
4.810664016072046232e-04
4.701325107704408665e-04
4.594746965787771076e-04
4.490853153637997994e-04
4.389569534464843109e-04
4.290824196625190462e-04
4.194547381462894117e-04
4.100671413698033039e-04
4.009130634188776544e-04
3.919861335075657178e-04
3.832801697142420661e-04
3.747891729337881044e-04
3.665073210394035230e-04
3.584289632449503193e-04
3.505486146577586155e-04
3.428609510218192996e-04
3.353608036365021672e-04
3.280431544499638622e-04
3.209031313185879350e-04
3.139360034266988229e-04
3.071371768605014201e-04
3.005021903322836968e-04
2.940267110457463911e-04
2.877065307036805316e-04
2.815375616444391253e-04
2.755158331114058654e-04
2.696374876431265424e-04
2.638987775862007643e-04
2.582960617202087862e-04
2.528258019979928977e-04
2.474845603890063212e-04
2.422689958301712729e-04
2.371758612743228621e-04
2.322020008350821497e-04
2.273443470270612591e-04
2.225999180929891122e-04
2.179658154196678545e-04
2.134392210363357740e-04
2.090173951945536307e-04
2.046976740262406596e-04
2.004774672763176134e-04
1.963542561080733719e-04
1.923255909796882271e-04
1.883890895875199806e-04
1.845424348755286229e-04
1.807833731076343136e-04
1.771097120014028514e-04
1.735193189202987696e-04
1.700101191239591035e-04
1.665800940727791288e-04
1.632272797855847295e-04
1.599497652493556599e-04
1.567456908787005397e-04
1.536132470228129929e-04
1.505506725193962107e-04
1.475562532936734652e-04
1.446283210000433577e-04
1.417652517069032270e-04
1.389654646205183100e-04
1.362274208499867723e-04
1.335496222085434551e-04
1.309306100529657668e-04
1.283689641572704218e-04
1.258633016213198369e-04
1.234122758133668460e-04
1.210145753434529510e-04
1.186689230690050445e-04
1.163740751296789207e-04
1.141288200118912639e-04
1.119319776415635934e-04
1.097823985043702228e-04
1.076789627911021823e-04
1.056205795701936037e-04
1.036061859845745128e-04
1.016347464712900097e-04
9.970525200632843828e-05
9.781671937053589103e-05
9.596819043688578394e-05
9.415873148074411516e-05
9.238743250807569482e-05
9.065340660558532967e-05
8.895578930885731956e-05
8.729373798854113300e-05
8.566643125607084175e-05
8.407306838515618672e-05
8.251286875127915213e-05
8.098507128692610782e-05
7.948893395241016897e-05
7.802373322293113672e-05
7.658876358998203569e-05
7.518333707612029988e-05
7.380678276614445542e-05
7.245844634916020458e-05
7.113768967533477946e-05
6.984389032515520956e-05
6.857644119037586083e-05
6.733475006774466618e-05
6.611823926337509645e-05
6.492634520943216085e-05
6.375851809088416741e-05
6.261422148306633733e-05
6.149293199922044805e-05
6.039413894881435297e-05
5.931734400428705984e-05
5.826206087847696815e-05
5.722781500964300479e-05
5.621414325636273974e-05
5.522059360092649308e-05
5.424672485999298082e-05
5.329210640484265718e-05
5.235631788806631860e-05
5.143894897808743430e-05
5.053959910195985326e-05
4.965787719401420586e-05
4.879340145236338224e-05
4.794579910128509787e-05
4.711470616106461034e-05
4.629976722342403180e-05
4.550063523326170481e-05
4.471697127648113524e-05
4.394844437377865281e-05
4.319473127932841971e-05
4.245551628579457198e-05
4.173049103427168324e-05
4.101935432881993483e-05
4.032181195713106987e-05
3.963757651522745737e-05
3.896636723674479723e-05
3.830790982779236099e-05
3.766193630476624016e-05
3.702818483791873235e-05
3.640639959825355139e-05
3.579633060885741659e-05
3.519773359992728735e-05
3.461036986774450715e-05
3.403400613781832137e-05
3.346841443076923516e-05
3.291337193257486187e-05
3.236866086786140394e-05
3.183406837653540478e-05
3.130938639375052679e-05
3.079441153292481365e-05
3.028894497185920777e-05
2.979279234209215377e-05
2.930576362053869392e-05
2.882767302446438297e-05
2.835833890921875180e-05
2.789758366807441691e-05
2.744523363531966046e-05
2.700111899139268160e-05
2.656507367073382401e-05
2.613693527194579206e-05
2.571654496992672534e-05
2.530374743104830913e-05
2.489839072946581567e-05
2.450032626669993897e-05
2.410940869219296820e-05
2.372549582674665869e-05
2.334844858721331180e-05
2.297813091386619291e-05
2.261440969881707178e-05
2.225715471673075032e-05
2.190623855724916025e-05
2.156153655900212637e-05
2.122292674518764114e-05
2.089028976115704937e-05
2.056350881305875637e-05
2.024246960847945668e-05
1.992706029821052745e-05
1.961717141979492238e-05
1.931269584200555795e-05
1.901352871135259421e-05
1.871956739942480936e-05
1.843071145161033014e-05
1.814686253722346741e-05
1.786792440086957509e-05
1.759380281484742962e-05
1.732440553279907547e-05
1.705964224463760282e-05
1.679942453238148086e-05
1.654366582706700488e-05
1.629228136691549715e-05
1.604518815652250069e-05
1.580230492644568138e-05
1.556355209483216204e-05
1.532885172906429448e-05
1.509812750869862744e-05
1.487130468924533610e-05
1.464831006712453607e-05
1.442907194472495636e-05
1.421352009715218038e-05
1.400158573924893023e-05
1.379320149349931633e-05
1.358830135890685639e-05
1.338682068029836899e-05
1.318869611867150838e-05
1.299386562196212771e-05
1.280226839675741553e-05
1.261384488056933786e-05
1.242853671462968480e-05
1.224628671772288836e-05
1.206703886008380436e-05
1.189073823851816937e-05
1.171733105149238503e-05
1.154676457533426552e-05
1.137898714079009811e-05
1.121394810992395395e-05
1.105159785384619516e-05
1.089188773108582342e-05
1.073477006588744262e-05
1.058019812747204344e-05
1.042812610994911895e-05
1.027850911208487773e-05
1.013130311806539896e-05
9.986464978501229022e-06
9.843952391869357233e-06
9.703723886329727462e-06
9.565738802230401108e-06
9.429957274674905841e-06
9.296340216612527241e-06
9.164849302379083054e-06
9.035446951696677489e-06
8.908096313617947765e-06
8.782761251556520283e-06
8.659406327777644245e-06
8.537996788977719997e-06
8.418498551895636851e-06
8.300878189189879358e-06
8.185102915695483802e-06
8.071140575112603730e-06
7.958959626788779341e-06
7.848529132973202440e-06
7.739818746139006598e-06
7.632798696925106023e-06
7.527439782109800690e-06
7.423713352716932827e-06
7.321591302789346955e-06
7.221046058164923223e-06
7.122050565364293727e-06
7.024578281085531625e-06
6.928603161594403639e-06
6.834099652636946263e-06
6.741042679258889526e-06
6.649407636193733783e-06
6.559170378119328875e-06
6.470307210456579787e-06
6.382794880087356376e-06
6.296610566500910286e-06
6.211731872942184140e-06
6.128136817931738646e-06
6.045803826837154745e-06
5.964711723682592621e-06
5.884839723129547933e-06
5.806167422641705573e-06
5.728674794768675343e-06
5.652342179730490404e-06
5.577150277953781638e-06
5.503080142971763684e-06
5.430113174385131948e-06
5.358231110845799867e-06
5.287416023582127390e-06
5.217650309555122618e-06
5.148916685128487503e-06
5.081198179779723484e-06
5.014478129852591795e-06
4.948740172564562048e-06
4.883968240028695087e-06
4.820146553561465546e-06
4.757259617942093454e-06
4.695292215872459176e-06
4.634229402539557619e-06
4.574056500372058514e-06
4.514759093721991516e-06
4.456323023859822494e-06
4.398734383927082451e-06
4.341979514146568156e-06
4.286044996895420003e-06
4.230917652180585402e-06
4.176584532925166830e-06
4.123032920567068381e-06
4.070250320628917739e-06
4.018224458440949593e-06
3.966943274854562372e-06
3.916394922250839807e-06
3.866567760370334988e-06
3.817450352407162577e-06
3.769031461115871064e-06
3.721300045074099191e-06
3.674245254921918659e-06
3.627856429659929562e-06
3.582123093186235646e-06
3.537034950786331302e-06
3.492581885624001615e-06
3.448753955479741953e-06
3.405541389426293838e-06
3.362934584615297131e-06
3.320924103132954231e-06
3.279500668943394796e-06
3.238655164748481085e-06
3.198378629169297779e-06
3.158662253730528763e-06
3.119497380085232875e-06
3.080875497185167293e-06
3.042788238565166017e-06
3.005227379643267677e-06
2.968184835125737762e-06
2.931652656438772407e-06
2.895623029167711955e-06
2.860088270598247467e-06
2.825040827357593626e-06
2.790473272934956486e-06
2.756378305451611665e-06
2.722748745290695248e-06
2.689577532997942317e-06
2.656857726924112620e-06
2.624582501198251642e-06
2.592745143571870625e-06
2.561339053350661519e-06
2.530357739454384536e-06
2.499794818299734705e-06
2.469644011944754419e-06
2.439899146170335999e-06
2.410554148584617436e-06
2.381603046827165819e-06
2.353039966728647905e-06
2.324859130604575002e-06
2.297054855456182538e-06
2.269621551357149092e-06
2.242553719693892637e-06
2.215845951648535391e-06
2.189492926529167237e-06
2.163489410194669807e-06
2.137830253555008218e-06
2.112510391024222387e-06
2.087524839128458818e-06
2.062868694950930349e-06
2.038537134720124404e-06
2.014525412520783603e-06
1.990828858802541622e-06
1.967442879080181206e-06
1.944362952658451904e-06
