9.444716164592247077e-07
7.093272879841805434e-02
6.911374189613747610e-02
6.767411636365318339e-02
6.639090173700244735e-02
6.511360806948585100e-02
6.377730287533159292e-02
6.235800703057916422e-02
6.085243215222529284e-02
5.926792033264997178e-02
5.761696914944505754e-02
5.591416403940641100e-02
5.417445578586968513e-02
5.241220345446770401e-02
5.064065857218793404e-02
4.887170850708668496e-02
4.711577570243258295e-02
4.538181257064910490e-02
4.367735557771422472e-02
4.200861536682943403e-02
4.038058755963144786e-02
3.879717370255678782e-02
3.726130502343409645e-02
3.577506390993522717e-02
3.433979966875334161e-02
3.295623635976489829e-02
3.162457143021703276e-02
3.034456456851075332e-02
2.911561670404286609e-02
2.793683943731312472e-02
2.680711542430691541e-02
2.572515038782285240e-02
2.468951750768894754e-02
2.369869497017895038e-02
2.275109744893763844e-02
2.184510225702618325e-02
2.097907086134863028e-02
2.015136639340158603e-02
1.936036772901625347e-02
1.860448064803810544e-02
1.788214652511516817e-02
1.719184894645018474e-02
1.653211859545612727e-02
1.590153670316041268e-02
1.529873731697331887e-02
1.472240860410218947e-02
1.417129337304070570e-02
1.364418896797738381e-02
1.313994666619652980e-02
1.265747068722810481e-02
1.219571690424763911e-02
1.175369133267245049e-02
1.133044845765344283e-02
1.092508945102589266e-02
1.053676031882101391e-02
1.016465001258545775e-02
9.807988531062815374e-03
9.466045033369797565e-03
9.138125980124254741e-03
8.823573315245735252e-03
8.521762698018213109e-03
8.232101792408502011e-03
7.954028618573593529e-03
7.687009969767084200e-03
7.430539896495169661e-03
7.184138258677465368e-03
6.947349345676106895e-03
6.719740563403288520e-03
6.500901187181397020e-03
6.290441178616997843e-03
6.087990064462280720e-03
5.893195875262398527e-03
5.705724141376542977e-03
5.525256943944688998e-03
5.351492018307219684e-03
5.184141907356615807e-03
5.022933162364914307e-03
4.867605588854276646e-03
4.717911535131022807e-03
4.573615221198444603e-03
4.434492105826815141e-03
4.300328289665725397e-03
4.170919952348156427e-03
4.046072821660392886e-03
3.925601672922844100e-03
3.809329856828714070e-03
3.697088854078681760e-03
3.588717855243789365e-03
3.484063364355589453e-03
3.382978824831053312e-03
3.285324266416784090e-03
3.190965971878624054e-03
3.099776162296192378e-03
3.011632699833761452e-03
2.926418806960858019e-03
2.844022801147133312e-03
2.764337844104836333e-03
2.687261704736729727e-03
2.612696534962210236e-03
2.540548657672398424e-03
2.470728366103376941e-03
2.403149733956159127e-03
2.337730435633207995e-03
2.274391576011392836e-03
2.213057529191880465e-03
2.153655785708451405e-03
2.096116807713409910e-03
2.040373891681673216e-03
1.986363038198542090e-03
1.934022828438089914e-03
1.883294306950579304e-03
1.834120870396572156e-03
1.786448161910536786e-03
1.740223970762001977e-03
1.695398137036963028e-03
1.651922461046891749e-03
1.609750617217425893e-03
1.568838072211635026e-03
1.529142007045910124e-03
1.490621242993888816e-03
1.453236171072122941e-03
1.416948684915577284e-03
1.381722116853854009e-03
1.347521177037052948e-03
1.314311895430292495e-03
1.282061566539582746e-03
1.250738696723572869e-03
1.220312953952030523e-03
1.190755119893802073e-03
1.162037044206036063e-03
1.134131600915138640e-03
1.107012646788495258e-03
1.080654981586992797e-03
1.055034310111836867e-03
1.030127205950812867e-03
1.005911076840587020e-03
9.823641315695181946e-04
9.594653483367390680e-04
9.371944445069916793e-04
9.155318476785640879e-04
8.944586680181314730e-04
8.739566717877182873e-04
8.540082560143797937e-04
8.345964242392600986e-04
8.157047633109299747e-04
7.973174211529020184e-04
7.794190854781913105e-04
7.619949633935658734e-04
7.450307618612870978e-04
7.285126689703871764e-04
7.124273359870387156e-04
6.967618601460422341e-04
6.815037681465560982e-04
6.666410003261424768e-04
6.521618954763441778e-04
6.380551762750633418e-04
6.243099353067910846e-04
6.109156216438134260e-04
5.978620279666510247e-04
5.851392781925223319e-04
5.727378156019197978e-04
5.606483914260480036e-04
5.488620538905991273e-04
5.373701376831701085e-04
5.261642538357618436e-04
5.152362799965874100e-04
5.045783510818198586e-04
4.941828502855241927e-04
4.840424004351991170e-04
4.741498556795533531e-04
4.644982934888421534e-04
4.550810069638741139e-04
4.458914974325571849e-04
4.369234673247991154e-04
4.281708133185235473e-04
4.196276197365480490e-04
4.112881521937993348e-04
4.031468514776953235e-04
3.951983276564837930e-04
3.874373544022372364e-04
3.798588635255559188e-04
3.724579397065428061e-04
3.652298154205803511e-04
3.581698660464198328e-04
3.512736051532107276e-04
3.445366799558877060e-04
3.379548669348069931e-04
3.315240676108586765e-04
3.252403044744840602e-04
3.190997170559326857e-04
3.130985581370207484e-04
3.072331900967968286e-04
3.015000813843973326e-04
2.958958031177746071e-04
2.904170257997236936e-04
2.850605161500335870e-04
2.798231340459535980e-04
2.747018295709653863e-04
2.696936401636054964e-04
2.647956878658580386e-04
2.600051766648186265e-04
2.553193899268859182e-04
2.507356879181075462e-04
2.462515054097937257e-04
2.418643493650250286e-04
2.375717967038712029e-04
2.333714921430679286e-04
2.292611461089985700e-04
2.252385327213877011e-04
2.213014878422517307e-04
2.174479071923424134e-04
2.136757445284417499e-04
2.099830098820103968e-04
2.063677678553362243e-04
2.028281359749232191e-04
1.993622830972955175e-04
1.959684278693734542e-04
1.926448372361306378e-04
1.893898250003239010e-04
1.862017504259877226e-04
1.830790168891109865e-04
1.800200705712859308e-04
1.770233991947383300e-04
1.740875308001820084e-04
1.712110325607881021e-04
1.683925096369790039e-04
1.656306040656086213e-04
1.629239936858955964e-04
1.602713910980016108e-04
1.576715426566657936e-04
1.551232274942167819e-04
1.526252565757491009e-04
1.501764717840451194e-04
1.477757450315122872e-04
1.454219774026537827e-04
1.431140983206941823e-04
1.408510647408388534e-04
1.386318603691364575e-04
1.364554949053109673e-04
1.343210033077858116e-04
1.322274450834554766e-04
1.301739035966873847e-04
1.281594854017739009e-04
1.261833195939838809e-04
1.242445571817342074e-04
1.223423704767443907e-04
1.204759525037067414e-04
1.186445164260969249e-04
1.168472949920272531e-04
1.150835399934970838e-04
1.133525217447810274e-04
1.116535285742265260e-04
1.099858663325582883e-04
1.083488579155944277e-04
1.067418428002709382e-04
1.051641765959982259e-04
1.036152306071618553e-04
1.020943914107311668e-04
1.006010604452186626e-04
9.913465361084829565e-05
9.769460088322039508e-05
9.628034593712374778e-05
9.489134578134581367e-05
9.352707040466270506e-05
9.218700243138827838e-05
9.087063678733555132e-05
8.957748037561072223e-05
8.830705176066017722e-05
8.705888086325003629e-05
8.583250866233744407e-05
8.462748690640842285e-05
8.344337783282518772e-05
8.227975389543414726e-05
8.113619749961608469e-05
8.001230074471746550e-05
7.890766517395538101e-05
7.782190153174437083e-05
7.675462952696846788e-05
7.570547760362934190e-05
7.467408271777087575e-05
7.366009012033015340e-05
7.266315314636146968e-05
7.168293301011096589e-05
7.071909860532927660e-05
6.977132631183979253e-05
6.883929980700449508e-05
6.792270988202567131e-05
6.702125426446243843e-05
6.613463744393666588e-05
6.526257050435328537e-05
6.440477095936449330e-05
6.356096259309020589e-05
6.273087530491133334e-05
6.191424495810892239e-05
6.111081323353785945e-05
6.032032748611645679e-05
5.954254060599071196e-05
5.877721088326321385e-05
5.802410187602138447e-05
5.728298228218202414e-05
5.655362581489431002e-05
5.583581108076462714e-05
5.512932146185492460e-05
5.443394500040523798e-05
5.374947428693014744e-05
5.307570635098336233e-05
5.241244255488921840e-05
5.175948849051284126e-05
5.111665387827034611e-05
5.048375246918139004e-05
4.986060194922717185e-05
4.924702384640969452e-05
4.864284344010069315e-05
4.804788967254000739e-05
4.746199506322369818e-05
4.688499562475410267e-05
4.631673078138887501e-05
4.575704328946951185e-05
4.520577915997511743e-05
4.466278758293767607e-05
4.412792085390581612e-05
4.360103430220528683e-05
4.308198622113895075e-05
4.257063779964448608e-05
4.206685305630282224e-05
4.157049877405913341e-05
4.108144443771393481e-05
4.059956217201277372e-05
4.012472668191893445e-05
3.965681519395097224e-05
3.919570739934272316e-05
3.874128539840925853e-05
3.829343364636388818e-05
3.785203890036770499e-05
3.741699016817783300e-05
3.698817865758521184e-05
3.656549772762398789e-05
3.614884284071237736e-05
3.573811151580136986e-05
3.533320328303247196e-05
3.493401963938739412e-05
3.454046400507391091e-05
3.415244168167486425e-05
3.376985981040349995e-05
3.339262733238578781e-05
3.302065494895739214e-05
3.265385508356528845e-05
3.229214184428447529e-05
3.193543098731195875e-05
3.158363988139662024e-05
3.123668747292096765e-05
3.089449425204846076e-05
3.055698221964711858e-05
3.022407485473302196e-05
2.989569708302822697e-05
2.957177524606690515e-05
2.925223707108184494e-05
2.893701164162853601e-05
2.862602936870170479e-05
2.831922196299486020e-05
2.801652240722436616e-05
2.771786492954201927e-05
2.742318497724062883e-05
2.713241919145259373e-05
2.684550538209130689e-05
2.656238250350874636e-05
2.628299063061364897e-05
2.600727093590236212e-05
2.573516566642129245e-05
2.546661812176981936e-05
2.520157263242150315e-05
2.493997453844966336e-05
2.468177016882138727e-05
2.442690682131147851e-05
2.417533274258635092e-05
2.392699710889276837e-05
2.368185000720583221e-05
2.343984241681084955e-05
2.320092619113378198e-05
2.296505404016875086e-05
2.273217951327087470e-05
2.250225698215247580e-05
2.227524162467724603e-05
2.205108940838147505e-05
2.182975707493780917e-05
2.161120212471425751e-05
2.139538280167954312e-05
2.118225807862940161e-05
2.097178764288079776e-05
2.076393188205382024e-05
2.055865187034457416e-05
2.035590935497707204e-05
2.015566674317411541e-05
1.995788708904615654e-05
1.976253408107296464e-05
1.956957202975223204e-05
1.937896585556914833e-05
1.919068107700386394e-05
1.900468379914605274e-05
1.882094070227190703e-05
1.863941903080524500e-05
1.846008658249525202e-05
1.828291169779762158e-05
1.810786324943311577e-05
1.793491063231847807e-05
1.776402375360902914e-05
1.759517302294617337e-05
1.742832934286723425e-05
1.726346409961727470e-05
1.710054915393357166e-05
1.693955683209233897e-05
1.678045991721966685e-05
1.662323164072365152e-05
1.646784567380694890e-05
1.631427611940304803e-05
1.616249750401011791e-05
1.601248476991034582e-05
1.586421326738940776e-05
1.571765874720591863e-05
1.557279735322981807e-05
1.542960561516542911e-05
1.528806044140986926e-05
1.514813911227464055e-05
1.500981927294129022e-05
1.487307892699174932e-05
1.473789642972849537e-05
1.460425048195001048e-05
1.447212012344911227e-05
1.434148472711349649e-05
1.421232399271050740e-05
1.408461794114953813e-05
1.395834690857395562e-05
1.383349154075053218e-05
1.371003278754441736e-05
1.358795189750670068e-05
1.346723041240287025e-05
1.334785016217695787e-05
1.322979325969006520e-05
1.311304209579726085e-05
1.299757933437364875e-05
1.288338790751308559e-05
1.277045101079199943e-05
1.265875209866691088e-05
1.254827487992040106e-05
1.243900331316207752e-05
1.233092160254021747e-05
1.222401419340174551e-05
1.211826576815985629e-05
1.201366124208842142e-05
1.191018575936025711e-05
1.180782468909122114e-05
1.170656362139611743e-05
1.160638836365021276e-05
1.150728493673228149e-05
1.140923957133092861e-05
1.131223870441685677e-05
1.121626897572786249e-05
1.112131722420156710e-05
1.102737048470145482e-05
1.093441598466763670e-05
1.084244114081703051e-05
1.075143355602056369e-05
1.066138101604668577e-05
1.057227148660199954e-05
1.048409311024266215e-05
1.039683420344546544e-05
1.031048325364570585e-05
1.022502891645044599e-05
1.014046001281670910e-05
1.005676552625236891e-05
9.973934600181722938e-06
9.891956535262818966e-06
9.810820786829415469e-06
9.730516962290631152e-06
9.651034818641088213e-06
9.572364260044030873e-06
9.494495335351372159e-06
9.417418235811355080e-06
9.341123292700135008e-06
9.265600975017355390e-06
9.190841887328947958e-06
9.116836767455149522e-06
9.043576484417963264e-06
8.971052036257714472e-06
8.899254547986845947e-06
8.828175269514189227e-06
8.757805573657073128e-06
8.688136954158668637e-06
8.619161023767748288e-06
8.550869512346321379e-06
8.483254264985763240e-06
8.416307240150066500e-06
8.350020507908606791e-06
8.284386248198939159e-06
8.219396749016980033e-06
8.155044404724250850e-06
8.091321714468823980e-06
8.028221280391095193e-06
7.965735806108384111e-06
7.903858095108155064e-06
