-5.550679304187539534e-08
1.210264627293789613e-02
1.401951945770551870e-02
1.457255368951200676e-02
1.473061508981294600e-02
1.474813732319673991e-02
1.470041538269611751e-02
1.461493252423444814e-02
1.450421050185907862e-02
1.437503722001996428e-02
1.423153782096555839e-02
1.407641434645690547e-02
1.391154128098740818e-02
1.373828953006205056e-02
1.355771612920522555e-02
1.337067962282966795e-02
1.317791140623283085e-02
1.298006000683932758e-02
1.277771843074268672e-02
1.257144082683516080e-02
1.236175240137055847e-02
1.214915508245249798e-02
1.193413053304156861e-02
1.171714153881418807e-02
1.149863243137561400e-02
1.127902897180574175e-02
1.105873796711569212e-02
1.083814679276161319e-02
1.061762292922981306e-02
1.039751357765667655e-02
1.017814539095264134e-02
9.959824337958259402e-03
9.742835705688781753e-03
9.527444236493598506e-03
9.313894391791494726e-03
9.102410730871942843e-03
8.893198391442818859e-03
8.686443657982673844e-03
8.482314603745209555e-03
8.280961792779104394e-03
8.082519028997665195e-03
7.887104140273767244e-03
7.694819786582944056e-03
7.505754282328943108e-03
7.319982424064825841e-03
7.137566315992169633e-03
6.958556186576657192e-03
6.782991190706941058e-03
6.610900192672396550e-03
6.442302526129275141e-03
6.277208727973168992e-03
6.115621243734947927e-03
5.957535102722831023e-03
5.802938561698260493e-03
5.651813716302376243e-03
5.504137079908245911e-03
5.359880129880917679e-03
5.219009821555819183e-03
5.081489070438490775e-03
4.947277203396596365e-03
4.816330379727302297e-03
4.688601983118512520e-03
4.564042985620076799e-03
4.442602284834365652e-03
4.324227015538232091e-03
4.208862837005018960e-03
4.096454197306877675e-03
3.986944575862334458e-03
3.880276705473324501e-03
3.776392775107800370e-03
3.675234614601977264e-03
3.576743862462133244e-03
3.480862117884811219e-03
3.387531078057723962e-03
3.296692661792163109e-03
3.208289120453520441e-03
3.122263137120709006e-03
3.038557914860554390e-03
2.957117254947799409e-03
2.877885625817007322e-03
2.800808223476471386e-03
2.725831024079964325e-03
2.652900829311470761e-03
2.581965305170436098e-03
2.512973014730092089e-03
2.445873445403496521e-03
2.380617031186570923e-03
2.317155170350521012e-03
2.255440238982252873e-03
2.195425600795827565e-03
2.137065613530551942e-03
2.080315632316628426e-03
2.025132010269643876e-03
1.971472096634071559e-03
1.919294232713674928e-03
1.868557745833119513e-03
1.819222941559787499e-03
1.771251094373427421e-03
1.724604436975582262e-03
1.679246148414624031e-03
1.635140341161787827e-03
1.592252047301925995e-03
1.550547203949700871e-03
1.509992638020254616e-03
1.470556050450866391e-03
1.432205999978502977e-03
1.394911886558501506e-03
1.358643934496496335e-03
1.323373175380944877e-03
1.289071430861224877e-03
1.255711295344813343e-03
1.223266118661782203e-03
1.191709988735762749e-03
1.161017714312271741e-03
1.131164807779390510e-03
1.102127468110390349e-03
1.073882563958375837e-03
1.046407616931652532e-03
1.019680785071340641e-03
9.936808465447997951e-04
9.683871835810973962e-04
9.437797666554454583e-04
9.198391389394019622e-04
8.965464010245779297e-04
8.738831959278879494e-04
8.518316943910240070e-04
8.303745804686930116e-04
8.094950374211106175e-04
7.891767339054905732e-04
7.694038104726003743e-04
7.501608663682127805e-04
7.314329466393768714e-04
7.132055295417861389e-04
6.954645142533820868e-04
6.781962088854775420e-04
6.613873187937361351e-04
6.450249351810582532e-04
6.290965239945141155e-04
6.135899151071954206e-04
5.984932917846544527e-04
5.837951804283108724e-04
5.694844405969340297e-04
5.555502552921378311e-04
5.419821215094848630e-04
5.287698410531900973e-04
5.159035115985936316e-04
5.033735180069630550e-04
4.911705238812861998e-04
4.792854633624175843e-04
4.677095331559055639e-04
4.564341847855543990e-04
4.454511170708355303e-04
4.347522688178318733e-04
4.243298117235410130e-04
4.141761434839329463e-04
4.042838811052089950e-04
3.946458544062660069e-04
3.852550997150380762e-04
3.761048537486447944e-04
3.671885476738340269e-04
3.584998013426624443e-04
3.500324176983425606e-04
3.417803773490921560e-04
3.337378332997209670e-04
3.258991058438714191e-04
3.182586776055963359e-04
3.108111887316511055e-04
3.035514322250844940e-04
2.964743494200049959e-04
2.895750255923515122e-04
2.828486857018754747e-04
2.762906902613717144e-04
2.698965313324381632e-04
2.636618286385147337e-04
2.575823257980665998e-04
2.516538866693859280e-04
2.458724918059733400e-04
2.402342350200844796e-04
2.347353200475677611e-04
2.293720573162333690e-04
2.241408608083265616e-04
2.190382450221726215e-04
2.140608220210925186e-04
2.092052985741472992e-04
2.044684733827846533e-04
1.998472343906061938e-04
1.953385561748388285e-04
1.909394974161361083e-04
1.866471984450035026e-04
1.824588788627256577e-04
1.783718352327584480e-04
1.743834388428906431e-04
1.704911335337600225e-04
1.666924335945419128e-04
1.629849217199386244e-04
1.593662470292932123e-04
1.558341231464245753e-04
1.523863263352088701e-04
1.490206936931035627e-04
1.457351213971679526e-04
1.425275630034304557e-04
1.393960277982792949e-04
1.363385791965282577e-04
1.333533331906708091e-04
1.304384568437153371e-04
1.275921668287511657e-04
1.248127280115941752e-04
1.220984520752499110e-04
1.194476961863575964e-04
1.168588617001933757e-04
1.143303929049798166e-04
1.118607758037087126e-04
1.094485369305484029e-04
1.070922422048146055e-04
1.047904958166359489e-04
1.025419391463195019e-04
1.003452497171999236e-04
9.819914017660175739e-05
9.610235730909014802e-05
9.405368107777099254e-05
9.205192369425816985e-05
9.009592871540234916e-05
8.818457016794888699e-05
8.631675169614966660e-05
8.449140573823559961e-05
8.270749272252539777e-05
8.096400029161837945e-05
7.925994254518764525e-05
7.759435930736249809e-05
7.596631541498370676e-05
7.437490002594444134e-05
7.281922594780249600e-05
7.129842898650902937e-05
6.981166731320889501e-05
6.835812085057439203e-05
6.693699067425123539e-05
6.554749843571268083e-05
6.418888579751711246e-05
6.286041388793810051e-05
6.156136276925941800e-05
6.029103092298361810e-05
5.904873474832269794e-05
5.783380807621779017e-05
5.664560169645270992e-05
5.548348289907752032e-05
5.434683502762120423e-05
5.323505704725636485e-05
5.214756312248903543e-05
5.108378220900373765e-05
5.004315765636110566e-05
4.902514682139053428e-05
4.802922069401601053e-05
4.705486353148741901e-05
4.610157250568763717e-05
4.516885735742486735e-05
4.425624006263152125e-05
4.336325450749065546e-05
4.248944617169503460e-05
4.163437182179609156e-05
4.079759921254331551e-05
3.997870679668366259e-05
3.917728344298007978e-05
3.839292816153718537e-05
3.762524983783026045e-05
3.687386697324178452e-05
3.613840743291908680e-05
3.541850820091339787e-05
3.471381514205702784e-05
3.402398277022188094e-05
3.334867402308377922e-05
3.268756004302377730e-05
3.204031996444794712e-05
3.140664070626003677e-05
3.078621677052900994e-05
3.017875004667058334e-05
2.958394962074645265e-05
2.900153159004845166e-05
2.843121888304262079e-05
2.787274108373488581e-05
2.732583426099145581e-05
2.679024080287543836e-05
2.626570925492081274e-05
2.575199416300752694e-05
2.524885592052219493e-05
2.475606061982530274e-05
2.427337990729506185e-05
2.380059084259194987e-05
2.333747576156164745e-05
2.288382214304725908e-05
2.243942247896147922e-05
2.200407414797241444e-05
2.157757929265365505e-05
2.115974469986615691e-05
2.075038168412935002e-05
2.034930597444743329e-05
1.995633760392512851e-05
1.957130080227350384e-05
1.919402389124948922e-05
1.882433918289673638e-05
1.846208288042103251e-05
1.810709498177404426e-05
1.775921918543699253e-05
1.741830279924466064e-05
1.708419665103028278e-05
1.675675500207757408e-05
1.643583546261039008e-05
1.612129890935489271e-05
1.581300940556437993e-05
1.551083412304098878e-05
1.521464326603169938e-05
1.492430999716596270e-05
1.463971036529957946e-05
1.436072323564917802e-05
1.408723022086463887e-05
1.381911561471151070e-05
1.355626632698724670e-05
1.329857182036570466e-05
1.304592404866067627e-05
1.279821739667626488e-05
1.255534862212380178e-05
1.231721679804699397e-05
1.208372325764403981e-05
1.185477153990835451e-05
1.163026733710330652e-05
1.141011844313262875e-05
1.119423470349964325e-05
1.098252796643834749e-05
1.077491203545523075e-05
1.057130262273172836e-05
1.037161730389368045e-05
1.017577547428166876e-05
9.983698305453133731e-06
9.795308703569045167e-06
9.610531268672185083e-06
9.429292254554740235e-06
9.251519530169891698e-06
9.077142541699646604e-06
8.906092275615267142e-06
8.738301222752609349e-06
8.573703343183810088e-06
8.412234031975412648e-06
8.253830085855624657e-06
8.098429670661191898e-06
7.945972289497084235e-06
7.796398752044443115e-06
7.649651143977889494e-06
7.505672797888860582e-06
7.364408264311756904e-06
7.225803283758299968e-06
7.089804759487800639e-06
6.956360730771331564e-06
6.825420346720440293e-06
6.696933841241631009e-06
6.570852507933812996e-06
6.447128676165859972e-06
6.325715687344484169e-06
6.206567872145590067e-06
6.089640527725550899e-06
5.974889896124670487e-06
5.862273142680030190e-06
5.751748335459511164e-06
5.643274424471418948e-06
5.536811222245500137e-06
5.432319384125558735e-06
5.329760389521759143e-06
5.229096523325731422e-06
5.130290857952722338e-06
5.033307235793455399e-06
4.938110251893457356e-06
4.844665237278821611e-06
4.752938242485136715e-06
4.662896021796336050e-06
4.574506017380745660e-06
4.487736344195938999e-06
4.402555775042816010e-06
4.318933726125753905e-06
4.236840242786957881e-06
4.156245985688750823e-06
4.077122217283561979e-06
3.999440788655050737e-06
3.923174126477206857e-06
3.848295220553697908e-06
3.774777611524113540e-06
3.702595378743862525e-06
3.631723128559577000e-06
3.562135982894458781e-06
3.493809568171432577e-06
3.426720004022211199e-06
3.360843892935698292e-06
3.296158309740580973e-06
3.232640791240210528e-06
3.170269326475549141e-06
3.109022346824648159e-06
3.048878716635252710e-06
2.989817723781513009e-06
2.931819070660599691e-06
2.874862865339251590e-06
2.818929612872945881e-06
2.764000206769969711e-06
2.710055920809611752e-06
2.657078400866587484e-06
2.605049657105806773e-06
2.553952056089653530e-06
2.503768313401190592e-06
2.454481486149837518e-06
2.406074965800313848e-06
2.358532471120067874e-06
2.311838041267168454e-06
2.265976029023734883e-06
2.220931094282108261e-06
2.176688197528898082e-06
2.133232593646323548e-06
2.090549825614076801e-06
2.048625718608104090e-06
2.007446374095884469e-06
1.966998163982986584e-06
1.927267725175585144e-06
1.888241953927823813e-06
1.849908000448638912e-06
1.812253263784746985e-06
1.775265386554113687e-06
1.738932249937663540e-06
1.703241968826770055e-06
1.668182886893768559e-06
1.633743572008966483e-06
1.599912811547495962e-06
1.566679607955938939e-06
1.534033174259089067e-06
1.501962929886974436e-06
1.470458496300786637e-06
1.439509693022112274e-06
1.409106533495373316e-06
1.379239221175174607e-06
1.349898145733376933e-06
1.321073879163413989e-06
1.292757172167363971e-06
1.264938950536988818e-06
1.237610311585828361e-06
1.210762520736574457e-06
1.184387008058187066e-06
1.158475365053270646e-06
1.133019341392368910e-06
1.108010841596940607e-06
1.083441922188338096e-06
1.059304788463029893e-06
1.035591791538401520e-06
1.012295425554088356e-06
9.894083246800384151e-07
9.669232604291620530e-07
9.448331389244992704e-07
9.231309981359719777e-07
9.018100053948137745e-07
8.808634547403044634e-07
8.602847644414104098e-07
8.400674745967707894e-07
8.202052446406309926e-07
8.006918510588086467e-07
7.815211851074339897e-07
7.626872504437469415e-07
7.441841610927404101e-07
7.260061391281774170e-07
7.081475126223499663e-07
6.906027136851869718e-07
6.733662762073784855e-07
6.564328340601623870e-07
6.397971190936140050e-07
6.234539592422178615e-07
6.073982765904550133e-07
5.916250856947277638e-07
5.761294916677001023e-07
5.609066884487902570e-07
5.459519571571139644e-07
5.312606643209357350e-07
5.168282603198775366e-07
5.026502776908613701e-07
4.887223296135849258e-07
4.750401083274031872e-07
4.615993836577871415e-07
4.483960014803015268e-07
4.354258822928988245e-07
4.226850197918367522e-07
4.101694794873200134e-07
3.978753973282235119e-07
3.857989783537971111e-07
3.739364954014917804e-07
3.622842877870292116e-07
3.508387600989623388e-07
3.395963808937945072e-07
3.285536815867565302e-07
3.177072551489349670e-07
3.070537550455118239e-07
2.965898940505272327e-07
2.863124431201478073e-07
2.762182303404977746e-07
2.663041398452250893e-07
2.565671107208393044e-07
2.470041360368846814e-07
2.376122618449399198e-07
2.283885861077661241e-07
2.193302578252232502e-07
