-9.937150408293392107e-09
1.383189160203788896e-02
1.381877420292128809e-02
1.396282728078627675e-02
1.408755802251111279e-02
1.417163525758978644e-02
1.421688248637260725e-02
1.422767809506247406e-02
1.420848038417604417e-02
1.416338822846322128e-02
1.409599257598607297e-02
1.400934928288477543e-02
1.390602123326034265e-02
1.378815076065933662e-02
1.365753753225153709e-02
1.351570935153340557e-02
1.336398121824639885e-02
1.320350216190107479e-02
1.303529120805588942e-02
1.286026441791754925e-02
1.267925492501993830e-02
1.249302763767740077e-02
1.230228996063998173e-02
1.210769959167431672e-02
1.190987019674152186e-02
1.170937556561110066e-02
1.150675269330252333e-02
1.130250411373166786e-02
1.109709972264878892e-02
1.089097826043806602e-02
1.068454857602455649e-02
1.047819075683016458e-02
1.027225718305416202e-02
1.006707354506190637e-02
9.862939848546369709e-03
9.660131421990326983e-03
9.458899933728625448e-03
9.259474420975879333e-03
9.062062329726608065e-03
8.866850562334585920e-03
8.674006528219240647e-03
8.483679192518975634e-03
8.296000117273933175e-03
8.111084489857338028e-03
7.929032133661346668e-03
7.749928496536090568e-03
7.573845612985261565e-03
7.400843036736893740e-03
7.230968740853888597e-03
7.064259983144423327e-03
6.900744135151681835e-03
6.740439473548557117e-03
6.583355933127857905e-03
6.429495821094251100e-03
6.278854492647139608e-03
6.131420988184664578e-03
5.987178632712618527e-03
5.846105598309162509e-03
5.708175430587237101e-03
5.573357540356694423e-03
5.441617661715076118e-03
5.312918277935131314e-03
5.187219016553970725e-03
5.064477015109754114e-03
4.944647259010073737e-03
4.827682892984509928e-03
4.713535507611141089e-03
4.602155402332759257e-03
4.493491826387793764e-03
4.387493199037505349e-03
4.284107310382105106e-03
4.183281504088013150e-03
4.084962843217144687e-03
3.989098260347895969e-03
3.895634693092988633e-03
3.804519206087096303e-03
3.715699100421281358e-03
3.629122011501700017e-03
3.544735996191542698e-03
3.462489610104676433e-03
3.382331975807863472e-03
3.304212842692525517e-03
3.228082639186655601e-03
3.153892517953208255e-03
3.081594394675239105e-03
3.011140980980803357e-03
2.942485812024228566e-03
2.875583269208030566e-03
2.810388598476331896e-03
2.746857924607728606e-03
2.684948261872315001e-03
2.624617521412800185e-03
2.565824515669547830e-03
2.508528960144791684e-03
2.452691472784050957e-03
2.398273571228248975e-03
2.345237668157346307e-03
2.293547064950444709e-03
2.243165943850375117e-03
2.194059358805585877e-03
2.146193225164932505e-03
2.099534308361180462e-03
2.054050211723094758e-03
2.009709363541581969e-03
1.966481003502373696e-03
1.924335168577836911e-03
1.883242678483687668e-03
1.843175120777280386e-03
1.804104835671050322e-03
1.766004900631972701e-03
1.728849114836973448e-03
1.692611983518549921e-03
1.657268702273990849e-03
1.622795141367581713e-03
1.589167830072303264e-03
1.556363941079193800e-03
1.524361275017208344e-03
1.493138245099974361e-03
1.462673861929755488e-03
1.432947718479757630e-03
1.403939975270047328e-03
1.375631345758516642e-03
1.348003081953820211e-03
1.321036960271670599e-03
1.294715267629390539e-03
1.269020787806019032e-03
1.243936788059445782e-03
1.219447006006038354e-03
1.195535636784984075e-03
1.172187320482297916e-03
1.149387129839890770e-03
1.127120558237580629e-03
1.105373507955410579e-03
1.084132278707589363e-03
1.063383556458014859e-03
1.043114402501342085e-03
1.023312242822432914e-03
1.003964857720173734e-03
9.850603716983594334e-04
9.665872436143546891e-04
9.485342570906071672e-04
9.308905111793259459e-04
9.136454112720072658e-04
8.967886602599117740e-04
8.803102499341448114e-04
8.642004526168023002e-04
8.484498130304150539e-04
8.330491403893637483e-04
8.179895007140760817e-04
8.032622093619018466e-04
7.888588237697600081e-04
7.747711364006476661e-04
7.609911678995570292e-04
7.475111604357120984e-04
7.343235712459040372e-04
7.214210663605716365e-04
7.087965145115289033e-04
6.964429812207381491e-04
6.843537230600538462e-04
6.725221820772816876e-04
6.609419803923575337e-04
6.496069149442945364e-04
6.385109524022651367e-04
6.276482242193208091e-04
6.170130218392978630e-04
6.065997920408652778e-04
5.964031324246450499e-04
5.864177870311760091e-04
5.766386420913792834e-04
5.670607219037396762e-04
5.576791848337446077e-04
5.484893194344014422e-04
5.394865406823485480e-04
5.306663863249104886e-04
5.220245133396504656e-04
5.135566944983751235e-04
5.052588150334236380e-04
4.971268694055254065e-04
4.891569581681549841e-04
4.813452849237761892e-04
4.736881533764281983e-04
4.661819644657873188e-04
4.588232135944300878e-04
4.516084879315368527e-04
4.445344638028527959e-04
4.375979041546968775e-04
4.307956560973255416e-04
4.241246485182242096e-04
4.175818897705529573e-04
4.111644654273438507e-04
4.048695361052973376e-04
3.986943353518524087e-04
3.926361675960005808e-04
3.866924061606184879e-04
3.808604913322522368e-04
3.751379284915058450e-04
3.695222862943998662e-04
3.640111949124591874e-04
3.586023443218697561e-04
3.532934826448883773e-04
3.480824145386288387e-04
3.429669996346214941e-04
3.379451510204711708e-04
3.330148337693598351e-04
3.281740635118106982e-04
3.234209050487298520e-04
3.187534710070693005e-04
3.141699205326692898e-04
3.096684580236566849e-04
3.052473318989172308e-04
3.009048334036212380e-04
2.966392954499356928e-04
2.924490914907010471e-04
2.883326344258412108e-04
2.842883755420166458e-04
2.803148034803094532e-04
2.764104432371374139e-04
2.725738551910660955e-04
2.688036341600531049e-04
2.650984084838030048e-04
2.614568391345980960e-04
2.578776188519479829e-04
2.543594713032204719e-04
2.509011502674527664e-04
2.475014388433863406e-04
2.441591486794375543e-04
2.408731192258158342e-04
2.376422170078722152e-04
2.344653349197415432e-04
2.313413915397339639e-04
2.282693304620704068e-04
2.252481196501514358e-04
2.222767508070008649e-04
2.193542387631695282e-04
2.164796208825526993e-04
2.136519564840893919e-04
2.108703262805460032e-04
2.081338318317020109e-04
2.054415950142672684e-04
2.027927575051771615e-04
2.001864802808863883e-04
1.976219431280763523e-04
1.950983441705964223e-04
1.926148994074683657e-04
1.901708422649751352e-04
1.877654231595226426e-04
1.853979090746144551e-04
1.830675831471022491e-04
1.807737442667663392e-04
1.785157066850889948e-04
1.762927996365089842e-04
1.741043669678103993e-04
1.719497667795532529e-04
1.698283710760836122e-04
1.677395654249860487e-04
1.656827486266206051e-04
1.636573323911958073e-04
1.616627410256066245e-04
1.596984111283126292e-04
1.577637912922589039e-04
1.558583418153566293e-04
1.539815344195772783e-04
1.521328519770052208e-04
1.503117882428850309e-04
1.485178475958997993e-04
1.467505447857452049e-04
1.450094046867576902e-04
1.432939620578344779e-04
1.416037613100676871e-04
1.399383562783814046e-04
1.382973100004979085e-04
1.366801945015005439e-04
1.350865905836818670e-04
1.335160876218524553e-04
1.319682833641325269e-04
1.304427837377922033e-04
1.289392026601890657e-04
1.274571618540932887e-04
1.259962906685076732e-04
1.245562259036285177e-04
1.231366116399195472e-04
1.217370990723075987e-04
1.203573463480044482e-04
1.189970184088591667e-04
1.176557868370142697e-04
1.163333297055049623e-04
1.150293314313357581e-04
1.137434826335955357e-04
1.124754799937882968e-04
1.112250261208336521e-04
1.099918294186180809e-04
1.087756039572304199e-04
1.075760693472499897e-04
1.063929506171776745e-04
1.052259780939907111e-04
1.040748872863243087e-04
1.029394187710017876e-04
1.018193180819013897e-04
1.007143356017469116e-04
9.962422645669641958e-05
9.854875041305633909e-05
9.748767177687934658e-05
9.644075929596069229e-05
9.540778606400012211e-05
9.438852942718875311e-05
9.338277089316701792e-05
9.239029604196035653e-05
9.141089443915611655e-05
9.044435955106686098e-05
8.949048866206942574e-05
8.854908279382859172e-05
8.761994662633153697e-05
8.670288842101725219e-05
8.579771994533352516e-05
8.490425639971765914e-05
8.402231634546199516e-05
8.315172163514763810e-05
8.229229734382490001e-05
8.144387170255724994e-05
8.060627603303831214e-05
7.977934468397246826e-05
7.896291496863810727e-05
7.815682710431610958e-05
7.736092415273561112e-05
7.657505196221823780e-05
7.579905911064102099e-05
7.503279685034427689e-05
7.427611905381294221e-05
7.352888216084479814e-05
7.279094512677092624e-05
7.206216937199586860e-05
7.134241873248219599e-05
7.063155941159015249e-05
6.992945993276891378e-05
6.923599109350408347e-05
6.855102592015945289e-05
6.787443962387455689e-05
6.720610955751999099e-05
6.654591517331016144e-05
6.589373798190544462e-05
6.524946151192929759e-05
6.461297127048284831e-05
6.398415470461083247e-05
6.336290116372615493e-05
6.274910186260213929e-05
6.214264984533156061e-05
6.154343994996720757e-05
6.095136877407615606e-05
6.036633464101143898e-05
5.978823756669594737e-05
5.921697922747004231e-05
5.865246292827904379e-05
5.809459357193274496e-05
5.754327762860618153e-05
5.699842310631798571e-05
5.645993952189307357e-05
5.592773787252623111e-05
5.540173060805423321e-05
5.488183160370021401e-05
5.436795613349232966e-05
5.386002084412021512e-05
5.335794372954874950e-05
5.286164410586900405e-05
5.237104258696360904e-05
5.188606106054198259e-05
5.140662266460478165e-05
5.093265176451669876e-05
5.046407393069020678e-05
5.000081591623406024e-05
4.954280563568666973e-05
4.908997214375028945e-05
4.864224561460145141e-05
4.819955732160122631e-05
4.776183961759607644e-05
4.732902591530002375e-05
4.690105066827306136e-05
4.647784935245799688e-05
4.605935844750381645e-05
4.564551541924380531e-05
4.523625870187528240e-05
4.483152768095651170e-05
4.443126267632361979e-05
4.403540492577935693e-05
4.364389656882391159e-05
4.325668063071934762e-05
4.287370100703509506e-05
4.249490244841282259e-05
4.212023054550173963e-05
4.174963171447811420e-05
4.138305318255579849e-05
4.102044297395171290e-05
4.066174989611274473e-05
4.030692352617478807e-05
3.995591419768470957e-05
3.960867298756292568e-05
3.926515170340168291e-05
3.892530287097765757e-05
3.858907972192895459e-05
3.825643618169545897e-05
3.792732685783669293e-05
3.760170702835924106e-05
3.727953263041409857e-05
3.696076024920032281e-05
3.664534710694678806e-05
3.633325105227183893e-05
3.602443054968495399e-05
3.571884466920401916e-05
3.541645307635526350e-05
3.511721602213852092e-05
3.482109433337668560e-05
3.452804940309770035e-05
3.423804318120440734e-05
3.395103816529806425e-05
3.366699739151291919e-05
3.338588442587514651e-05
3.310766335544592471e-05
3.283229877979037132e-05
3.255975580276885851e-05
3.229000002404732383e-05
3.202299753126544774e-05
3.175871489204835365e-05
3.149711914614213059e-05
3.123817779788634630e-05
3.098185880870657060e-05
3.072813058968590323e-05
3.047696199440542782e-05
3.022832231185134102e-05
2.998218125943154862e-05
2.973850897613594235e-05
2.949727601579586747e-05
2.925845334059722265e-05
2.902201231449446365e-05
2.878792469681767640e-05
2.855616263619980476e-05
2.832669866426310411e-05
2.809950568972241985e-05
2.787455699237282892e-05
2.765182621732703076e-05
2.743128736928295694e-05
2.721291480695096863e-05
2.699668323746230410e-05
2.678256771107097574e-05
2.657054361573711634e-05
2.636058667194532954e-05
2.615267292754127530e-05
2.594677875270866622e-05
2.574288083503020486e-05
2.554095617459115061e-05
2.534098207916559413e-05
2.514293615956258727e-05
2.494679632496499537e-05
2.475254077842614490e-05
2.456014801237668297e-05
2.436959680420595548e-05
2.418086621201220220e-05
2.399393557032454237e-05
2.380878448595714485e-05
2.362539283387545317e-05
2.344374075316434940e-05
2.326380864315628525e-05
2.308557715945087769e-05
2.290902721009232043e-05
2.273413995187063163e-05
2.256089678653862851e-05
2.238927935724048415e-05
2.221926954492547463e-05
2.205084946478585994e-05
2.188400146286912488e-05
2.171870811263585058e-05
2.155495221157176911e-05
2.139271677801896576e-05
2.123198504784027006e-05
2.107274047125748851e-05
2.091496670978398311e-05
2.075864763303667999e-05
2.060376731582549471e-05
2.045031003508612099e-05
2.029826026704254486e-05
2.014760268423262745e-05
1.999832215273643026e-05
1.985040372938716945e-05
1.970383265895499049e-05
1.955859437157565401e-05
1.941467448000112780e-05
1.927205877702193345e-05
1.913073323287797328e-05
1.899068399277321369e-05
1.885189737430729496e-05
1.871435986517406137e-05
1.857805812057685037e-05
1.844297896097969120e-05
1.830910936974375100e-05
1.817643649080079275e-05
1.804494762645452507e-05
1.791463023511438932e-05
1.778547192908798506e-05
1.765746047252594785e-05
1.753058377915808435e-05
1.740482991035125109e-05
1.728018707294554104e-05
