9.420099578966015590e-08
8.815806038006492734e-03
8.866043974498239583e-03
8.443704517011320701e-03
8.078348070074663906e-03
7.817355053381653054e-03
7.634369262809390794e-03
7.502387920950416740e-03
7.402628046520275118e-03
7.322926653474778197e-03
7.255470924673877373e-03
7.195192944011227255e-03
7.138758948716716554e-03
7.083947887681355665e-03
7.029267687106287299e-03
6.973714635101803394e-03
6.916619397710932482e-03
6.857546208312331748e-03
6.796225301770428447e-03
6.732506575923179887e-03
6.666327113836369687e-03
6.597687964327293882e-03
6.526637244739961867e-03
6.453257652029878444e-03
6.377657107044734305e-03
6.299961664425861307e-03
6.220310086076777378e-03
6.138849652836213082e-03
6.055732908948268517e-03
5.971115116941027971e-03
5.885152259041601802e-03
5.797999463010331325e-03
5.709809760605111598e-03
5.620733109040101753e-03
5.530915622246124382e-03
5.440498970950348109e-03
5.349619919759563552e-03
5.258409976372046928e-03
5.166995133271512497e-03
5.075495686254183000e-03
4.984026117209202321e-03
4.892695030905635546e-03
4.801605137349555796e-03
4.710853272746306532e-03
4.620530453117526436e-03
4.530721955601364238e-03
4.441507423088748852e-03
4.352960988488267270e-03
4.265151415307944296e-03
4.178142251718340756e-03
4.091991995511381347e-03
4.006754267722765356e-03
3.922477992890688672e-03
3.839207584174984290e-03
3.756983131727418667e-03
3.675840592917090956e-03
3.595811983139493833e-03
3.516925566126314403e-03
3.439206042765413380e-03
3.362674737586512658e-03
3.287349782211111595e-03
3.213246295080017609e-03
3.140376556989607926e-03
3.068750181937188268e-03
2.998374282956880413e-03
2.929253632608990951e-03
2.861390817923325103e-03
2.794786389628461064e-03
2.729439005517405280e-03
2.665345567928454219e-03
2.602501355271741399e-03
2.540900147635637239e-03
2.480534346507064312e-03
2.421395088661068302e-03
2.363472354346923907e-03
2.306755069841767529e-03
2.251231204543744160e-03
2.196887862713226610e-03
2.143711370044963389e-03
2.091687355225598129e-03
2.040800826651150476e-03
1.991036244478625560e-03
1.942377588198667196e-03
1.894808419910494609e-03
1.848311943473564083e-03
1.802871059737761123e-03
1.758468418006015445e-03
1.715086463937036789e-03
1.672707484037435841e-03
1.631313646934020797e-03
1.590887041579381461e-03
1.551409712566382106e-03
1.512863692689739260e-03
1.475231032930517713e-03
1.438493829993515863e-03
1.402634251540189761e-03
1.367634559260941761e-03
1.333477129908765182e-03
1.300144474419249151e-03
1.267619255244073918e-03
1.235884301992751797e-03
1.204922625516991700e-03
1.174717430510990391e-03
1.145252126751215242e-03
1.116510339044821110e-03
1.088475915993007128e-03
1.061132937643991100e-03
1.034465722108538800e-03
1.008458831222675814e-03
9.830970753190420696e-04
9.583655171795836406e-04
9.342494752201479071e-04
9.107345259823298057e-04
8.878065059675101754e-04
8.654515128812647392e-04
8.436559063261802422e-04
8.224063079936657543e-04
8.016896013903559862e-04
7.814929311503476415e-04
7.618037019564990282e-04
7.426095771186061369e-04
7.238984768257860497e-04
7.056585761238417338e-04
6.878783026207846082e-04
6.705463339703959889e-04
6.536515951426223516e-04
6.371832555063601435e-04
6.211307257555801018e-04
6.054836546796688512e-04
5.902319258181840328e-04
5.753656539968042940e-04
5.608751817749726368e-04
5.467510758099382393e-04
5.329841231545401868e-04
5.195653275032166476e-04
5.064859053918492615e-04
4.937372823655970019e-04
4.813110891240305299e-04
4.691991576523815515e-04
4.573935173436200949e-04
4.458863911252845509e-04
4.346701915905136471e-04
4.237375171450273614e-04
4.130811481694083133e-04
4.026940432127668512e-04
3.925693352069146362e-04
3.827003277194017785e-04
3.730804912389580662e-04
3.637034595043026606e-04
3.545630258719774798e-04
3.456531397319129628e-04
3.369679029702083990e-04
3.285015664800783179e-04
3.202485267258320866e-04
3.122033223575598000e-04
3.043606308827064206e-04
2.967152653886914585e-04
2.892621713256381751e-04
2.819964233435800420e-04
2.749132221858186821e-04
2.680078916415595878e-04
2.612758755567001615e-04
2.547127349008718026e-04
2.483141448916635760e-04
2.420758921810322478e-04
2.359938720934788006e-04
2.300640859263764859e-04
2.242826383045585874e-04
2.186457345908126898e-04
2.131496783571985539e-04
2.077908689050411944e-04
2.025657988452464725e-04
1.974710517309023923e-04
1.925032997428803203e-04
1.876593014297264891e-04
1.829358994988396800e-04
1.783300186588193442e-04
1.738386635139649880e-04
1.694589165065052264e-04
1.651879359092342698e-04
1.610229538653173574e-04
1.569612744766607504e-04
1.530002719371878614e-04
1.491373887128578327e-04
1.453701337651313761e-04
1.416960808199433958e-04
1.381128666782606201e-04
1.346181895689623658e-04
1.312098075431498056e-04
1.278855369086539292e-04
1.246432507046779030e-04
1.214808772133691458e-04
1.183963985115103675e-04
1.153878490569908914e-04
1.124533143129982383e-04
1.095909294064931856e-04
1.067988778217866580e-04
1.040753901273805100e-04
1.014187427367814313e-04
9.882725669908753118e-05
9.629929652409804854e-05
9.383326903602285112e-05
9.142762225639052931e-05
8.908084431941064546e-05
8.679146241273721376e-05
8.455804174563919830e-05
8.237918454791817160e-05
8.025352909196307788e-05
7.817974874081611773e-05
7.615655102312252349e-05
7.418267673095724430e-05
7.225689904254011550e-05
7.037802266717116883e-05
6.854488301373258107e-05
6.675634538112212185e-05
6.501130416961476614e-05
6.330868211430869198e-05
6.164742953724870690e-05
6.002652362174922218e-05
5.844496770403276244e-05
5.690179058495554987e-05
5.539604585938110126e-05
5.392681126427689199e-05
5.249318804319115322e-05
5.109430032889481242e-05
4.972929454120096328e-05
4.839733880298022960e-05
4.709762236841076116e-05
4.582935507003198163e-05
4.459176677894362360e-05
4.338410687926657597e-05
4.220564375663962285e-05
4.105566430211846020e-05
3.993347342632990295e-05
3.883839359018398710e-05
3.776976434422685817e-05
3.672694188440340509e-05
3.570929861634608040e-05
3.471622273342643360e-05
3.374711780462498982e-05
3.280140237505705416e-05
3.187850957539821678e-05
3.097788674358810873e-05
3.009899505468572166e-05
2.924130916225602743e-05
2.840431684851523682e-05
2.758751868430089506e-05
2.679042769731967464e-05
2.601256905018609308e-05
2.525347972628837074e-05
2.451270822444477290e-05
2.378981426227942423e-05
2.308436848538964652e-05
2.239595218752860769e-05
2.172415703473435479e-05
2.106858479955905423e-05
2.042884710069351684e-05
1.980456515053109144e-05
1.919536950861238278e-05
1.860089984239130564e-05
1.802080469325301074e-05
1.745474125038807520e-05
1.690237512902573798e-05
1.636338015521849809e-05
1.583743815678990746e-05
1.532423875880425265e-05
1.482347918510471087e-05
1.433486406531172438e-05
1.385810524593516313e-05
1.339292160761503682e-05
1.293903888620928484e-05
1.249618949950381691e-05
1.206411237746425255e-05
1.164255279798794864e-05
1.123126222592827444e-05
1.082999815739109253e-05
1.043852396716787547e-05
1.005660876087624203e-05
9.684027230783350302e-06
9.320559514594346562e-06
8.965991059714234349e-06
8.620112489145726668e-06
8.282719472055845549e-06
7.953612597162905849e-06
7.632597250038402321e-06
7.319483492790119760e-06
7.014085947353449331e-06
6.716223681989621622e-06
6.425720100172641211e-06
6.142402832916072009e-06
5.866103633266855601e-06
5.596658274359214995e-06
5.333906449352140262e-06
5.077691674306015824e-06
4.827861193355427009e-06
4.584265886780340551e-06
4.346760180922797091e-06
4.115201960595550049e-06
3.889452483858413991e-06
3.669376298867792630e-06
3.454841163082216269e-06
3.245717963867278039e-06
3.041880642303011979e-06
2.843206117574801855e-06
2.649574214364116873e-06
2.460867591733618077e-06
2.276971673470303206e-06
2.097774580867141259e-06
1.923167066734307929e-06
1.753042451297395521e-06
1.587296559448649573e-06
1.425827659997907973e-06
1.268536406225307735e-06
1.115325778062905596e-06
9.661010253161217629e-07
8.207696131446875568e-07
6.792411680728542976e-07
5.414274258095901483e-07
4.072421802466302185e-07
2.766012341008976166e-07
1.494223500029048981e-07
2.562520367249581111e-08
-9.486866244567205516e-08
-2.121358835167615003e-07
-3.262513167657584509e-07
-4.372880834756409766e-07
-5.453176110150106198e-07
-6.504096731855098409e-07
-7.526324297895741565e-07
-8.520524652572681571e-07
-9.487348260579910874e-07
-1.042743057644220441e-06
-1.134139239923962394e-06
-1.222984022341739931e-06
-1.309336657582530809e-06
-1.393255035178465301e-06
-1.474795713422127192e-06
-1.554013951054268305e-06
-1.630963738170879045e-06
-1.705697825948668727e-06
-1.778267756251416227e-06
-1.848723889793344319e-06
-1.917115434290922900e-06
-1.983490471430798412e-06
-2.047895983465423271e-06
-2.110377879035202753e-06
-2.170981018394607255e-06
-2.229749237962841624e-06
-2.286725374372859659e-06
-2.341951287748098004e-06
-2.395467884819160636e-06
-2.447315140950388463e-06
-2.497532121988184386e-06
-2.546157005480100040e-06
-2.593227101267947815e-06
-2.638778872051080381e-06
-2.682847952415600793e-06
-2.725469168798010028e-06
-2.766676557807797217e-06
-2.806503384758692213e-06
-2.844982161284136626e-06
-2.882144663092408568e-06
-2.918021946843080736e-06
-2.952644366673714876e-06
-2.986041590616809994e-06
-3.018242616300295381e-06
-3.049275786375528469e-06
-3.079168803695292615e-06
-3.107948745941721100e-06
-3.135642080009606055e-06
-3.162274676130661848e-06
-3.187871821397012560e-06
-3.212458233286888528e-06
-3.236058072575616673e-06
-3.258694956167636870e-06
-3.280391969526718495e-06
-3.301171678712798354e-06
-3.321056142371259406e-06
-3.340066923222192391e-06
-3.358225099325562174e-06
-3.375551275257320444e-06
-3.392065592759966229e-06
-3.407787741236462914e-06
-3.422736968115642571e-06
-3.436932088848685094e-06
-3.450391496742540947e-06
-3.463133172264559287e-06
-3.475174692811588307e-06
-3.486533241578038766e-06
-3.497225616333036323e-06
-3.507268238477563581e-06
-3.516677161239242113e-06
-3.525468078055100756e-06
-3.533656330785183369e-06
-3.541256917395701792e-06
-3.548284499983146663e-06
-3.554753412092001992e-06
-3.560677666179760868e-06
-3.566070960799069439e-06
-3.570946687682158867e-06
-3.575317938639823225e-06
-3.579197512092844389e-06
-3.582597919895574692e-06
-3.585531393553655539e-06
-3.588009890561039767e-06
-3.590045100533680364e-06
-3.591648451096954935e-06
-3.592831113871202006e-06
-3.593604010033174607e-06
-3.593977816003522616e-06
-3.593962968827256153e-06
-3.593569671494982743e-06
-3.592807898197646450e-06
-3.591687399330831572e-06
-3.590217706553323439e-06
-3.588408137569265434e-06
-3.586267800891034567e-06
-3.583805600446529811e-06
-3.581030240214950812e-06
-3.577950228483278632e-06
-3.574573882302455096e-06
-3.570909331711343404e-06
-3.566964523763687508e-06
-3.562747226651444357e-06
-3.558265033655478974e-06
-3.553525366971482260e-06
-3.548535481443042544e-06
-3.543302468400700030e-06
-3.537833259014376140e-06
-3.532134628062594323e-06
-3.526213197240541394e-06
-3.520075438514730938e-06
-3.513727677493839950e-06
-3.507176096550331880e-06
-3.500426738061733651e-06
-3.493485507385244704e-06
-3.486358175924740798e-06
-3.479050384069572618e-06
-3.471567644007703215e-06
-3.463915342604589197e-06
-3.456098744081030488e-06
-3.448122992730701061e-06
-3.439993115606435573e-06
-3.431714024886955888e-06
-3.423290520630702245e-06
-3.414727293080329540e-06
-3.406028925059388317e-06
-3.397199894397643527e-06
-3.388244576160887490e-06
-3.379167244871497328e-06
-3.369972076780104063e-06
-3.360663151972678129e-06
-3.351244456383631070e-06
-3.341719884028508844e-06
-3.332093238816106154e-06
-3.322368236635014378e-06
-3.312548507234935953e-06
-3.302637596031906831e-06
-3.292638966119067987e-06
-3.282555999822005108e-06
-3.272392000702203434e-06
-3.262150195050035233e-06
-3.251833733707613241e-06
-3.241445693669801095e-06
-3.230989079659401117e-06
-3.220466825734182491e-06
-3.209881796810966282e-06
-3.199236790171437406e-06
-3.188534536912270970e-06
-3.177777703415837693e-06
-3.166968892740992197e-06
-3.156110645966639631e-06
-3.145205443588312158e-06
-3.134255706799387605e-06
-3.123263798825906665e-06
-3.112232026092487058e-06
-3.101162639577796062e-06
-3.090057835916493360e-06
-3.078919758599261583e-06
-3.067750499195806689e-06
-3.056552098419604634e-06
-3.045326547235950491e-06
-3.034075787916366232e-06
-3.022801715195704491e-06
-3.011506177214236815e-06
-3.000190976534067793e-06
-2.988857871198207030e-06
-2.977508575649367384e-06
-2.966144761604787370e-06
-2.954768059168803430e-06
-2.943380057560297926e-06
-2.931982306107806146e-06
-2.920576315060809968e-06
-2.909163556474888142e-06
-2.897745465031007631e-06
-2.886323438853445732e-06
-2.874898840286315581e-06
-2.863472996686230167e-06
-2.852047201225186233e-06
-2.840622713556535033e-06
