7.326334671594915856e-06
-9.904521168674716020e-04
8.790652807487251444e-06
7.357474555322530063e-04
1.257404315437259806e-03
1.624736747239602765e-03
1.884644629389078171e-03
2.070951640345158103e-03
2.206628979143014039e-03
2.307149277350718005e-03
2.382976836738182839e-03
2.441227302788232661e-03
2.486761033104931649e-03
2.522909871893569758e-03
2.551965268682985805e-03
2.575508666003387646e-03
2.594636305354311272e-03
2.610112727376479730e-03
2.622475822181898498e-03
2.632108818861289730e-03
2.639289644365645435e-03
2.644224755171185274e-03
2.647072297778241181e-03
2.647957927910401122e-03
2.646985577459959327e-03
2.644244745821688284e-03
2.639815403097744637e-03
2.633771255861136560e-03
2.626181893811188692e-03
2.617114175082784887e-03
2.606633096757408636e-03
2.594802320274542783e-03
2.581684468061863028e-03
2.567341270913551469e-03
2.551833620085027041e-03
2.535221560566049571e-03
2.517564249843380706e-03
2.498919898242240624e-03
2.479345701249801703e-03
2.458897770441894563e-03
2.437631067060682093e-03
2.415599340595099478e-03
2.392855073608887370e-03
2.369449433373424854e-03
2.345432230367760617e-03
2.320851883522889042e-03
2.295755391860877532e-03
2.270188312167748489e-03
2.244194742277182998e-03
2.217817309546302185e-03
2.191097164133697876e-03
2.164073976708468308e-03
2.136785940225401428e-03
2.109269775450198399e-03
2.081560739921427608e-03
2.053692640094583865e-03
2.025697846360726643e-03
1.997607310741646158e-03
1.969450586977808133e-03
1.941255852833589793e-03
1.913049934372688813e-03
1.884858332021429987e-03
1.856705248226230313e-03
1.828613616506980215e-03
1.800605131747450667e-03
1.772700281541781742e-03
1.744918378439775210e-03
1.717277592933389796e-03
1.689794987047152667e-03
1.662486548388303646e-03
1.635367224513718798e-03
1.608450957521366000e-03
1.581750718714658357e-03
1.555278543264532751e-03
1.529045564739440902e-03
1.503062049439456323e-03
1.477337430427170910e-03
1.451880341195496346e-03
1.426698648878223187e-03
1.401799486976009444e-03
1.377189287499841009e-03
1.352873812516466965e-03
1.328858185025081663e-03
1.305146919149799325e-03
1.281743949592872335e-03
1.258652660339313906e-03
1.235875912574088123e-03
1.213416071815064026e-03
1.191275034218061430e-03
1.169454252071084168e-03
1.147954758459383481e-03
1.126777191091968234e-03
1.105921815308649313e-03
1.085388546248530197e-03
1.065176970199835762e-03
1.045286365134099477e-03
1.025715720434234582e-03
1.006463755827989798e-03
9.875289395413113912e-04
9.689095056840050894e-04
9.506034708831731170e-04
9.326086501871995709e-04
9.149226722455092381e-04
8.975429937969011968e-04
8.804669134763803626e-04
8.636915849594933685e-04
8.472140294684487281e-04
8.310311476597049716e-04
8.151397309087189550e-04
7.995364720120405611e-04
7.842179753403384721e-04
7.691807664365331136e-04
7.544213011062627728e-04
7.399359740005769653e-04
7.257211267229174510e-04
7.117730554691608031e-04
6.980880182287105620e-04
6.846622415580274311e-04
6.714919269513658969e-04
6.585732568138645245e-04
6.459024000734877495e-04
6.334755174282160391e-04
6.212887662592256723e-04
6.093383052178621192e-04
5.976202985040330023e-04
5.861309198515092262e-04
5.748663562340269179e-04
5.638228113029177067e-04
5.529965085756966816e-04
5.423836943813860638e-04
5.319806405789146049e-04
5.217836470602795450e-04
5.117890440481712676e-04
5.019931942024396685e-04
4.923924945379029496e-04
4.829833781741475762e-04
4.737623159193992783e-04
4.647258176973488846e-04
4.558704338365858889e-04
4.471927562089787474e-04
4.386894192525028053e-04
4.303571008637965085e-04
4.221925231780409822e-04
4.141924532437252335e-04
4.063537035939108122e-04
3.986731327219626480e-04
3.911476454728350671e-04
3.837741933469773466e-04
3.765497747299347757e-04
3.694714350473824100e-04
3.625362668539817827e-04
3.557414098583047061e-04
3.490840508912481321e-04
3.425614238179202275e-04
3.361708094003764227e-04
3.299095351133624499e-04
3.237749749173991234e-04
3.177645489916567701e-04
3.118757234307874748e-04
3.061060099069402309e-04
3.004529653031993964e-04
2.949141913169503622e-04
2.894873340378475686e-04
2.841700835035093219e-04
2.789601732332718290e-04
2.738553797437600235e-04
2.688535220466188743e-04
2.639524611309775016e-04
2.591500994346865425e-04
2.544443803006181371e-04
2.498332874245012239e-04
2.453148442940575216e-04
2.408871136203770088e-04
2.365481967612414137e-04
2.322962331441472985e-04
2.281293996791047103e-04
2.240459101733516451e-04
2.200440147417974054e-04
2.161219992173353652e-04
2.122781845593065203e-04
2.085109262643760665e-04
2.048186137771182175e-04
2.011996699034452663e-04
1.976525502249092657e-04
1.941757425181706910e-04
1.907677661748474686e-04
1.874271716298332767e-04
1.841525397881342563e-04
1.809424814623949258e-04
1.777956368102039488e-04
1.747106747816229520e-04
1.716862925688406776e-04
1.687212150630844061e-04
1.658141943185556261e-04
1.629640090210687840e-04
1.601694639659283844e-04
1.574293895388838153e-04
1.547426412079521893e-04
1.521080990193361075e-04
1.495246671023611176e-04
1.469912731803330800e-04
1.445068680905653078e-04
1.420704253091051544e-04
1.396809404853323713e-04
1.373374309830911646e-04
1.350389354292641628e-04
1.327845132697190933e-04
1.305732443335615601e-04
1.284042284037115655e-04
1.262765847958795902e-04
1.241894519446006667e-04
1.221419869969808713e-04
1.201333654133437181e-04
1.181627805752299255e-04
1.162294434018580646e-04
1.143325819715538497e-04
1.124714411528458222e-04
1.106452822401914185e-04
1.088533825992621233e-04
1.070950353170058476e-04
1.053695488591853283e-04
1.036762467356883871e-04
1.020144671709436428e-04
1.003835627825329011e-04
9.878290026488639210e-05
9.721186008023522372e-05
9.566983615570941808e-05
9.415623558659272569e-05
9.267047834552805596e-05
9.121199699892692983e-05
8.978023642720317087e-05
8.837465355278127470e-05
8.699471707332593012e-05
8.563990719960890333e-05
8.430971540092172532e-05
8.300364415401682036e-05
8.172120669835163033e-05
8.046192679700354998e-05
7.922533850139976315e-05
7.801098592282122832e-05
7.681842300779131993e-05
7.564721331841331052e-05
7.449692981787353402e-05
7.336715466067366288e-05
7.225747898704477999e-05
7.116750272250107036e-05
7.009683438141958917e-05
6.904509087466624518e-05
6.801189732290335594e-05
6.699688687152099899e-05
6.599970051299438906e-05
6.501998690970064521e-05
6.405740222399063241e-05
6.311160994946624612e-05
6.218228074754367045e-05
6.126909228751107402e-05
6.037172908899622305e-05
5.948988237021916008e-05
5.862324989741978507e-05
5.777153583920589168e-05
5.693445062312256423e-05
5.611171079677356377e-05
5.530303889041239746e-05
5.450816328447751267e-05
5.372681807864311743e-05
5.295874296452195992e-05
5.220368310149230406e-05
5.146138899446659620e-05
5.073161637573252381e-05
5.001412608830493699e-05
4.930868397249976140e-05
4.861506075499728678e-05
4.793303194074773212e-05
4.726237770672051018e-05
4.660288279854467975e-05
4.595433642932285052e-05
4.531653218105386144e-05
4.468926790771361740e-05
4.407234564126850322e-05
4.346557149932917506e-05
4.286875559515464473e-05
4.228171194942309172e-05
4.170425840459127570e-05
4.113621654069555845e-05
4.057741159308239903e-05
4.002767237256366718e-05
3.948683118663583684e-05
3.895472376321572133e-05
3.843118917550642828e-05
3.791606976907611708e-05
3.740921109026020116e-05
3.691046181648165983e-05
3.641967368805722205e-05
3.593670144102193456e-05
3.546140274271816772e-05
3.499363812754282676e-05
3.453327093508547950e-05
3.408016724915571973e-05
3.363419583833884889e-05
3.319522809816056135e-05
3.276313799416628967e-05
3.233780200643070744e-05
3.191909907553144713e-05
3.150691054948607736e-05
3.110112013209713353e-05
3.070161383225730435e-05
3.030827991456048909e-05
2.992100885108564979e-05
2.953969327396412499e-05
2.916422792951367995e-05
2.879450963297341829e-05
2.843043722432970935e-05
2.807191152543125570e-05
2.771883529760344923e-05
2.737111320093606458e-05
2.702865175360686002e-05
2.669135929260309771e-05
2.635914593546960020e-05
2.603192354254884835e-05
2.570960568036872757e-05
2.539210758573433801e-05
2.507934613024486961e-05
2.477123978658404553e-05
2.446770859438238032e-05
2.416867412786666738e-05
2.387405946335595698e-05
2.358378914826292862e-05
2.329778917016711562e-05
2.301598692706360801e-05
2.273831119784098631e-05
2.246469211359212252e-05
2.219506112988212492e-05
2.192935099908465191e-05
2.166749574351777767e-05
2.140943062958334777e-05
2.115509214161231957e-05
2.090441795737360754e-05
2.065734692315424178e-05
2.041381902986776705e-05
2.017377538975109573e-05
1.993715821329833371e-05
1.970391078688275602e-05
1.947397745076665583e-05
1.924730357767533777e-05
1.902383555192546373e-05
1.880352074867197657e-05
1.858630751397989162e-05
1.837214514512026725e-05
1.816098387144927294e-05
1.795277483538906062e-05
1.774747007431612327e-05
1.754502250235805209e-05
1.734538589286176375e-05
1.714851486118675110e-05
1.695436484778760247e-05
1.676289210186387714e-05
1.657405366508112480e-05
1.638780735582770761e-05
1.620411175367884711e-05
1.602292618461890458e-05
1.584421070578858771e-05
1.566792609135329685e-05
1.549403381818328424e-05
1.532249605193528659e-05
1.515327563372455140e-05
1.498633606653550117e-05
1.482164150244789545e-05
1.465915672985390601e-05
1.449884716095715736e-05
1.434067881963658264e-05
1.418461832947860368e-05
1.403063290216587965e-05
1.387869032591604596e-05
1.372875895445802092e-05
1.358080769589763228e-05
1.343480600214685101e-05
1.329072385831617581e-05
1.314853177247297646e-05
1.300820076558968099e-05
1.286970236162589571e-05
1.273300857795299760e-05
1.259809191577442881e-05
1.246492535112433346e-05
1.233348232553248038e-05
1.220373673721005348e-05
1.207566293249455465e-05
1.194923569726779972e-05
1.182443024845922257e-05
1.170122222621041551e-05
1.157958768554505995e-05
1.145950308875338193e-05
1.134094529761872073e-05
1.122389156598443696e-05
1.110831953226312076e-05
1.099420721237096658e-05
1.088153299256595200e-05
1.077027562258815841e-05
1.066041420885072210e-05
1.055192820778590943e-05
1.044479741934491647e-05
1.033900198067971473e-05
1.023452235980297402e-05
1.013133934954790093e-05
1.002943406154221782e-05
9.928787920283938079e-06
9.829382657508175245e-06
9.731200306380005395e-06
9.634223196132951866e-06
9.538433946460022874e-06
9.443815462461842682e-06
9.350350929150136228e-06
9.258023806580330524e-06
9.166817824734010289e-06
9.076716978611868041e-06
8.987705523524478740e-06
8.899767970272648437e-06
8.812889080584474890e-06
8.727053862667899433e-06
8.642247566559674470e-06
8.558455680057689343e-06
8.475663924205083632e-06
8.393858249299983353e-06
8.313024830675135591e-06
8.233150064750228433e-06
8.154220565062831800e-06
8.076223158411302477e-06
7.999144881085790736e-06
7.922972975149149060e-06
7.847694884730678491e-06
7.773298252564858938e-06
7.699770916451595100e-06
7.627100905771014703e-06
7.555276438158003597e-06
7.484285916205466278e-06
7.414117924238651631e-06
7.344761225060274675e-06
7.276204756942055426e-06
7.208437630471797152e-06
7.141449125622704890e-06
7.075228688782968800e-06
7.009765929878606700e-06
6.945050619525280200e-06
6.881072686291844656e-06
6.817822213922070088e-06
6.755289438714509933e-06
6.693464746838679688e-06
6.632338671861287876e-06
6.571901892126050579e-06
6.512145228314691412e-06
6.453059641016533788e-06
6.394636228354563188e-06
6.336866223612986972e-06
6.279740992993244208e-06
6.223252033303135463e-06
6.167390969773121044e-06
6.112149553891091334e-06
6.057519661314888822e-06
6.003493289639232789e-06
5.950062556507991193e-06
5.897219697520089064e-06
5.844957064224640807e-06
5.793267122299705704e-06
5.742142449481607451e-06
5.691575733844512834e-06
5.641559771856048115e-06
5.592087466658382889e-06
5.543151826247492103e-06
5.494745961760845073e-06
5.446863085764712487e-06
5.399496510566470200e-06
5.352639646600795637e-06
5.306286000771194229e-06
5.260429174957384205e-06
5.215062864340900500e-06
5.170180855939154314e-06
5.125777027123724309e-06
5.081845344092703883e-06
5.038379860498758527e-06
4.995374715951337783e-06
4.952824134661201459e-06
4.910722424073966597e-06
4.869063973481495209e-06
4.827843252784072514e-06
4.787054811097783134e-06
4.746693275553653845e-06
4.706753349983803836e-06
4.667229813749838048e-06
4.628117520464631264e-06
4.589411396901712201e-06
4.551106441733481723e-06
4.513197724444173962e-06
4.475680384165434193e-06
4.438549628586088325e-06
4.401800732894187745e-06
4.365429038693906588e-06
4.329429952892075428e-06
4.293798946787858024e-06
4.258531554948465860e-06
4.223623374270025608e-06
4.189070063023399900e-06
