1.459394888552976821e-06
8.018770503363211941e-03
7.845938432752518066e-03
7.596748535117736970e-03
7.486497168978660001e-03
7.431663063722193999e-03
7.392774836053815982e-03
7.355773766800609466e-03
7.316328374204990326e-03
7.273457729920889021e-03
7.227213338939204521e-03
7.177885765313328503e-03
7.125758491896022444e-03
7.071050382203009424e-03
7.013917910629823872e-03
6.954472198912564108e-03
6.892796225309085270e-03
6.828958308941771027e-03
6.763021559621324244e-03
6.695050004709449977e-03
6.625112247120500120e-03
6.553283386548261306e-03
6.479645764266512079e-03
6.404288938297023580e-03
6.327309175512096755e-03
6.248808658583382934e-03
6.168894542209673280e-03
6.087677948424172203e-03
6.005272959789084881e-03
5.921795647923860928e-03
5.837363160223924333e-03
5.752092877733487770e-03
5.666101650520893006e-03
5.579505112511646062e-03
5.492417074876437821e-03
5.404948995277410531e-03
5.317209519152499460e-03
5.229304088625930970e-03
5.141334614277428411e-03
5.053399204960578976e-03
4.965591950837728967e-03
4.878002754976851207e-03
4.790717208981882039e-03
4.703816508380359931e-03
4.617377403687799968e-03
4.531472183327350627e-03
4.446168684802592579e-03
4.361530330765158066e-03
4.277616186868122249e-03
4.194481038485125581e-03
4.112175483642040510e-03
4.030746039688096541e-03
3.950235261444497853e-03
3.870681868770985655e-03
3.792120881667891859e-03
3.714583761229675249e-03
3.638098554892344946e-03
3.562690044627871578e-03
3.488379896830514585e-03
3.415186812836012650e-03
3.343126679090288426e-03
3.272212716148163378e-03
3.202455625769408832e-03
3.133863735475861390e-03
3.066443140052913571e-03
3.000197839547370880e-03
2.935129873378145276e-03
2.871239450285209549e-03
2.808525073856394608e-03
2.746983663482351241e-03
2.686610670578293714e-03
2.627400190026228047e-03
2.569345066764071490e-03
2.512436997531210248e-03
2.456666627791337723e-03
2.402023643867769523e-03
2.348496860378167413e-03
2.296074303052043908e-03
2.244743287025480639e-03
2.194490490752213068e-03
2.145302025636048812e-03
2.097163501548922598e-03
2.050060088347268987e-03
2.003976573563760483e-03
1.958897416401235349e-03
1.914806798200067257e-03
1.871688669515932102e-03
1.829526793983555057e-03
1.788304789084253560e-03
1.748006163996462326e-03
1.708614354663656526e-03
1.670112756221689724e-03
1.632484752924090498e-03
1.595713745707100575e-03
1.559783177517695338e-03
1.524676556539390077e-03
1.490377477429117269e-03
1.456869640687250824e-03
1.424136870276675269e-03
1.392163129587894533e-03
1.360932535862907893e-03
1.330429373175357312e-03
1.300638104049478896e-03
1.271543379823572312e-03
1.243130049829668880e-03
1.215383169473038035e-03
1.188288007288025019e-03
1.161830051046852056e-03
1.135995012976827399e-03
1.110768834163113625e-03
1.086137688192162151e-03
1.062087984089754534e-03
1.038606368611903882e-03
1.015679727938919447e-03
9.932951888174763530e-04
9.714401191948493670e-04
9.501021283919909187e-04
9.292690668475845793e-04
9.089290254781465543e-04
8.890703346772284733e-04
8.696815629963207568e-04
8.507515155350373623e-04
8.322692320595624941e-04
8.142239848921091526e-04
7.966052765763425919e-04
7.794028373575041932e-04
7.626066224910207350e-04
7.462068093956622733e-04
7.301937946796190591e-04
7.145581910443790045e-04
6.992908240919998080e-04
6.843827290419993853e-04
6.698251473808896966e-04
6.556095234427217070e-04
6.417275009494588121e-04
6.281709195004852447e-04
6.149318110457383663e-04
6.020023963266179275e-04
5.893750813129294266e-04
5.770424536265859970e-04
5.649972789721666817e-04
5.532324975752499555e-04
5.417412206305771650e-04
5.305167267689960865e-04
5.195524585512814207e-04
5.088420189830014954e-04
4.983791680656552174e-04
4.881578193783345731e-04
4.781720366979825046e-04
4.684160306597501657e-04
4.588841554577594104e-04
4.495709055925197492e-04
4.404709126637107084e-04
4.315789422095442796e-04
4.228898905942239336e-04
4.143987819511268543e-04
4.061007651692607480e-04
3.979911109375316677e-04
3.900652088389378286e-04
3.823185644971022006e-04
3.747467967795269799e-04
3.673456350492760106e-04
3.601109164755824559e-04
3.530385833921364830e-04
3.461246807152269789e-04
3.393653534092865910e-04
3.327568440100785933e-04
3.262954901964041851e-04
3.199777224180327191e-04
3.138000615722177401e-04
3.077591167326225430e-04
3.018515829294623576e-04
2.960742389786387560e-04
2.904239453612262527e-04
2.848976421509858076e-04
2.794923469908786842e-04
2.742051531146835514e-04
2.690332274191423395e-04
2.639738085777456949e-04
2.590242052021956274e-04
2.541817940472149411e-04
2.494440182585366968e-04
2.448083856652403080e-04
2.402724671111115698e-04
2.358338948297925561e-04
2.314903608584150568e-04
2.272396154919310873e-04
2.230794657743446813e-04
2.190077740304125311e-04
2.150224564307408478e-04
2.111214815969734147e-04
2.073028692400635559e-04
2.035646888326181066e-04
1.999050583181864662e-04
1.963221428496605893e-04
1.928141535637450271e-04
1.893793463839967797e-04
1.860160208568884302e-04
1.827225190170508981e-04
1.794972242823817624e-04
1.763385603763439381e-04
1.732449902816415161e-04
1.702150152173964983e-04
1.672471736454331627e-04
1.643400403021788461e-04
1.614922252556748219e-04
1.587023729870011340e-04
1.559691614966429057e-04
1.532913014344578319e-04
1.506675352510329483e-04
1.480966363733192610e-04
1.455774084014751059e-04
1.431086843261055743e-04
1.406893257668620479e-04
1.383182222321997236e-04
1.359942903962517902e-04
1.337164733977800203e-04
1.314837401547779092e-04
1.292950847005696388e-04
1.271495255342587280e-04
1.250461049907222472e-04
1.229838886264096641e-04
1.209619646212006073e-04
1.189794431973078740e-04
1.170354560523309431e-04
1.151291558083133830e-04
1.132597154744215785e-04
1.114263279254745759e-04
1.096282053924392097e-04
1.078645789686020470e-04
1.061346981266282678e-04
1.044378302501119363e-04
1.027732601771029117e-04
1.011402897549398605e-04
9.953823740862386890e-05
9.796643771903208514e-05
9.642424101304813901e-05
9.491101296435494475e-05
9.342613420496152538e-05
9.196899994717043297e-05
9.053901961528828396e-05
8.913561648666846983e-05
8.775822734357267396e-05
8.640630213265526496e-05
8.507930363461387426e-05
8.377670714173704480e-05
8.249800014498101400e-05
8.124268202794474654e-05
8.001026377033511078e-05
7.880026765764491304e-05
7.761222700067176071e-05
7.644568585967026334e-05
7.530019877800371499e-05
7.417533052192311805e-05
7.307065582700200223e-05
7.198575915165514956e-05
7.092023443622910196e-05
6.987368486976604210e-05
6.884572266204562452e-05
6.783596882137778107e-05
6.684405293816006661e-05
6.586961297520565757e-05
6.491229506211179255e-05
6.397175329558071324e-05
6.304764954522451342e-05
6.213965326370168743e-05
6.124744130253203839e-05
6.037069773161680671e-05
5.950911366517234232e-05
5.866238709018412685e-05
5.783022270043644097e-05
5.701233173476605634e-05
5.620843181901549637e-05
5.541824681261596226e-05
5.464150665842981122e-05
5.387794723715669238e-05
5.312731022500063750e-05
5.238934295486063266e-05
5.166379828168819895e-05
5.095043445087130672e-05
5.024901496947408510e-05
4.955930848204293361e-05
4.888108864834181567e-05
4.821413402441867516e-05
4.755822794753592923e-05
4.691315842307547623e-05
4.627871801432835902e-05
4.565470373593382569e-05
4.504091694890636024e-05
4.443716325909166523e-05
4.384325241788979252e-05
4.325899822538229578e-05
4.268421843606415842e-05
4.211873466681362321e-05
4.156237230718212646e-05
4.101496043209298384e-05
4.047633171632005156e-05
3.994632235160721267e-05
3.942477196530458768e-05
3.891152354161142460e-05
3.840642334419009832e-05
3.790932084105113394e-05
3.742006863125911379e-05
3.693852237333100375e-05
3.646454071546358962e-05
3.599798522748479487e-05
3.553872033446004667e-05
3.508661325183922537e-05
3.464153392250924837e-05
3.420335495476592875e-05
3.377195156265613694e-05
3.334720150691314978e-05
3.292898503791747897e-05
3.251718483970100689e-05
3.211168597564596089e-05
3.171237583513259828e-05
3.131914408176174927e-05
3.093188260256212032e-05
3.055048545872182322e-05
3.017484883731686522e-05
2.980487100422083349e-05
2.944045225801785953e-05
2.908149488535870079e-05
2.872790311722938841e-05
2.837958308598335664e-05
2.803644278375642124e-05
2.769839202172680887e-05
2.736534239040618808e-05
2.703720722083007325e-05
2.671390154649297026e-05
2.639534206659689762e-05
2.608144710977981280e-05
2.577213659884290716e-05
2.546733201635110382e-05
2.516695637104511129e-05
2.487093416472653830e-05
2.457919136057379968e-05
2.429165535156006941e-05
2.400825492980068632e-05
2.372892025687257749e-05
2.345358283442415640e-05
2.318217547583567743e-05
2.291463227815951107e-05
2.265088859509270826e-05
2.239088101027891158e-05
2.213454731141287413e-05
2.188182646471603310e-05
2.163265859038176995e-05
2.138698493806929720e-05
2.114474786347463560e-05
2.090589080514176581e-05
2.067035826167037450e-05
2.043809576995226772e-05
2.020904988328814259e-05
1.998316815046399981e-05
1.976039909504749011e-05
1.954069219533703834e-05
1.932399786459459496e-05
1.911026743161546592e-05
1.889945312232634237e-05
1.869150804101018509e-05
1.848638615253398937e-05
1.828404226455743385e-05
1.808443201060816276e-05
1.788751183301309967e-05
1.769323896672685037e-05
1.750157142292319408e-05
1.731246797369745839e-05
1.712588813631966850e-05
1.694179215845156923e-05
1.676014100337644392e-05
1.658089633561656617e-05
1.640402050682134629e-05
1.622947654220076378e-05
1.605722812693736640e-05
1.588723959298962222e-05
1.571947590637695218e-05
1.555390265455534440e-05
1.539048603398918870e-05
1.522919283825942532e-05
1.506999044623145513e-05
1.491284681041559412e-05
1.475773044594090831e-05
1.460461041926489992e-05
1.445345633746321785e-05
1.430423833778487580e-05
1.415692707710199272e-05
1.401149372199006294e-05
1.386790993870269777e-05
1.372614788351971561e-05
1.358618019325770139e-05
1.344797997595751625e-05
1.331152080194605016e-05
1.317677669470739717e-05
1.304372212237307623e-05
1.291233198907407887e-05
1.278258162675983542e-05
1.265444678682765751e-05
1.252790363228488470e-05
1.240292872977514844e-05
1.227949904215177352e-05
1.215759192072451110e-05
1.203718509809544417e-05
1.191825668077937563e-05
1.180078514233947497e-05
1.168474931642374419e-05
1.157012838995089183e-05
1.145690189658471663e-05
1.134504971019230943e-05
1.123455203855385775e-05
1.112538941703053074e-05
1.101754270263387803e-05
1.091099306799422500e-05
1.080572199543122532e-05
1.070171127137721795e-05
1.059894298067357492e-05
1.049739950111517727e-05
1.039706349806449001e-05
1.029791791914173953e-05
1.019994598916240609e-05
1.010313120494309241e-05
1.000745733043446725e-05
9.912908391846804291e-06
9.819468672858286238e-06
9.727122709948818896e-06
9.635855287900815778e-06
9.545651435215115081e-06
9.456496419750875902e-06
9.368375744497206702e-06
9.281275143206710464e-06
9.195180576427584263e-06
9.110078227308790236e-06
9.025954497683971549e-06
8.942796004193325599e-06
8.860589574478632064e-06
8.779322243301636332e-06
8.698981249095158344e-06
8.619554030172528675e-06
8.541028221309619165e-06
8.463391650238844796e-06
8.386632334251851767e-06
8.310738476908526826e-06
8.235698464754073750e-06
8.161500864133601954e-06
8.088134418020313362e-06
8.015588042979876932e-06
7.943850826125621343e-06
7.872912022207552112e-06
7.802761050603082397e-06
7.733387492628145539e-06
7.664781088586730277e-06
7.596931735178383107e-06
7.529829482644649143e-06
7.463464532335677753e-06
7.397827233923045398e-06
7.332908083002933609e-06
7.268697718583415911e-06
7.205186920570011720e-06
7.142366607463908191e-06
7.080227833951229064e-06
7.018761788631343120e-06
6.957959791726716641e-06
6.897813292897229590e-06
6.838313869015891654e-06
6.779453222066428548e-06
6.721223177046023349e-06
6.663615679860834341e-06
6.606622795390726328e-06
6.550236705431194868e-06
6.494449706734610204e-06
6.439254209172854577e-06
6.384642733821217649e-06
6.330607911125315566e-06
6.277142479058193749e-06
6.224239281395697510e-06
6.171891265931091771e-06
6.120091482837509208e-06
6.068833082913631513e-06
6.018109315958232324e-06
5.967913529143521598e-06
5.918239165501949206e-06
5.869079762206979614e-06
5.820428949224911050e-06
5.772280447676226738e-06
5.724628068439853161e-06
5.677465710629563781e-06
5.630787360256857914e-06
5.584587088725013225e-06
5.538859051584299665e-06
5.493597487071550674e-06
5.448796714838957307e-06
5.404451134625556352e-06
5.360555224999410117e-06
5.317103542128642940e-06
5.274090718484055226e-06
5.231511461640216067e-06
5.189360553178028726e-06
5.147632847342293527e-06
5.106323270062818138e-06
5.065426817752205072e-06
