-3.299758050783927533e-06
1.059235084958294951e-02
1.151226024798998777e-02
1.192182085449745160e-02
1.208789329335771198e-02
1.215314897574027754e-02
1.217108246988222488e-02
1.216236529732843928e-02
1.213532425642165069e-02
1.209348307586365599e-02
1.203849394014093813e-02
1.197130293785616736e-02
1.189260994021607357e-02
1.180304362049339889e-02
1.170322281105799257e-02
1.159377394725274839e-02
1.147533256968519266e-02
1.134853973753243914e-02
1.121403732453431397e-02
1.107246350139629368e-02
1.092444873711190430e-02
1.077061233785580642e-02
1.061155946601648366e-02
1.044787858078536497e-02
1.028013925706568188e-02
1.010889035281859090e-02
9.934658502938257738e-03
9.757946921060311335e-03
9.579234491172750748e-03
9.398975129923476876e-03
9.217597399229006741e-03
9.035504347483179141e-03
8.853073556903807290e-03
8.670657374226939385e-03
8.488583302061730729e-03
8.307154528921422906e-03
8.126650576728013456e-03
7.947328045916961237e-03
7.769421439519137544e-03
7.593144049185255283e-03
7.418688887589733154e-03
7.246229653259979829e-03
7.075921715394902813e-03
6.907903107740932455e-03
6.742295521979957233e-03
6.579205292496644389e-03
6.418724365511973770e-03
6.260931246841463030e-03
6.105891923495247731e-03
5.953660755281024730e-03
5.804281333449240986e-03
5.657787304143268789e-03
5.514203155048660182e-03
5.373544964261337507e-03
5.235821110839160644e-03
5.101032946931002496e-03
4.969175431767924520e-03
4.840237728055652063e-03
4.714203761563216279e-03
4.591052744933737939e-03
4.470759666836169981e-03
4.353295747762804015e-03
4.238628863810536482e-03
4.126723939892055354e-03
4.017543313816219694e-03
3.911047072722296028e-03
3.807193363359705554e-03
3.705938677649710418e-03
3.607238115001856153e-03
3.511045622766429536e-03
3.417314216208548316e-03
3.325996179304284862e-03
3.237043247644324530e-03
3.150406774650973702e-03
3.066037882269960838e-03
2.983887597240260890e-03
2.903906973984350139e-03
2.826047205109030389e-03
2.750259720458120803e-03
2.676496275574619544e-03
2.604709030421135853e-03
2.534850619114036464e-03
2.466874211396853558e-03
2.400733566543512571e-03
2.336383080304979282e-03
2.273777825486987189e-03
2.212873586723686746e-03
2.153626889929285276e-03
2.095995026916949808e-03
2.039936075615323037e-03
1.985408916282307545e-03
1.932373244089498864e-03
1.880789578438182884e-03
1.830619269293178161e-03
1.781824500858934400e-03
1.734368292849675953e-03
1.688214499605407990e-03
1.643327807283524299e-03
1.599673729332580247e-03
1.557218600444440233e-03
1.515929569152374380e-03
1.475774589245880831e-03
1.436722410138274557e-03
1.398742566332645404e-03
1.361805366096719349e-03
1.325881879468761380e-03
1.290943925688324946e-03
1.256964060144839584e-03
1.223915560932964039e-03
1.191772415084317192e-03
1.160509304545575713e-03
1.130101591966880138e-03
1.100525306355732433e-03
1.071757128638897282e-03
1.043774377195930006e-03
1.016554993380130133e-03
9.900775270813011453e-04
9.643211223588920872e-04
9.392655031645014922e-04
9.148909591907901807e-04
8.911783318611721802e-04
8.681090004860257626e-04
8.456648685924246425e-04
8.238283504549936661e-04
8.025823578288642304e-04
7.819102869016850534e-04
7.617960054734383485e-04
7.422238403681179469e-04
7.231785650859737756e-04
7.046453877028655260e-04
6.866099390142459428e-04
6.690582609339510312e-04
6.519767951423032035e-04
6.353523719908037723e-04
6.191721996596069632e-04
6.034238535683248122e-04
5.880952660385172382e-04
5.731747162071645094e-04
5.586508201913564006e-04
5.445125214930828005e-04
5.307490816535135507e-04
5.173500711435308165e-04
5.043053604935209162e-04
4.916051116533340327e-04
4.792397695846726375e-04
4.672000540780574880e-04
4.554769517875292308e-04
4.440617084875516556e-04
4.329458215385603346e-04
4.221210325638698061e-04
4.115793203263614351e-04
4.013128938094581645e-04
3.913141854880760988e-04
3.815758447922729655e-04
3.720907317591133699e-04
3.628519108595204849e-04
3.538526450087481671e-04
3.450863897458562846e-04
3.365467875814238106e-04
3.282276625097927942e-04
3.201230146817813011e-04
3.122270152311994304e-04
3.045340012535102843e-04
2.970384709304896569e-04
2.897350788019333523e-04
2.826186311707791585e-04
2.756840816488298940e-04
2.689265268316218998e-04
2.623412021018049376e-04
2.559234775579937154e-04
2.496688540617396064e-04
2.435729594053315250e-04
2.376315445919392007e-04
2.318404802267693234e-04
2.261957530149916141e-04
2.206934623662818677e-04
2.153298170981873946e-04
2.101011322401735910e-04
2.050038259320407933e-04
2.000344164149052190e-04
1.951895191125351480e-04
1.904658438012602146e-04
1.858601918614317570e-04
1.813694536147440381e-04
1.769906057387793646e-04
1.727207087597245618e-04
1.685569046199934058e-04
1.644964143198555018e-04
1.605365356267580306e-04
1.566746408565076565e-04
1.529081747177842606e-04
1.492346522242971008e-04
1.456516566655187330e-04
1.421568376417221239e-04
1.387479091552842241e-04
1.354226477591149612e-04
1.321788907622097552e-04
1.290145344859143983e-04
1.259275325745692594e-04
1.229158943549740562e-04
1.199776832446425648e-04
1.171110152090986398e-04
1.143140572624115180e-04
1.115850260139977828e-04
1.089221862582048485e-04
1.063238496057343626e-04
1.037883731547416472e-04
1.013141582023008140e-04
9.889964899415784258e-05
9.654333150935948767e-05
9.424373228369559423e-05
9.199941726513170587e-05
8.980899070523466440e-05
8.767109408095200788e-05
8.558440505021315027e-05
8.354763643653307758e-05
8.155953524465976094e-05
7.961888170363723427e-05
7.772448833945874486e-05
7.587519907386763472e-05
7.406988834962247221e-05
7.230746028134038311e-05
7.058684783079782787e-05
6.890701200737970569e-05
6.726694108982206744e-05
6.566564987247420961e-05
6.410217893200932280e-05
6.257559391650919698e-05
6.108498485398852263e-05
5.962946548185964885e-05
5.820817259552559506e-05
5.682026541504565595e-05
5.546492497110268484e-05
5.414135350795639648e-05
5.284877390342432232e-05
5.158642910659409276e-05
5.035358158973615229e-05
4.914951281807476826e-05
4.797352273295571294e-05
4.682492925091733454e-05
4.570306777580191072e-05
4.460729072698898660e-05
4.353696707796662126e-05
4.249148191096756944e-05
4.147023598188124692e-05
4.047264529912715693e-05
3.949814071392909547e-05
3.854616752175971545e-05
3.761618507532148978e-05
3.670766640855377340e-05
3.582009787116303680e-05
3.495297877336258404e-05
3.410582104069692996e-05
3.327814887826818205e-05
3.246949844439784758e-05
3.167941753398510128e-05
3.090746526997022989e-05
3.015321180391902919e-05
2.941623802429558693e-05
2.869613527382052415e-05
2.799250507389645917e-05
2.730495885665274998e-05
2.663311770507473220e-05
2.597661209967742178e-05
2.533508167268883209e-05
2.470817496818807505e-05
2.409554920991431790e-05
2.349687007477819283e-05
2.291181147260608835e-05
2.234005533242616086e-05
2.178129139384654564e-05
2.123521700473875233e-05
2.070153692449271443e-05
2.017996313189999294e-05
1.967021463919930050e-05
1.917201731072877349e-05
1.868510368613122242e-05
1.820921280940056554e-05
1.774409006125639721e-05
1.728948699719024483e-05
1.684516118922171831e-05
1.641087607208228024e-05
1.598640079371268735e-05
1.557151006948284341e-05
1.516598404049059710e-05
1.476960813592553213e-05
1.438217293860010506e-05
1.400347405420951186e-05
1.363331198455962433e-05
1.327149200368128788e-05
1.291782403719471854e-05
1.257212254542814998e-05
1.223420640907150098e-05
1.190389881798675857e-05
1.158102716341594412e-05
1.126542293243043539e-05
1.095692160528873192e-05
1.065536255603412504e-05
1.036058895501588464e-05
1.007244767447221266e-05
9.790789196133608979e-06
9.515467521894707369e-06
9.246340086007326655e-06
8.983267670540741456e-06
8.726114321985220385e-06
8.474747270908968941e-06
8.229036853240421904e-06
7.988856433999721337e-06
7.754082332140639527e-06
7.524593748709266961e-06
7.300272695322651748e-06
7.081003926059642659e-06
6.866674869600602308e-06
6.657175564449559621e-06
6.452398594784471123e-06
6.252239028645735304e-06
6.056594357396893727e-06
5.865364436711926055e-06
5.678451429378783629e-06
5.495759749222152564e-06
5.317196006557070499e-06
5.142668955154198165e-06
4.972089440584814446e-06
4.805370349472591542e-06
4.642426560616598066e-06
4.483174896969350548e-06
4.327534078909391324e-06
4.175424678848125433e-06
4.026769076717653093e-06
3.881491416814711241e-06
3.739517565560690943e-06
3.600775070571172412e-06
3.465193120460161141e-06
3.332702505837655405e-06
3.203235581209962838e-06
3.076726227914116336e-06
2.953109817886493330e-06
2.832323178302913362e-06
2.714304557387497151e-06
2.598993590677510586e-06
2.486331268289090383e-06
2.376259903214414046e-06
2.268723099949823804e-06
2.163665724466503288e-06
2.061033874268923323e-06
1.960774849835308808e-06
1.862837126284793415e-06
1.767170326147631840e-06
1.673725192170718930e-06
1.582453561801045926e-06
1.493308341157863687e-06
1.406243480415105591e-06
1.321213949603218790e-06
1.238175715010799836e-06
1.157085715773568364e-06
1.077901841789907025e-06
1.000582911476062111e-06
9.250886505100165970e-07
8.513796707140920378e-07
7.794174499292295386e-07
7.091643118945443486e-07
6.405834068677669406e-07
5.736386928186588921e-07
5.082949167504191511e-07
4.445175965998529315e-07
3.822730039654554413e-07
3.215281465001517191e-07
2.622507514084150213e-07
2.044092489504161645e-07
1.479727564803278065e-07
9.291106281523682980e-08
3.919461310195597311e-08
-1.320550615548903472e-08
-6.431758152030325853e-08
-1.141692869884312673e-07
-1.627876974958811992e-07
-2.101993026333446123e-07
-2.564300198746723636e-07
-3.015052073121865745e-07
-3.454496762625626929e-07
-3.882877035772233310e-07
-4.300430435490908868e-07
-4.707389397379718515e-07
-5.103981361936248818e-07
-5.490428888167949223e-07
-5.866949761719135084e-07
-6.233757100300752976e-07
-6.591059459378816099e-07
-6.939060932052785537e-07
-7.277961249193057828e-07
-7.607955874999524780e-07
-7.929236103382382040e-07
-8.241989149010479866e-07
-8.546398236824056104e-07
-8.842642691779357142e-07
-9.130898024249578611e-07
-9.411336013408591841e-07
-9.684124790194973950e-07
-9.949428916906656285e-07
-1.020740946716740762e-06
-1.045822409909928830e-06
-1.070202713391095794e-06
-1.093896962653881496e-06
-1.116919943800224931e-06
-1.139286130486073798e-06
-1.161009690798408788e-06
-1.182104493786785158e-06
-1.202584116131001812e-06
-1.222461848381591343e-06
-1.241750701229908155e-06
-1.260463411579472376e-06
-1.278612448453826249e-06
-1.296210018844715144e-06
-1.313268073346886360e-06
-1.329798311691596761e-06
-1.345812188218769818e-06
-1.361320917090135907e-06
-1.376335477499871735e-06
-1.390866618821295137e-06
-1.404924865351188730e-06
-1.418520521359681804e-06
-1.431663675614024811e-06
-1.444364206193913643e-06
-1.456631784884675357e-06
-1.468475881550461373e-06
-1.479905768575635090e-06
-1.490930525012088294e-06
-1.501559040687971613e-06
-1.511800020321948691e-06
-1.521661987322516731e-06
-1.531153287829725425e-06
-1.540282094300424744e-06
-1.549056409308701448e-06
-1.557484069169066967e-06
-1.565572747293774764e-06
-1.573329957922066272e-06
-1.580763059171930225e-06
-1.587879256593296396e-06
-1.594685606219900808e-06
-1.601189017880068173e-06
-1.607396258083641154e-06
-1.613313953237935980e-06
-1.618948592450834506e-06
-1.624306530475309604e-06
-1.629393990592258383e-06
-1.634217067213778761e-06
-1.638781728697474546e-06
-1.643093819992437496e-06
-1.647159065208736801e-06
-1.650983070071456702e-06
-1.654571324483374555e-06
-1.657929204898770244e-06
-1.661061976719304184e-06
-1.663974796631386323e-06
-1.666672714727246163e-06
-1.669160676915978798e-06
-1.671443526933482317e-06
-1.673526008602725831e-06
-1.675412767783120841e-06
-1.677108354465028525e-06
-1.678617224765714946e-06
-1.679943742809593736e-06
-1.681092182726815786e-06
-1.682066730452985779e-06
-1.682871485551660933e-06
-1.683510462976196472e-06
-1.683987594905140454e-06
-1.684306732358626103e-06
-1.684471646890393395e-06
-1.684486032265429921e-06
-1.684353505979791730e-06
-1.684077610943544929e-06
-1.683661816894681568e-06
-1.683109521964487774e-06
-1.682424054144018248e-06
-1.681608672696832229e-06
-1.680666569598652840e-06
-1.679600870881083842e-06
-1.678414638003071178e-06
-1.677110869188677796e-06
-1.675692500635189803e-06
-1.674162407889226517e-06
-1.672523407045006217e-06
-1.670778255870345788e-06
-1.668929655159565677e-06
-1.666980249744279505e-06
-1.664932629707845768e-06
-1.662789331504036839e-06
-1.660552838982015960e-06
-1.658225584547818256e-06
-1.655809950114987878e-06
-1.653308268203701726e-06
-1.650722822912421476e-06
-1.648055850863252446e-06
-1.645309542247803340e-06
-1.642486041684654214e-06
-1.639587449201012820e-06
-1.636615821085235266e-06
-1.633573170811506262e-06
-1.630461469876587394e-06
