1.418419726737901570e-07
2.302941030137957076e-02
2.489933347017038098e-02
2.573095766049256564e-02
2.612638088690850957e-02
2.629161084219101482e-02
2.631068015756903369e-02
2.622569547668806775e-02
2.606134489813086846e-02
2.583380195747113015e-02
2.555455082862883795e-02
2.523226367971986156e-02
2.487381623178785625e-02
2.448487543369065253e-02
2.407025549714740184e-02
2.363414068340663823e-02
2.318022823872663632e-02
2.271182216871107246e-02
2.223189622272599142e-02
2.174313740664288175e-02
2.124797713740094254e-02
2.074861456737514889e-02
2.024703497745702560e-02
1.974502509228905425e-02
1.924418649148668461e-02
1.874594784553029747e-02
1.825157641342640968e-02
1.776218904919677974e-02
1.727876284248155633e-02
1.680214544258472678e-02
1.633306507017802736e-02
1.587214019630753953e-02
1.541988885737432743e-02
1.497673757226749940e-02
1.454302983071407637e-02
1.411903412771804180e-02
1.370495152604068144e-02
1.330092273634688078e-02
1.290703471174309107e-02
1.252332676012398067e-02
1.214979618334518369e-02
1.178640345699843127e-02
1.143307696832979864e-02
1.108971733268477103e-02
1.075620131087459685e-02
1.043238535125745776e-02
1.011810878089017783e-02
9.813196670412336481e-03
9.517462397009996897e-03
9.230709929264984542e-03
8.952735856857773830e-03
8.683331187106058807e-03
8.422282929145170211e-03
8.169375485369547926e-03
7.924391868444416454e-03
7.687114760954671770e-03
7.457327433454686780e-03
7.234814535476294384e-03
7.019362772807373127e-03
6.810761483277772213e-03
6.608803122132765606e-03
6.413283667140810135e-03
6.224002952554793903e-03
6.040764940236845529e-03
5.863377935388610664e-03
5.691654753615240508e-03
5.525412845351869613e-03
5.364474383051672131e-03
5.208666315978958961e-03
5.057820396905451411e-03
4.911773184572148718e-03
4.770366025310622364e-03
4.633445016892289575e-03
4.500860957257290552e-03
4.372469280533294866e-03
4.248129982429287022e-03
4.127707536845784397e-03
4.011070805355700791e-03
3.898092940953118944e-03
3.788651287337055276e-03
3.682627274813556843e-03
3.579906313767328412e-03
3.480377686523511427e-03
3.383934438312862034e-03
3.290473267954043858e-03
3.199894418779355813e-03
3.112101570251012573e-03
3.027001730643472457e-03
2.944505131124989811e-03
2.864525121487031950e-03
2.786978067765628897e-03
2.711783251905150113e-03
2.638862773644091997e-03
2.568141454698930331e-03
2.499546745365416149e-03
2.433008633577257891e-03
2.368459556472462136e-03
2.305834314494728532e-03
2.245069988035519430e-03
2.186105856611126035e-03
2.128883320566235266e-03
2.073345825275702253e-03
2.019438787811468541e-03
1.967109526042537960e-03
1.916307190115433285e-03
1.866982696275115792e-03
1.819088662968672537e-03
1.772579349178107040e-03
1.727410594929642412e-03
1.683539763916697867e-03
1.640925688177237744e-03
1.599528614769391661e-03
1.559310154380006341e-03
1.520233231811445431e-03
1.482262038283011776e-03
1.445361985486783582e-03
1.409499661345732556e-03
1.374642787409533764e-03
1.340760177833379184e-03
1.307821699890243444e-03
1.275798235950688538e-03
1.244661646893326220e-03
1.214384736877908728e-03
1.184941219445878689e-03
1.156305684886123992e-03
1.128453568832782708e-03
1.101361122036771450e-03
1.075005381276707443e-03
1.049364141359306534e-03
1.024415928172259845e-03
1.000139972748960741e-03
9.765161863050073098e-04
9.535251362084771034e-04
9.311480228547414518e-04
9.093666573999163987e-04
8.881634403331260547e-04
8.675213408410856111e-04
8.474238769463540016e-04
8.278550963854327920e-04
8.087995581931275903e-04
7.902423149721199197e-04
7.721688958204721070e-04
7.545652898880934661e-04
7.374179305416665936e-04
7.207136801106512778e-04
7.044398151969502630e-04
6.885840125207531035e-04
6.731343352859079070e-04
6.580792200435954314e-04
6.434074640343872241e-04
6.291082129905885669e-04
6.151709493828089745e-04
6.015854810903968706e-04
5.883419304812605470e-04
5.754307238891194758e-04
5.628425814635401071e-04
5.505685073884263904e-04
5.385997804494165302e-04
5.269279449389674104e-04
5.155448018821178315e-04
5.044424005803387762e-04
4.936130304505449229e-04
4.830492131528752765e-04
4.727436949987127925e-04
4.626894396250323563e-04
4.528796209245830161e-04
4.433076162265942098e-04
4.339669997115250277e-04
4.248515360613128134e-04
4.159551743237749496e-04
4.072720419956946006e-04
3.987964393054524567e-04
3.905228336980708917e-04
3.824458545060201164e-04
3.745602878044830639e-04
3.668610714440196014e-04
3.593432902508186377e-04
3.520021713921143362e-04
3.448330798983566584e-04
3.378315143377023369e-04
3.309931026365271192e-04
3.243135980413283832e-04
3.177888752157472072e-04
3.114149264696266942e-04
3.051878581136706196e-04
2.991038869364441013e-04
2.931593367975980332e-04
2.873506353367942068e-04
2.816743107882288522e-04
2.761269889039610708e-04
2.707053899761962374e-04
2.654063259600706074e-04
2.602266976876238861e-04
2.551634921763163951e-04
2.502137800238854329e-04
2.453747128873461319e-04
2.406435210460957752e-04
2.360175110420619806e-04
2.314940633976282961e-04
2.270706304059423792e-04
2.227447339935232761e-04
2.185139636512445349e-04
2.143759744309265119e-04
2.103284850068840430e-04
2.063692757983285676e-04
2.024961871531367997e-04
1.987071175871020902e-04
1.950000220809954487e-04
1.913729104301197859e-04
1.878238456459064567e-04
1.843509424081914779e-04
1.809523655670219780e-04
1.776263286893365820e-04
1.743710926516385735e-04
1.711849642781387078e-04
1.680662950184887508e-04
1.650134796695807348e-04
1.620249551337630482e-04
1.590991992176384550e-04
1.562347294675159824e-04
1.534301020391716269e-04
1.506839106043672267e-04
1.479947852889534725e-04
1.453613916448253957e-04
1.427824296519160038e-04
1.402566327517766544e-04
1.377827669090193657e-04
1.353596297030883547e-04
1.329860494446567331e-04
1.306608843214162783e-04
1.283830215683646418e-04
1.261513766615507642e-04
1.239648925394979111e-04
1.218225388434290916e-04
1.197233111835265299e-04
1.176662304260215469e-04
1.156503420000717415e-04
1.136747152273895849e-04
1.117384426698427236e-04
1.098406394971426916e-04
1.079804428724486540e-04
1.061570113576929236e-04
1.043695243332377469e-04
1.026171814376966915e-04
1.008992020220873700e-04
9.921482462011000497e-05
9.756330643469631706e-05
9.594392283843349088e-05
9.435596688885650976e-05
9.279874885744048279e-05
9.127159577248440702e-05
8.977385097511849234e-05
8.830487368738932220e-05
8.686403859370063702e-05
8.545073543279099043e-05
8.406436860314541598e-05
8.270435677779067380e-05
8.137013253144678357e-05
8.006114197691404906e-05
7.877684441324136230e-05
7.751671198196029430e-05
7.628022933480328553e-05
7.506689330952786047e-05
7.387621261507987497e-05
7.270770752601952297e-05
7.156090958453658224e-05
7.043536131159213517e-05
6.933061592598717621e-05
6.824623707074976028e-05
6.718179854704919754e-05
6.613688405642789486e-05
6.511108694846177059e-05
6.410400997742690622e-05
6.311526506345989092e-05
6.214447306192096856e-05
6.119126353838767708e-05
6.025527454941632141e-05
5.933615243015420823e-05
5.843355158682346533e-05
5.754713429549671662e-05
5.667657050579657315e-05
5.582153765035776039e-05
5.498172045894261409e-05
5.415681077785090478e-05
5.334650739414346563e-05
5.255051586453633299e-05
5.176854834869230924e-05
5.100032344723373818e-05
5.024556604383317491e-05
4.950400715164709174e-05
4.877538376387609151e-05
4.805943870768971868e-05
4.735592050318873799e-05
4.666458322448927134e-05
4.598518636620381526e-05
4.531749471181393364e-05
4.466127820654151534e-05
4.401631183328262516e-05
4.338237549123514993e-05
4.275925387898822113e-05
4.214673637871049679e-05
4.154461694554434852e-05
4.095269399761691212e-05
4.037077031111172638e-05
3.979865291612343016e-05
3.923615299628087512e-05
3.868308579075792271e-05
3.813927049884185375e-05
3.760453018620383989e-05
3.707869169489221977e-05
3.656158555428918363e-05
3.605304589527839047e-05
3.555291036618701752e-05
3.506102005075944881e-05
3.457721938847687905e-05
3.410135609662984875e-05
3.363328109456118956e-05
3.317284842965967145e-05
3.271991520538987646e-05
3.227434151078491866e-05
3.183599035217984409e-05
3.140472758605808624e-05
3.098042185423826672e-05
3.056294452007964459e-05
3.015216960654725696e-05
2.974797373583286945e-05
2.935023607034839438e-05
2.895883825527463095e-05
2.857366436240549480e-05
2.819460083550377112e-05
2.782153643686796903e-05
2.745436219523757608e-05
2.709297135520765098e-05
2.673725932733755296e-05
2.638712364005646189e-05
2.604246389242208752e-05
2.570318170794334362e-05
2.536918068978285227e-05
2.504036637689153691e-05
2.471664620123774776e-05
2.439792944595331079e-05
2.408412720469984609e-05
2.377515234169782856e-05
2.347091945310184489e-05
2.317134482898195678e-05
2.287634641629788843e-05
2.258584378279532797e-05
2.229975808179707178e-05
2.201801201766192555e-05
2.174052981226800015e-05
2.146723717208438715e-05
2.119806125606684151e-05
2.093293064462876921e-05
2.067177530874283415e-05
2.041452658024970216e-05
2.016111712275436504e-05
1.991148090295400075e-05
1.966555316297088901e-05
1.942327039326544624e-05
1.918457030579233860e-05
1.894939180842974654e-05
1.871767497936001985e-05
1.848936104259045596e-05
1.826439234359030135e-05
1.804271232568343170e-05
1.782426550706792790e-05
1.760899745823846368e-05
1.739685477989498158e-05
1.718778508155270889e-05
1.698173696030431078e-05
1.677865998036717190e-05
1.657850465305951720e-05
1.638122241700043058e-05
1.618676561909893565e-05
1.599508749552458405e-05
1.580614215376390606e-05
1.561988455429356534e-05
1.543627049325149459e-05
1.525525658530358405e-05
1.507680024680176460e-05
1.490085967958829391e-05
1.472739385472411974e-05
1.455636249712201329e-05
1.438772606996959430e-05
1.422144575991080985e-05
1.405748346239175276e-05
1.389580176732243004e-05
1.373636394510154768e-05
1.357913393291147690e-05
1.342407632126192621e-05
1.327115634109876236e-05
1.312033985063427088e-05
1.297159332318809473e-05
1.282488383477289918e-05
1.268017905202404386e-05
1.253744722055591556e-05
1.239665715353904514e-05
1.225777822033882415e-05
1.212078033565626798e-05
1.198563394863224654e-05
1.185231003251600482e-05
1.172078007423349142e-05
1.159101606434828163e-05
1.146299048724778603e-05
1.133667631142280704e-05
1.121204698012556854e-05
1.108907640206535198e-05
1.096773894238798011e-05
1.084800941375879106e-05
1.072986306787075361e-05
1.061327558682096365e-05
1.049822307479632635e-05
1.038468205004589624e-05
1.027262943690295678e-05
1.016204255796414835e-05
1.005289912645397105e-05
9.945177238816490527e-06
9.838855367393322635e-06
9.733912353209631669e-06
9.630327399039751162e-06
9.528080062543879198e-06
9.427150249467669313e-06
9.327518207165276173e-06
9.229164518082029969e-06
9.132070093502130475e-06
9.036216167327786370e-06
8.941584290014213687e-06
8.848156322708745501e-06
8.755914431321223519e-06
8.664841081034570672e-06
8.574919030481573435e-06
8.486131326501976580e-06
8.398461298678990228e-06
8.311892554103853735e-06
8.226408972335003713e-06
8.141994700243427926e-06
8.058634147157031974e-06
7.976311980023196866e-06
7.895013118708991300e-06
7.814722731282588284e-06
7.735426229555400187e-06
7.657109264588409718e-06
7.579757722308571979e-06
7.503357719344185552e-06
7.427895598655733078e-06
7.353357925603053074e-06
7.279731483820044689e-06
7.207003271294929562e-06
7.135160496482949971e-06
7.064190574592627408e-06
6.994081123787074776e-06
6.924819961563699635e-06
6.856395101201758194e-06
6.788794748190545272e-06
6.722007297002684115e-06
6.656021327421039177e-06
6.590825601526249369e-06
6.526409060263869541e-06
6.462760820376646699e-06
6.399870171285190724e-06
6.337726571956856952e-06
6.276319648060570971e-06
6.215639188893636385e-06
6.155675144572759267e-06
6.096417623215379156e-06
6.037856888169496087e-06
5.979983355259328663e-06
5.922787590198206925e-06
5.866260305920038250e-06
5.810392360038200037e-06
5.755174752348388327e-06
5.700598622324475005e-06
5.646655246738422300e-06
5.593336037278064453e-06
5.540632538236876176e-06
5.488536424212992406e-06
5.437039497848398591e-06
5.386133687710890927e-06
5.335811046036667483e-06
5.286063746669977310e-06
5.236884083044251292e-06
5.188264466030582554e-06
5.140197421991641163e-06
5.092675590887224802e-06
5.045691724217223161e-06
4.999238683237622558e-06
4.953309437101662487e-06
4.907897060939614473e-06
4.862994734265873926e-06
4.818595738981542957e-06
4.774693457884441822e-06
4.731281372828282707e-06
4.688353063128514768e-06
4.645902203927560696e-06
4.603922564606577431e-06
4.562408007191080964e-06
4.521352484842438252e-06
4.480750040342321990e-06
4.440594804564868158e-06
4.400880995106156377e-06
