-5.745314170740607115e-09
2.812682597294692555e-02
2.892191126223131459e-02
2.901320997190800013e-02
2.892518069919366996e-02
2.875408960149791748e-02
2.852098447412410379e-02
2.823458948996475024e-02
2.790188705452553708e-02
2.752929830822299986e-02
2.712260554873731008e-02
2.668689747548861485e-02
2.622662069633991538e-02
2.574567691167917172e-02
2.524752268834539598e-02
2.473525359309211580e-02
2.421166851987263322e-02
2.367931614282678746e-02
2.314052734691612878e-02
2.259743754469695914e-02
2.205200215733415722e-02
2.150600775831894296e-02
2.096108066710415316e-02
2.041869420462055426e-02
1.988017538782640287e-02
1.934671152648807096e-02
1.881935696721750637e-02
1.829904008410090932e-02
1.778657052236535738e-02
1.728264664628398686e-02
1.678786311335664708e-02
1.630271848515414679e-02
1.582762278497948719e-02
1.536290491917397666e-02
1.490881988958295441e-02
1.446555573702931231e-02
1.403324016850542554e-02
1.361194683306367163e-02
1.320170122265793347e-02
1.280248618411271647e-02
1.241424703694945543e-02
1.203689629882814978e-02
1.167031802612367858e-02
1.131437178165128378e-02
1.096889624492277705e-02
1.063371248278592411e-02
1.030862689990444739e-02
9.993433889535578360e-03
9.687918205410513475e-03
9.391857075566275442e-03
9.105022078538773517e-03
8.827180801730486262e-03
8.558098300911908332e-03
8.297538378898587988e-03
8.045264700312191805e-03
7.801041758352656591e-03
7.564635708287362897e-03
7.335815081332773720e-03
7.114351391471224889e-03
6.900019646733733698e-03
6.692598775473591714e-03
6.491871977188416742e-03
6.297627006599667947e-03
6.109656398844513607e-03
5.927757642885257694e-03
5.751733309503933959e-03
5.581391139646696767e-03
5.416544098239898554e-03
5.257010398073902295e-03
5.102613497868963705e-03
4.953182078164462300e-03
4.808549998274154816e-03
4.668556237210306006e-03
4.533044821072560598e-03
4.401864739213949725e-03
4.274869851127280351e-03
4.151918785795082750e-03
4.032874835060267123e-03
3.917605842319590165e-03
3.805984087742477449e-03
3.697886171007349829e-03
3.593192892439105082e-03
3.491789133329234289e-03
3.393563736064350578e-03
3.298409384640401103e-03
3.206222486049113175e-03
3.116903052912174069e-03
3.030354587737275809e-03
2.946483969049024359e-03
2.865201339649335512e-03
2.786419997181045251e-03
2.710056287159724134e-03
2.636029498574491391e-03
2.564261762162728300e-03
2.494677951407663855e-03
2.427205586312214912e-03
2.361774739964723254e-03
2.298317947900013498e-03
2.236770120254939591e-03
2.177068456702030246e-03
2.119152364113979434e-03
2.062963376947200573e-03
2.008445080278015767e-03
1.955543035455020989e-03
1.904204708305443213e-03
1.854379399838595793e-03
1.806018179393455983e-03
1.759073820148583699e-03
1.713500736950852085e-03
1.669254926379692364e-03
1.626293908992387230e-03
1.584576673675719026e-03
1.544063624042569171e-03
1.504716526804448498e-03
1.466498462056084473e-03
1.429373775410496938e-03
1.393308031913340029e-03
1.358267971682754899e-03
1.324221467212441470e-03
1.291137482273829306e-03
1.258986032363776071e-03
1.227738146642867690e-03
1.197365831304660240e-03
1.167842034327049331e-03
1.139140611553507345e-03
1.111236294052403342e-03
1.084104656707910071e-03
1.057722087997452079e-03
1.032065760902509599e-03
1.007113604924725564e-03
9.828442791475476038e-04
9.592371463170612685e-04
9.362722478919426874e-04
9.139302800374097917e-04
8.921925705104162378e-04
8.710410564198952559e-04
8.504582628135455655e-04
8.304272820655165697e-04
8.109317540325896006e-04
7.919558469513646214e-04
7.734842390433885545e-04
7.555021008039641524e-04
7.379950779472859660e-04
7.209492749797266229e-04
7.043512393837478291e-04
6.881879463804303374e-04
6.724467842548595593e-04
6.571155402161129450e-04
6.421823867794189704e-04
6.276358686435034575e-04
6.134648900446955854e-04
5.996587025740165262e-04
5.862068934347558968e-04
5.730993741245226855e-04
5.603263695274766400e-04
5.478784074004559423e-04
5.357463082342680009e-04
5.239211754809596248e-04
5.123943861317512482e-04
5.011575816280536754e-04
4.902026591001569598e-04
4.795217629142739697e-04
4.691072765220254039e-04
4.589518145943907246e-04
4.490482154385337264e-04
4.393895336763688751e-04
4.299690331842216900e-04
4.207801802772989956e-04
4.118166371331876958e-04
4.030722554454468920e-04
3.945410702969658285e-04
3.862172942461495327e-04
3.780953116183198570e-04
3.701696729927367335e-04
3.624350898819552131e-04
3.548864295917477578e-04
3.475187102586668243e-04
3.403270960569207415e-04
3.333068925682040906e-04
3.264535423100318285e-04
3.197626204154918410e-04
3.132298304595343029e-04
3.068510004251641561e-04
3.006220788085222717e-04
2.945391308506098275e-04
2.885983348997326649e-04
2.827959788932248530e-04
2.771284569569056576e-04
2.715922661189458065e-04
2.661840031311264189e-04
2.609003613981355921e-04
2.557381280049297726e-04
2.506941808459147228e-04
2.457654858455873424e-04
2.409490942729068501e-04
2.362421401413451489e-04
2.316418376959074733e-04
2.271454789815482392e-04
2.227504314899508321e-04
2.184541358833849538e-04
2.142541037925781958e-04
2.101479156857362395e-04
2.061332188047668124e-04
2.022077251701392801e-04
1.983692096489482915e-04
1.946155080837665260e-04
1.909445154826641428e-04
1.873541842669801285e-04
1.838425225736174955e-04
1.804075926120622014e-04
1.770475090740165848e-04
1.737604375919247623e-04
1.705445932470732505e-04
1.673982391242715708e-04
1.643196849124163160e-04
1.613072855476972961e-04
1.583594399008456013e-04
1.554745895036433649e-04
1.526512173168127783e-04
1.498878465342433895e-04
1.471830394263434869e-04
1.445353962169559437e-04
1.419435539971566950e-04
1.394061856702257895e-04
1.369219989314935661e-04
1.344897352766498747e-04
1.321081690434750217e-04
1.297761064799294326e-04
1.274923848423177000e-04
1.252558715210042961e-04
1.230654631913811125e-04
1.209200849913469962e-04
1.188186897241298062e-04
1.167602570836281082e-04
1.147437929049555425e-04
1.127683284352512061e-04
1.108329196289009291e-04
1.089366464612783906e-04
1.070786122652516348e-04
1.052579430849071636e-04
1.034737870511526480e-04
1.017253137741588154e-04
1.000117137537650234e-04
9.833219780818995971e-05
9.668599651892374877e-05
9.507235969162961746e-05
9.349055583406002702e-05
9.193987164793090505e-05
9.041961153619554629e-05
8.892909712511482380e-05
8.746766679925516933e-05
8.603467525112318813e-05
8.462949304239409483e-05
8.325150617984621341e-05
8.190011570141162551e-05
8.057473727546247424e-05
7.927480081135720904e-05
7.799975008071556668e-05
7.674904235045244306e-05
7.552214802514170425e-05
7.431855030023039462e-05
7.313774482572800504e-05
7.197923937766638057e-05
7.084255354075721402e-05
6.972721839909383176e-05
6.863277623538845595e-05
6.755878023931924522e-05
6.650479422374304579e-05
6.547039234879731273e-05
6.445515885372976345e-05
6.345868779658425500e-05
6.248058280046645398e-05
6.152045680780987493e-05
6.057793184069096049e-05
5.965263876762835456e-05
5.874421707793234265e-05
5.785231466110526478e-05
5.697658759300470050e-05
5.611669992788030561e-05
5.527232349529061570e-05
5.444313770394492688e-05
5.362882934992025069e-05
5.282909243013748983e-05
5.204362796146627657e-05
5.127214380443614574e-05
5.051435449148744517e-05
4.976998106040868985e-05
4.903875089162421617e-05
4.832039755080420494e-05
4.761466063450318600e-05
4.692128562087417436e-05
4.624002372422919647e-05
4.557063175317313677e-05
4.491287197269923869e-05
4.426651196990474992e-05
4.363132452368325179e-05
4.300708747712124648e-05
4.239358361402948458e-05
4.179060053802650471e-05
4.119793055552061850e-05
4.061537056150870025e-05
4.004272192784545995e-05
3.947979039547888381e-05
3.892638596845106075e-05
3.838232281148977134e-05
3.784741914998242804e-05
3.732149717208522289e-05
3.680438293431465121e-05
3.629590626886993707e-05
3.579590069354581411e-05
3.530420332400960586e-05
3.482065478835861351e-05
3.434509914380913330e-05
3.387738379572222098e-05
3.341735941826901382e-05
3.296487987757340050e-05
3.251980215676333392e-05
3.208198628258605156e-05
3.165129525419738539e-05
3.122759497392151436e-05
3.081075417916348134e-05
3.040064437667142690e-05
2.999713977801156411e-05
2.960011723715048673e-05
2.920945618900242064e-05
2.882503859013035811e-05
2.844674886030371520e-05
2.807447382617838600e-05
2.770810266586869552e-05
2.734752685513385155e-05
2.699264011497290390e-05
2.664333836010908150e-05
2.629951964935233348e-05
2.596108413686275428e-05
2.562793402441812220e-05
2.529997351534278468e-05
2.497710876904153855e-05
2.465924785725384435e-05
2.434630072070526866e-05
2.403817912740210589e-05
2.373479663147818092e-05
2.343606853354311250e-05
2.314191184145567869e-05
2.285224523242595688e-05
2.256698901591964798e-05
2.228606509746279665e-05
2.200939694328812689e-05
2.173690954586770605e-05
2.146852939027630769e-05
2.120418442135738217e-05
2.094380401169872971e-05
2.068731893023225047e-05
2.043466131186213484e-05
2.018576462751067155e-05
1.994056365518182675e-05
1.969899445123435885e-05
1.946099432311963276e-05
1.922650180182114649e-05
1.899545661575815413e-05
1.876779966469205362e-05
1.854347299479715337e-05
1.832241977384864459e-05
1.810458426716927112e-05
1.788991181424532138e-05
1.767834880573598239e-05
1.746984266104613330e-05
1.726434180650898576e-05
1.706179565403590358e-05
1.686215458010613332e-05
1.666536990552161911e-05
1.647139387532669752e-05
1.628017963953655635e-05
1.609168123394296327e-05
1.590585356163723478e-05
1.572265237480499774e-05
1.554203425701232484e-05
1.536395660584819996e-05
1.518837761606930449e-05
1.501525626279307779e-05
1.484455228569378834e-05
1.467622617287870928e-05
1.451023914556569563e-05
1.434655314298694803e-05
1.418513080754219382e-05
1.402593547041240844e-05
1.386893113742751286e-05
1.371408247546566713e-05
1.356135479847945624e-05
1.341071405491604129e-05
1.326212681441028212e-05
1.311556025525473815e-05
1.297098215219029658e-05
1.282836086427993696e-05
1.268766532312125973e-05
1.254886502134288603e-05
1.241193000125510557e-05
1.227683084400563574e-05
1.214353865859162722e-05
1.201202507142626460e-05
1.188226221604928110e-05
1.175422272290703178e-05
1.162787970968507269e-05
1.150320677141097566e-05
1.138017797122916872e-05
1.125876783101330898e-05
1.113895132240780128e-05
1.102070385796528564e-05
1.090400128246662485e-05
1.078881986443416283e-05
1.067513628790679588e-05
1.056292764433019973e-05
1.045217142453806006e-05
1.034284551110899442e-05
1.023492817064428836e-05
1.012839804639933558e-05
1.002323415099388603e-05
9.919415859283074480e-06
9.816922901395322919e-06
9.715735355842395048e-06
9.615833642919005518e-06
9.517198518146845906e-06
9.419811065784469201e-06
9.323652692677932246e-06
9.228705122015027203e-06
9.134950387407135192e-06
9.042370826879483491e-06
8.950949077300729913e-06
8.860668068482949736e-06
8.771511017949081197e-06
8.683461425223664234e-06
8.596503066769209771e-06
8.510619990676800687e-06
8.425796511576577464e-06
8.342017205733622405e-06
8.259266906141961742e-06
8.177530697666289587e-06
8.096793912485056031e-06
8.017042125434842032e-06
7.938261149552836672e-06
7.860437031604647188e-06
7.783556047903200355e-06
7.707604700004902005e-06
7.632569710520469572e-06
7.558438019230610098e-06
7.485196778911710573e-06
7.412833351580904465e-06
7.341335304648173828e-06
7.270690407195558036e-06
7.200886626224918943e-06
7.131912123232369401e-06
7.063755250539455073e-06
6.996404547894135733e-06
6.929848739163019117e-06
6.864076728881563438e-06
6.799077599186749164e-06
6.734840606440483816e-06
6.671355178258669485e-06
6.608610910420886973e-06
6.546597563768788151e-06
6.485305061436113567e-06
6.424723485868349421e-06
6.364843075970602462e-06
6.305654224446158938e-06
6.247147474989065895e-06
6.189313519627185326e-06
6.132143196187401497e-06
6.075627485640204838e-06
6.019757509648100771e-06
5.964524528106095386e-06
5.909919936693741427e-06
5.855935264494878296e-06
5.802562171782906022e-06
5.749792447597087726e-06
5.697618007608074025e-06
5.646030891861052358e-06
5.595023262723459843e-06
5.544587402649213557e-06
5.494715712219519938e-06
5.445400708042204281e-06
5.396635020821077008e-06
5.348411393308797339e-06
5.300722678512099412e-06
5.253561837766918381e-06
5.206921938824455950e-06
5.160796154119294447e-06
5.115177758967877187e-06
5.070060129875639430e-06
5.025436742669050011e-06
4.981301171088064503e-06
4.937647084844145488e-06
4.894468248224510652e-06
4.851758518379844673e-06
4.809511843839109953e-06
4.767722262947751702e-06
4.726383902356984174e-06
4.685490975609230406e-06
4.645037781595436355e-06
4.605018703261863344e-06
4.565428206125648427e-06
4.526260836902061285e-06
