3.239656414625825980e-08
-9.695145184519544240e-05
2.169528231346865271e-03
3.108269340466397138e-03
3.548049534181273168e-03
3.772235283414998586e-03
3.884899744466437533e-03
3.933135445194811501e-03
3.942172353937659426e-03
3.926943423922257120e-03
3.896752534610508929e-03
3.857538362363327044e-03
3.813125272510135659e-03
3.765972959859955217e-03
3.717647773003868086e-03
3.669127515045802774e-03
3.621001873217644020e-03
3.573605525110919254e-03
3.527107025577067186e-03
3.481568308407996613e-03
3.436984510620684323e-03
3.393310554549555224e-03
3.350478791807089129e-03
3.308410605962068627e-03
3.267023932480289140e-03
3.226238024102286335e-03
3.185976364133302589e-03
3.146168341461471479e-03
3.106750104697732825e-03
3.067664878987123433e-03
3.028862937685864506e-03
2.990301358623359638e-03
2.951943652133165886e-03
2.913759318866043085e-03
2.875723375672428229e-03
2.837815874329540668e-03
2.800021428840791197e-03
2.762328760902388498e-03
2.724730269051876558e-03
2.687221624345797772e-03
2.649801393634426943e-03
2.612470690423146589e-03
2.575232852607028163e-03
2.538093145973366587e-03
2.501058492142392391e-03
2.464137219526686684e-03
2.427338835876369227e-03
2.390673821004276559e-03
2.354153438304836757e-03
2.317789563808724754e-03
2.281594531528657530e-03
2.245580993949728137e-03
2.209761796601014076e-03
2.174149865688074831e-03
2.138758107835050503e-03
2.103599321057395347e-03
2.068686116135233077e-03
2.034030847587000625e-03
1.999645553525267704e-03
1.965541903685232017e-03
1.931731155000673654e-03
1.898224114083284491e-03
1.865031106045575166e-03
1.832161949126825647e-03
1.799625934613670753e-03
1.767431811558384594e-03
1.735587775872995649e-03
1.704101463368305714e-03
1.672979946327232074e-03
1.642229733280071253e-03
1.611856771614686261e-03
1.581866452700377967e-03
1.552263619256639580e-03
1.523052574659551931e-03
1.494237093952336618e-03
1.465820436327875797e-03
1.437805358850951457e-03
1.410194131241163150e-03
1.382988551516834731e-03
1.356189962355874292e-03
1.329799268003068954e-03
1.303816951597460295e-03
1.278243092792925124e-03
1.253077385561869768e-03
1.228319156079546275e-03
1.203967380604838893e-03
1.180020703265160890e-03
1.156477453696245659e-03
1.133335664447783107e-03
1.110593088124942019e-03
1.088247214206890592e-03
1.066295285502188604e-03
1.044734314207428159e-03
1.023561097543268907e-03
1.002772232944002494e-03
9.823641327740928290e-04
9.623330385695419865e-04
9.426750347824203484e-04
9.233860620200246396e-04
9.044619297919625654e-04
8.858983287314082860e-04
8.676908423264792459e-04
8.498349581352721265e-04
8.323260785075551520e-04
8.151595308103274208e-04
7.983305771671130209e-04
7.818344237222743043e-04
7.656662294358629111e-04
7.498211144229472618e-04
7.342941678492814848e-04
7.190804553912260103e-04
7.041750262812817565e-04
6.895729199396574954e-04
6.752691722202039610e-04
6.612588212666433048e-04
6.475369130152097566e-04
6.340985063303547454e-04
6.209386778116916718e-04
6.080525262731824613e-04
5.954351769051217979e-04
5.830817851442358099e-04
5.709875402521904370e-04
5.591476686259091609e-04
5.475574368421644951e-04
5.362121544587775774e-04
5.251071765742460276e-04
5.142379061671109282e-04
5.035997962215549165e-04
4.931883516435766517e-04
4.829991309943379506e-04
4.730277480364112924e-04
4.632698731080288411e-04
4.537212343362656986e-04
4.443776186976011039e-04
4.352348729282899827e-04
4.262889043088448566e-04
4.175356813097543473e-04
4.089712341241086074e-04
4.005916550842356094e-04
3.923930989721688889e-04
3.843717832342546849e-04
3.765239881004577645e-04
3.688460566183080088e-04
3.613343946054343135e-04
3.539854705286990316e-04
3.467958153158167615e-04
3.397620220966403987e-04
3.328807458903795965e-04
3.261487032362506535e-04
3.195626717717559126e-04
3.131194897667111230e-04
3.068160556142083997e-04
3.006493272802821404e-04
2.946163217217368023e-04
2.887141142683339180e-04
2.829398379790091090e-04
2.772906829678651198e-04
2.717638957104655489e-04
2.663567783284353217e-04
2.610666878525388273e-04
2.558910354741491784e-04
2.508272857790537036e-04
2.458729559716898365e-04
2.410256150865068916e-04
2.362828831948230335e-04
2.316424306006295097e-04
2.271019770346582357e-04
2.226592908427007503e-04
2.183121881711467887e-04
2.140585321546896068e-04
2.098962320990044284e-04
2.058232426682207478e-04
2.018375630733700607e-04
1.979372362626027155e-04
1.941203481171561594e-04
1.903850266505106295e-04
1.867294412128550228e-04
1.831518017027226766e-04
1.796503577831184018e-04
1.762233981066844827e-04
1.728692495470969634e-04
1.695862764399186980e-04
1.663728798293101008e-04
1.632274967269541121e-04
1.601485993769980788e-04
1.571346945325020569e-04
1.541843227405454157e-04
1.512960576371825527e-04
1.484685052530916594e-04
1.457003033286394863e-04
1.429901206408653919e-04
1.403366563381524396e-04
1.377386392889919846e-04
1.351948274383162085e-04
1.327040071768530063e-04
1.302649927193131642e-04
1.278766254949030719e-04
1.255377735478338888e-04
1.232473309483821100e-04
1.210042172150081692e-04
1.188073767472369938e-04
1.166557782694789465e-04
1.145484142837354248e-04
1.124843005352460653e-04
1.104624754866368673e-04
1.084819998028638515e-04
1.065419558470500787e-04
1.046414471859368161e-04
1.027795981048566841e-04
1.009555531337047582e-04
9.916847658107322662e-05
9.741755208065628908e-05
9.570198214365309170e-05
9.402098772424028611e-05
9.237380779110485822e-05
9.075969891037203034e-05
8.917793483658798589e-05
8.762780611207503353e-05
8.610861967637440534e-05
8.461969848295006517e-05
8.316038112487625703e-05
8.173002146848204019e-05
8.032798829616303834e-05
7.895366495534588693e-05
7.760644901740060145e-05
7.628575194206520564e-05
7.499099875198229328e-05
7.372162771181629002e-05
7.247709001699296865e-05
7.125684948859034823e-05
7.006038227481574182e-05
6.888717656008041873e-05
6.773673228098325025e-05
6.660856084717348201e-05
6.550218487188316666e-05
6.441713790438883950e-05
6.335296417362764221e-05
6.230921833318170974e-05
6.128546521566677775e-05
6.028127959080025372e-05
5.929624593058368729e-05
5.832995817888193775e-05
5.738201952712754863e-05
5.645204219534098576e-05
5.553964721789542543e-05
5.464446423453236072e-05
5.376613128711687931e-05
5.290429461967083676e-05
5.205860848473115016e-05
5.122873495341323741e-05
5.041434373008730314e-05
4.961511197253164803e-05
4.883072411429934304e-05
4.806087169381821920e-05
4.730525318550274366e-05
4.656357383634182818e-05
4.583554550533637496e-05
4.512088650813191949e-05
4.441932146385139062e-05
4.373058114693182286e-05
4.305440234141882618e-05
4.239052770008049716e-05
4.173870560547279237e-05
4.109869003548194524e-05
4.047024043156978538e-05
3.985312157058095339e-05
3.924710343896453912e-05
3.865196111085907776e-05
3.806747462876203323e-05
3.749342888671882519e-05
3.692961351708043958e-05
3.637582277950726905e-05
3.583185545274649830e-05
3.529751472902325696e-05
3.477260811120886144e-05
3.425694731193988212e-05
3.375034815592925752e-05
3.325263048390858392e-05
3.276361805964358282e-05
3.228313847815344611e-05
3.181102307757079664e-05
3.134710685163011340e-05
3.089122836537512573e-05
3.044322967245591572e-05
3.000295623446916222e-05
2.957025684214931112e-05
2.914498353871824990e-05
2.872699154485493938e-05
2.831613918566387730e-05
2.791228781908505264e-05
2.751530176644669009e-05
2.712504824437053668e-05
2.674139729860063153e-05
2.636422173892486660e-05
2.599339707618001822e-05
2.562880146087746764e-05
2.527031562236544245e-05
2.491782281061799190e-05
2.457120873859606856e-05
2.423036152646964304e-05
2.389517164694632151e-05
2.356553187182422069e-05
2.324133722017411404e-05
2.292248490721950595e-05
2.260887429508028019e-05
2.230040684432718577e-05
2.199698606631280811e-05
2.169851747766640449e-05
2.140490855480802130e-05
2.111606869029382543e-05
2.083190914959488608e-05
2.055234302930595154e-05
2.027728521649610081e-05
2.000665234851560734e-05
1.974036277394041185e-05
1.947833651475722419e-05
1.922049522897075236e-05
1.896676217458062461e-05
1.871706217370025719e-05
1.847132157842282932e-05
1.822946823691302284e-05
1.799143146001871816e-05
1.775714198965031924e-05
1.752653196698873727e-05
1.729953490161335731e-05
1.707608564198188629e-05
1.685612034558280935e-05
1.663957645065851625e-05
1.642639264819866521e-05
1.621650885433127947e-05
1.600986618431799561e-05
1.580640692573660061e-05
1.560607451348269416e-05
1.540881350493439808e-05
1.521456955543074058e-05
1.502328939473644271e-05
1.483492080382880418e-05
1.464941259227567431e-05
1.446671457604696655e-05
1.428677755604323728e-05
1.410955329672668435e-05
1.393499450590642802e-05
1.376305481424572953e-05
1.359368875567787617e-05
1.342685174823160001e-05
1.326250007518842336e-05
1.310059086657638145e-05
1.294108208152753400e-05
1.278393249043887363e-05
1.262910165799163619e-05
1.247654992630521133e-05
1.232623839867923444e-05
1.217812892340987196e-05
1.203218407833823955e-05
1.188836715551832819e-05
1.174664214598604228e-05
1.160697372573093976e-05
1.146932724084907277e-05
1.133366869393309091e-05
1.119996473016216285e-05
1.106818262433743912e-05
1.093829026737250847e-05
1.081025615387905942e-05
1.068404936978677200e-05
1.055963957961547212e-05
1.043699701513596748e-05
1.031609246342514159e-05
1.019689725566576751e-05
1.007938325567876428e-05
9.963522849389379950e-06
9.849288933870901767e-06
9.736654907243356269e-06
9.625594658129848143e-06
9.516082555919472654e-06
9.408093441026948355e-06
9.301602615177692981e-06
9.196585832334328589e-06
9.093019289344338375e-06
8.990879617104134057e-06
8.890143871937700436e-06
8.790789526834500339e-06
8.692794463355686866e-06
8.596136963235465094e-06
8.500795700528163224e-06
8.406749733726321652e-06
8.313978498067599234e-06
8.222461798274538798e-06
8.132179800891292358e-06
8.043113027323102462e-06
7.955242346869178369e-06
7.868548969623702756e-06
7.783014440071258058e-06
7.698620630207626359e-06
7.615349733330605059e-06
7.533184257680752861e-06
7.452107020160192387e-06
7.372101140498120181e-06
7.293150035238714236e-06
7.215237411956444451e-06
7.138347263653495173e-06
7.062463863125164817e-06
6.987571757697846473e-06
6.913655763753293630e-06
6.840700961684658415e-06
6.768692690701430148e-06
6.697616543884046192e-06
6.627458363380141947e-06
6.558204235503699536e-06
6.489840486171151272e-06
6.422353676245322560e-06
6.355730597148001125e-06
6.289958266393987992e-06
6.225023923319766130e-06
6.160915024871656231e-06
6.097619241536962656e-06
6.035124453170973295e-06
5.973418745262890204e-06
5.912490404857613297e-06
5.852327916852308168e-06
5.792919960335095162e-06
5.734255404801226148e-06
5.676323306757590315e-06
5.619112906141096348e-06
5.562613622889939800e-06
5.506815053627341209e-06
5.451706968374512770e-06
5.397279307366007576e-06
5.343522177775866129e-06
5.290425850843759754e-06
5.237980758617614444e-06
5.186177491151598761e-06
5.135006793602770180e-06
5.084459563208040760e-06
5.034526846757907305e-06
4.985199837674136029e-06
4.936469873381356640e-06
4.888328432718579628e-06
4.840767133320061124e-06
4.793777729134434879e-06
4.747352107891150317e-06
4.701482288800195332e-06
4.656160420044227388e-06
4.611378776516583898e-06
4.567129757579354568e-06
4.523405884725644155e-06
4.480199799461868129e-06
4.437504261167319893e-06
4.395312144945711528e-06
4.353616439543036360e-06
4.312410245465065341e-06
4.271686772774280428e-06
4.231439339254853078e-06
4.191661368597921908e-06
4.152346388342170992e-06
4.113488028196021917e-06
4.075080018127859939e-06
4.037116186655735549e-06
3.999590459155758361e-06
3.962496856013684025e-06
3.925829491206440672e-06
3.889582570387062800e-06
3.853750389488678490e-06
3.818327333110783737e-06
3.783307872897951086e-06
3.748686566121223514e-06
3.714458054146711041e-06
3.680617061003127582e-06
3.647158391945101088e-06
3.614076932043999141e-06
3.581367644837183725e-06
3.549025570959622295e-06
3.517045826851530226e-06
3.485423603416933206e-06
3.454154164812979325e-06
3.423232847090937391e-06
3.392655057120754350e-06
3.362416271292710904e-06
3.332512034341833375e-06
3.302937958213724636e-06
3.273689720916536313e-06
3.244763065437851659e-06
3.216153798545198391e-06
3.187857789909227704e-06
3.159870970851621281e-06
3.132189333396839178e-06
3.104808929236691075e-06
3.077725868798253602e-06
3.050936320160599478e-06
3.024436508180487985e-06
2.998222713484830288e-06
2.972291271616981446e-06
2.946638572038807273e-06
2.921261057337856843e-06
2.896155222249841149e-06
2.871317612884728750e-06
2.846744825837764784e-06
2.822433507353262256e-06
2.798380352568340951e-06
2.774582104637157204e-06
2.751035553980611854e-06
