-1.314996948961323317e-07
-5.770927000011596107e-03
-3.299250629593220973e-03
-2.652623420430781122e-03
-2.460182677188239506e-03
-2.391367926495778680e-03
-2.353931280659738150e-03
-2.321141799540515915e-03
-2.285990613803248576e-03
-2.247512361526704527e-03
-2.206401516497756652e-03
-2.163603438938534445e-03
-2.119909806109869510e-03
-2.075890143257702949e-03
-2.031924005545422251e-03
-1.988252291675480458e-03
-1.945022303322984595e-03
-1.902321171404509730e-03
-1.860198728684212769e-03
-1.818682415251703099e-03
-1.777786658870923698e-03
-1.737518608568076753e-03
-1.697881540625120235e-03
-1.658876817058730019e-03
-1.620504964229962193e-03
-1.582766228817797599e-03
-1.545660831469250571e-03
-1.509189051444742103e-03
-1.473351221497316496e-03
-1.438147679033461700e-03
-1.403578699617103560e-03
-1.369644427057440782e-03
-1.336344807380050346e-03
-1.303679530128383762e-03
-1.271647978211982218e-03
-1.240249186439998331e-03
-1.209481808287569786e-03
-1.179344090214500939e-03
-1.149833852771520995e-03
-1.120948477771179473e-03
-1.092684900814662246e-03
-1.065039608549367411e-03
-1.038008640095837865e-03
-1.011587592115752686e-03
-9.857716270709219672e-04
-9.605554842452576972e-04
-9.359334931552981858e-04
-9.118995889800114414e-04
-8.884473297221726334e-04
-8.655699147768510090e-04
-8.432602046490470307e-04
-8.215107415827446616e-04
-8.003137708579118785e-04
-7.796612625650675222e-04
-7.595449336652707658e-04
-7.399562701662501041e-04
-7.208865492726564475e-04
-7.023268613519406981e-04
-6.842681316348663391e-04
-6.667011415195962928e-04
-6.496165493790761894e-04
-6.330049108250560561e-04
-6.168566983424815433e-04
-6.011623202396557857e-04
-5.859121388622887030e-04
-5.710964880655391507e-04
-5.567056898692992768e-04
-5.427300703166591279e-04
-5.291599745080074590e-04
-5.159857807901086207e-04
-5.031979141253874058e-04
-4.907868586219164050e-04
-4.787431692398983070e-04
-4.670574826991791273e-04
-4.557205275721054757e-04
-4.447231336093315562e-04
-4.340562403066148232e-04
-4.237109047293850447e-04
-4.136783086325240572e-04
-4.039497648832307184e-04
-3.945167232316455536e-04
-3.853707754435660806e-04
-3.765036598217948410e-04
-3.679072651590170303e-04
-3.595736341345880690e-04
-3.514949661830669763e-04
-3.436636198776786663e-04
-3.360721148414082780e-04
-3.287131332207122482e-04
-3.215795207408684003e-04
-3.146642873800274708e-04
-3.079606076756497349e-04
-3.014618206974438073e-04
-2.951614297047904694e-04
-2.890531015128994848e-04
-2.831306655929722118e-04
-2.773881129212395192e-04
-2.718195946026667124e-04
-2.664194202953435028e-04
-2.611820564255220721e-04
-2.561021242597990872e-04
-2.511743977997785279e-04
-2.463938015514101766e-04
-2.417554081653306818e-04
-2.372544359752427261e-04
-2.328862464367904546e-04
-2.286463414811115821e-04
-2.245303608080273289e-04
-2.205340791108086019e-04
-2.166534032564193058e-04
-2.128843694279525744e-04
-2.092231402343819942e-04
-2.056660018014583617e-04
-2.022093608482290251e-04
-1.988497417578046942e-04
-1.955837836492096656e-04
-1.924082374541717004e-04
-1.893199630105896962e-04
-1.863159261661350439e-04
-1.833931959135875014e-04
-1.805489415450108146e-04
-1.777804298396396801e-04
-1.750850222874012353e-04
-1.724601723452438287e-04
-1.699034227372546012e-04
-1.674124027945541693e-04
-1.649848258430382600e-04
-1.626184866308298779e-04
-1.603112588144816231e-04
-1.580610924819204812e-04
-1.558660117365017730e-04
-1.537241123262230510e-04
-1.516335593289773974e-04
-1.495925848863360191e-04
-1.475994859963081598e-04
-1.456526223526741367e-04
-1.437504142448390850e-04
-1.418913405057559433e-04
-1.400739365142953925e-04
-1.382967922549811475e-04
-1.365585504236044843e-04
-1.348579045902869266e-04
-1.331935974113521149e-04
-1.315644188968799683e-04
-1.299692047210384497e-04
-1.284068345892517020e-04
-1.268762306518450588e-04
-1.253763559655466579e-04
-1.239062130017427790e-04
-1.224648422044600333e-04
-1.210513205888236665e-04
-1.196647603896796729e-04
-1.183043077492401110e-04
-1.169691414508532390e-04
-1.156584716924899950e-04
-1.143715389011629180e-04
-1.131076125893253894e-04
-1.118659902462001976e-04
-1.106459962699607300e-04
-1.094469809375927188e-04
-1.082683194051168446e-04
-1.071094107493557053e-04
-1.059696770391649399e-04
-1.048485624414114342e-04
-1.037455323577991231e-04
-1.026600725942044748e-04
-1.015916885588015391e-04
-1.005399044885235422e-04
-9.950426270820870403e-05
-9.848432291060281246e-05
-9.747966146864479777e-05
-9.648987076956459851e-05
-9.551455857663878051e-05
-9.455334741294123008e-05
-9.360587397049846580e-05
-9.267178853862314506e-05
-9.175075445802408428e-05
-9.084244759239189693e-05
-8.994655582310045886e-05
-8.906277856179258662e-05
-8.819082628173906941e-05
-8.733042006910277197e-05
-8.648129118987630301e-05
-8.564318067507656384e-05
-8.481583892232716208e-05
-8.399902531209739551e-05
-8.319250784038194216e-05
-8.239606276551118770e-05
-8.160947426936603251e-05
-8.083253413173148081e-05
-8.006504141804877310e-05
-7.930680218006647521e-05
-7.855762916815484500e-05
-7.781734155536004869e-05
-7.708576467313043700e-05
-7.636272975765851575e-05
-7.564807370616870958e-05
-7.494163884374598322e-05
-7.424327270020967704e-05
-7.355282779438917747e-05
-7.287016143033418661e-05
-7.219513549828390764e-05
-7.152761628762672021e-05
-7.086747430535962036e-05
-7.021458410179357338e-05
-6.956882410650041648e-05
-6.893007646697545761e-05
-6.829822689792468629e-05
-6.767316453461001767e-05
-6.705478179333907655e-05
-6.644297423709053538e-05
-6.583764044803012624e-05
-6.523868190457582969e-05
-6.464600286364793511e-05
-6.405951024843685004e-05
-6.347911354106772197e-05
-6.290472467890048506e-05
-6.233625795682221082e-05
-6.177362993182801995e-05
-6.121675933401298994e-05
-6.066556697878045629e-05
-6.011997568562965226e-05
-5.957991019769156329e-05
-5.904529710731908163e-05
-5.851606478288035425e-05
-5.799214330033304225e-05
-5.747346437559087452e-05
-5.695996130306201557e-05
-5.645156889404427111e-05
-5.594822341859257998e-05
-5.544986255092322088e-05
-5.495642531591484554e-05
-5.446785203852440971e-05
-5.398408429614889501e-05
-5.350506487044703034e-05
-5.303073770584963270e-05
-5.256104786460806332e-05
-5.209594148783872167e-05
-5.163536575621906324e-05
-5.117926885385921173e-05
-5.072759993186561024e-05
-5.028030907540811608e-05
-4.983734727082847813e-05
-4.939866637489277653e-05
-4.896421908578176403e-05
-4.853395891430759544e-05
-4.810784015689923641e-05
-4.768581787023490413e-05
-4.726784784646951133e-05
-4.685388658923890731e-05
-4.644389129185659256e-05
-4.603781981469588585e-05
-4.563563066611591460e-05
-4.523728298086242375e-05
-4.484273650293094403e-05
-4.445195156677380065e-05
-4.406488907959534940e-05
-4.368151050601339573e-05
-4.330177785130436138e-05
-4.292565364657640621e-05
-4.255310093488359031e-05
-4.218408325637539410e-05
-4.181856463592112659e-05
-4.145650957011303149e-05
-4.109788301519364857e-05
-4.074265037541620538e-05
-4.039077749197287346e-05
-4.004223063236293946e-05
-3.969697648010447877e-05
-3.935498212513983030e-05
-3.901621505431863247e-05
-3.868064314234367121e-05
-3.834823464340432215e-05
-3.801895818276772933e-05
-3.769278274891590675e-05
-3.736967768586823175e-05
-3.704961268603112486e-05
-3.673255778295715824e-05
-3.641848334476993865e-05
-3.610736006782973756e-05
-3.579915897034723548e-05
-3.549385138629113242e-05
-3.519140895977856715e-05
-3.489180363996494713e-05
-3.459500767481124290e-05
-3.430099360667547299e-05
-3.400973426731614460e-05
-3.372120277281299690e-05
-3.343537251910087404e-05
-3.315221717774843825e-05
-3.287171069160097137e-05
-3.259382727034362305e-05
-3.231854138701526028e-05
-3.204582777369665637e-05
-3.177566141812686535e-05
-3.150801756005684680e-05
-3.124287168742732792e-05
-3.098019953348933196e-05
-3.071997707320863857e-05
-3.046218052012958331e-05
-3.020678632324207591e-05
-2.995377116434400406e-05
-2.970311195452489129e-05
-2.945478583198273735e-05
-2.920877015891065035e-05
-2.896504251872941390e-05
-2.872358071382405926e-05
-2.848436276276229725e-05
-2.824736689802762423e-05
-2.801257156317024554e-05
-2.777995541113150878e-05
-2.754949730137873690e-05
-2.732117629788809047e-05
-2.709497166692647967e-05
-2.687086287487076627e-05
-2.664882958628206461e-05
-2.642885166152825571e-05
-2.621090915501042223e-05
-2.599498231317701023e-05
-2.578105157243535084e-05
-2.556909755742794481e-05
-2.535910107902115910e-05
-2.515104313264300602e-05
-2.494490489615712101e-05
-2.474066772856479306e-05
-2.453831316777389693e-05
-2.433782292923760608e-05
-2.413917890408566190e-05
-2.394236315751033879e-05
-2.374735792723351788e-05
-2.355414562149148042e-05
-2.336270881805112306e-05
-2.317303026221872230e-05
-2.298509286527267961e-05
-2.279887970315955486e-05
-2.261437401486189819e-05
-2.243155920081857423e-05
-2.225041882165795657e-05
-2.207093659653590681e-05
-2.189309640174464492e-05
-2.171688226950416875e-05
-2.154227838602078336e-05
-2.136926909077869349e-05
-2.119783887467474552e-05
-2.102797237872134560e-05
-2.085965439278518354e-05
-2.069286985430933795e-05
-2.052760384681871024e-05
-2.036384159862726948e-05
-2.020156848164960414e-05
-2.004077001008811926e-05
-1.988143183902757168e-05
-1.972353976327579018e-05
-1.956707971602194825e-05
-1.941203776774720177e-05
-1.925840012492505585e-05
-1.910615312848555522e-05
-1.895528325316496278e-05
-1.880577710585553956e-05
-1.865762142462593415e-05
-1.851080307735066986e-05
-1.836530906085471256e-05
-1.822112649928179389e-05
-1.807824264339320347e-05
-1.793664486910438702e-05
-1.779632067655713361e-05
-1.765725768882288335e-05
-1.751944365081997202e-05
-1.738286642831093036e-05
-1.724751400657342163e-05
-1.711337448960474554e-05
-1.698043609877029553e-05
-1.684868717182005186e-05
-1.671811616181835552e-05
-1.658871163611729411e-05
-1.646046227525577244e-05
-1.633335687178617883e-05
-1.620738432955580634e-05
-1.608253366235029905e-05
-1.595879399300181785e-05
-1.583615455241337027e-05
-1.571460467851056996e-05
-1.559413381514952659e-05
-1.547473151130305050e-05
-1.535638741987834717e-05
-1.523909129697659861e-05
-1.512283300054593024e-05
-1.500760248989606443e-05
-1.489338982437483826e-05
-1.478018516246795153e-05
-1.466797876113240431e-05
-1.455676097444156273e-05
-1.444652225300944254e-05
-1.433725314284683347e-05
-1.422894428459536629e-05
-1.412158641254266931e-05
-1.401517035372806930e-05
-1.390968702704830930e-05
-1.380512744241899119e-05
-1.370148269985289362e-05
-1.359874398859551227e-05
-1.349690258626696124e-05
-1.339594985803632263e-05
-1.329587725566494311e-05
-1.319667631683986139e-05
-1.309833866416013167e-05
-1.300085600439543265e-05
-1.290422012768766105e-05
-1.280842290664809278e-05
-1.271345629567558912e-05
-1.261931233002935655e-05
-1.252598312507483165e-05
-1.243346087552012154e-05
-1.234173785462042307e-05
-1.225080641340499182e-05
-1.216065897990383821e-05
-1.207128805836542656e-05
-1.198268622852057298e-05
-1.189484614488263005e-05
-1.180776053589503975e-05
-1.172142220328379192e-05
-1.163582402131717513e-05
-1.155095893602045684e-05
-1.146681996453966507e-05
-1.138340019436262137e-05
-1.130069278267300361e-05
-1.121869095562188414e-05
-1.113738800762153466e-05
-1.105677730065969212e-05
-1.097685226370133824e-05
-1.089760639191362716e-05
-1.081903324597899421e-05
-1.074112645158744264e-05
-1.066387969862410523e-05
-1.058728674056642450e-05
-1.051134139389339632e-05
-1.043603753737980514e-05
-1.036136911151096827e-05
-1.028733011779721348e-05
-1.021391461824987899e-05
-1.014111673467273995e-05
-1.006893064806636976e-05
-9.997350598141277402e-06
-9.926370882504130706e-06
-9.855985856273381256e-06
-9.786189931395234472e-06
-9.716977576062828950e-06
-9.648343314168829563e-06
-9.580281724722209701e-06
-9.512787441244137209e-06
-9.445855151304964153e-06
-9.379479595917258262e-06
-9.313655568909110348e-06
-9.248377916550430152e-06
-9.183641536836829110e-06
-9.119441379125831567e-06
-9.055772443453082013e-06
-8.992629780092418196e-06
-8.930008489087687214e-06
-8.867903719599495068e-06
-8.806310669552383562e-06
-8.745224585025305390e-06
-8.684640759759003332e-06
-8.624554534745358509e-06
-8.564961297679604021e-06
-8.505856482469640445e-06
-8.447235568744421310e-06
-8.389094081506027529e-06
-8.331427590463784313e-06
-8.274231709721570482e-06
-8.217502097286014202e-06
-8.161234454555057872e-06
-8.105424525924274158e-06
-8.050068098334552089e-06
-7.995161000819036074e-06
-7.940699104066348282e-06
-7.886678319989159187e-06
-7.833094601315053712e-06
-7.779943941108996078e-06
-7.727222372440120595e-06
-7.674925967900772799e-06
-7.623050839209223052e-06
-7.571593136774346661e-06
-7.520549049378988565e-06
-7.469914803722633305e-06
-7.419686664017210218e-06
-7.369860931587038931e-06
-7.320433944596886891e-06
-7.271402077464821373e-06
-7.222761740692803736e-06
-7.174509380364528484e-06
-7.126641477807033603e-06
-7.079154549232037161e-06
-7.032045145375577311e-06
-6.985309851129679164e-06
-6.938945285183940420e-06
-6.892948099687997209e-06
-6.847314979866191016e-06
-6.802042643744471709e-06
-6.757127841738358356e-06
