-4.816189047367412790e-08
6.728179326132734117e-02
6.693745081851701362e-02
6.633611076385598215e-02
6.552531081054337181e-02
6.453584502061310291e-02
6.338164807133130074e-02
6.207999342792126091e-02
6.065175269891869697e-02
5.911897962435514603e-02
5.750325983030433324e-02
5.582485570956126353e-02
5.410231266097291492e-02
5.235230392502081970e-02
5.058959920366122576e-02
4.882710194086209432e-02
4.707592834815298860e-02
4.534551360323414715e-02
4.364373587853542097e-02
4.197705119327458517e-02
4.035063338131619770e-02
3.876851445892517262e-02
3.723372159644670887e-02
3.574840778447280210e-02
3.431397411380927159e-02
3.293118232626084108e-02
3.160025691846955753e-02
3.032097658498062592e-02
2.909275517339891468e-02
2.791471260486379571e-02
2.678573640238045978e-02
2.570453458434360239e-02
2.466968073701528152e-02
2.367965209202486931e-02
2.273286141564865789e-02
2.182768347576457060e-02
2.096247679794973826e-02
2.013560136038947124e-02
1.934543281257253972e-02
1.859037373836124052e-02
1.786886242226875393e-02
1.717937951984179618e-02
1.652045297987760758e-02
1.589066151814481562e-02
1.528863689923934052e-02
1.471306524528885953e-02
1.416268755680541273e-02
1.363629960209532949e-02
1.313275130643587821e-02
1.265094575077944754e-02
1.218983787116936085e-02
1.174843293442407420e-02
1.132578485222487420e-02
1.092099438451158387e-02
1.053320727354817646e-02
1.016161234209482338e-02
9.805439582399809798e-03
9.463958257208002905e-03
9.136475029350178342e-03
8.822332132651137040e-03
8.520905593778252754e-03
8.231603512018147162e-03
7.953864401925732006e-03
7.687155602030881080e-03
7.430971751448762347e-03
7.184833335082603870e-03
6.948285297319067161e-03
6.720895723340167445e-03
6.502254586711518625e-03
6.291972561492507714e-03
6.089679896798157188e-03
5.895025351560351928e-03
5.707675187092550381e-03
5.527312214953907475e-03
5.353634897614333900e-03
5.186356499380624131e-03
5.025204285080127169e-03
4.869918764059147538e-03
4.720252977095270447e-03
4.575971823909631350e-03
4.436851429044641297e-03
4.302678543969333004e-03
4.173249983344765393e-03
4.048372093514263775e-03
3.927860251335222631e-03
3.811538391603085628e-03
3.699238561378850182e-03
3.590800499643606765e-03
3.486071240769497964e-03
3.384904740423213404e-03
3.287161522522475190e-03
3.192708346048219858e-03
3.101417890470813815e-03
3.013168458736537568e-03
2.927843696726609851e-03
2.845332328226684009e-03
2.765527904488467026e-03
2.688328567507749373e-03
2.613636826207403185e-03
2.541359344776175470e-03
2.471406742425161489e-03
2.403693403913516064e-03
2.338137300195508757e-03
2.274659818612053200e-03
2.213185602056892080e-03
2.153642396613228253e-03
2.095960907159819496e-03
2.040074660495305378e-03
1.985919875548970617e-03
1.933435340268430244e-03
1.882562294819775097e-03
1.833244320728200224e-03
1.785427235632484682e-03
1.739058993341853791e-03
1.694089588894387433e-03
1.650470968343555967e-03
1.608156943012253263e-03
1.567103107965398803e-03
1.527266764479299306e-03
1.488606846281221490e-03
1.451083849362525555e-03
1.414659765168222805e-03
1.379298016990370204e-03
1.344963399385304577e-03
1.311622020460621830e-03
1.279241246881667425e-03
1.247789651452538848e-03
1.217236963139071331e-03
1.187554019402941663e-03
1.158712720741014073e-03
1.130685987299062363e-03
1.103447717468104914e-03
1.076972748355463361e-03
1.051236818043018622e-03
1.026216529531475893e-03
1.001889316302246062e-03
9.782334094005193555e-04
9.552278059786653260e-04
9.328522392184498101e-04
9.110871495682411336e-04
8.899136572338441596e-04
8.693135358587701471e-04
8.492691873372669453e-04
8.297636177061934503e-04
8.107804140685808411e-04
7.923037224931451248e-04
7.743182268482960836e-04
7.568091285264599800e-04
7.397621270141345982e-04
7.231634012753093959e-04
7.069995919017533440e-04
6.912577840027938096e-04
6.759254907965507164e-04
6.609906378702753429e-04
6.464415480844213670e-04
6.322669270869256007e-04
6.184558494079600522e-04
6.049977451198119017e-04
5.918823870228739903e-04
5.790998783485291294e-04
5.666406409427460168e-04
5.544954039201404001e-04
5.426551927641436917e-04
5.311113188488956549e-04
5.198553693766498748e-04
5.088791976985660185e-04
4.981749140139192294e-04
4.877348764268252951e-04
4.775516823433459380e-04
4.676181601995831397e-04
4.579273615041340906e-04
4.484725531801678493e-04
4.392472101985073945e-04
4.302450084861626713e-04
4.214598181009024565e-04
4.128856966611287841e-04
4.045168830189102170e-04
3.963477911671341582e-04
3.883730043728143562e-04
3.805872695240313419e-04
3.729854916854693516e-04
3.655627288519114359e-04
3.583141868925557240e-04
3.512352146781836304e-04
3.443212993845399714e-04
3.375680619645411414e-04
3.309712527834381157e-04
3.245267474077695208e-04
3.182305425474336500e-04
3.120787521384590208e-04
3.060676035669172390e-04
3.001934340235033662e-04
2.944526869889870250e-04
2.888419088395162535e-04
2.833577455732609303e-04
2.779969396485613520e-04
2.727563269328141834e-04
2.676328337574847803e-04
2.626234740725401991e-04
2.577253467002637568e-04
2.529356326826232818e-04
2.482515927191276364e-04
2.436705646908667153e-04
2.391899612703981366e-04
2.348072676110983645e-04
2.305200391138276369e-04
2.263258992706987719e-04
2.222225375792025084e-04
2.182077075264266268e-04
2.142792246408971649e-04
2.104349646084801532e-04
2.066728614515030160e-04
2.029909057664176320e-04
1.993871430216743448e-04
1.958596719089753403e-04
1.924066427503317190e-04
1.890262559565397248e-04
1.857167605352620415e-04
1.824764526485127129e-04
1.793036742154817170e-04
1.761968115620461542e-04
1.731542941118447310e-04
1.701745931217722241e-04
1.672562204546812698e-04
1.643977273947724990e-04
1.615977034974236772e-04
1.588547754787928551e-04
1.561676061369272146e-04
1.535348933098139084e-04
1.509553688656162273e-04
1.484277977226340097e-04
1.459509769031057153e-04
1.435237346142139705e-04
1.411449293579498661e-04
1.388134490704647883e-04
1.365282102849186196e-04
1.342881573235327132e-04
1.320922615122562893e-04
1.299395204203533541e-04
1.278289571232348856e-04
1.257596194878531862e-04
1.237305794802785232e-04
1.217409324931961544e-04
1.197897966950839697e-04
1.178763123986312499e-04
1.159996414475687927e-04
1.141589666233912070e-04
1.123534910681113589e-04
1.105824377261104506e-04
1.088450488012026950e-04
1.071405852308677620e-04
1.054683261758096018e-04
1.038275685238383386e-04
1.022176264105480263e-04
1.006378307515980256e-04
9.908752879058004394e-05
9.756608365937007477e-05
9.607287395167696199e-05
9.460729330873520718e-05
9.316875001768404015e-05
9.175666662054871286e-05
9.037047953624606999e-05
8.900963869159851151e-05
8.767360716447756186e-05
8.636186083671188590e-05
8.507388805675968383e-05
8.380918931240579554e-05
8.256727691275449698e-05
8.134767467917987990e-05
8.014991764502221955e-05
7.897355176419363818e-05
7.781813362766354662e-05
7.668323018800670115e-05
7.556841849202580177e-05
7.447328542032888158e-05
7.339742743496317204e-05
7.234045033355040013e-05
7.130196901039140484e-05
7.028160722458136756e-05
6.927899737400591764e-05
6.829378027623806281e-05
6.732560495484625073e-05
6.637412843241211047e-05
6.543901552817769668e-05
6.451993866258809690e-05
6.361657766595713774e-05
6.272861959302582485e-05
6.185575854263774263e-05
6.099769548213293584e-05
6.015413807643478055e-05
5.932480052180363395e-05
5.850940338442080815e-05
5.770767344304517321e-05
5.691934353588932603e-05
5.614415241154950298e-05
5.538184458441184488e-05
5.463217019335283404e-05
5.389488486451221838e-05
5.316974957759569109e-05
5.245653053593640454e-05
5.175499903992109539e-05
5.106493136340914315e-05
5.038610863414999010e-05
4.971831671655041360e-05
4.906134609818834031e-05
4.841499177897350961e-05
4.777905316308725213e-05
4.715333395420554419e-05
4.653764205291963834e-05
4.593178945733130569e-05
4.533559216573307350e-05
4.474887008216948617e-05
4.417144692441093279e-05
4.360315013413232192e-05
4.304381078948661655e-05
4.249326351980528240e-05
4.195134642301948737e-05
4.141790098432536195e-05
4.089277199754645653e-05
4.037580748845462017e-05
3.986685863979898568e-05
3.936577971833664266e-05
3.887242800373698804e-05
3.838666371944487082e-05
3.790834996475535989e-05
3.743735264945922286e-05
3.697354042905956945e-05
3.651678464267703843e-05
3.606695925166921628e-05
3.562394078013755697e-05
3.518760825731470811e-05
3.475784316016089834e-05
3.433452935898913169e-05
3.391755306323248004e-05
3.350680276886157209e-05
3.310216920739299305e-05
3.270354529578364019e-05
3.231082608785776079e-05
3.192390872660827038e-05
3.154269239796048352e-05
3.116707828526647491e-05
3.079696952554613080e-05
3.043227116603467055e-05
3.007289012248534569e-05
2.971873513781447940e-05
2.936971674238746268e-05
2.902574721460442084e-05
2.868674054322376105e-05
2.835261238960336800e-05
2.802328005190090552e-05
2.769866242918403782e-05
2.737867998710937615e-05
2.706325472394455176e-05
2.675231013766588849e-05
2.644577119378649902e-05
2.614356429360193109e-05
2.584561724407305385e-05
2.555185922716675845e-05
2.526222077104564004e-05
2.497663372117864486e-05
2.469503121266883249e-05
2.441734764273249949e-05
2.414351864415856079e-05
2.387348105935305456e-05
2.360717291471435255e-05
2.334453339600518922e-05
2.308550282392123309e-05
2.283002263055747228e-05
2.257803533607214173e-05
2.232948452624348748e-05
2.208431483006991945e-05
2.184247189857920537e-05
2.160390238332626843e-05
2.136855391594267108e-05
2.113637508798768671e-05
2.090731543114980910e-05
2.068132539809564241e-05
2.045835634357252842e-05
2.023836050595378562e-05
2.002129098937920594e-05
1.980710174604723123e-05
1.959574755908626999e-05
1.938718402581928799e-05
1.918136754112887072e-05
1.897825528152633604e-05
1.877780518945437399e-05
1.857997595796459679e-05
1.838472701541610894e-05
1.819201851116098240e-05
1.800181130098760238e-05
1.781406693295340435e-05
1.762874763395803977e-05
1.744581629594874661e-05
1.726523646302384918e-05
1.708697231850296626e-05
1.691098867222301440e-05
1.673725094841695639e-05
1.656572517359898380e-05
1.639637796469320790e-05
1.622917651763798334e-05
1.606408859601859385e-05
1.590108252014772023e-05
1.574012715603199255e-05
1.558119190509864944e-05
1.542424669363139396e-05
1.526926196277201330e-05
1.511620865857740973e-05
1.496505822226741545e-05
1.481578258079902355e-05
1.466835413761405908e-05
1.452274576345462458e-05
1.437893078751089604e-05
1.423688298876233021e-05
1.409657658730112333e-05
1.395798623614589853e-05
1.382108701290097074e-05
1.368585441195764827e-05
1.355226433648404380e-05
1.342029309073752026e-05
1.328991737274521655e-05
1.316111426668642613e-05
1.303386123591017919e-05
1.290813611569570792e-05
1.278391710649015734e-05
1.266118276703631893e-05
1.253991200776937531e-05
1.242008408432324913e-05
1.230167859115254158e-05
1.218467545535394542e-05
1.206905493046112895e-05
1.195479759052953389e-05
1.184188432432668490e-05
1.173029632939729898e-05
1.162001510669784003e-05
1.151102245487901428e-05
1.140330046496146004e-05
1.129683151504287772e-05
1.119159826508642582e-05
1.108758365188648397e-05
1.098477088399292992e-05
1.088314343696951862e-05
1.078268504846826701e-05
1.068337971362058511e-05
1.058521168041486309e-05
1.048816544519325959e-05
1.039222574821576303e-05
1.029737756938662578e-05
1.020360612395065080e-05
1.011089685831495425e-05
1.001923544611523775e-05
9.928607783972405757e-06
9.838999987767656859e-06
9.750398388772712094e-06
9.662789529752658729e-06
9.576160161450353558e-06
9.490497238781098587e-06
9.405787917412276254e-06
9.322019550255921522e-06
9.239179683916770526e-06
9.157256055542658347e-06
9.076236589379451362e-06
8.996109393621455177e-06
8.916862757218556123e-06
8.838485146769336590e-06
8.760965203497858586e-06
8.684291740249517393e-06
8.608453738563060428e-06
8.533440345772863811e-06
8.459240872266837689e-06
8.385844788615225102e-06
8.313241722935380839e-06
8.241421458182450160e-06
8.170373929554640909e-06
8.100089221966527624e-06
8.030557567393586301e-06
7.961769342579982635e-06
7.893715066535176309e-06
7.826385398115533507e-06
7.759771133768681567e-06
7.693863205158918178e-06
7.628652677001980024e-06
7.564130744792635495e-06
7.500288732714520779e-06
7.437118091389695292e-06
7.374610395921667768e-06
7.312757343776847427e-06
7.251550752761376980e-06
7.190982559097930773e-06
7.131044815464375263e-06
7.071729689079296689e-06
7.013029459825318254e-06
6.954936518446309933e-06
6.897443364723396195e-06
6.840542605711832355e-06
6.784226954002524512e-06
6.728489226014100265e-06
6.673322340303389687e-06
6.618719315990459045e-06
6.564673271041773270e-06
6.511177420746931712e-06
