-1.826730474295809937e+11
4.459395860298163150e-01
4.433659153837847811e-01
4.392580595398047905e-01
4.337972405265166920e-01
4.271556327364134376e-01
4.194184980228179427e-01
4.106992011125960573e-01
4.011366079703639898e-01
3.908780118858081742e-01
3.800678635108534209e-01
3.688419491281620388e-01
3.573246832045988697e-01
3.456280103856048669e-01
3.338511479984251906e-01
3.220808000316726094e-01
3.103916613375727884e-01
2.988471128256176002e-01
2.875000432728960220e-01
2.763937491347885356e-01
2.655628726636019010e-01
2.550343455411390181e-01
2.448283116369767143e-01
2.349590086575403802e-01
2.254355941837138388e-01
2.162629066847516768e-01
2.074421564032911114e-01
1.989715444755764118e-01
1.908468113136758681e-01
1.830617172094806122e-01
1.756084594292883772e-01
1.684780308664590720e-01
1.616605257184984268e-01
1.551453977514754001e-01
1.489216765942411591e-01
1.429781472362412487e-01
1.373034975403100155e-01
1.318864381680073805e-01
1.267157988804137325e-01
1.217806047437841599e-01
1.170701353529479682e-01
1.125739697941314787e-01
1.082820197094456205e-01
1.041845525000777428e-01
1.002722064137677727e-01
9.653599900513532006e-02
9.296733023079895020e-02
8.955798124509861680e-02
8.630010979107760605e-02
8.318624293554988114e-02
8.020926777073156266e-02
7.736242059850573227e-02
7.463927502196887609e-02
7.203372929232676469e-02
6.953999319410786306e-02
6.715257469753477260e-02
6.486626656096161625e-02
6.267613302854746493e-02
6.057749673662926604e-02
5.856592591605003228e-02
5.663722195632248102e-02
5.478740737944542971e-02
5.301271425714193519e-02
5.130957309320560711e-02
4.967460218341890332e-02
4.810459745754691596e-02
4.659652280245607514e-02
4.514750086007079943e-02
4.375480429065747856e-02
4.241584748906879199e-02
4.112817873939444979e-02
3.988947279219878794e-02
3.869752384752889185e-02
3.755023892612818770e-02
3.644563161132108320e-02
3.538181614374957817e-02
3.435700185139212159e-02
3.336948789771332358e-02
3.241765833108711803e-02
3.149997741923793448e-02
3.061498525299755080e-02
2.976129360434831561e-02
2.893758202421570225e-02
2.814259416639286471e-02
2.737513432434690586e-02
2.663406416859093184e-02
2.591829967273051594e-02
2.522680821708100929e-02
2.455860585921110228e-02
2.391275476166065950e-02
2.328836076710727454e-02
2.268457111254118530e-02
2.210057227369066624e-02
2.153558793226850732e-02
2.098887705836505191e-02
2.045973210120166641e-02
1.994747728176760049e-02
1.945146698116051454e-02
1.897108421890636443e-02
1.850573921597709059e-02
1.805486803729383638e-02
1.761793130914890426e-02
1.719441300697233110e-02
1.678381930938055433e-02
1.638567751448571919e-02
1.599953501491757635e-02
1.562495832802524021e-02
1.526153217808223772e-02
1.490885862745594537e-02
1.456655625385594455e-02
1.423425937110511796e-02
1.391161729081069609e-02
1.359829362264353136e-02
1.329396561103979302e-02
1.299832350621055177e-02
1.271106996754345353e-02
1.243191949756949910e-02
1.216059790474899316e-02
1.189684179352989979e-02
1.164039808008698884e-02
1.139102353237331222e-02
1.114848433310267062e-02
1.091255566446669434e-02
1.068302131332288241e-02
1.045967329578623151e-02
1.024231150017995695e-02
1.003074334733544681e-02
9.824783467322850683e-03
9.624253391699477689e-03
9.428981260558799704e-03
9.238801543452579423e-03
9.053554773569727487e-03
8.873087294417381088e-03
8.697251018410678824e-03
8.525903196658468630e-03
8.358906199497084799e-03
8.196127307086520375e-03
8.037438509673089371e-03
7.882716316945481694e-03
7.731841576053000153e-03
7.584699297871644319e-03
7.441178491074174062e-03
7.301172003619349482e-03
7.164576371293973622e-03
7.031291672995987341e-03
6.901221392367817842e-03
6.774272285507976221e-03
6.650354254462254033e-03
6.529380226187209146e-03
6.411266036782548028e-03
6.295930320661113910e-03
6.183294404489503293e-03
6.073282205635299746e-03
5.965820134903765393e-03
5.860837003405672263e-03
5.758263933322904649e-03
5.658034272367329365e-03
5.560083511857882854e-03
5.464349208121888068e-03
5.370770907195732136e-03
5.279290072550901769e-03
5.189850015806296568e-03
5.102395830256734044e-03
5.016874327042675219e-03
4.933233973955397644e-03
4.851424836625373160e-03
4.771398522095626760e-03
4.693108124629308264e-03
4.616508173633793177e-03
4.541554583656237654e-03
4.468204606333792128e-03
4.396416784198331484e-03
4.326150906292625109e-03
4.257367965486036354e-03
4.190030117436016610e-03
4.124100641127226297e-03
4.059543900904349911e-03
3.996325309944204207e-03
3.934411295121620356e-03
3.873769263177173627e-03
3.814367568167886802e-03
3.756175480124968047e-03
3.699163154876172754e-03
3.643301604981052932e-03
3.588562671739570220e-03
3.534918998225888842e-03
3.482344003313597725e-03
3.430811856623083855e-03
3.380297454409708635e-03
3.330776396287093988e-03
3.282224962814161984e-03
3.234620093858220358e-03
3.187939367759184961e-03
3.142160981198793834e-03
3.097263729812338440e-03
3.053226989457424878e-03
3.010030698151533457e-03
2.967655338647956498e-03
2.926081921595491409e-03
2.885291969299874637e-03
2.845267500040771225e-03
2.805991012927666617e-03
2.767445473263130395e-03
2.729614298426774610e-03
2.692481344223729423e-03
2.656030891688532236e-03
2.620247634357752986e-03
2.585116665948516967e-03
2.550623468454249476e-03
2.516753900642987318e-03
2.483494186930501613e-03
2.450830906631562556e-03
2.418750983547157674e-03
2.387241675919860029e-03
2.356290566688512556e-03
2.325885554082640638e-03
2.296014842515958776e-03
2.266666933767869097e-03
2.237830618461611465e-03
2.209494967799985332e-03
2.181649325585510724e-03
2.154283300471959706e-03
2.127386758492333385e-03
2.100949815783126340e-03
2.074962831582372047e-03
2.049416401407100352e-03
2.024301350486146234e-03
1.999608727351942505e-03
1.975329797668567977e-03
1.951456038243648550e-03
1.927979131199908380e-03
1.904890958366989295e-03
1.882183595815378752e-03
1.859849308560423964e-03
1.837880545452197367e-03
1.816269934178826873e-03
1.795010276465447419e-03
1.774094543387727541e-03
1.753515870836830359e-03
1.733267555119377690e-03
1.713343048689308645e-03
1.693735956012076826e-03
1.674440029536095054e-03
1.655449165800737532e-03
1.636757401652921828e-03
1.618358910565831366e-03
1.600247999085313566e-03
1.582419103355103829e-03
1.564866785768392887e-03
1.547585731695999556e-03
1.530570746322901243e-03
1.513816751571805952e-03
1.497318783103107620e-03
1.481071987431414883e-03
1.465071619087598975e-03
1.449313037887867139e-03
1.433791706268783273e-03
1.418503186702224639e-03
1.403443139178506271e-03
1.388607318769219390e-03
1.373991573242250297e-03
1.359591840768503701e-03
1.345404147663487038e-03
1.331424606213715833e-03
1.317649412555521593e-03
1.304074844609148798e-03
1.290697260075024388e-03
1.277513094483984091e-03
1.264518859299013087e-03
1.251711140067834904e-03
1.239086594631677585e-03
1.226641951376672424e-03
1.214374007533214339e-03
1.202279627525948413e-03
1.190355741359061525e-03
1.178599343056641047e-03
1.167007489135674092e-03
1.155577297121235247e-03
1.144305944106749351e-03
1.133190665343120074e-03
1.122228752875376045e-03
1.111417554204408020e-03
1.100754470997111767e-03
1.090236957812518170e-03
1.079862520883212440e-03
1.069628716907855548e-03
1.059533151885894142e-03
1.049573479983356705e-03
1.039747402424628930e-03
1.030052666411318540e-03
1.020487064069319771e-03
1.011048431428518413e-03
1.001734647423591085e-03
9.925436329198955576e-04
9.834733497628977972e-04
9.745217998600175235e-04
9.656870242755744016e-04
9.569671023537118515e-04
9.483601508610828290e-04
9.398643231546266463e-04
9.314778083686636734e-04
9.231988306157568047e-04
9.150256482206575726e-04
9.069565529586931518e-04
8.989898693250175654e-04
8.911239538158532980e-04
8.833571942250539877e-04
8.756880089664242917e-04
8.681148464027010903e-04
8.606361842002918650e-04
8.532505286904523700e-04
8.459564142526687647e-04
8.387524027124726445e-04
8.316370827505803476e-04
8.246090693277974282e-04
8.176670031214694490e-04
8.108095499856915467e-04
8.040354004077432393e-04
7.973432689893922287e-04
7.907318939397445234e-04
7.842000365754220326e-04
7.777464808345069258e-04
7.713700328024764019e-04
7.650695202525703564e-04
7.588437921863810942e-04
7.526917184024206620e-04
7.466121890533639061e-04
7.406041142350439088e-04
7.346664235681199528e-04
7.287980657966208753e-04
7.229980084040299460e-04
7.172652372131604892e-04
7.115987560282199809e-04
7.059975862604428443e-04
7.004607665686002349e-04
6.949873525139427244e-04
6.895764162153650290e-04
6.842270460187815928e-04
6.789383461673903497e-04
6.737094364857032502e-04
6.685394520622445214e-04
6.634275429531211188e-04
6.583728738760452615e-04
6.533746239263393818e-04
6.484319862849474703e-04
6.435441679468745235e-04
6.387103894414103422e-04
6.339298845758900569e-04
6.292019001634674424e-04
6.245256957801981201e-04
6.199005435065796377e-04
6.153257276906298756e-04
6.108005447056363835e-04
6.063243027192299905e-04
6.018963214664552197e-04
5.975159320199541213e-04
5.931824765854631920e-04
5.888953082731074318e-04
5.846537908995586008e-04
5.804572987770928449e-04
5.763052165197457555e-04
5.721969388421399572e-04
5.681318703705251494e-04
5.641094254571488165e-04
5.601290279921844473e-04
5.561901112292044758e-04
5.522921176055461956e-04
5.484344985744460388e-04
5.446167144325109177e-04
5.408382341594020204e-04
5.370985352495249998e-04
5.333971035641482672e-04
5.297334331673120289e-04
5.261070261788347580e-04
5.225173926264314872e-04
5.189640502982761916e-04
5.154465246035577763e-04
5.119643484314817528e-04
5.085170620136025832e-04
5.051042127934834980e-04
5.017253552928035987e-04
4.983800509847924332e-04
4.950678681705511508e-04
4.917883818509327654e-04
4.885411736095246482e-04
4.853258314949648877e-04
4.821419499063672731e-04
4.789891294727510740e-04
4.758669769517887005e-04
4.727751051161188656e-04
4.697131326436565502e-04
4.666806840214476892e-04
4.636773894339807356e-04
4.607028846694838364e-04
4.577568110197827167e-04
4.548388151806026514e-04
4.519485491620844897e-04
4.490856701941936535e-04
4.462498406334614032e-04
4.434407278774976646e-04
4.406580042752850090e-04
4.379013470448001044e-04
4.351704381826415613e-04
4.324649643898670348e-04
4.297846169851737841e-04
4.271290918291814620e-04
4.244980892458283250e-04
4.218913139446556215e-04
4.193084749479769613e-04
4.167492855187138190e-04
4.142134630860105915e-04
4.117007291761787258e-04
4.092108093451951589e-04
4.067434331067598663e-04
4.042983338705674612e-04
4.018752488723631444e-04
3.994739191159890623e-04
3.970940893056607024e-04
3.947355077840164483e-04
3.923979264774946074e-04
3.900811008294979843e-04
3.877847897488795326e-04
3.855087555475478212e-04
3.832527638889526855e-04
3.810165837301315861e-04
3.787999872686409475e-04
3.766027498897095427e-04
3.744246501138359662e-04
3.722654695474947317e-04
3.701249928300676117e-04
3.680030075867701811e-04
3.658993043820224500e-04
3.638136766661581589e-04
3.617459207370110619e-04
3.596958356879564889e-04
3.576632233655008264e-04
3.556478883253166856e-04
3.536496377882780706e-04
3.516682815996041711e-04
3.497036321842283968e-04
3.477555045103830622e-04
3.458237160449684211e-04
3.439080867166932620e-04
3.420084388765509686e-04
3.401245972598498923e-04
3.382563889482437247e-04
3.364036433348704946e-04
3.345661920863829408e-04
3.327438691069772858e-04
3.309365105084172143e-04
3.291439545678453982e-04
3.273660417006940548e-04
3.256026144269341671e-04
3.238535173344381235e-04
3.221185970532225440e-04
3.203977022181447865e-04
3.186906834427016832e-04
3.169973932881653411e-04
3.153176862293882721e-04
3.136514186325989328e-04
3.119984487214289004e-04
3.103586365513777423e-04
3.087318439811692627e-04
3.071179346454400161e-04
3.055167739287600881e-04
3.039282289387656988e-04
3.023521684804020282e-04
3.007884630297219530e-04
2.992369847116815862e-04
2.976976072719406119e-04
2.961702060555460037e-04
2.946546579816189393e-04
2.931508415207062512e-04
2.916586366732420998e-04
2.901779249420144424e-04
2.887085893163998662e-04
2.872505142477166373e-04
2.858035856263541064e-04
2.843676907635650508e-04
2.829427183677069024e-04
2.815285585269222679e-04
2.801251026867124239e-04
2.787322436330619269e-04
2.773498754684577960e-04
2.759778935976786585e-04
2.746161947064784670e-04
2.732646767427127088e-04
2.719232389001291494e-04
2.705917815997160858e-04
2.692702064717167332e-04
2.679584163380877015e-04
2.666563151967338285e-04
2.653638082039666557e-04
2.640808016582951723e-04
2.628072029842165591e-04
2.615429207162289771e-04
2.602878644826223109e-04
2.590419449928216267e-04
2.578050740182913358e-04
2.565771643801006974e-04
