1.731989418483031311e+11
5.305388158107815499e-02
5.192950908066240601e-02
5.028321187309847673e-02
4.954970421097737443e-02
4.917953937219454730e-02
4.891263039558957360e-02
4.865643858171431191e-02
4.838257675891632914e-02
4.808474659150396846e-02
4.776345255695879644e-02
4.742077456420545900e-02
4.705874807441468022e-02
4.667898596426045543e-02
4.628269303068544005e-02
4.587077723558952158e-02
4.544396162885089296e-02
4.500287152362858478e-02
4.454809504569734457e-02
4.408022184430571144e-02
4.359986565176665607e-02
4.310767555084504821e-02
4.260433966232790581e-02
4.209058394352371835e-02
4.156716798943627111e-02
4.103487913921011199e-02
4.049452576837619944e-02
3.994693035039187379e-02
3.939292266447580459e-02
3.883333338426897541e-02
3.826898818449642192e-02
3.770070243682921429e-02
3.712927652215514129e-02
3.655549175745376189e-02
3.598010691686504003e-02
3.540385531518452922e-02
3.482744241527990781e-02
3.425154391783902241e-02
3.367680429044961343e-02
3.310383569373875901e-02
3.253321726320468343e-02
3.196549470761533840e-02
3.140118018674664668e-02
3.084075243393336052e-02
3.028465709119343430e-02
2.973330722733713571e-02
2.918708401179825884e-02
2.864633751934331229e-02
2.811138764319398575e-02
2.758252509600978009e-02
2.706001248052336550e-02
2.654408541332653471e-02
2.603495368714181524e-02
2.553280245862943332e-02
2.503779345026480030e-02
2.455006615639110379e-02
2.406973904459297486e-02
2.359691074508818431e-02
2.313166122155729809e-02
2.267405291820723257e-02
2.222413187840999171e-02
2.178192883136098601e-02
2.134746024376910079e-02
2.092072933420174863e-02
2.050172704845754090e-02
2.009043299473667332e-02
1.968681633773794459e-02
1.929083665145925330e-02
1.890244473048774410e-02
1.852158336021769713e-02
1.814818804626328053e-02
1.778218770401363003e-02
1.742350530900127481e-02
1.707205850922366430e-02
1.672776020054511648e-02
1.639051906631605604e-02
1.606024008261530689e-02
1.573682499041750837e-02
1.542017273598683680e-02
1.511017988103380283e-02
1.480674098387058102e-02
1.450974895314605106e-02
1.421909537532828338e-02
1.393467081749322212e-02
1.365636510658219116e-02
1.338406758655352746e-02
1.311766735457498001e-02
1.285705347763599349e-02
1.260211519052112372e-02
1.235274207648617839e-02
1.210882423163828214e-02
1.187025241405015308e-02
1.163691817859402455e-02
1.140871399848464307e-02
1.118553337437422357e-02
1.096727093191085523e-02
1.075382250850620558e-02
1.054508523011210563e-02
1.034095757875341803e-02
1.014133945142181581e-02
9.946132211043678950e-03
9.755238730122073321e-03
9.568563427540199839e-03
9.386012299182233676e-03
9.207492942777673051e-03
9.032914577462580752e-03
8.862188058500031218e-03
8.695225887604740578e-03
8.531942219160981722e-03
8.372252862787421535e-03
8.216075282541313030e-03
8.063328593047591752e-03
7.913933552875729305e-03
7.767812555430131383e-03
7.624889617583008317e-03
7.485090366276647700e-03
7.348342023346443597e-03
7.214573388708123147e-03
7.083714822156972346e-03
6.955698223860551366e-03
6.830457013782487152e-03
6.707926110163020539e-03
6.588041907117814233e-03
6.470742251608374573e-03
6.355966419743008800e-03
6.243655092638800141e-03
6.133750331881460127e-03
6.026195554641011753e-03
5.920935508604285857e-03
5.817916246699805782e-03
5.717085101761387733e-03
5.618390661123351393e-03
5.521782741280345519e-03
5.427212362546507407e-03
5.334631723901361866e-03
5.243994177887678632e-03
5.155254205802872747e-03
5.068367393010975164e-03
4.983290404571460996e-03
4.899980961070138363e-03
4.818397814786656852e-03
4.738500726173988653e-03
4.660250440636337643e-03
4.583608665652771919e-03
4.508538048289434386e-03
4.435002153024614202e-03
4.362965439994814787e-03
4.292393243590097995e-03
4.223251751448442448e-03
4.155507983843342856e-03
4.089129773449773353e-03
4.024085745527372637e-03
3.960345298494649668e-03
3.897878584890879239e-03
3.836656492726353562e-03
3.776650627278499428e-03
3.717833293210404122e-03
3.660177477133874646e-03
3.603656830536650091e-03
3.548245653087533924e-03
3.493918876353196978e-03
3.440652047843162364e-03
3.388421315475120821e-03
3.337203412350442377e-03
3.286975641949796412e-03
3.237715863628087831e-03
3.189402478502190164e-03
3.142014415642213621e-03
3.095531118637806500e-03
3.049932532464660895e-03
3.005199090686527796e-03
2.961311702980751193e-03
2.918251742965116691e-03
2.876001036339115302e-03
2.834541849317417928e-03
2.793856877365330504e-03
2.753929234198704279e-03
2.714742441103368265e-03
2.676280416486820357e-03
2.638527465723905507e-03
2.601468271255180653e-03
2.565087882937744368e-03
2.529371708663186169e-03
2.494305505190030914e-03
2.459875369242414678e-03
2.426067728822811631e-03
2.392869334764569089e-03
2.360267252487391332e-03
2.328248853996406353e-03
2.296801810053095139e-03
2.265914082592246359e-03
2.235573917313882220e-03
2.205769836463478129e-03
2.176490631835115153e-03
2.147725357916296929e-03
2.119463325253256869e-03
2.091694093958595957e-03
2.064407467413431618e-03
2.037593486125421904e-03
2.011242421753767218e-03
1.985344771274766273e-03
1.959891251338552465e-03
1.934872792732189595e-03
1.910280535015518311e-03
1.886105821294226104e-03
1.862340193127698385e-03
1.838975385567209742e-03
1.816003322334003300e-03
1.793416111125489820e-03
1.771206039027140022e-03
1.749365568067151600e-03
1.727887330881694439e-03
1.706764126484294763e-03
1.685988916154013140e-03
1.665554819443748613e-03
1.645455110263371878e-03
1.625683213100526103e-03
1.606232699304932510e-03
1.587097283510141565e-03
1.568270820109018970e-03
1.549747299849357773e-03
1.531520846506984057e-03
1.513585713642351394e-03
1.495936281455945149e-03
1.478567053709411994e-03
1.461472654738393828e-03
1.444647826529976697e-03
1.428087425895840923e-03
1.411786421694483096e-03
1.395739892152692008e-03
1.379943022227436700e-03
1.364391101057238487e-03
1.349079519473272981e-03
1.334003767563762821e-03
1.319159432323635528e-03
1.304542195343261213e-03
1.290147830566024112e-03
1.275972202100517094e-03
1.262011262090689812e-03
1.248261048642396176e-03
1.234717683799235743e-03
1.221377371564136283e-03
1.208236395989326084e-03
1.195291119293173665e-03
1.182537980040754277e-03
1.169973491359055373e-03
1.157594239211467979e-03
1.145396880696925024e-03
1.133378142411878287e-03
1.121534818830927094e-03
1.109863770759389467e-03
1.098361923785651229e-03
1.087026266804347330e-03
1.075853850564190139e-03
1.064841786249548505e-03
1.053987244103771204e-03
1.043287452073826671e-03
1.032739694508677530e-03
1.022341310878083220e-03
1.012089694520046379e-03
1.001982291418679338e-03
9.920165990291440750e-04
9.821901651103637221e-04
9.725005865954816642e-04
9.629455084945170995e-04
9.535226228132298587e-04
9.442296675099548509e-04
9.350644254615403383e-04
9.260247234814666939e-04
9.171084313313038194e-04
9.083134607739129507e-04
8.996377646488529223e-04
8.910793359628854660e-04
8.826362070113447089e-04
8.743064485099427685e-04
8.660881687587718147e-04
8.579795128189626752e-04
8.499786617071070083e-04
8.420838316189893646e-04
8.342932731653096567e-04
8.266052706173976361e-04
8.190181411920072208e-04
8.115302343330021984e-04
8.041399310136920775e-04
7.968456430698100945e-04
7.896458125327132649e-04
7.825389109785696462e-04
7.755234389075216228e-04
7.685979251188523875e-04
7.617609261141300436e-04
7.550110255094555356e-04
7.483468334599230332e-04
7.417669861005116161e-04
7.352701449978571446e-04
7.288549966151247617e-04
7.225202517922024725e-04
7.162646452310017509e-04
7.100869350016303372e-04
7.039859020503413944e-04
6.979603497292430347e-04
6.920091033264519353e-04
6.861310096133443892e-04
6.803249364015773182e-04
6.745897721081028919e-04
6.689244253312853772e-04
6.633278244367879495e-04
6.577989171525633338e-04
6.523366701713939619e-04
6.469400687683091178e-04
6.416081164151155036e-04
6.363398344195747569e-04
6.311342615565873615e-04
6.259904537186944395e-04
6.209074835679118110e-04
6.158844402017749076e-04
6.109204288198277766e-04
6.060145704029906710e-04
6.011660013949260417e-04
5.963738733962831162e-04
5.916373528620511024e-04
5.869556208060178193e-04
5.823278725092251307e-04
5.777533172415250107e-04
5.732311779862442336e-04
5.687606911652931529e-04
5.643411063773751124e-04
5.599716861390824363e-04
5.556517056328758031e-04
5.513804524597265555e-04
5.471572263935353675e-04
5.429813391493176766e-04
5.388521141485025368e-04
5.347688862922250763e-04
5.307310017403921165e-04
5.267378176956327707e-04
5.227887021852506422e-04
5.188830338616057247e-04
5.150202017933924736e-04
5.111996052653555722e-04
5.074206535877756608e-04
5.036827659015141734e-04
4.999853709950485836e-04
4.963279071172888024e-04
4.927098218026060295e-04
4.891305716931970693e-04
4.855896223692202085e-04
4.820864481775988253e-04
4.786205320728154078e-04
4.751913654497119666e-04
4.717984479911674356e-04
4.684412875124444042e-04
4.651193998057578938e-04
4.618323084994990779e-04
4.585795449065788176e-04
4.553606478863159168e-04
4.521751637034387983e-04
4.490226458941926069e-04
4.459026551313360898e-04
4.428147590893605212e-04
4.397585323261399282e-04
4.367335561488161488e-04
4.337394184958931476e-04
4.307757138120038576e-04
4.278420429362217448e-04
4.249380129803803641e-04
4.220632372220478601e-04
4.192173349855110587e-04
4.163999315429656178e-04
4.136106579988307885e-04
4.108491511911616101e-04
4.081150535875099905e-04
4.054080131843385004e-04
4.027276834073223455e-04
4.000737230194228999e-04
3.974457960229660358e-04
3.948435715659392997e-04
3.922667238549504276e-04
3.897149320652992799e-04
3.871878802508277317e-04
3.846852572622072586e-04
3.822067566618958523e-04
3.797520766390949376e-04
3.773209199355864740e-04
3.749129937602457829e-04
3.725280097137684265e-04
3.701656837158395774e-04
3.678257359251979608e-04
3.655078906716902054e-04
3.632118763814418116e-04
3.609374255075792348e-04
3.586842744611740130e-04
3.564521635428530288e-04
3.542408368804039753e-04
3.520500423574990378e-04
3.498795315550751184e-04
3.477290596853865878e-04
3.455983855349398226e-04
3.434872713987680015e-04
3.413954830255860884e-04
3.393227895558403873e-04
3.372689634713044171e-04
3.352337805324623332e-04
3.332170197287709357e-04
3.312184632198178491e-04
3.292378962875819326e-04
3.272751072829205299e-04
3.253298875731669426e-04
3.234020314948349295e-04
3.214913363029925364e-04
3.195976021248547738e-04
3.177206319093794917e-04
3.158602313855229937e-04
3.140162090149445362e-04
3.121883759449328721e-04
3.103765459688823114e-04
3.085805354805515321e-04
3.068001634329853289e-04
3.050352512969922714e-04
3.032856230194003189e-04
3.015511049861974158e-04
2.998315259794548382e-04
2.981267171415780126e-04
2.964365119371148438e-04
2.947607461147860874e-04
2.930992576710700348e-04
2.914518868166737775e-04
2.898184759383415354e-04
2.881988695653259214e-04
2.865929143378576072e-04
2.850004589693977408e-04
2.834213542191044155e-04
2.818554528554173544e-04
2.803026096263039335e-04
2.787626812288390710e-04
2.772355262792292052e-04
2.757210052786174259e-04
2.742189805906569688e-04
2.727293164066502129e-04
2.712518787206796844e-04
2.697865353002981692e-04
2.683331556589951816e-04
2.668916110304397904e-04
2.654617743413911768e-04
2.640435201861635051e-04
2.626367247999805699e-04
2.612412660352170235e-04
2.598570233358632464e-04
2.584838777148767974e-04
2.571217117268709274e-04
2.557704094499069214e-04
2.544298564572944343e-04
2.530999397998279221e-04
2.517805479780310662e-04
2.504715709270577406e-04
2.491728999884923468e-04
2.478844278939185131e-04
2.466060487433807680e-04
2.453376579825139459e-04
2.440791523856677969e-04
2.428304300341466160e-04
2.415913902980015848e-04
2.403619338160467578e-04
2.391419624783175379e-04
2.379313794060866627e-04
2.367300889349888138e-04
2.355379965972570488e-04
2.343550091026269655e-04
2.331810343241258465e-04
2.320159812785327347e-04
2.308597601092809981e-04
2.297122820726915648e-04
2.285734595204313990e-04
2.274432058839703785e-04
2.263214356577059050e-04
2.252080643854181830e-04
2.241030086436168745e-04
2.230061860293286458e-04
2.219175151427776882e-04
2.208369155738409972e-04
2.197643078876154732e-04
2.186996136133156909e-04
2.176427552247339747e-04
2.165936561335790600e-04
2.155522406712684358e-04
2.145184340789363375e-04
2.134921624918906247e-04
2.124733529302869073e-04
2.114619332826972453e-04
2.104578322987826766e-04
2.094609795730839608e-04
2.084713055352516164e-04
2.074887414373893790e-04
2.065132193433960595e-04
2.055446721187514925e-04
2.045830334169718157e-04
2.036282376691733731e-04
2.026802200769672879e-04
2.017389165951399832e-04
2.008042639278784236e-04
1.998761995156694837e-04
