3.572945912744940796e+11
5.843062000203014250e-02
5.872499855490298515e-02
5.591170809927481500e-02
5.348109085576790989e-02
5.174220997781731057e-02
5.051928731729216082e-02
4.963313549877579334e-02
4.895926288211560617e-02
4.841712474882786665e-02
4.795504361393909676e-02
4.753955842948576205e-02
4.714871979334578356e-02
4.676796684251449676e-02
4.638758013245602996e-02
4.600108340623165759e-02
4.560421984284479535e-02
4.519428103414924180e-02
4.476965660752041387e-02
4.432952484028129803e-02
4.387363543307776226e-02
4.340215392698620889e-02
4.291554829289978557e-02
4.241450499485477366e-02
4.189986606208950803e-02
4.137258140485178259e-02
4.083367236798407518e-02
4.028420368667218199e-02
3.972526180321356293e-02
3.915793805350720191e-02
3.858331561962380363e-02
3.800245942160529466e-02
3.741640832291182051e-02
3.682616917123571199e-02
3.623271230603553050e-02
3.563696824588991063e-02
3.503982533047533821e-02
3.444212813902325365e-02
3.384467654288902949e-02
3.324822527752946399e-02
3.265348394070999305e-02
3.206111734040906214e-02
3.147174612904057867e-02
3.088594767147867515e-02
3.030425710215878254e-02
2.972716853400259041e-02
2.915513638697930787e-02
2.858857680919357769e-02
2.802786916678012830e-02
2.747335758271773898e-02
2.692535250693839366e-02
2.638413230297098622e-02
2.584994483816949185e-02
2.532300906662143802e-02
2.480351659525403818e-02
2.429163322532423841e-02
2.378750046250766026e-02
2.329123699020430038e-02
2.280294010140093697e-02
2.232268708547069380e-02
2.185053656727609095e-02
2.138652979604960258e-02
2.093069188295570981e-02
2.048303298599751798e-02
2.004354944208186495e-02
1.961222484586588877e-02
1.918903107584646328e-02
1.877392926827869957e-02
1.836687073953835458e-02
1.796779785830815435e-02
1.757664486854393360e-02
1.719333866477401607e-02
1.681779952118622745e-02
1.644994177600200835e-02
1.608967447303033538e-02
1.573690196182053747e-02
1.539152445843061656e-02
1.505343856831364846e-02
1.472253777325072122e-02
1.439871288399197091e-02
1.408185246033433202e-02
1.377184320029689601e-02
1.346857030008252742e-02
1.317191778641957356e-02
1.288176882277913826e-02
1.259800599110727504e-02
1.232051155033486722e-02
1.204916767326547067e-02
1.178385666299819334e-02
1.152446115030292262e-02
1.127086427307233407e-02
1.102294983911056292e-02
1.078060247323087140e-02
1.054370774988400150e-02
1.031215231219695383e-02
1.008582397837765043e-02
9.864611836438497150e-03
9.648406328025327383e-03
9.437099322151976111e-03
9.230584179650502819e-03
9.028755808906607783e-03
8.831510713735557516e-03
8.638747033806071229e-03
8.450364578385549663e-03
8.266264853781235544e-03
8.086351085125009774e-03
7.910528232919045166e-03
7.738703004746660952e-03
7.570783862643093443e-03
7.406681026451034100e-03
7.246306473573271845e-03
7.089573935372017743e-03
6.936398890655226523e-03
6.786698556389580972e-03
6.640391876035156571e-03
6.497399505673184805e-03
6.357643798197809559e-03
6.221048785733040987e-03
6.087540160560900304e-03
5.957045254635584541e-03
5.829493017953435441e-03
5.704813995815793959e-03
5.582940305288275340e-03
5.463805610791183653e-03
5.347345099127265300e-03
5.233495453934144948e-03
5.122194829684456607e-03
5.013382825405088283e-03
4.907000458050037039e-03
4.802990135781115555e-03
4.701295631064805747e-03
4.601862053770000571e-03
4.504635824245539766e-03
4.409564646462804660e-03
4.316597481288875215e-03
4.225684519886252488e-03
4.136777157307758301e-03
4.049827966319252681e-03
3.964790671481033257e-03
3.881620123487028451e-03
3.800272273841276416e-03
3.720704149831499663e-03
3.642873829865944657e-03
3.566740419136404938e-03
3.492264025716229625e-03
3.419405736972302989e-03
3.348127596423333685e-03
3.278392580965183711e-03
3.210164578536067737e-03
3.143408366163225054e-03
3.078089588448129632e-03
3.014174736468255844e-03
2.951631127087184225e-03
2.890426882701468969e-03
2.830530911389406157e-03
2.771912887504779377e-03
2.714543232650967752e-03
2.658393097107136782e-03
2.603434341645893824e-03
2.549639519748625460e-03
2.496981860239610995e-03
2.445435250321814635e-03
2.394974218990597592e-03
2.345573920828014636e-03
2.297210120220549712e-03
2.249859175897928054e-03
2.203498025887595801e-03
2.158104172807373544e-03
2.113655669509162394e-03
2.070131105119665804e-03
2.027509591359555330e-03
1.985770749252546707e-03
1.944894696146448609e-03
1.904862033052623360e-03
1.865653832316960248e-03
1.827251625593495632e-03
1.789637392120235759e-03
1.752793547308506561e-03
1.716702931602975823e-03
1.681348799640991487e-03
1.646714809680593916e-03
1.612785013313633442e-03
1.579543845429132176e-03
1.546976114448206374e-03
1.515066992799463108e-03
1.483802007659074107e-03
1.453167031918001229e-03
1.423148275387031703e-03
1.393732276233627942e-03
1.364905892641044005e-03
1.336656294692595282e-03
1.308970956450439260e-03
1.281837648266614949e-03
1.255244429272828199e-03
1.229179640084288039e-03
1.203631895684287301e-03
1.178590078502184113e-03
1.154043331668574979e-03
1.129981052459427815e-03
1.106392885886542388e-03
1.083268718490959515e-03
1.060598672277590637e-03
1.038373098801059768e-03
1.016582573443836068e-03
9.952178898109398375e-04
9.742700542672011466e-04
9.537302806597036664e-04
9.335899851421469720e-04
9.138407811375426348e-04
8.944744744534549596e-04
8.754830585071537996e-04
8.568587096877688936e-04
8.385937828279121931e-04
8.206808068043081050e-04
8.031124802518885275e-04
7.858816673829149835e-04
7.689813939286693767e-04
7.524048431661878311e-04
7.361453520762228919e-04
7.201964075767008922e-04
7.045516428687559340e-04
6.892048338689171771e-04
6.741498957441027784e-04
6.593808795236633102e-04
6.448919688140097861e-04
6.306774765816314243e-04
6.167318420458034467e-04
6.030496276085983709e-04
5.896255159085761477e-04
5.764543069295413602e-04
5.635309151812428752e-04
5.508503669520159463e-04
5.384077976542389621e-04
5.261984491984339485e-04
5.142176674810539083e-04
5.024608998849267039e-04
4.909236928973825798e-04
4.796016897445909422e-04
4.684906281140488460e-04
4.575863379152611543e-04
4.468847391192465324e-04
4.363818396286855972e-04
4.260737332268949018e-04
4.159565975518919601e-04
4.060266921439570353e-04
3.962803565311645571e-04
3.867140083697595543e-04
3.773241416200612264e-04
3.681073247812083338e-04
3.590601991594333242e-04
3.501794771854083166e-04
3.414619407819952102e-04
3.329044397424318902e-04
3.245038901957819633e-04
3.162572730601720394e-04
3.081616325741887152e-04
3.002140748404880100e-04
2.924117664202530165e-04
2.847519329503001018e-04
2.772318578057042515e-04
2.698488807790777599e-04
2.626003968169143832e-04
2.554838547625948308e-04
2.484967561402484648e-04
2.416366539754744025e-04
2.349011516296073410e-04
2.282879016723970977e-04
2.217946047855523517e-04
2.154190086778307034e-04
2.091589070440935672e-04
2.030121385345751150e-04
1.969765857632310713e-04
1.910501743240811123e-04
1.852308718475192961e-04
1.795166870628417399e-04
1.739056688998541489e-04
1.683959055969186380e-04
1.629855238416411112e-04
1.576726879291001637e-04
1.524555989269593681e-04
1.473324938894293723e-04
1.423016450587955006e-04
1.373613591049149818e-04
1.325099763735959613e-04
1.277458701629541338e-04
1.230674460033220896e-04
1.184731409620276565e-04
1.139614229674901225e-04
1.095307901397557515e-04
1.051797701461243406e-04
1.009069195612166681e-04
9.671082325612978536e-05
9.259009378892457676e-05
8.854337081531937770e-05
8.456932050937560064e-05
8.066663500549964283e-05
7.683403184421955245e-05
7.307025343372686166e-05
6.937406652585131894e-05
6.574426170202762876e-05
6.217965287502735805e-05
5.867907679002470900e-05
5.524139255808080406e-05
5.186548117563916094e-05
4.855024507421923374e-05
4.529460767388471254e-05
4.209751294026453650e-05
3.895792496377836756e-05
3.587482753952819792e-05
3.284722376051263382e-05
2.987413561483798219e-05
2.695460359958268270e-05
2.408768633888058730e-05
2.127246021288442535e-05
1.850801898695131342e-05
1.579347346480908243e-05
1.312795113328490970e-05
1.051059582346525190e-05
7.940567376740759187e-06
5.417041325284088771e-06
2.939208564090023401e-06
5.062750469964072408e-07
-1.882538524622390241e-06
-4.227996989181193044e-06
-6.530851030195350404e-06
-8.791837448285377832e-06
-1.101167944872472049e-05
-1.319108691011372514e-05
-1.533075665172134450e-05
-1.743137269594186023e-05
-1.949360651987142035e-05
-2.151811731088137947e-05
-2.350555220531624911e-05
-2.545654653207662932e-05
-2.737172404043697327e-05
-2.925169713829944840e-05
-3.109706710735515856e-05
-3.290842432535079354e-05
-3.468634848369234192e-05
-3.643140879150408296e-05
-3.814416418834731815e-05
-3.982516353717713287e-05
-4.147494582773525451e-05
-4.309404036506592206e-05
-4.468296696025220172e-05
-4.624223611449096438e-05
-4.777234920005923868e-05
-4.927379863617353806e-05
-5.074706806329487563e-05
-5.219263250966221790e-05
-5.361095856337705357e-05
-5.500250452916688459e-05
-5.636772058981165401e-05
-5.770704896201905854e-05
-5.902092404652670155e-05
-6.030977258575376254e-05
-6.157401379458526947e-05
-6.281405952024421424e-05
-6.403031437240969126e-05
-6.522317586554748914e-05
-6.639303454747391697e-05
-6.754027413835572702e-05
-6.866527165638736108e-05
-6.976839754213592926e-05
-7.085001578710503622e-05
-7.191048405208455563e-05
-7.295015378550040452e-05
-7.396937034220840701e-05
-7.496847309540477511e-05
-7.594779554875863425e-05
-7.690766544832250418e-05
-7.784840488578304019e-05
-7.877033040748493420e-05
-7.967375311412894234e-05
-8.055897876402262625e-05
-8.142630787189020225e-05
-8.227603580324149846e-05
-8.310845287273771476e-05
-8.392384443522971083e-05
-8.472249097613016033e-05
-8.550466820445024041e-05
-8.627064713739862611e-05
-8.702069418564661873e-05
-8.775507123992554170e-05
-8.847403575273915521e-05
-8.917784082029811543e-05
-8.986673525512856031e-05
-9.054096367488995156e-05
-9.120076657209708060e-05
-9.184638038539638671e-05
-9.247803758216655012e-05
-9.309596672246733817e-05
-9.370039253164819115e-05
-9.429153597229067429e-05
-9.486961430571483334e-05
-9.543484116614209256e-05
-9.598742661953707511e-05
-9.652757722977689525e-05
-9.705549612060160314e-05
-9.757138303823076342e-05
-9.807543441220367697e-05
-9.856784340933621991e-05
-9.904879999877991281e-05
-9.951849100353626909e-05
-9.997710015818839224e-05
-1.004248081639680379e-04
-1.008617927398258729e-04
-1.012882286790528497e-04
-1.017042878967977515e-04
-1.021101394838019871e-04
-1.025059497541391806e-04
-1.028918822938429400e-04
-1.032680980102007595e-04
-1.036347551763849850e-04
-1.039920094800805828e-04
-1.043400140665617926e-04
-1.046789195835451380e-04
-1.050088742238219908e-04
-1.053300237709997589e-04
-1.056425116363612915e-04
-1.059464789037178889e-04
-1.062420643695993761e-04
-1.065294045796694178e-04
-1.068086338700258153e-04
-1.070798844053921783e-04
-1.073432862155332401e-04
-1.075989672307819944e-04
-1.078470533226738581e-04
-1.080876683317022469e-04
-1.083209341095070499e-04
-1.085469705488506520e-04
-1.087658956167025792e-04
-1.089778253895445914e-04
-1.091828740826805699e-04
-1.093811540848754760e-04
-1.095727759863329709e-04
-1.097578486111139284e-04
-1.099364790471124564e-04
-1.101087726735894279e-04
-1.102748331922587255e-04
-1.104347626534885052e-04
-1.105886614851669947e-04
-1.107366285220123814e-04
-1.108787610260009160e-04
-1.110151547205617817e-04
-1.111459038116713316e-04
-1.112711010131661737e-04
-1.113908375742767021e-04
-1.115052033020536015e-04
-1.116142865846825316e-04
-1.117181744176853897e-04
-1.118169524259027270e-04
-1.119107048834777629e-04
-1.119995147422780946e-04
-1.120834636474388191e-04
-1.121626319631197077e-04
-1.122370987924892205e-04
-1.123069419961542081e-04
-1.123722382185832203e-04
-1.124330629000969139e-04
-1.124894903050677186e-04
-1.125415935336882001e-04
-1.125894445459518778e-04
-1.126331141789727042e-04
-1.126726721643045437e-04
-1.127081871472590535e-04
-1.127397267042251627e-04
-1.127673573602105961e-04
-1.127911446052731748e-04
-1.128111529125064294e-04
-1.128274457540268116e-04
-1.128400856160727272e-04
-1.128491340167681045e-04
-1.128546515205552936e-04
-1.128566977552925010e-04
-1.128553314240221539e-04
-1.128506103242887804e-04
-1.128425913590191954e-04
-1.128313305516215337e-04
-1.128168830626385954e-04
-1.127993032012941654e-04
-1.127786444392597787e-04
-1.127549594230892183e-04
-1.127282999910939054e-04
-1.126987171828908174e-04
-1.126662612522810747e-04
-1.126309816823489740e-04
-1.125929271958980848e-04
-1.125521457647771228e-04
-1.125086846287537412e-04
-1.124625903003995120e-04
-1.124139085806330485e-04
-1.123626845678238340e-04
-1.123089626702267196e-04
-1.122527866164180210e-04
-1.121941994661757036e-04
-1.121332436202493454e-04
-1.120699608312403228e-04
-1.120043922153701743e-04
-1.119365782593639835e-04
