-9.735357072493948364e+10
-1.308387603784488817e-02
-4.724848314383578440e-04
4.259255880532109018e-03
6.099935452622329279e-03
6.889720565880885772e-03
7.297118133908320203e-03
7.568491226527918059e-03
7.795473243290107490e-03
8.010963323130226854e-03
8.225101488266606253e-03
8.439331773236080636e-03
8.652045763996696337e-03
8.860846882023931670e-03
9.063420148733847270e-03
9.257822641695501176e-03
9.442538701264879819e-03
9.616446513802223706e-03
9.778757838845741901e-03
9.928955776410841594e-03
1.006673953457548620e-02
1.019197845441466299e-02
1.030467491277153869e-02
1.040493484609328334e-02
1.049294449272686336e-02
1.056895207982533336e-02
1.063325339032061834e-02
1.068618035578428049e-02
1.072809200388435968e-02
1.075936723923565097e-02
1.078039905521155362e-02
1.079158986671968634e-02
1.079334772533702136e-02
1.078608323317276074e-02
1.077020701325492880e-02
1.074612762700111190e-02
1.071424985330704516e-02
1.067497326296074078e-02
1.062869103609331844e-02
1.057578898206301687e-02
1.051664472887914314e-02
1.045162705641322631e-02
1.038109535251852122e-02
1.030539917486272827e-02
1.022487790463788571e-02
1.013986048050430355e-02
1.005066520291086896e-02
9.957599600558086905e-03
9.860960351851133510e-03
9.761033254991779984e-03
9.658093241385223848e-03
9.552404427371596896e-03
9.444220199945618788e-03
9.333783332636791386e-03
9.221326127816453777e-03
9.107070582310861084e-03
8.991228573305587446e-03
8.874002061851626877e-03
8.755583311403913882e-03
8.636155119228217103e-03
8.515891058416436010e-03
8.394955728710407072e-03
8.273505014294357807e-03
8.151686346967945695e-03
8.029638973132913193e-03
7.907494223414079926e-03
7.785375783531334193e-03
7.663399965333939079e-03
7.541675977131179209e-03
7.420306192226000519e-03
7.299386415032582676e-03
7.179006143879451685e-03
7.059248830075137704e-03
6.940192132491418420e-03
6.821908167351287133e-03
6.704463752647438213e-03
6.587920647006306751e-03
6.472335782551796868e-03
6.357761491670999021e-03
6.244245727385244749e-03
6.131832277182169832e-03
6.020560970326327421e-03
5.910467878395220254e-03
5.801585509129791873e-03
5.693942993573841704e-03
5.587566266483046107e-03
5.482478240066424036e-03
5.378698971106654625e-03
5.276245821624891974e-03
5.175133613011695388e-03
5.075374773969132391e-03
4.976979482143484290e-03
4.879955799826696250e-03
4.784309803617547985e-03
4.690045708452217355e-03
4.597165985939177801e-03
4.505671477281092407e-03
4.415561500933140593e-03
4.326833955117459496e-03
4.239485415423960291e-03
4.153511227612094459e-03
4.068905595801197705e-03
3.985661666226603117e-03
3.903771606731387678e-03
3.823226682104996499e-03
3.744017325521209472e-03
3.666133206120747445e-03
3.589563293016961865e-03
3.514295915763021583e-03
3.440318821524179782e-03
3.367619228997309477e-03
3.296183879359038116e-03
3.225999084202069156e-03
3.157050770769664894e-03
3.089324524487402357e-03
3.022805628964064795e-03
2.957479103603111170e-03
2.893329738899996784e-03
2.830342129554574981e-03
2.768500705516485638e-03
2.707789761034140597e-03
2.648193481864291599e-03
2.589695970655947477e-03
2.532281270689829000e-03
2.475933387977580225e-03
2.420636311868173962e-03
2.366374034220131151e-03
2.313130567183740993e-03
2.260889959734058152e-03
2.209636312949125880e-03
2.159353794167762075e-03
2.110026650062657438e-03
2.061639218640332061e-03
2.014175940340701132e-03
1.967621368173411156e-03
1.921960177024173433e-03
1.877177172125987781e-03
1.833257296785628654e-03
1.790185639390706740e-03
1.747947439738162245e-03
1.706528094723269717e-03
1.665913163445331691e-03
1.626088371753153794e-03
1.587039616252283736e-03
1.548752967834854388e-03
1.511214674761340859e-03
1.474411165272249136e-03
1.438329049846975849e-03
1.402955123046778496e-03
1.368276365034448716e-03
1.334279942746707803e-03
1.300953210785715797e-03
1.268283711994389051e-03
1.236259177802123688e-03
1.204867528304953694e-03
1.174096872126773050e-03
1.143935506063398222e-03
1.114371914547662712e-03
1.085394768915781682e-03
1.056992926522282161e-03
1.029155429695727264e-03
1.001871504566986815e-03
9.751305597480719456e-04
9.489221849059426006e-04
9.232361492432783479e-04
8.980623998540160358e-04
8.733910600164929150e-04
8.492124273906664911e-04
8.255169721544941552e-04
8.022953350710348985e-04
7.795383254975973841e-04
7.572369193484806971e-04
7.353822570179691098e-04
7.139656412569195254e-04
6.929785350138217837e-04
6.724125592645346927e-04
6.522594907976131395e-04
6.325112599998572449e-04
6.131599486216554595e-04
5.941977875087989247e-04
5.756171543767063525e-04
5.574105715275834427e-04
5.395707036000008117e-04
5.220903553058153790e-04
5.049624691775278507e-04
4.881801233249660754e-04
4.717365291788677695e-04
4.556250292935271062e-04
4.398390950965946899e-04
4.243723247123742937e-04
4.092184407666898949e-04
3.943712882261696251e-04
3.798248322381958531e-04
3.655731560161523674e-04
3.516104587266699610e-04
3.379310533935253602e-04
3.245293648554969934e-04
3.113999277071233251e-04
2.985373842969707425e-04
2.859364827327848246e-04
2.735920749150633213e-04
2.614991146048240012e-04
2.496526555013645066e-04
2.380478493693161113e-04
2.266799441676958793e-04
2.155442822202591202e-04
2.046362984202687585e-04
1.939515184425921746e-04
1.834855569977644763e-04
1.732341161091444093e-04
1.631929834162715309e-04
1.533580305126402976e-04
1.437252113014597654e-04
1.342905603787247770e-04
1.250501914609181142e-04
1.160002958069394907e-04
1.071371407102006401e-04
9.845706797007025557e-05
8.995649242682368651e-05
8.163190050747282100e-05
7.347984879646496381e-05
6.549696263924431605e-05
5.767993476046839874e-05
5.002552392197046061e-05
4.253055359337842845e-05
3.519191065270987906e-05
2.800654410517466886e-05
2.097146384572035061e-05
1.408373941491625203e-05
7.340498799912609229e-06
7.389272613789188426e-07
-5.723733845552914090e-06
-1.205018818550840365e-05
-1.824308556996889763e-05
-2.430502305283965825e-05
-3.023854599049080605e-05
-3.604614910202030842e-05
-4.173027749287960830e-05
-4.729332766761906726e-05
-5.273764851798645736e-05
-5.806554229237370635e-05
-6.327926554372531598e-05
-6.838103006479023804e-05
-7.337300379539613004e-05
-7.825731172128591595e-05
-8.303603675008375262e-05
-8.771122056283608970e-05
-9.228486445911343594e-05
-9.675893018146197733e-05
-1.011353407236459390e-04
-1.054159811195720664e-04
-1.096026992080112450e-04
-1.136973064093105279e-04
-1.177015784512569496e-04
-1.216172561109285510e-04
-1.254460459134687511e-04
-1.291896208421849934e-04
-1.328496210106777653e-04
-1.364276543440734457e-04
-1.399252972213993473e-04
-1.433440951332798363e-04
-1.466855632952235311e-04
-1.499511872735670437e-04
-1.531424235847733684e-04
-1.562607002822957725e-04
-1.593074175452180441e-04
-1.622839482313676029e-04
-1.651916384426410644e-04
-1.680318080583553808e-04
-1.708057512763705432e-04
-1.735147371235701286e-04
-1.761600099756677196e-04
-1.787427900461491248e-04
-1.812642738845404722e-04
-1.837256348464766376e-04
-1.861280235666562533e-04
-1.884725684182519956e-04
-1.907603759578879732e-04
-1.929925313703950707e-04
-1.951700988960247685e-04
-1.972941222503354908e-04
-1.993656250438569089e-04
-2.013856111786616054e-04
-2.033550652493776312e-04
-2.052749529275477158e-04
-2.071462213446562117e-04
-2.089697994582806473e-04
-2.107465984220180388e-04
-2.124775119369815002e-04
-2.141634166024086738e-04
-2.158051722580545118e-04
-2.174036223185904504e-04
-2.189595940973454447e-04
-2.204738991347099386e-04
-2.219473335036692418e-04
-2.233806781208880210e-04
-2.247746990509114084e-04
-2.261301477985977471e-04
-2.274477615960002197e-04
-2.287282636843634975e-04
-2.299723636001171911e-04
-2.311807574311153246e-04
-2.323541280986329838e-04
-2.334931456033917385e-04
-2.345984672900147672e-04
-2.356707380908318328e-04
-2.367105907754574190e-04
-2.377186461799407624e-04
-2.386955134558998992e-04
-2.396417902872371997e-04
-2.405580631217318910e-04
-2.414449073897539932e-04
-2.423028877176491847e-04
-2.431325581435661576e-04
-2.439344623186290306e-04
-2.447091337156592772e-04
-2.454570958232427103e-04
-2.461788623420169131e-04
-2.468749373740752873e-04
-2.475458156114829222e-04
-2.481919825167988591e-04
-2.488139145035983546e-04
-2.494120791123322078e-04
-2.499869351786365712e-04
-2.505389330071938758e-04
-2.510685145318269917e-04
-2.515761134802563248e-04
-2.520621555306412631e-04
-2.525270584663452667e-04
-2.529712323289246001e-04
-2.533950795684525303e-04
-2.537989951851837844e-04
-2.541833668765480780e-04
-2.545485751745957259e-04
-2.548949935841093861e-04
-2.552229887171630907e-04
-2.555329204256828746e-04
-2.558251419286783346e-04
-2.560999999385860093e-04
-2.563578347887229825e-04
-2.565989805511925681e-04
-2.568237651547899958e-04
-2.570325105077930772e-04
-2.572255326060979286e-04
-2.574031416480160317e-04
-2.575656421430760901e-04
-2.577133330217140639e-04
-2.578465077371916436e-04
-2.579654543721776605e-04
-2.580704557382240694e-04
-2.581617894763521548e-04
-2.582397281547521573e-04
-2.583045393618199626e-04
-2.583564858007481035e-04
-2.583958253821183604e-04
-2.584228113140518701e-04
-2.584376921903608348e-04
-2.584407120713727579e-04
-2.584321105785214456e-04
-2.584121229705083067e-04
-2.583809802250147669e-04
-2.583389091204146837e-04
-2.582861323134899578e-04
-2.582228684158138776e-04
-2.581493320703565075e-04
-2.580657340214287387e-04
-2.579722811919538117e-04
-2.578691767487484299e-04
-2.577566201789061040e-04
-2.576348073501932845e-04
-2.575039305847681703e-04
-2.573641787202429754e-04
-2.572157371762973099e-04
-2.570587880144081794e-04
-2.568935100062397225e-04
-2.567200786858236938e-04
-2.565386664143964879e-04
-2.563494424383527814e-04
-2.561525729458669076e-04
-2.559482211195174273e-04
-2.557365471973493953e-04
-2.555177085219462185e-04
-2.552918595961628512e-04
-2.550591521330858313e-04
-2.548197351073255845e-04
-2.545737548069748613e-04
-2.543213548800160595e-04
-2.540626763820608147e-04
-2.537978578256439022e-04
-2.535270352264085147e-04
-2.532503421446286040e-04
-2.529679097356130058e-04
-2.526798667881191562e-04
-2.523863397683179244e-04
-2.520874528655348001e-04
-2.517833280284431652e-04
-2.514740850081409462e-04
-2.511598413967863763e-04
-2.508407126675660237e-04
-2.505168122128864638e-04
-2.501882513781250594e-04
-2.498551395044845691e-04
-2.495175839614116597e-04
-2.491756901814579095e-04
-2.488295616962510337e-04
-2.484793001722440664e-04
-2.481250054384709358e-04
-2.477667755271806271e-04
-2.474047067000384459e-04
-2.470388934809886194e-04
-2.466694286884507648e-04
-2.462964034670722668e-04
-2.459199073128193191e-04
-2.455400281078379265e-04
-2.451568521433244996e-04
-2.447704641548309468e-04
-2.443809473431368673e-04
-2.439883834057798850e-04
-2.435928525619246443e-04
-2.431944335801183854e-04
-2.427932038016056282e-04
-2.423892391665294355e-04
-2.419826142410208547e-04
-2.415734022387372448e-04
-2.411616750446210489e-04
-2.407475032395467451e-04
-2.403309561240796199e-04
-2.399121017393479605e-04
-2.394910068910238721e-04
-2.390677371668648021e-04
-2.386423569653572940e-04
-2.382149295097057973e-04
-2.377855168720355294e-04
-2.373541799935985352e-04
-2.369209787020931657e-04
-2.364859717349787616e-04
-2.360492167556849097e-04
-2.356107703733734127e-04
-2.351706881607018573e-04
-2.347290246742517184e-04
-2.342858334682951238e-04
-2.338411671174434048e-04
-2.333950772284154596e-04
-2.329476144604658572e-04
-2.324988285424822720e-04
-2.320487682845318034e-04
-2.315974815989552127e-04
-2.311450155141336893e-04
-2.306914161895878834e-04
-2.302367289306328502e-04
-2.297809982041432164e-04
-2.293242676532081248e-04
-2.288665801108979991e-04
-2.284079776151415331e-04
-2.279485014202720095e-04
-2.274881920145688241e-04
-2.270270891284731363e-04
-2.265652317539057492e-04
-2.261026581495961807e-04
-2.256394058610666775e-04
-2.251755117290699104e-04
-2.247110119004691597e-04
-2.242459418446696162e-04
-2.237803363618340313e-04
-2.233142295957613044e-04
-2.228476550441005344e-04
-2.223806455716736963e-04
-2.219132334184692468e-04
-2.214454502140750236e-04
-2.209773269836734499e-04
-2.205088941631405675e-04
-2.200401816057073745e-04
-2.195712185941722794e-04
-2.191020338491167507e-04
-2.186326555400075478e-04
-2.181631112931903260e-04
-2.176934282021036893e-04
-2.172236328379373305e-04
-2.167537512542949685e-04
-2.162838090020713366e-04
-2.158138311330048964e-04
-2.153438422090037108e-04
-2.148738663150240313e-04
-2.144039270612907444e-04
-2.139340475943996012e-04
-2.134642506061990019e-04
-2.129945583393411113e-04
-2.125249925968297759e-04
-2.120555747477936848e-04
-2.115863257370342865e-04
-2.111172660894666819e-04
-2.106484159218879881e-04
-2.101797949443096059e-04
-2.097114224710594499e-04
-2.092433174261110196e-04
-2.087754983508549600e-04
-2.083079834078738202e-04
-2.078407903907120158e-04
-2.073739367289828550e-04
-2.069074394930314753e-04
