-4.987646823346152954e+11
-3.824934908315924531e-02
-2.185286797724117491e-02
-1.756488589595051053e-02
-1.628714833022470998e-02
-1.582820027260201101e-02
-1.557678527185224482e-02
-1.535585025225838507e-02
-1.511901107335145156e-02
-1.485991756191307189e-02
-1.458321341950208350e-02
-1.429520415978080550e-02
-1.400117781724619093e-02
-1.370495138133431823e-02
-1.340908353841641087e-02
-1.311521395521797473e-02
-1.282436109601947649e-02
-1.253714302842823258e-02
-1.225392840982530984e-02
-1.197493480241096364e-02
-1.170029049237664154e-02
-1.143007224770498098e-02
-1.116432774183140353e-02
-1.090308846119825148e-02
-1.064637684568925380e-02
-1.039421001819418322e-02
-1.014660155375768369e-02
-9.903562163638746085e-03
-9.665099812374400301e-03
-9.431219566947035560e-03
-9.201923345501850093e-03
-8.977209655389284393e-03
-8.757073364881406974e-03
-8.541505527876580572e-03
-8.330493266573313349e-03
-8.124019710352481383e-03
-7.922063985564165023e-03
-7.724601249747387044e-03
-7.531602763573008730e-03
-7.343035994371138742e-03
-7.158864745473447755e-03
-6.979049306403251052e-03
-6.803546619595479683e-03
-6.632310459754542364e-03
-6.465291622656632597e-03
-6.302438120511233421e-03
-6.143695381490177354e-03
-5.989006451188272351e-03
-5.838312194417216716e-03
-5.691551495578428543e-03
-5.548661456365122646e-03
-5.409577589730707459e-03
-5.274234009062794826e-03
-5.142563611879147345e-03
-5.014498257367883127e-03
-4.889968937252797687e-03
-4.768905939644518810e-03
-4.651239005422524997e-03
-4.536897477192436412e-03
-4.425810440515487443e-03
-4.317906857288500433e-03
-4.213115691484414782e-03
-4.111366027174989668e-03
-4.012587178938931132e-03
-3.916708794747592037e-03
-3.823660951697727128e-03
-3.733374244471621139e-03
-3.645779867007092889e-03
-3.560809687514376876e-03
-3.478396316993759285e-03
-3.398473171688509709e-03
-3.320974529581244283e-03
-3.245835581253464497e-03
-3.172992475464209150e-03
-3.102382359508881748e-03
-3.033943414826323348e-03
-2.967614888035319254e-03
-2.903337117621918040e-03
-2.841051556623064300e-03
-2.780700791434664865e-03
-2.722228557109573899e-03
-2.665579749290492018e-03
-2.610700432994050857e-03
-2.557537848565161198e-03
-2.506040414900656543e-03
-2.456157730138741613e-03
-2.407840570110453271e-03
-2.361040884631293579e-03
-2.315711791859964563e-03
-2.271807570835004952e-03
-2.229283652422253681e-03
-2.188096608738643312e-03
-2.148204141258380773e-03
-2.109565067691887563e-03
-2.072139307769838013e-03
-2.035887868071073470e-03
-2.000772825957897183e-03
-1.966757312759526144e-03
-1.933805496347140718e-03
-1.901882562982848413e-03
-1.870954698878879441e-03
-1.840989071172138836e-03
-1.811953808648736342e-03
-1.783817982149216164e-03
-1.756551584809917799e-03
-1.730125512117375308e-03
-1.704511541839259792e-03
-1.679682313977748365e-03
-1.655611310647842060e-03
-1.632272836021408935e-03
-1.609641996352495497e-03
-1.587694680088347354e-03
-1.566407538137859490e-03
-1.545757964300564780e-03
-1.525724075892131992e-03
-1.506284694590576123e-03
-1.487419327506067646e-03
-1.469108148539621794e-03
-1.451331979956504981e-03
-1.434072274319131424e-03
-1.417311096659101821e-03
-1.401031106984085284e-03
-1.385215543117102044e-03
-1.369848203828905042e-03
-1.354913432334292622e-03
-1.340396100106389099e-03
-1.326281591059741416e-03
-1.312555786024960369e-03
-1.299205047656348810e-03
-1.286216205585777317e-03
-1.273576542009546841e-03
-1.261273777571680910e-03
-1.249296057624249556e-03
-1.237631938797001396e-03
-1.226270375956239889e-03
-1.215200709445918292e-03
-1.204412652721753574e-03
-1.193896280271777854e-03
-1.183642015872843345e-03
-1.173640621205729317e-03
-1.163883184730263309e-03
-1.154361110916379829e-03
-1.145066109757397754e-03
-1.135990186623692111e-03
-1.127125632346182016e-03
-1.118465013650427053e-03
-1.110001163853402417e-03
-1.101727173835609364e-03
-1.093636383280083280e-03
-1.085722372206276987e-03
-1.077978952719327310e-03
-1.070400161062190492e-03
-1.062980249874501126e-03
-1.055713680723657788e-03
-1.048595116853734410e-03
-1.041619416165762146e-03
-1.034781624442038250e-03
-1.028076968753621756e-03
-1.021500851107859376e-03
-1.015048842310850574e-03
-1.008716675980458888e-03
-1.002500242816450893e-03
-9.963955850198491504e-04
-9.903988909136796082e-04
-9.845064897324729003e-04
-9.787148465996153845e-04
-9.730205576612416252e-04
-9.674203453755580995e-04
-9.619110540031172718e-04
-9.564896451883520001e-04
-9.511531937453909791e-04
-9.458988835511217275e-04
-9.407240036054531629e-04
-9.356259442072634158e-04
-9.306021932828922871e-04
-9.256503328092247074e-04
-9.207680353999769807e-04
-9.159530609763599784e-04
-9.112032535814051926e-04
-9.065165382891038348e-04
-9.018909182201273467e-04
-8.973244716790063080e-04
-8.928153493727997159e-04
-8.883617717405645209e-04
-8.839620263776382103e-04
-8.796144655396354040e-04
-8.753175037474747455e-04
-8.710696154723418516e-04
-8.668693329061394337e-04
-8.627152438067664519e-04
-8.586059894235553713e-04
-8.545402625002029851e-04
-8.505168053445366638e-04
-8.465344079682246559e-04
-8.425919062982067942e-04
-8.386881804507417826e-04
-8.348221530629640341e-04
-8.309927876906098021e-04
-8.271990872688039786e-04
-8.234400926085960748e-04
-8.197148809816479087e-04
-8.160225647151353456e-04
-8.123622898794646829e-04
-8.087332349981934954e-04
-8.051346098010281338e-04
-8.015656540560911480e-04
-7.980256363973037281e-04
-7.945138532388096309e-04
-7.910296277029438272e-04
-7.875723085986052752e-04
-7.841412694282734464e-04
-7.807359074456510228e-04
-7.773556427379535450e-04
-7.739999173415057498e-04
-7.706681943959736714e-04
-7.673599573312372968e-04
-7.640747090729149704e-04
-7.608119712960714764e-04
-7.575712836835890585e-04
-7.543522032402716349e-04
-7.511543036005097207e-04
-7.479771743961194375e-04
-7.448204206137454264e-04
-7.416836620082190024e-04
-7.385665325128076830e-04
-7.354686796916531932e-04
-7.323897641853260865e-04
-7.293294592181087665e-04
-7.262874500881810746e-04
-7.232634336868937197e-04
-7.202571180491279534e-04
-7.172682219040993346e-04
-7.142964742505863995e-04
-7.113416139579165076e-04
-7.084033893476338051e-04
-7.054815578513284891e-04
-7.025758856118446971e-04
-6.996861471528781351e-04
-6.968121250339187611e-04
-6.939536095378340264e-04
-6.911103983449073951e-04
-6.882822962450685367e-04
-6.854691148421299118e-04
-6.826706722788955517e-04
-6.798867929782570485e-04
-6.771173073798486541e-04
-6.743620516937998133e-04
-6.716208676704749081e-04
-6.688936023719893598e-04
-6.661801079481666221e-04
-6.634802414373641710e-04
-6.607938645499800145e-04
-6.581208434968122134e-04
-6.554610487761181048e-04
-6.528143550195153466e-04
-6.501806408094612522e-04
-6.475597885076123106e-04
-6.449516841133817735e-04
-6.423562170976282459e-04
-6.397732802605471392e-04
-6.372027695997761754e-04
-6.346445841605152793e-04
-6.320986259189531609e-04
-6.295647996532593993e-04
-6.270430128252346691e-04
-6.245331754655136791e-04
-6.220352000645412716e-04
-6.195490014675453239e-04
-6.170744967721741858e-04
-6.146116052343497671e-04
-6.121602481730104017e-04
-6.097203488797386939e-04
-6.072918325370491033e-04
-6.048746261340109953e-04
-6.024686583885330293e-04
-6.000738596707577699e-04
-5.976901619331176363e-04
-5.953174986372822275e-04
-5.929558046902094759e-04
-5.906050163826392918e-04
-5.882650713253667618e-04
-5.859359083888460162e-04
-5.836174676494554348e-04
-5.813096903428682793e-04
-5.790125187976613574e-04
-5.767258963980115283e-04
-5.744497675357340682e-04
-5.721840775598785456e-04
-5.699287727356505684e-04
-5.676838002066642019e-04
-5.654491079540857612e-04
-5.632246447535571576e-04
-5.610103601476623680e-04
-5.588062044035169151e-04
-5.566121284856784257e-04
-5.544280840239501629e-04
-5.522540232774098001e-04
-5.500898991144254069e-04
-5.479356649795708023e-04
-5.457912748680904258e-04
-5.436566832999201182e-04
-5.415318453021455980e-04
-5.394167163752516814e-04
-5.373112524829082304e-04
-5.352154100246586665e-04
-5.331291458143816442e-04
-5.310524170676345079e-04
-5.289851813792267876e-04
-5.269273967098975220e-04
-5.248790213618903522e-04
-5.228400139760669418e-04
-5.208103335065938921e-04
-5.187899392111727792e-04
-5.167787906372733886e-04
-5.147768476088110390e-04
-5.127840702174868426e-04
-5.108004188052461814e-04
-5.088258539580614581e-04
-5.068603364954960000e-04
-5.049038274580475161e-04
-5.029562881013749376e-04
-5.010176798847520985e-04
-4.990879644661827541e-04
-4.971671036881897265e-04
-4.952550595798133060e-04
-4.933517943399579053e-04
-4.914572703378361496e-04
-4.895714501031989130e-04
-4.876942963214503379e-04
-4.858257718303171657e-04
-4.839658396065260604e-04
-4.821144627733531252e-04
-4.802716045875232709e-04
-4.784372284345472792e-04
-4.766112978293879365e-04
-4.747937764102427849e-04
-4.729846279332150516e-04
-4.711838162734238722e-04
-4.693913054176768185e-04
-4.676070594626935417e-04
-4.658310426171041740e-04
-4.640632191876825630e-04
-4.623035535917807692e-04
-4.605520103448945690e-04
-4.588085540602193646e-04
-4.570731494488722291e-04
-4.553457613196698617e-04
-4.536263545740215619e-04
-4.519148942050410511e-04
-4.502113452988787401e-04
-4.485156730331674169e-04
-4.468278426732474884e-04
-4.451478195737212928e-04
-4.434755691757885643e-04
-4.418110570101330126e-04
-4.401542486949239219e-04
-4.385051099282666343e-04
-4.368636065006370472e-04
-4.352297042844455177e-04
-4.336033692386997984e-04
-4.319845674045641459e-04
-4.303732649126867926e-04
-4.287694279723197610e-04
-4.271730228819770048e-04
-4.255840160221069368e-04
-4.240023738601994552e-04
-4.224280629470111847e-04
-4.208610499176757003e-04
-4.193013014945901062e-04
-4.177487844823080110e-04
-4.162034657750890432e-04
-4.146653123509036476e-04
-4.131342912740976203e-04
-4.116103696958361979e-04
-4.100935148554363252e-04
-4.085836940797005212e-04
-4.070808747802523442e-04
-4.055850244619740863e-04
-4.040961107154572574e-04
-4.026141012207773429e-04
-4.011389637490481164e-04
-3.996706661619775502e-04
-3.982091764100914588e-04
-3.967544625378405243e-04
-3.953064926791594047e-04
-3.938652350641280719e-04
-3.924306580098679831e-04
-3.910027299334206674e-04
-3.895814193428659422e-04
-3.881666948390982697e-04
-3.867585251235983179e-04
-3.853568789879968648e-04
-3.839617253238447603e-04
-3.825730331172838561e-04
-3.811907714534878977e-04
-3.798149095151082122e-04
-3.784454165829398420e-04
-3.770822620363656341e-04
-3.757254153551325970e-04
-3.743748461186857668e-04
-3.730305240068343409e-04
-3.716924188004178120e-04
-3.703605003826382358e-04
-3.690347387366177401e-04
-3.677151039507275954e-04
-3.664015662141473229e-04
-3.650940958197512742e-04
-3.637926631652188547e-04
-3.624972387510361216e-04
-3.612077931844925871e-04
-3.599242971765725940e-04
-3.586467215435096278e-04
-3.573750372078965398e-04
-3.561092151986855470e-04
-3.548492266516323212e-04
-3.535950428095180342e-04
-3.523466350219273124e-04
-3.511039747461364158e-04
-3.498670335488895944e-04
-3.486357831035125088e-04
-3.474101951927988097e-04
-3.461902417090101380e-04
-3.449758946523218128e-04
-3.437671261334873662e-04
-3.425639083720621869e-04
-3.413662136984019213e-04
-3.401740145529963399e-04
-3.389872834862472928e-04
-3.378059931586907538e-04
-3.366301163436613564e-04
-3.354596259244058132e-04
-3.342944948936388272e-04
-3.331346963584280729e-04
-3.319802035355312597e-04
-3.308309897529504440e-04
-3.296870284517083860e-04
-3.285482931838501486e-04
-3.274147576139974092e-04
-3.262863955175721031e-04
-3.251631807839050481e-04
-3.240450874133493642e-04
-3.229320895177245632e-04
-3.218241613240913068e-04
-3.207212771678680241e-04
-3.196234114994922493e-04
-3.185305388813119976e-04
-3.174426339875857650e-04
-3.163596716053707070e-04
-3.152816266340785489e-04
-3.142084740841433188e-04
-3.131401890801299714e-04
-3.120767468589580318e-04
-3.110181227672370596e-04
-3.099642922668177647e-04
-3.089152309287968023e-04
-3.078709144390678887e-04
-3.068313185929927300e-04
-3.057964192980655582e-04
-3.047661925754674428e-04
-3.037406145551813097e-04
-3.027196614810989672e-04
-3.017033097072463477e-04
-3.006915356977835074e-04
-2.996843160296691622e-04
-2.986816273904402408e-04
-2.976834465777677963e-04
-2.966897504987908718e-04
-2.957005161743353483e-04
-2.947157207318085170e-04
-2.937353414103061056e-04
-2.927593555592800101e-04
-2.917877406363178494e-04
-2.908204742089193218e-04
-2.898575339540521156e-04
-2.888988976574857759e-04
-2.879445432135696592e-04
-2.869944486250108895e-04
-2.860485920033184470e-04
-2.851069515665827225e-04
-2.841695056423620969e-04
-2.832362326650184059e-04
-2.823071111759389851e-04
-2.813821198222044018e-04
-2.804612373594750352e-04
-2.795444426495485857e-04
-2.786317146596939409e-04
-2.777230324619850421e-04
-2.768183752372976869e-04
-2.759177222673159235e-04
-2.750210529420815675e-04
-2.741283467548871755e-04
-2.732395833031642240e-04
-2.723547422884831093e-04
-2.714738035163311025e-04
-2.705967468954462163e-04
-2.697235524373731153e-04
-2.688542002566851608e-04
-2.679886705692080540e-04
-2.671269436944623266e-04
-2.662690000525547163e-04
