-1.179327095910526752e+09
9.151472021665219003e-02
9.146160992783558541e-02
9.242056641228213465e-02
9.323911000231310808e-02
9.378176703424756511e-02
9.406280237863473559e-02
9.411221271068415106e-02
9.396009277531280901e-02
9.363399900450808389e-02
9.315807366842943082e-02
9.255290706146990232e-02
9.183583062458477997e-02
9.102139866657310563e-02
9.012190122759822231e-02
8.914782820500821714e-02
8.810825532034938234e-02
8.701114936899712049e-02
8.586360202544307541e-02
8.467200515597017585e-02
8.344218040013462456e-02
8.217947405695813501e-02
8.088882620682635860e-02
7.957482102015367431e-02
7.824172353017155856e-02
7.689350680796813720e-02
7.553387244035558723e-02
7.416626642234414035e-02
7.279389198482544288e-02
7.141972043846100959e-02
7.004650078972929350e-02
6.867676864690075433e-02
6.731285475989468026e-02
6.595689341209887147e-02
6.461083079225016235e-02
6.327643341105382291e-02
6.195529658314757881e-02
6.064885296611199905e-02
5.935838112901148378e-02
5.808501411254507474e-02
5.682974793718287287e-02
5.559345001453541713e-02
5.437686741838643201e-02
5.318063497518110694e-02
5.200528313782681877e-02
5.085124561179643621e-02
4.971886670746172854e-02
4.860840839798852286e-02
4.752005706682838060e-02
4.645392993365171641e-02
4.541008115167244341e-02
4.438850757342072129e-02
4.338915418477595765e-02
4.241191921068621085e-02
4.145665889796767978e-02
4.052319198283149682e-02
3.961130385238287310e-02
3.872075041096390002e-02
3.785126166262164915e-02
3.700254502247779520e-02
3.617428836969738271e-02
3.536616285540405968e-02
3.457782547884780122e-02
3.380892144511471464e-02
3.305908631763476713e-02
3.232794797824878330e-02
3.161512840757074727e-02
3.092024529762338325e-02
3.024291350853602900e-02
2.958274638056779260e-02
2.893935691190052673e-02
2.831235881264015930e-02
2.770136744439177789e-02
2.710600065459178865e-02
2.652587951405127598e-02
2.596062896580253465e-02
2.540987839256225733e-02
2.487326211001095189e-02
2.435041979217800190e-02
2.384099683519647073e-02
2.334464466484709178e-02
2.286102099327003145e-02
2.238979002954044617e-02
2.193062264858580690e-02
2.148319652255969991e-02
2.104719621842354726e-02
2.062231326520391761e-02
2.020824619414418599e-02
1.980470055457494993e-02
1.941138890829452457e-02
1.902803080479475994e-02
1.865435273962612328e-02
1.829008809791043966e-02
1.793497708483182684e-02
1.758876664481645591e-02
1.725121037094012877e-02
1.692206840587240357e-02
1.660110733570285824e-02
1.628810007773662250e-02
1.598282576324439042e-02
1.568506961618187923e-02
1.539462282861481235e-02
1.511128243362391821e-02
1.483485117637139972e-02
1.456513738392484214e-02
1.430195483429907988e-02
1.404512262528490041e-02
1.379446504342940472e-02
1.354981143351929873e-02
1.331099606890973064e-02
1.307785802304506362e-02
1.285024104225884756e-02
1.262799342024623073e-02
1.241096787427875547e-02
1.219902142337048190e-02
1.199201526847337718e-02
1.178981467490136659e-02
1.159228885698770917e-02
1.139931086509515801e-02
1.121075747503508246e-02
1.102650907991420404e-02
1.084644958448177654e-02
1.067046630194323775e-02
1.049844985332737402e-02
1.033029406928909211e-02
1.016589589449390374e-02
1.000515529445067386e-02
9.847975164774203094e-03
9.694261243000434902e-03
9.543922022700490615e-03
9.396868670050517736e-03
9.253014942715687141e-03
9.112277111068101121e-03
8.974573881630920624e-03
8.839826322797339486e-03
8.707957792661868979e-03
8.578893869043202614e-03
8.452562281557884916e-03
8.328892845745672346e-03
8.207817399148442661e-03
8.089269739369520096e-03
7.973185564016382898e-03
7.859502412442820329e-03
7.748159609331839448e-03
7.639098210013628432e-03
7.532260947436419940e-03
7.427592180847542025e-03
7.325037846038329192e-03
7.224545407156668375e-03
7.126063810031446621e-03
7.029543436965379755e-03
6.934936062926055911e-03
6.842194813186042168e-03
6.751274122208217321e-03
6.662129693911111872e-03
6.574718463153939041e-03
6.488998558434433406e-03
6.404929265800163307e-03
6.322470993886719626e-03
6.241585240045921523e-03
6.162234557606449670e-03
6.084382524094378297e-03
6.007993710545722621e-03
5.933033651718044865e-03
5.859468817308144395e-03
5.787266584033279315e-03
5.716395208640756564e-03
5.646823801738420912e-03
5.578522302471133898e-03
5.511461453996835402e-03
5.445612779728659092e-03
5.380948560341325404e-03
5.317441811498069271e-03
5.255066262261909316e-03
5.193796334216793653e-03
5.133607121228678238e-03
5.074474369834991450e-03
5.016374460264927393e-03
4.959284388049933767e-03
4.903181746187312839e-03
4.848044707912224638e-03
4.793852009936427905e-03
4.740582936283210813e-03
4.688217302556196842e-03
4.636735440752604021e-03
4.586118184504162087e-03
4.536346854810080487e-03
4.487403246172805282e-03
4.439269613200735876e-03
4.391928657587529372e-03
4.345363515517952635e-03
4.299557745441662249e-03
4.254495316228457114e-03
4.210160595690126684e-03
4.166538339432923621e-03
4.123613680083737520e-03
4.081372116792714166e-03
4.039799505105579058e-03
3.998882047107521487e-03
3.958606281881493771e-03
3.918959076234296290e-03
3.879927615736411539e-03
3.841499395985437104e-03
3.803662214165060007e-03
3.766404160844061266e-03
3.729713612010687740e-03
3.693579221365039800e-03
3.657989912813741640e-03
3.622934873212413365e-03
3.588403545299101438e-03
3.554385620847977378e-03
3.520871034027983626e-03
3.487849954946442566e-03
3.455312783380737329e-03
3.423250142710498878e-03
3.391652873993455941e-03
3.360512030253337556e-03
3.329818870897005567e-03
3.299564856321213213e-03
3.269741642649481861e-03
3.240341076645725238e-03
3.211355190752440691e-03
3.182776198285219849e-03
3.154596488753824701e-03
3.126808623327592684e-03
3.099405330421411975e-03
3.072379501409372438e-03
3.045724186459208838e-03
3.019432590479764755e-03
2.993498069205013934e-03
2.967914125348913856e-03
2.942674404902367868e-03
2.917772693520115368e-03
2.893202913004877530e-03
2.868959117898972622e-03
2.845035492160086221e-03
2.821426345941180358e-03
2.798126112442345104e-03
2.775129344869231574e-03
2.752430713456766043e-03
2.730025002596780936e-03
2.707907108010720876e-03
2.686072034036257605e-03
2.664514890960534288e-03
2.643230892444448088e-03
2.622215352995338478e-03
2.601463685537375170e-03
2.580971399015252743e-03
2.560734096090699907e-03
2.540747470876292269e-03
2.521007306756084532e-03
2.501509474233554187e-03
2.482249928865476463e-03
2.463224709234657084e-03
2.444429934976177776e-03
2.425861804869144933e-03
2.407516594959080436e-03
2.389390656745815633e-03
2.371480415414017884e-03
2.353782368108348066e-03
2.336293082248364072e-03
2.319009193900933852e-03
2.301927406187509462e-03
2.285044487728926654e-03
2.268357271132837027e-03
2.251862651527103409e-03
2.235557585122061042e-03
2.219439087806751587e-03
2.203504233803332824e-03
2.187750154323708784e-03
2.172174036281671050e-03
2.156773121035460150e-03
2.141544703157416407e-03
2.126486129234939071e-03
2.111594796704752142e-03
2.096868152715147815e-03
2.082303693018427992e-03
2.067898960883551851e-03
2.053651546048307353e-03
2.039559083690578589e-03
2.025619253419375099e-03
2.011829778303608762e-03
1.998188423915303602e-03
1.984692997403447734e-03
1.971341346579391640e-03
1.958131359042214470e-03
1.945060961304090341e-03
1.932128117959841518e-03
1.919330830854049097e-03
1.906667138288575813e-03
1.894135114235417916e-03
1.881732867575314216e-03
1.869458541352342351e-03
1.857310312046944745e-03
1.845286388868272454e-03
1.833385013057853286e-03
1.821604457218350959e-03
1.809943024650539911e-03
1.798399048709597992e-03
1.786970892179606807e-03
1.775656946654935453e-03
1.764455631942940528e-03
1.753365395480210864e-03
1.742384711758804272e-03
1.731512081768027400e-03
1.720746032451536678e-03
1.710085116173321040e-03
1.699527910198117553e-03
1.689073016182263132e-03
1.678719059679201209e-03
1.668464689654980404e-03
1.658308578012857026e-03
1.648249419133218652e-03
1.638285929416616327e-03
1.628416846849667365e-03
1.618640930564962943e-03
1.608956960427843086e-03
1.599363736615622145e-03
1.589860079221017131e-03
1.580444827855354006e-03
1.571116841265540742e-03
1.561874996953926953e-03
1.552718190815038923e-03
1.543645336772980770e-03
1.534655366433490542e-03
1.525747228733553840e-03
1.516919889611667571e-03
1.508172331675661226e-03
1.499503553882952644e-03
1.490912571224800587e-03
1.482398414420549315e-03
1.473960129614537706e-03
1.465596778084554686e-03
1.457307435951848973e-03
1.449091193901574925e-03
1.440947156906347004e-03
1.432874443956899668e-03
1.424872187800074741e-03
1.416939534676142642e-03
1.409075644073443101e-03
1.401279688477918839e-03
1.393550853130198774e-03
1.385888335789564607e-03
1.378291346505466919e-03
1.370759107388375142e-03
1.363290852388843177e-03
1.355885827079017503e-03
1.348543288441916843e-03
1.341262504664486599e-03
1.334042754930209185e-03
1.326883329223704777e-03
1.319783528131557304e-03
1.312742662656019021e-03
1.305760054023163974e-03
1.298835033502365732e-03
1.291966942226219217e-03
1.285155131013793195e-03
1.278398960199877976e-03
1.271697799465121292e-03
1.265051027671937334e-03
1.258458032700859874e-03
1.251918211295111050e-03
1.245430968901395374e-03
1.238995719520685768e-03
1.232611885558787534e-03
1.226278897678234614e-03
1.219996194655958988e-03
1.213763223247177336e-03
1.207579438039951825e-03
1.201444301327736497e-03
1.195357282973930069e-03
1.189317860282423922e-03
1.183325517870148502e-03
1.177379747546503097e-03
1.171480048187234502e-03
1.165625925615643155e-03
1.159816892490450613e-03
1.154052468181232527e-03
1.148332178665611991e-03
1.142655556412242035e-03
1.137022140277554882e-03
1.131431475393851471e-03
1.125883113070491603e-03
1.120376610689755026e-03
1.114911531604922956e-03
1.109487445044576859e-03
1.104103926016453130e-03
1.098760555209743472e-03
1.093456918906721143e-03
1.088192608888371993e-03
1.082967222346242764e-03
1.077780361795621644e-03
1.072631634989384963e-03
1.067520654833398197e-03
1.062447039303027196e-03
1.057410411363424174e-03
1.052410398890479826e-03
1.047446634591109316e-03
1.042518755925758711e-03
1.037626405036240484e-03
1.032769228669128125e-03
1.027946878104479822e-03
1.023159009085672366e-03
1.018405281746792568e-03
1.013685360546023873e-03
1.008998914198588892e-03
1.004345615608581710e-03
9.997251418072394813e-04
9.951371738861070071e-04
9.905813969368626459e-04
9.860574999880356017e-04
9.815651759459420589e-04
9.771041215360654064e-04
9.726740372408837487e-04
9.682746272490216910e-04
9.639055993944101175e-04
9.595666651012191295e-04
9.552575393345641430e-04
9.509779405394436225e-04
9.467275905954419812e-04
9.425062147634388765e-04
9.383135416325405487e-04
9.341493030736724990e-04
9.300132341905076316e-04
9.259050732695062180e-04
9.218245617348408416e-04
9.177714441022111203e-04
9.137454679328804730e-04
9.097463837890451543e-04
9.057739451892032889e-04
9.018279085684088869e-04
8.979080332325306557e-04
8.940140813156194355e-04
8.901458177443810627e-04
8.863030101924351811e-04
8.824854290447881056e-04
8.786928473560884356e-04
8.749250408139896962e-04
8.711817877009586653e-04
8.674628688585261926e-04
8.637680676484293940e-04
8.600971699206372278e-04
8.564499639751588234e-04
8.528262405289588344e-04
8.492257926810964364e-04
8.456484158800847695e-04
8.420939078916944709e-04
8.385620687658690287e-04
8.350527008040842247e-04
8.315656085298162026e-04
8.281005986565670440e-04
8.246574800589989707e-04
8.212360637422921883e-04
8.178361628119468207e-04
8.144575924471375572e-04
8.111001698711817198e-04
8.077637143244498219e-04
8.044480470357218138e-04
8.011529911950976413e-04
7.978783719304605171e-04
7.946240162783890781e-04
7.913897531586222556e-04
7.881754133509666360e-04
7.849808294675408860e-04
7.818058359305712912e-04
7.786502689479668504e-04
7.755139664880061900e-04
7.723967682584653716e-04
7.692985156821929849e-04
7.662190518729072863e-04
7.631582216172105859e-04
7.601158713490541174e-04
7.570918491288658458e-04
7.540860046244546311e-04
7.510981890861412325e-04
7.481282553303270078e-04
7.451760577159571852e-04
7.422414521278675181e-04
7.393242959536916459e-04
7.364244480667636594e-04
7.335417688070222653e-04
7.306761199594724587e-04
7.278273647404187585e-04
7.249953677757048354e-04
7.221799950840601667e-04
7.193811140586703345e-04
7.165985934514118583e-04
7.138323033526461359e-04
7.110821151798951689e-04
7.083479016545268792e-04
7.056295367899867443e-04
7.029268958744783191e-04
7.002398554538658004e-04
6.975682933183513512e-04
6.949120884853776658e-04
6.922711211836407585e-04
6.896452728419877332e-04
6.870344260689886795e-04
6.844384646440548892e-04
6.818572734987871087e-04
