1.120885689401645660e+11
4.693059356562989670e-01
4.574395680205354253e-01
4.479379455181025094e-01
4.394110448608268271e-01
4.308937614987962128e-01
4.219681665340466736e-01
4.124812202430163666e-01
4.024146154992274127e-01
3.918195493839649046e-01
3.807809792493559442e-01
3.693974875821881554e-01
3.577699229906707856e-01
3.459950611531112941e-01
3.341621737568725159e-01
3.223513143674332504e-01
3.106326421304990149e-01
2.990663858574347245e-01
2.877032063948763430e-01
2.765848027183350766e-01
2.657446586364695662e-01
2.552088590724763684e-01
2.449969262570781403e-01
2.351226412633504737e-01
2.255948274313830382e-01
2.164180805966262611e-01
2.075934373545091916e-01
1.991189773179518063e-01
1.909903587781567325e-01
1.832012896210502007e-01
1.757439369925855033e-01
1.686092802270859892e-01
1.617874121014577504e-01
1.552677936797892677e-01
1.490394679663338273e-01
1.430912373694788187e-01
1.374118096565344338e-01
1.319899166945219804e-01
1.268144098597732139e-01
1.218743355829534636e-01
1.171589940925139572e-01
1.126579840388965970e-01
1.083612353305460907e-01
1.042590321938678954e-01
1.003420281830851302e-01
9.660125461274171599e-02
9.302812366264134880e-02
8.961442721087564678e-02
8.635233228224481472e-02
8.323437385440346503e-02
8.025344563982095281e-02
7.740278935570832353e-02
7.467598290378418824e-02
7.206692780579038171e-02
6.956983617609568959e-02
6.717921745905819364e-02
6.488986511307648364e-02
6.269684338614522900e-02
6.059547429573308719e-02
5.858132490018186367e-02
5.665019492734479911e-02
5.479810480836788678e-02
5.302128415034834674e-02
5.131616066975808188e-02
4.967934959915454307e-02
4.810764357215147058e-02
4.659800298547422948e-02
4.514754683240407296e-02
4.375354399821240747e-02
4.241340500532952973e-02
4.112467419399545854e-02
3.988502232291790683e-02
3.869223957301159977e-02
3.754422893716613530e-02
3.643899997854238570e-02
3.537466293970181752e-02
3.434942318531386540e-02
3.336157596135147507e-02
3.240950145405174787e-02
3.149166013257787000e-02
3.060658835975749170e-02
2.975289425601612692e-02
2.892925380207289621e-02
2.813440716683590637e-02
2.736715524743105199e-02
2.662635640901078737e-02
2.591092341262801746e-02
2.521982052012039510e-02
2.455206076541749383e-02
2.390670338244693660e-02
2.328285138035601776e-02
2.267964925705667767e-02
2.209628084304338103e-02
2.153196726751405166e-02
2.098596503954519576e-02
2.045756423743294583e-02
1.994608679965370612e-02
1.945088491149937759e-02
1.897133948154250405e-02
1.850685870264112687e-02
1.805687669246491822e-02
1.762085220880171832e-02
1.719826743519470291e-02
1.678862683281900914e-02
1.639145605464786826e-02
1.600630091825050449e-02
1.563272643383362137e-02
1.527031588428751085e-02
1.491866995417234776e-02
1.457740590488088017e-02
1.424615679329033213e-02
1.392457073134933943e-02
1.361231018437925044e-02
1.330905130574633333e-02
1.301448330596732816e-02
1.272830785418488375e-02
1.245023851028181916e-02
1.218000018591669509e-02
1.191732863277827903e-02
1.166196995663515423e-02
1.141368015573762662e-02
1.117222468223144638e-02
1.093737802525573954e-02
1.070892331468975556e-02
1.048665194426834368e-02
1.027036321312446709e-02
1.005986398474467691e-02
9.854968362366323120e-03
9.655497380014033126e-03
9.461278708277287564e-03
9.272146374075251885e-03
9.087940493717860946e-03
8.908507018492883844e-03
8.733697492193215339e-03
8.563368819925143427e-03
8.397383047625606167e-03
8.235607151777291079e-03
8.077912838731382550e-03
7.924176353240941495e-03
7.774278295616277035e-03
7.628103447216538768e-03
7.485540603744844645e-03
7.346482416024313622e-03
7.210825237809359578e-03
7.078468980423968659e-03
6.949316973713370871e-03
6.823275833161890347e-03
6.700255332764193383e-03
6.580168283451870437e-03
6.462930416735623851e-03
6.348460273373435214e-03
6.236679096805586298e-03
6.127510731102958630e-03
6.020881523269183688e-03
5.916720229637517647e-03
5.814957926207675598e-03
5.715527922726781895e-03
5.618365680335246637e-03
5.523408732641232888e-03
5.430596609998339375e-03
5.339870766954524228e-03
5.251174512584722009e-03
5.164452943720920786e-03
5.079652880828566808e-03
4.996722806501541214e-03
4.915612806383862221e-03
4.836274512479032950e-03
4.758661048688272999e-03
4.682726978504359039e-03
4.608428254778029753e-03
4.535722171411293857e-03
4.464567316982748224e-03
4.394923530141259249e-03
4.326751856717825362e-03
4.260014508524534449e-03
4.194674823678301578e-03
4.130697228481139405e-03
4.068047200722180179e-03
4.006691234383907840e-03
3.946596805652680118e-03
3.887732340236871309e-03
3.830067181867624626e-03
3.773571561998423363e-03
3.718216570605337168e-03
3.663974128082836401e-03
3.610816958153906242e-03
3.558718561779361522e-03
3.507653192001303211e-03
3.457595829730708559e-03
3.408522160370575094e-03
3.360408551301929947e-03
3.313232030175861098e-03
3.266970263962720722e-03
3.221601538766938333e-03
3.177104740336611499e-03
3.133459335276533864e-03
3.090645352899823450e-03
3.048643367738357313e-03
3.007434482640514162e-03
2.967000312469769696e-03
2.927322968352408239e-03
2.888385042484120646e-03
2.850169593441087557e-03
2.812660132002431368e-03
2.775840607450952291e-03
2.739695394343044654e-03
2.704209279714708813e-03
2.669367450725212976e-03
2.635155482723305909e-03
2.601559327686686629e-03
2.568565303074477058e-03
2.536160081028526747e-03
2.504330677942201433e-03
2.473064444363792802e-03
2.442349055243875355e-03
2.412172500480647130e-03
2.382523075801001866e-03
2.353389373900505177e-03
2.324760275911330609e-03
2.296624943107783423e-03
2.268972808901370541e-03
2.241793571083894321e-03
2.215077184308578140e-03
2.188813852836757334e-03
2.162994023475750538e-03
2.137608378775635032e-03
2.112647830412983652e-03
2.088103512799754924e-03
2.063966776873371600e-03
2.040229184107067439e-03
2.016882500675221124e-03
1.993918691817198052e-03
1.971329916375941238e-03
1.949108521482667555e-03
1.927247037440960042e-03
1.905738172733206781e-03
1.884574809188466205e-03
1.863749997304653405e-03
1.843256951709726366e-03
1.823089046743886499e-03
1.803239812203205616e-03
1.783702929175845497e-03
1.764472226033708679e-03
1.745541674518902298e-03
1.726905385964760953e-03
1.708557607613458984e-03
1.690492719056413407e-03
1.672705228755289042e-03
1.655189770703113794e-03
1.637941101136686228e-03
1.620954095385762628e-03
1.604223744782196093e-03
1.587745153677433407e-03
1.571513536542612499e-03
1.555524215139270083e-03
1.539772615793966182e-03
1.524254266719760054e-03
1.508964795446043894e-03
1.493899926305664039e-03
1.479055477980217859e-03
1.464427361141051875e-03
1.450011576139775826e-03
1.435804210763835798e-03
1.421801438063363676e-03
1.407999514227764593e-03
1.394394776528029567e-03
1.380983641319000199e-03
1.367762602080047074e-03
1.354728227538348762e-03
1.341877159815041409e-03
1.329206112636649451e-03
1.316711869591813411e-03
1.304391282439754107e-03
1.292241269460037145e-03
1.280258813844969978e-03
1.268440962138406292e-03
1.256784822722512018e-03
1.245287564330954666e-03
1.233946414613606990e-03
1.222758658737221893e-03
1.211721638018303793e-03
1.200832748597502331e-03
1.190089440148867084e-03
1.179489214615747628e-03
1.169029624991990701e-03
1.158708274127784321e-03
1.148522813560592937e-03
1.138470942396274665e-03
1.128550406190864663e-03
1.118758995890978269e-03
1.109094546778877088e-03
1.099554937457947190e-03
1.090138088859937682e-03
1.080841963271295114e-03
1.071664563400798187e-03
1.062603931451189254e-03
1.053658148228553415e-03
1.044825332271459573e-03
1.036103638996310750e-03
1.027491259869339757e-03
1.018986421601919545e-03
1.010587385357197832e-03
1.002292445986263658e-03
9.940999312760823159e-04
9.860082012220772185e-04
9.780156473135903639e-04
9.701206918386606759e-04
9.623217872105627180e-04
9.546174153023390119e-04
9.470060868050911296e-04
9.394863405973730153e-04
9.320567431339021880e-04
9.247158878469274867e-04
9.174623945582549567e-04
9.102949089170309094e-04
9.032121018368588494e-04
8.962126689566751736e-04
8.892953301105066544e-04
8.824588288116608226e-04
8.757019317469083575e-04
8.690234282850983760e-04
8.624221299959877740e-04
8.558968701828373327e-04
8.494465034198928066e-04
8.430699051131806954e-04
8.367659710526442751e-04
8.305336169973642768e-04
8.243717782510096015e-04
8.182794092599365854e-04
8.122554832119543988e-04
8.062989916517437905e-04
8.004089441009387684e-04
7.945843676884223328e-04
7.888243067868394576e-04
7.831278226635429718e-04
7.774939931295410389e-04
7.719219122075404727e-04
7.664106898019884540e-04
7.609594513731110510e-04
7.555673376260507723e-04
7.502335042046670566e-04
7.449571213848926732e-04
7.397373737900725388e-04
7.345734600932019021e-04
7.294645927478082825e-04
7.244099977044005101e-04
7.194089141473458682e-04
7.144605942310811031e-04
7.095643028238729499e-04
7.047193172586840859e-04
6.999249270851493065e-04
6.951804338322098431e-04
6.904851507754106166e-04
6.858384027033093133e-04
6.812395256967640478e-04
6.766878669086651144e-04
6.721827843496619437e-04
6.677236466792191294e-04
6.633098329966724549e-04
6.589407326476059978e-04
6.546157450209033613e-04
6.503342793604538485e-04
6.460957545733059249e-04
6.418995990509213101e-04
6.377452504862102245e-04
6.336321556976720615e-04
6.295597704548683282e-04
6.255275593163300840e-04
6.215349954565851931e-04
6.175815605091727889e-04
6.136667444085475154e-04
6.097900452330939913e-04
6.059509690534703452e-04
6.021490297878351328e-04
5.983837490530774517e-04
5.946546560229304390e-04
5.909612872896374824e-04
5.873031867287270558e-04
5.836799053624552869e-04
5.800910012307980423e-04
5.765360392644414134e-04
5.730145911557738003e-04
5.695262352432006736e-04
5.660705563816925689e-04
5.626471458306525619e-04
5.592556011377869396e-04
5.558955260254183628e-04
5.525665302787974298e-04
5.492682296404094444e-04
5.460002457005064258e-04
5.427622057945225009e-04
5.395537428993790741e-04
5.363744955377836021e-04
5.332241076747568087e-04
5.301022286243739501e-04
5.270085129556179027e-04
5.239426204015629196e-04
5.209042157643395399e-04
5.178929688314237723e-04
5.149085542859310749e-04
5.119506516224614501e-04
5.090189450640547619e-04
5.061131234800342327e-04
5.032328803040719833e-04
5.003779134580277344e-04
4.975479252744552383e-04
4.947426224204409806e-04
4.919617158216649244e-04
4.892049205935666834e-04
4.864719559676267124e-04
4.837625452209781685e-04
4.810764156095714839e-04
4.784132983008948514e-04
4.757729283051403968e-04
4.731550444148080459e-04
4.705593891376480542e-04
4.679857086371530528e-04
4.654337526694973803e-04
4.629032745242511737e-04
4.603940309666487707e-04
4.579057821789689342e-04
4.554382917025812105e-04
4.529913263875418039e-04
4.505646563310872210e-04
4.481580548301167255e-04
4.457712983243489191e-04
4.434041663501364638e-04
4.410564414829565294e-04
4.387279092952223181e-04
4.364183583016600920e-04
4.341275799164545646e-04
4.318553684024006856e-04
4.296015208264947205e-04
4.273658370155253294e-04
4.251481195125528245e-04
4.229481735289475353e-04
4.207658069075304041e-04
4.186008300761656642e-04
4.164530560095691669e-04
4.143223001871199074e-04
4.122083805537801737e-04
4.101111174807936521e-04
4.080303337283819332e-04
4.059658544077748843e-04
4.039175069427969333e-04
4.018851210361162885e-04
3.998685286317193999e-04
3.978675638820483584e-04
3.958820631106974020e-04
3.939118647811046259e-04
3.919568094634673372e-04
3.900167398001030961e-04
3.880915004756957387e-04
3.861809381850989098e-04
3.842849016013616392e-04
3.824032413475286774e-04
3.805358099671085625e-04
3.786824618909889750e-04
3.768430534125677411e-04
3.750174426586649901e-04
3.732054895604353106e-04
3.714070558287208002e-04
3.696220049231868643e-04
3.678502020301177566e-04
3.660915140342169138e-04
3.643458094944040937e-04
3.626129586169479779e-04
3.608928332332617117e-04
3.591853067750339079e-04
3.574902542486935175e-04
3.558075522143155922e-04
3.541370787614184223e-04
3.524787134878692996e-04
3.508323374759036994e-04
3.491978332708089994e-04
3.475750848609404642e-04
3.459639776541845180e-04
3.443643984599731311e-04
3.427762354673014045e-04
3.411993782238553763e-04
3.396337176193586771e-04
3.380791458620358014e-04
3.365355564635130747e-04
3.350028442177244159e-04
3.334809051838139027e-04
3.319696366668178911e-04
3.304689372005675807e-04
3.289787065297034019e-04
3.274988455930216702e-04
3.260292565068212411e-04
3.245698425475840310e-04
3.231205081346555374e-04
3.216811588153678514e-04
3.202517012503847127e-04
3.188320431952718081e-04
3.174220934856197829e-04
3.160217620257199655e-04
3.146309597679142200e-04
3.132495987019368044e-04
3.118775918398153379e-04
