3.039252157835900269e+11
4.281836803274567949e-01
4.371193343574413248e-01
4.370072112027516553e-01
4.329860010545698579e-01
4.267434974548365290e-01
4.189896660290544084e-01
4.101024825012520303e-01
4.003311396543800527e-01
3.898674339860410676e-01
3.788724815817827718e-01
3.674870944138519668e-01
3.558359506688031360e-01
3.440294053553802911e-01
3.321644548460174207e-01
3.203254580100267646e-01
3.085848456179300925e-01
2.970038936805217133e-01
2.856335700472447670e-01
2.745154365428366106e-01
2.636825798912232344e-01
2.531605441183781835e-01
2.429682404621105185e-01
2.331188157013635021e-01
2.236204650079196554e-01
2.144771802607161604e-01
2.056894289315209789e-01
1.972547620333804375e-01
1.891683522232137094e-01
1.814234650375987634e-01
1.740118675167936502e-01
1.669241792477276221e-01
1.601501712405921651e-01
1.536790181416836099e-01
1.474995091606707831e-01
1.416002228216619585e-01
1.359696702864261475e-01
1.305964115882201071e-01
1.254691486835124437e-01
1.205767988010730818e-01
1.159085511550270731e-01
1.114539097027407166e-01
1.072027242731889984e-01
1.031452120700508956e-01
9.927197126663633853e-02
9.557398815564033256e-02
9.204263909357690565e-02
8.866968828581311968e-02
8.544728229015885468e-02
8.236794197228602954e-02
7.942455252270619326e-02
7.661035203956112483e-02
7.391891909197045862e-02
7.134415960291606851e-02
6.888029332730405407e-02
6.652184014663542477e-02
6.426360635786276809e-02
6.210067109595573953e-02
6.002837299922969549e-02
5.804229720061471198e-02
5.613826270712674038e-02
5.431231021246740731e-02
5.256069037344168748e-02
5.087985256981308879e-02
4.926643415752329780e-02
4.771725021836781266e-02
4.622928380310331598e-02
4.479967666041884122e-02
4.342572044102510631e-02
4.210484836318406643e-02
4.083462732419840258e-02
3.961275044120315947e-02
3.843703000347842291e-02
3.730539081823480707e-02
3.621586393153775063e-02
3.516658070603817521e-02
3.415576723757185462e-02
3.318173909282373657e-02
3.224289635105659357e-02
3.133771893313408441e-02
3.046476220190763584e-02
2.962265281864207012e-02
2.881008484079683463e-02
2.802581604713227925e-02
2.726866447699927143e-02
2.653750517104769280e-02
2.583126710149774574e-02
2.514893028066511604e-02
2.448952303709273082e-02
2.385211944915033300e-02
2.323583692677710921e-02
2.263983393224355822e-02
2.206330783176024823e-02
2.150549286980307784e-02
2.096565825894125545e-02
2.044310637805857311e-02
1.993717107253556442e-02
1.944721605013066679e-02
1.897263336693177926e-02
1.851284199786507045e-02
1.806728648676125815e-02
1.763543567117187294e-02
1.721678147751992682e-02
1.681083778237235649e-02
1.641713933596178343e-02
1.603524074418949397e-02
1.566471550575876392e-02
1.530515510115670885e-02
1.495616813044553517e-02
1.461737949704278172e-02
1.428842963480914108e-02
1.396897377593275813e-02
1.365868125728653126e-02
1.335723486299533747e-02
1.306433020125563615e-02
1.277967511329469730e-02
1.250298911282476944e-02
1.223400285416054167e-02
1.197245762740917208e-02
1.171810487925339928e-02
1.147070575788555757e-02
1.123003068075023592e-02
1.099585892383592167e-02
1.076797823137720655e-02
1.054618444476052019e-02
1.033028114971346056e-02
1.012007934066727621e-02
9.915397101474043851e-03
9.716059301521307034e-03
9.521897306459914390e-03
9.332748702782334149e-03
9.148457035500490164e-03
8.968871558223900919e-03
8.793846995018617108e-03
8.623243313423678558e-03
8.456925508047330453e-03
8.294763394159243575e-03
8.136631410857297908e-03
7.982408433240939516e-03
7.831977593132588567e-03
7.685226107989162614e-03
7.542045117512330421e-03
7.402329527611994919e-03
7.265977861354855349e-03
7.132892116528344317e-03
7.002977629546380811e-03
6.876142945306140675e-03
6.752299692788676921e-03
6.631362466067658445e-03
6.513248710481978065e-03
6.397878613723317898e-03
6.285175001624399016e-03
6.175063238372802132e-03
6.067471130990487183e-03
5.962328837870733977e-03
5.859568781126478498e-03
5.759125562668554466e-03
5.660935883742723718e-03
5.564938467840230274e-03
5.471073986763830277e-03
5.379284989779797854e-03
5.289515835626090734e-03
5.201712627312504722e-03
5.115823149565601469e-03
5.031796808812494248e-03
4.949584575525411978e-03
4.869138928953464784e-03
4.790413803972048967e-03
4.713364540098075040e-03
4.637947832486943867e-03
4.564121684869526518e-03
4.491845364303692634e-03
4.421079357724178038e-03
4.351785330152013742e-03
4.283926084505340626e-03
4.217465522984520376e-03
4.152368609908752006e-03
4.088601335968666817e-03
4.026130683850492886e-03
3.964924595132979235e-03
3.904951938450640370e-03
3.846182478826065676e-03
3.788586848163078002e-03
3.732136516818584937e-03
3.676803766229586046e-03
3.622561662552481465e-03
3.569384031250733003e-03
3.517245432633764324e-03
3.466121138248734468e-03
3.415987108163598407e-03
3.366819969032874837e-03
3.318596992980760163e-03
3.271296077206997666e-03
3.224895724343701531e-03
3.179375023492969632e-03
3.134713631930408084e-03
3.090891757468572365e-03
3.047890141415265930e-03
3.005690042130471085e-03
2.964273219177471219e-03
2.923621917975793849e-03
2.883718855026806693e-03
2.844547203622926901e-03
2.806090580037334803e-03
2.768333030207070777e-03
2.731259016847564780e-03
2.694853407007480328e-03
2.659101460044999143e-03
2.623988815998679058e-03
2.589501484359768568e-03
2.555625833192021190e-03
2.522348578648081485e-03
2.489656774797177619e-03
2.457537803802312126e-03
2.425979366420971672e-03
2.394969472806041111e-03
2.364496433619356353e-03
2.334548851411488712e-03
2.305115612299957206e-03
2.276185877902348054e-03
2.247749077534999529e-03
2.219794900654159520e-03
2.192313289535841037e-03
2.165294432195041807e-03
2.138728755522345537e-03
2.112606918637460751e-03
2.086919806448594983e-03
2.061658523419440669e-03
2.036814387517349445e-03
2.012378924365343380e-03
1.988343861561547854e-03
1.964701123167156283e-03
1.941442824394901123e-03
1.918561266421203726e-03
1.896048931369964663e-03
1.873898477473323609e-03
1.852102734326788180e-03
1.830654698342204512e-03
1.809547528298649510e-03
1.788774541040538679e-03
1.768329207300300965e-03
1.748205147665160553e-03
1.728396128616749294e-03
1.708896058740139168e-03
1.689698985012144661e-03
1.670799089201313592e-03
1.652190684387822017e-03
1.633868211569966533e-03
1.615826236377682079e-03
1.598059445871991002e-03
1.580562645443928105e-03
1.563330755808278738e-03
1.546358810067927081e-03
1.529641950870574973e-03
1.513175427649171567e-03
1.496954593935173605e-03
1.480974904749299270e-03
1.465231914070663777e-03
1.449721272361204072e-03
1.434438724185804759e-03
1.419380105869949560e-03
1.404541343247966978e-03
1.389918449448135362e-03
1.375507522764829460e-03
1.361304744577740422e-03
1.347306377314172465e-03
1.333508762493051947e-03
1.319908318806684022e-03
1.306501540257354321e-03
1.293284994344334748e-03
1.280255320299739097e-03
1.267409227377891412e-03
1.254743493179777403e-03
1.242254962031008603e-03
1.229940543398644337e-03
1.217797210355753279e-03
1.205821998077061252e-03
1.194012002384781113e-03
1.182364378325972964e-03
1.170876338789650362e-03
1.159545153162078179e-03
1.148368146012490598e-03
1.137342695819221206e-03
1.126466233721146182e-03
1.115736242310871873e-03
1.105150254450792957e-03
1.094705852124233658e-03
1.084400665314344536e-03
1.074232370915639834e-03
1.064198691665962926e-03
1.054297395111536417e-03
1.044526292595326922e-03
1.034883238276940176e-03
1.025366128164950652e-03
1.015972899190087375e-03
1.006701528286191305e-03
9.975500315029250942e-04
9.885164631397991286e-04
9.795989148999595386e-04
9.707955150664027144e-04
9.621044276950652119e-04
9.535238518365574123e-04
9.450520207634482972e-04
9.366872012306348694e-04
9.284276927443713134e-04
9.202718268535026169e-04
9.122179664540208677e-04
9.042645051224873498e-04
8.964098664403508110e-04
8.886525033666714535e-04
8.809908975981883827e-04
8.734235589651362375e-04
8.659490248257295519e-04
8.585658594886247386e-04
8.512726536389347842e-04
8.440680237815634257e-04
8.369506117007485813e-04
8.299190839256009866e-04
8.229721312194016036e-04
8.161084680624597354e-04
8.093268321724966796e-04
8.026259840088201258e-04
7.960047063106934218e-04
7.894618036339284828e-04
7.829961019003572886e-04
7.766064479606260562e-04
7.702917091665373306e-04
7.640507729480550125e-04
7.578825464085170438e-04
7.517859559225126276e-04
7.457599467444175900e-04
7.398034826289201504e-04
7.339155454555434943e-04
7.280951348656028443e-04
7.223412679042695572e-04
7.166529786757358522e-04
7.110293179963811383e-04
7.054693530688105341e-04
6.999721671503422726e-04
6.945368592401468533e-04
6.891625437650539254e-04
6.838483502766834476e-04
6.785934231523516047e-04
6.733969213059687320e-04
6.682580179044883550e-04
6.631759000876868981e-04
6.581497686959369986e-04
6.531788380079728284e-04
6.482623354757688361e-04
6.433995014738513873e-04
6.385895890470560943e-04
6.338318636696094188e-04
6.291256030057645887e-04
6.244700966755445393e-04
6.198646460295886840e-04
6.153085639237776405e-04
6.108011744987429381e-04
6.063418129709230442e-04
6.019298254182903207e-04
5.975645685809549690e-04
5.932454096562178592e-04
5.889717261038374119e-04
5.847429054557373718e-04
5.805583451248264026e-04
5.764174522220333330e-04
5.723196433802257843e-04
5.682643445703572382e-04
5.642509909358217612e-04
5.602790266188151236e-04
5.563479045969099701e-04
5.524570865189648572e-04
5.486060425499150739e-04
5.447942512106784818e-04
5.410211992302738082e-04
5.372863813912776010e-04
5.335893003912683952e-04
5.299294666933906939e-04
5.263063983862448225e-04
5.227196210502160767e-04
5.191686676211393348e-04
5.156530782586266071e-04
5.121724002166150314e-04
5.087261877150250911e-04
5.053140018211887963e-04
5.019354103210638129e-04
4.985899876059907143e-04
4.952773145532329835e-04
4.919969784122901757e-04
4.887485726920992590e-04
4.855316970531209364e-04
4.823459571976496107e-04
4.791909647627878854e-04
4.760663372223028489e-04
4.729716977811548873e-04
4.699066752744673892e-04
4.668709040749341455e-04
4.638640239944535892e-04
4.608856801884275711e-04
4.579355230689419187e-04
4.550132082083990781e-04
4.521183962586938776e-04
4.492507528564004815e-04
4.464099485430583769e-04
4.435956586812395130e-04
4.408075633708374852e-04
4.380453473709078338e-04
4.353087000195099421e-04
4.325973151575457365e-04
4.299108910523763427e-04
4.272491303243253213e-04
4.246117398734039483e-04
4.219984308069246737e-04
4.194089183719995617e-04
4.168429218833757943e-04
4.143001646592647802e-04
4.117803739516201489e-04
4.092832808846313952e-04
4.068086203898868547e-04
4.043561311404264558e-04
4.019255554945644349e-04
3.995166394321625347e-04
3.971291324977865855e-04
3.947627877394221940e-04
3.924173616542958598e-04
3.900926141326976904e-04
3.877883084015820714e-04
3.855042109710549170e-04
3.832400915833034105e-04
3.809957231564187197e-04
3.787708817402091199e-04
3.765653464580243082e-04
3.743788994636787493e-04
3.722113258914916400e-04
3.700624138061048285e-04
3.679319541611825173e-04
3.658197407478969154e-04
3.637255701551822540e-04
3.616492417217731514e-04
3.595905574955704509e-04
3.575493221890102546e-04
3.555253431390958951e-04
3.535184302643212817e-04
3.515283960269233177e-04
3.495550553913595593e-04
3.475982257845622314e-04
3.456577270617433584e-04
3.437333814646503782e-04
3.418250135858169614e-04
3.399324503339240522e-04
3.380555208958302416e-04
3.361940567041532546e-04
3.343478914004105462e-04
3.325168608030448780e-04
3.307008028718971815e-04
3.288995576806730270e-04
3.271129673778627733e-04
3.253408761609843936e-04
3.235831302426106504e-04
3.218395778210592084e-04
3.201100690506386570e-04
3.183944560103402210e-04
3.166925926787467205e-04
3.150043349016140581e-04
3.133295403658920009e-04
3.116680685726347377e-04
3.100197808090232598e-04
3.083845401226081862e-04
3.067622112944423662e-04
3.051526608144339292e-04
3.035557568551450203e-04
3.019713692475889388e-04
3.003993694565831873e-04
2.988396305576568324e-04
2.972920272115153750e-04
2.957564356433906028e-04
2.942327336181715935e-04
2.927208004190884338e-04
2.912205168255077581e-04
2.897317650909503328e-04
2.882544289211086408e-04
2.867883934560833126e-04
2.853335452450700416e-04
2.838897722288180603e-04
2.824569637209783934e-04
2.810350103850112191e-04
2.796238042166443449e-04
2.782232385256655505e-04
2.768332079159385728e-04
2.754536082683056719e-04
2.740843367201595271e-04
2.727252916510103375e-04
2.713763726620577188e-04
2.700374805599814465e-04
2.687085173407322003e-04
2.673893861717679954e-04
2.660799913758449264e-04
2.647802384159181344e-04
2.634900338776002826e-04
2.622092854549507024e-04
2.609379019336000027e-04
