-5.579370766944519043e+11
-4.032265132477652614e-02
-3.125539998456616786e-02
-2.624866145428006448e-02
-2.365440001577345797e-02
-2.208142746067354167e-02
-2.094277778755238018e-02
-2.000195021727124711e-02
-1.916263980770160913e-02
-1.838488951226624479e-02
-1.765166850231736362e-02
-1.695531089837443162e-02
-1.629193871804623939e-02
-1.565916516386467450e-02
-1.505516535125472899e-02
-1.447831862041626394e-02
-1.392708621201155239e-02
-1.339998156718902322e-02
-1.289557324687473638e-02
-1.241249608614847233e-02
-1.194946145875919186e-02
-1.150526391382555857e-02
-1.107878397262762604e-02
-1.066898774370006464e-02
-1.027492420147879670e-02
-9.895720902072024927e-03
-9.530578760813313011e-03
-9.178766361838341936e-03
-8.839614137280626949e-03
-8.512508647717798027e-03
-8.196887114699791255e-03
-7.892232297077139691e-03
-7.598067760067994669e-03
-7.313953555942109830e-03
-7.039482315450928951e-03
-6.774275735202284210e-03
-6.517981438569186992e-03
-6.270270182738180154e-03
-6.030833382727696090e-03
-5.799380922580699149e-03
-5.575639225016804090e-03
-5.359349551985470583e-03
-5.150266510695722388e-03
-4.948156741686027260e-03
-4.752797767661132156e-03
-4.563976983791961928e-03
-4.381490772601193129e-03
-4.205143727816995636e-03
-4.034747973857166770e-03
-3.870122568913503258e-03
-3.711092981090846621e-03
-3.557490628257609089e-03
-3.409152473542009787e-03
-3.265920669284438915e-03
-3.127642243107464637e-03
-2.994168820894538285e-03
-2.865356381537509378e-03
-2.741065039487011745e-03
-2.621158851482174867e-03
-2.505505644126326814e-03
-2.393976859647262145e-03
-2.286447417320092157e-03
-2.182795588594244052e-03
-2.082902883882686851e-03
-1.986653949609173964e-03
-1.893936473964075162e-03
-1.804641100240367280e-03
-1.718661346731709116e-03
-1.635893532180521248e-03
-1.556236706039992868e-03
-1.479592582918076715e-03
-1.405865480530010814e-03
-1.334962260703953518e-03
-1.266792272979877509e-03
-1.201267300452668607e-03
-1.138301507525918410e-03
-1.077811389290417310e-03
-1.019715722377467770e-03
-9.639355169257513012e-04
-9.103939697006069309e-04
-8.590164180986015197e-04
-8.097302949545692741e-04
-7.624650840836189047e-04
-7.171522764670701378e-04
-6.737253270283627415e-04
-6.321196119203342789e-04
-5.922723863733825311e-04
-5.541227429741724109e-04
-5.176115704395023442e-04
-4.826815128253780784e-04
-4.492769291786213870e-04
-4.173438536700935231e-04
-3.868299561005095200e-04
-3.576845029562569778e-04
-3.298583188231507535e-04
-3.033037483481937358e-04
-2.779746186316600642e-04
-2.538262021358761444e-04
-2.308151800616276006e-04
-2.088996062767911610e-04
-1.880388717425685030e-04
-1.681936694513108677e-04
-1.493259599842922114e-04
-1.313989375313351360e-04
-1.143769965272767308e-04
-9.822569887774079689e-05
-8.291174169494652801e-05
-6.840292568988104449e-05
-5.466812412358024176e-05
-4.167725235060260047e-05
-2.940123799333171917e-05
-1.781199166961400238e-05
-6.882378382533360650e-06
3.413810516050830302e-06
1.310188476644214006e-05
2.220628199123275692e-05
3.075059392831924754e-05
3.875759203975093214e-05
4.624925250817923938e-05
5.324678066886967542e-05
5.977063482842659425e-05
6.584054949954065705e-05
7.147555806152894320e-05
7.669401484555748993e-05
8.151361665076350960e-05
8.595142369882680100e-05
9.002388002565808733e-05
9.374683335927613825e-05
9.713555442170118681e-05
1.002047557230323349e-04
1.029686098386051185e-04
1.054407671734480800e-04
1.076343731976070472e-04
1.095620852427092728e-04
1.112360887649543884e-04
1.126681131713436201e-04
1.138694471576329192e-04
1.148509535990882569e-04
1.156230840122507431e-04
1.161958925695039113e-04
1.165790496884255845e-04
1.167818552016974820e-04
1.168132511568664711e-04
1.166818341620246002e-04
1.163958674144094374e-04
1.159632923031228557e-04
1.153917396574666299e-04
1.146885406562159204e-04
1.138607373794009447e-04
1.129150930114786178e-04
1.118581017331976568e-04
1.106959982919430985e-04
1.094347672330187038e-04
1.080801518815732720e-04
1.066376629788035046e-04
1.051125870625835290e-04
1.035099945683182199e-04
1.018347476386960437e-04
1.000915077098429862e-04
9.828474280570986821e-05
9.641873461219141461e-05
9.449758531032692588e-05
9.252522415748032358e-05
9.050541386379507003e-05
8.844175675792875779e-05
8.633770071675428426e-05
8.419654491031991483e-05
8.202144534008581900e-05
7.981542019286358425e-05
7.758135501023666336e-05
7.532200766124930169e-05
7.304001315566743813e-05
7.073788829847771353e-05
6.841803616386421538e-05
6.608275041108946368e-05
6.373421946603841093e-05
6.137453053534080993e-05
5.900567349437224607e-05
5.662954462692937341e-05
5.424795022856976345e-05
5.186261010092785284e-05
4.947516089814918416e-05
4.708715936430074578e-05
4.470008545864878613e-05
4.231534535170666800e-05
3.993427434334506643e-05
3.755813962991183530e-05
3.518814303249406805e-05
3.282542355842466009e-05
3.047105992282084230e-05
2.812607294910840494e-05
2.579142789715938022e-05
2.346803669550645566e-05
2.115676009495359722e-05
1.885840975601738023e-05
1.657375022579010704e-05
1.430350088504894757e-05
1.204833779300251706e-05
9.808895469420875202e-06
7.585768624362998480e-06
5.379513800196633611e-06
3.190650983864173895e-06
1.019665119228463368e-06
-1.132992400565413504e-06
-3.266902317777820031e-06
-5.381676137394819648e-06
-7.476954813290248580e-06
-9.552407486790315261e-06
-1.160773025232764155e-05
-1.364264500325340634e-05
-1.565689828830763020e-05
-1.765026023470284144e-05
-1.962252349341220281e-05
-2.157350225173715330e-05
-2.350303124942776378e-05
-2.541096486230465246e-05
-2.729717619964766584e-05
-2.916155625531935414e-05
-3.100401307176703369e-05
-3.282447095309670715e-05
-3.462286969990735486e-05
-3.639916387410124798e-05
-3.815332209589072932e-05
-3.988532637100306033e-05
-4.159517142987567695e-05
-4.328286410903992021e-05
-4.494842275182264757e-05
-4.659187662836572486e-05
-4.821326538251291538e-05
-4.981263850134531879e-05
-5.139005479448677249e-05
-5.294558192869835977e-05
-5.447929592450329039e-05
-5.599128072653059007e-05
-5.748162776741949642e-05
-5.895043554304812972e-05
-6.039780922217907744e-05
-6.182386025677111263e-05
-6.322870602137875551e-05
-6.461246945232979044e-05
-6.597527872420627659e-05
-6.731726690922812395e-05
-6.863857167926923353e-05
-6.993933500343274545e-05
-7.121970286272372164e-05
-7.247982498603811052e-05
-7.371985457149676790e-05
-7.493994805529702319e-05
-7.614026485436298231e-05
-7.732096715562519762e-05
-7.848221968020929751e-05
-7.962418948581628797e-05
-8.074704575644631177e-05
-8.185095961499300188e-05
-8.293610394471961911e-05
-8.400265320096522714e-05
-8.505078325926618277e-05
-8.608067123949680877e-05
-8.709249537153240794e-05
-8.808643482782763101e-05
-8.906266960573283598e-05
-9.002138037828011363e-05
-9.096274837805395919e-05
-9.188695527262424889e-05
-9.279418304508624260e-05
-9.368461389747118062e-05
-9.455843013306264311e-05
-9.541581406713461888e-05
-9.625694792481098716e-05
-9.708201375935310296e-05
-9.789119336134355365e-05
-9.868466818141463648e-05
-9.946261925231070222e-05
-1.002252271160575248e-04
-1.009726717564607412e-04
-1.017051325311602028e-04
-1.024227881165629128e-04
-1.031258164394532884e-04
-1.038143946350267299e-04
-1.044886989807203292e-04
-1.051489048591314202e-04
-1.057951867060591411e-04
-1.064277179687600494e-04
-1.070466710637596464e-04
-1.076522173428795526e-04
-1.082445270521592562e-04
-1.088237693021021357e-04
-1.093901120365892154e-04
-1.099437220015708760e-04
-1.104847647173112790e-04
-1.110134044588484414e-04
-1.115298042280166158e-04
-1.120341257292434278e-04
-1.125265293608901374e-04
-1.130071741826110809e-04
-1.134762179118009584e-04
-1.139338168996140155e-04
-1.143801261227483934e-04
-1.148152991679030066e-04
-1.152394882226737138e-04
-1.156528440662274448e-04
-1.160555160555354348e-04
-1.164476521304802503e-04
-1.168293987923174626e-04
-1.172009011085606289e-04
-1.175623027052097314e-04
-1.179137457669732214e-04
-1.182553710248335221e-04
-1.185873177693697045e-04
-1.189097238369907217e-04
-1.192227256183731043e-04
-1.195264580540200683e-04
-1.198210546382583175e-04
-1.201066474216805346e-04
-1.203833670104792475e-04
-1.206513425757727020e-04
-1.209107018516064613e-04
-1.211615711422808772e-04
-1.214040753281242502e-04
-1.216383378670471416e-04
-1.218644808056446038e-04
-1.220826247825268496e-04
-1.222928890336483221e-04
-1.224953914029658364e-04
-1.226902483468794713e-04
-1.228775749442245768e-04
-1.230574849029331119e-04
-1.232300905691374737e-04
-1.233955029349420585e-04
-1.235538316493034472e-04
-1.237051850253578777e-04
-1.238496700499691627e-04
-1.239873923952750090e-04
-1.241184564260144896e-04
-1.242429652108523186e-04
-1.243610205325929030e-04
-1.244727228977282607e-04
-1.245781715482063845e-04
-1.246774644718673386e-04
-1.247706984104368644e-04
-1.248579688741813243e-04
-1.249393701503453968e-04
-1.250149953164747529e-04
-1.250849362488537508e-04
-1.251492836344958448e-04
-1.252081269826899046e-04
-1.252615546378788025e-04
-1.253096537863207516e-04
-1.253525104738528739e-04
-1.253902096109982267e-04
-1.254228349876207460e-04
-1.254504692864699678e-04
-1.254731940891762321e-04
-1.254910898911276718e-04
-1.255042361121283534e-04
-1.255127111075005075e-04
-1.255165921809631158e-04
-1.255159555928475612e-04
-1.255108765760848399e-04
-1.255014293419787208e-04
-1.254876870948606893e-04
-1.254697220449685346e-04
-1.254476054124431528e-04
-1.254214074482007391e-04
-1.253911974388177697e-04
-1.253570437156348305e-04
-1.253190136738524529e-04
-1.252771737738633817e-04
-1.252315895603484108e-04
-1.251823256662731865e-04
-1.251294458308738200e-04
-1.250730129016552894e-04
-1.250130888525990969e-04
-1.249497347892702948e-04
-1.248830109645826525e-04
-1.248129767839056825e-04
-1.247396908157227813e-04
-1.246632108082845747e-04
-1.245835936918293640e-04
-1.245008955930160255e-04
-1.244151718431396603e-04
-1.243264769885676913e-04
-1.242348648016200485e-04
-1.241403882878966414e-04
-1.240430996978236777e-04
-1.239430505362015822e-04
-1.238402915704206464e-04
-1.237348728388987240e-04
-1.236268436650700409e-04
-1.235162526613819978e-04
-1.234031477390651332e-04
-1.232875761227880673e-04
-1.231695843497693232e-04
-1.230492182882070296e-04
-1.229265231392773217e-04
-1.228015434511231518e-04
-1.226743231210747354e-04
-1.225449054107485836e-04
-1.224133329496002176e-04
-1.222796477464704878e-04
-1.221438911946925998e-04
-1.220061040823061660e-04
-1.218663265998287670e-04
-1.217245983486936467e-04
-1.215809583459126486e-04
-1.214354450371768479e-04
-1.212880962992990419e-04
-1.211389494515380250e-04
-1.209880412613717482e-04
-1.208354079513807022e-04
-1.206810852079076568e-04
-1.205251081883851327e-04
-1.203675115266644724e-04
-1.202083293421196686e-04
-1.200475952460866580e-04
-1.198853423469703472e-04
-1.197216032609027536e-04
-1.195564101137414070e-04
-1.193897945519495352e-04
-1.192217877463708220e-04
-1.190524204006671027e-04
-1.188817227550931221e-04
-1.187097245967105863e-04
-1.185364552622747425e-04
-1.183619436460059404e-04
-1.181862182033643904e-04
-1.180093069630405722e-04
-1.178312375249568333e-04
-1.176520370733680210e-04
-1.174717323759733034e-04
-1.172903497959065788e-04
-1.171079152939569212e-04
-1.169244544330094726e-04
-1.167399923880374502e-04
-1.165545539458801017e-04
-1.163681635161228911e-04
-1.161808451326518110e-04
-1.159926224600926759e-04
-1.158035187989181480e-04
-1.156135570912208976e-04
-1.154227599242663160e-04
-1.152311495371538541e-04
-1.150387478241476913e-04
-1.148455763395617168e-04
-1.146516563066413141e-04
-1.144570086151208699e-04
-1.142616538301055584e-04
-1.140656121985106353e-04
-1.138689036495055262e-04
-1.136715478009531211e-04
-1.134735639629624870e-04
-1.132749711452163410e-04
-1.130757880558608264e-04
-1.128760331119416094e-04
-1.126757244371834332e-04
-1.124748798724262144e-04
-1.122735169740707306e-04
-1.120716530231824493e-04
-1.118693050246033494e-04
-1.116664897145014379e-04
-1.114632235630352852e-04
-1.112595227770185602e-04
-1.110554033050270561e-04
-1.108508808422836722e-04
-1.106459708308804579e-04
-1.104406884655517729e-04
-1.102350486976710897e-04
-1.100290662372493955e-04
-1.098227555584863069e-04
-1.096161308997700701e-04
-1.094092062705609436e-04
-1.092019954529455106e-04
-1.089945120054114369e-04
-1.087867692652899620e-04
-1.085787803529747464e-04
-1.083705581741423174e-04
-1.081621154239709170e-04
-1.079534645889168587e-04
-1.077446179496011069e-04
-1.075355875870265265e-04
-1.073263853801353918e-04
-1.071170230120266353e-04
-1.069075119746187852e-04
-1.066978635657633845e-04
-1.064880888974606421e-04
-1.062781988956373880e-04
-1.060682043039218314e-04
-1.058581156867521855e-04
-1.056479434298207565e-04
-1.054376977449589248e-04
-1.052273886710253237e-04
-1.050170260790128651e-04
-1.048066196707164721e-04
-1.045961789838401046e-04
-1.043857133942172055e-04
-1.041752321178091023e-04
-1.039647442111490960e-04
-1.037542585766715320e-04
-1.035437839651542902e-04
-1.033333289734983396e-04
