1.228768023979402924e+11
-6.425882576124308798e-04
1.437005530506363371e-02
2.058203809808301088e-02
2.348915370473259046e-02
2.496800884536476417e-02
2.570773820774707730e-02
2.602022803183201560e-02
2.607261250871140135e-02
2.596384186743350142e-02
2.575559046270647912e-02
2.548724847249461689e-02
2.518420586855985022e-02
2.486281679497004404e-02
2.453352065262670578e-02
2.420286026591300654e-02
2.387480877323122641e-02
2.355165061976283170e-02
2.323456968266235378e-02
2.292404278707227405e-02
2.262010291921123795e-02
2.232251476682911573e-02
2.203089110092903979e-02
2.174476919071555159e-02
2.146366022741474922e-02
2.118708055595197592e-02
2.091457069260238555e-02
2.064570619373906624e-02
2.038010313894655923e-02
2.011742010457773233e-02
1.985735789822129505e-02
1.959965791036033522e-02
1.934409965748784543e-02
1.909049789755101756e-02
1.883869956782424637e-02
1.858858070576907551e-02
1.834004345351303300e-02
1.809301320600908980e-02
1.784743593599857903e-02
1.760327571134956415e-02
1.736051240870351009e-02
1.711913962038469350e-02
1.687916274705392183e-02
1.664059726618738466e-02
1.640346716517848691e-02
1.616780352747460014e-02
1.593364326028123834e-02
1.570102795275563068e-02
1.547000285394783958e-02
1.524061596079451242e-02
1.501291720675390629e-02
1.478695774250216033e-02
1.456278930083532153e-02
1.434046363836927185e-02
1.412003204723721872e-02
1.390154493060191676e-02
1.368505143625053933e-02
1.347059914285186899e-02
1.325823379410118186e-02
1.304799907612741450e-02
1.283993643417469244e-02
1.263408492451434384e-02
1.243048109816125013e-02
1.222915891314557690e-02
1.203014967234516952e-02
1.183348198399114537e-02
1.163918174248457227e-02
1.144727212711948994e-02
1.125777361645319274e-02
1.107070401659515646e-02
1.088607850145417721e-02
1.070390966328615967e-02
1.052420757223115899e-02
1.034697984325783082e-02
1.017223170941772281e-02
9.999966100305179850e-03
9.830183724599761419e-03
9.662883155910240163e-03
9.498060920977824395e-03
9.335711589654849263e-03
9.175827865871788447e-03
9.018400679085214477e-03
8.863419275673578568e-03
8.710871309840495513e-03
8.560742933615195227e-03
8.413018885645495715e-03
8.267682578398716231e-03
8.124716183666835789e-03
7.984100715972886064e-03
7.845816113869918951e-03
7.709841318902288521e-03
7.576154352113340096e-03
7.444732388011354729e-03
7.315551825945787456e-03
7.188588358844061332e-03
7.063817039225650518e-03
6.941212342571168037e-03
6.820748227971851207e-03
6.702398196066772229e-03
6.586135344422761051e-03
6.471932420160531052e-03
6.359761870127211836e-03
6.249595888453196579e-03
6.141406461683596163e-03
6.035165411479193054e-03
5.930844434967941226e-03
5.828415142832943374e-03
5.727849095174430971e-03
5.629117835241448375e-03
5.532192921108958217e-03
5.437045955343000614e-03
5.343648612794016373e-03
5.251972666498128106e-03
5.161990011874229012e-03
5.073672689157371352e-03
4.986992904312703700e-03
4.901923048295397933e-03
4.818435714914803825e-03
4.736503717275963865e-03
4.656100102842897215e-03
4.577198167283080821e-03
4.499771467057600560e-03
4.423793830901745494e-03
4.349239370176727348e-03
4.276082488229970835e-03
4.204297888739771949e-03
4.133860583175108516e-03
4.064745897384813844e-03
3.996929477312338719e-03
3.930387294013071298e-03
3.865095647903160625e-03
3.801031172325997076e-03
3.738170836489640436e-03
3.676491947810056615e-03
3.615972153645508058e-03
3.556589442589741523e-03
3.498322145185195353e-03
3.441148934237636681e-03
3.385048824678049684e-03
3.330001173023955374e-03
3.275985676498560650e-03
3.222982371784643973e-03
3.170971633470465179e-03
3.119934172195248934e-03
3.069851032537984636e-03
3.020703590676188099e-03
2.972473551766663391e-03
2.925142947166836649e-03
2.878694131453807259e-03
2.833109779256881566e-03
2.788372881955103466e-03
2.744466744231566224e-03
2.701374980481618948e-03
2.659081511142025178e-03
2.617570558890447430e-03
2.576826644786311959e-03
2.536834584299318962e-03
2.497579483306644477e-03
2.459046734027303671e-03
2.421222010881685094e-03
2.384091266355081729e-03
2.347640726797717292e-03
2.311856888224994577e-03
2.276726512076443498e-03
2.242236621001980623e-03
2.208374494604203875e-03
2.175127665215770278e-03
2.142483913665449435e-03
2.110431265052836736e-03
2.078957984572138429e-03
2.048052573308423163e-03
2.017703764094491703e-03
1.987900517385510213e-03
1.958632017152961424e-03
1.929887666831664461e-03
1.901657085289665261e-03
1.873930102836984801e-03
1.846696757287658031e-03
1.819947290043977262e-03
1.793672142244906453e-03
1.767861950946914007e-03
1.742507545366756005e-03
1.717599943146463914e-03
1.693130346702931277e-03
1.669090139596152156e-03
1.645470882970290205e-03
1.622264312036270084e-03
1.599462332606327308e-03
1.577057017687844009e-03
1.555040604121593617e-03
1.533405489289707546e-03
1.512144227847178612e-03
1.491249528544402736e-03
1.470714251070148748e-03
1.450531402972909945e-03
1.430694136614896195e-03
1.411195746196192147e-03
1.392029664823546398e-03
1.373189461629564789e-03
1.354668838947858944e-03
1.336461629541041418e-03
1.318561793883787914e-03
1.300963417477873918e-03
1.283660708245371040e-03
1.266647993950265061e-03
1.249919719674696950e-03
1.233470445351825262e-03
1.217294843341099053e-03
1.201387696045497222e-03
1.185743893588497855e-03
1.170358431518581099e-03
1.155226408590115383e-03
1.140343024547796347e-03
1.125703577998793392e-03
1.111303464290669396e-03
1.097138173459244470e-03
1.083203288207768011e-03
1.069494481921839935e-03
1.056007516742063501e-03
1.042738241661123055e-03
1.029682590667269082e-03
1.016836580922664268e-03
1.004196310992799823e-03
9.917579590905667430e-04
9.795177813833877423e-04
9.674721103090089258e-04
9.556173529590150650e-04
9.439499894612346509e-04
9.324665714260937932e-04
9.211637204140643576e-04
9.100381264306456330e-04
8.990865464630903858e-04
8.883058030513257819e-04
8.776927828675340493e-04
8.672444353683417262e-04
8.569577714190312889e-04
8.468298620125658260e-04
8.368578369550849771e-04
8.270388836255637699e-04
8.173702457345832784e-04
8.078492221292865594e-04
7.984731656089927299e-04
7.892394817758940917e-04
7.801456279110663417e-04
7.711891118689084834e-04
7.623674909980060477e-04
7.536783710964112259e-04
7.451194053680332274e-04
7.366882934236596014e-04
7.283827802910813887e-04
7.202006554478668221e-04
7.121397518903282986e-04
7.041979451929414324e-04
6.963731526239413938e-04
6.886633322502611065e-04
6.810664820826595189e-04
6.735806392239584994e-04
6.662038790554714041e-04
6.589343144187687074e-04
6.517700948347471268e-04
6.447094057233648812e-04
6.377504676600143085e-04
6.308915356265654140e-04
6.241308982957161078e-04
6.174668773228919605e-04
6.108978266594622397e-04
6.044221318706188839e-04
5.980382094807890070e-04
5.917445063279291873e-04
5.855394989262574512e-04
5.794216928545203871e-04
5.733896221500334178e-04
5.674418487173760184e-04
5.615769617499655197e-04
5.557935771678401693e-04
5.500903370592169495e-04
5.444659091462522582e-04
5.389189862508025897e-04
5.334482857839439873e-04
5.280525492297183376e-04
5.227305416632965773e-04
5.174810512551530906e-04
5.123028888041059048e-04
5.071948872732434666e-04
5.021559013367316027e-04
4.971848069348361321e-04
4.922805008429342877e-04
4.874419002460772532e-04
4.826679423259871982e-04
4.779575838516070263e-04
4.733098007856373357e-04
4.687235878941820033e-04
4.641979583697164458e-04
4.597319434536117910e-04
4.553245920757564846e-04
4.509749705039478584e-04
4.466821619844019153e-04
4.424452664104627786e-04
4.382633999839846695e-04
4.341356948924790515e-04
4.300612989891483551e-04
4.260393754782487719e-04
4.220691026135536816e-04
4.181496733934864096e-04
4.142802952744606415e-04
4.104601898837767493e-04
4.066885927316299387e-04
4.029647529482094370e-04
3.992879330068088706e-04
3.956574084666986124e-04
3.920724677102249700e-04
3.885324116930100047e-04
3.850365537023670015e-04
3.815842191112750470e-04
3.781747451410133465e-04
3.748074806348977717e-04
3.714817858277985607e-04
3.681970321298688731e-04
3.649526019011695155e-04
3.617478882484981284e-04
3.585822948153349898e-04
3.554552355706785960e-04
3.523661346216400148e-04
3.493144260120484290e-04
3.462995535286061966e-04
3.433209705236972553e-04
3.403781397215421833e-04
3.374705330458915853e-04
3.345976314435006316e-04
3.317589247060492852e-04
3.289539113153772121e-04
3.261820982629615173e-04
3.234430008975941462e-04
3.207361427677302146e-04
3.180610554616158936e-04
3.154172784594067025e-04
3.128043589837314897e-04
3.102218518544752612e-04
3.076693193446722319e-04
3.051463310437263488e-04
3.026524637150806996e-04
3.001873011709843553e-04
2.977504341339365368e-04
2.953414601103432346e-04
2.929599832659501857e-04
2.906056143014978943e-04
2.882779703288207429e-04
2.859766747591585556e-04
2.837013571805879764e-04
2.814516532478883448e-04
2.792272045690769033e-04
2.770276585988273865e-04
2.748526685274477188e-04
2.727018931802938084e-04
2.705749969140747169e-04
2.684716495096051148e-04
2.663915260863181089e-04
2.643343069925752076e-04
2.622996777188468798e-04
2.602873287986806616e-04
2.582969557263226079e-04
2.563282588565751752e-04
2.543809433250832086e-04
2.524547189646231260e-04
2.505493002082914700e-04
2.486644060206710805e-04
2.467997598101234757e-04
2.449550893541818652e-04
2.431301267140639766e-04
2.413246081671704957e-04
2.395382741251506076e-04
2.377708690683988380e-04
2.360221414656749062e-04
2.342918437092667006e-04
2.325797320461564510e-04
2.308855665058562323e-04
2.292091108402338762e-04
2.275501324526807423e-04
2.259084023363833182e-04
2.242836950143711761e-04
2.226757884724595016e-04
2.210844641055143001e-04
2.195095066526153715e-04
2.179507041426553826e-04
2.164078478359421354e-04
2.148807321673551485e-04
2.133691546974958442e-04
2.118729160502930142e-04
2.103918198657073191e-04
2.089256727493271626e-04
2.074742842155252731e-04
2.060374666459363624e-04
2.046150352326137067e-04
2.032068079360627166e-04
2.018126054366131683e-04
2.004322510851253014e-04
1.990655708630217902e-04
1.977123933349922424e-04
1.963725496052504127e-04
1.950458732762339054e-04
1.937322004039732093e-04
1.924313694612322934e-04
1.911432212924335516e-04
1.898675990781306666e-04
1.886043482930421789e-04
1.873533166687479934e-04
1.861143541581622429e-04
1.848873128951211697e-04
1.836720471612984795e-04
1.824684133484577586e-04
1.812762699262560062e-04
1.800954774058283192e-04
1.789258983069252906e-04
1.777673971248283635e-04
1.766198402994856309e-04
1.754830961797626543e-04
1.743570349985734680e-04
1.732415288362432193e-04
1.721364515929746375e-04
1.710416789608704136e-04
1.699570883906265095e-04
1.688825590679954303e-04
1.678179718831440681e-04
1.667632094028981271e-04
1.657181558447629044e-04
1.646826970502779375e-04
1.636567204599259640e-04
1.626401150838230336e-04
1.616327714830667617e-04
1.606345817379839502e-04
1.596454394288127077e-04
1.586652396119436759e-04
1.576938787910542317e-04
1.567312549022314982e-04
1.557772672855506357e-04
1.548318166644246929e-04
1.538948051249544591e-04
1.529661360930578695e-04
1.520457143147080359e-04
1.511334458332846964e-04
1.502292379731429151e-04
1.493329993154102198e-04
1.484446396804450785e-04
1.475640701098512864e-04
1.466912028442735050e-04
1.458259513071880065e-04
1.449682300869170604e-04
1.441179549173110530e-04
1.432750426595408300e-04
1.424394112894411535e-04
1.416109798733078406e-04
1.407896685547971316e-04
1.399753985416030133e-04
1.391680920830307144e-04
1.383676724593385643e-04
1.375740639624201123e-04
1.367871918822594068e-04
1.360069824931642302e-04
1.352333630337820836e-04
1.344662617008829386e-04
1.337056076253784198e-04
1.329513308652163772e-04
1.322033623900598087e-04
1.314616340648555592e-04
1.307260786396202690e-04
1.299966297345633848e-04
1.292732218278747069e-04
1.285557902426237575e-04
1.278442711338811932e-04
1.271386014771724859e-04
1.264387190555993357e-04
1.257445624489594849e-04
1.250560710204240422e-04
1.243731849072116091e-04
1.236958450052672021e-04
1.230239929634890927e-04
1.223575711692959089e-04
1.216965227379684933e-04
1.210407915028799408e-04
1.203903220046154132e-04
1.197450594818683101e-04
1.191049498574514587e-04
1.184699397356325790e-04
1.178399763850368487e-04
1.172150077322076100e-04
1.165949823513923178e-04
1.159798494576591565e-04
1.153695588937964089e-04
1.147640611245392961e-04
1.141633072252457026e-04
1.135672488759009724e-04
1.129758383491274998e-04
1.123890285055217930e-04
1.118067727814420209e-04
1.112290251841230315e-04
1.106557402819063896e-04
1.100868731960247260e-04
1.095223795950506229e-04
1.089622156842384726e-04
1.084063381993072284e-04
