-6.210096501397176514e+11
7.036574635931236443e-02
7.637679366106864265e-02
7.904040428498104731e-02
8.010754842607381576e-02
8.051301665803567431e-02
8.060665227718377679e-02
8.052344235458575028e-02
8.031773098126659960e-02
8.001258047403414508e-02
7.961892776276524586e-02
7.914317981284879622e-02
7.859019611303841302e-02
7.796441275214105460e-02
7.727022769187286144e-02
7.651210251705231613e-02
7.569456267474095057e-02
7.482216645204697869e-02
7.389946815798786872e-02
7.293098369783468371e-02
7.192116049473273875e-02
7.087435173567291358e-02
6.979479446587344427e-02
6.868659107299190936e-02
6.755369381588893773e-02
6.639989214612107560e-02
6.522880262508401472e-02
6.404386126244698829e-02
6.284831810524060813e-02
6.164523390151632753e-02
6.043747865553239507e-02
5.922773188497787444e-02
5.801848438846501921e-02
5.681204133256656519e-02
5.561052647193021059e-02
5.441588732441671183e-02
5.322990113227765718e-02
5.205418145303752908e-02
5.089018523580701725e-02
4.973922025285748560e-02
4.860245276941155268e-02
4.748091534836351713e-02
4.637551469951617378e-02
4.528703949539991669e-02
4.421616808713491054e-02
4.316347606506676371e-02
4.212944361795534221e-02
4.111446265427121105e-02
4.011884365662043983e-02
3.914282224745457839e-02
3.818656545071963393e-02
3.725017763939364457e-02
3.633370616338904568e-02
3.543714665664987606e-02
3.456044802531499371e-02
3.370351712166441693e-02
3.286622311107256778e-02
3.204840154073829162e-02
3.124985812046210398e-02
3.047037222704562787e-02
2.970970014424545447e-02
2.896757805117400331e-02
2.824372477197378828e-02
2.753784430002093053e-02
2.684962810957891577e-02
2.617875726784113510e-02
2.552490436007337493e-02
2.488773523993370596e-02
2.426691061703989405e-02
2.366208749300513503e-02
2.307292045697129090e-02
2.249906285089053881e-02
2.194016781451768594e-02
2.139588921936441679e-02
2.086588250040977144e-02
2.034980539382380549e-02
1.984731858842092578e-02
1.935808629808910553e-02
1.888177676200708532e-02
1.841806267879997350e-02
1.796662158064465942e-02
1.752713615262813107e-02
1.709929450239688897e-02
1.668279038484410393e-02
1.627732338600829110e-02
1.588259907014033523e-02
1.549832909370962852e-02
1.512423128952078422e-02
1.476002972414391934e-02
1.440545473143628463e-02
1.406024292470831050e-02
1.372413718989484721e-02
1.339688666200444800e-02
1.307824668658841283e-02
1.276797876824575795e-02
1.246585050766713110e-02
1.217163552872690957e-02
1.188511339698150593e-02
1.160606953077425452e-02
1.133429510608197077e-02
1.106958695604154386e-02
1.081174746612845183e-02
1.056058446571817022e-02
1.031591111684226902e-02
1.007754580070630013e-02
9.845312002632944370e-03
9.619038195897822163e-03
9.398557724929812451e-03
9.183708688329961234e-03
8.974333822030722274e-03
8.770280382930373264e-03
8.571400033303921973e-03
8.377548726235861665e-03
8.188586592234869954e-03
8.004377827360631414e-03
7.824790582838803132e-03
7.649696856443233273e-03
7.478972385736692985e-03
7.312496543195434739e-03
7.150152233390327794e-03
6.991825792229677816e-03
6.837406888364983004e-03
6.686788426720768896e-03
6.539866454278397967e-03
6.396540068040579285e-03
6.256711325235198018e-03
6.120285155758020679e-03
5.987169276821857622e-03
5.857274109821508645e-03
5.730512699412049216e-03
5.606800634729403043e-03
5.486055972788506097e-03
5.368199163971576482e-03
5.253152979626696251e-03
5.140842441709647659e-03
5.031194754441248307e-03
4.924139237936886460e-03
4.819607263776060080e-03
4.717532192490603293e-03
4.617849312856803223e-03
4.520495783051803329e-03
4.425410573546395554e-03
4.332534411745081471e-03
4.241809728283696401e-03
4.153180604993478298e-03
4.066592724455642127e-03
3.981993321079846382e-03
3.899331133739858402e-03
3.818556359844293979e-03
3.739620610863303440e-03
3.662476869207509367e-03
3.587079446498719904e-03
3.513383943105852225e-03
3.441347208971601290e-03
3.370927305692550391e-03
3.302083469736594168e-03
3.234776076879386508e-03
3.168966607732359719e-03
3.104617614360094535e-03
3.041692687958841290e-03
2.980156427565550104e-03
2.919974409742343013e-03
2.861113159228212410e-03
2.803540120508207778e-03
2.747223630318096355e-03
2.692132890964371583e-03
2.638237944535770652e-03
2.585509647906603092e-03
2.533919648534777025e-03
2.483440361034316979e-03
2.434044944461088988e-03
2.385707280347038051e-03
2.338401951410551405e-03
2.292104220939172876e-03
2.246790012812693860e-03
2.202435892175058640e-03
2.159019046687582488e-03
2.116517268391682194e-03
2.074908936128050385e-03
2.034172998503613883e-03
1.994288957393841599e-03
1.955236851972186329e-03
1.916997243204709989e-03
1.879551198863405048e-03
1.842880278979386333e-03
1.806966521754826971e-03
1.771792429909213595e-03
1.737340957460142832e-03
1.703595496881371574e-03
1.670539866691189701e-03
1.638158299390068962e-03
1.606435429802210990e-03
1.575356283733064799e-03
1.544906267012757795e-03
1.515071154847724699e-03
1.485837081497853873e-03
1.457190530287810759e-03
1.429118323890588016e-03
1.401607614931466017e-03
1.374645876859315052e-03
1.348220895092344662e-03
1.322320758449180289e-03
1.296933850807757693e-03
1.272048843033335430e-03
1.247654685143873010e-03
1.223740598709222027e-03
1.200296069466366689e-03
1.177310840165590733e-03
1.154774903630695349e-03
1.132678496000183443e-03
1.111012090201812796e-03
1.089766389587465412e-03
1.068932321781401740e-03
1.048501032681725675e-03
1.028463880662133789e-03
1.008812430922656489e-03
9.895384500195891775e-04
9.706339005366437789e-04
9.520909359292950569e-04
9.339018955061284544e-04
9.160592995562932828e-04
8.985558446175101466e-04
8.813843988759728632e-04
8.645379977119116433e-04
8.480098393477408791e-04
8.317932806438665949e-04
8.158818329959682814e-04
8.002691583626209137e-04
7.849490653906165960e-04
7.699155056615225590e-04
7.551625700408237662e-04
7.406844851201022095e-04
7.264756097724589523e-04
7.125304317951997035e-04
6.988435646442248128e-04
6.854097442734463641e-04
6.722238260363777584e-04
6.592807817020762684e-04
6.465756965299274128e-04
6.341037664401305562e-04
6.218602952450247301e-04
6.098406919863297304e-04
5.980404683032514157e-04
5.864552359124974856e-04
5.750807041244865303e-04
5.639126774492631000e-04
5.529470532601443722e-04
5.421798195146543264e-04
5.316070525407390335e-04
5.212249148840442103e-04
5.110296532120361945e-04
5.010175962731899801e-04
4.911851529121324944e-04
4.815288101336356874e-04
4.720451312183460146e-04
4.627307538966896061e-04
4.535823885603029737e-04
4.445968165280866913e-04
4.357708883482303008e-04
4.271015221590790389e-04
4.185857020813088525e-04
4.102204766516237555e-04
4.020029573070793560e-04
3.939303168991603599e-04
3.859997882540433523e-04
3.782086627575065307e-04
3.705542889924640093e-04
3.630340714011470737e-04
3.556454689817023507e-04
3.483859940258682286e-04
3.412532108770793826e-04
3.342447347294275062e-04
3.273582304579303326e-04
3.205914114667862691e-04
3.139420385813718184e-04
3.074079189611111929e-04
3.009869050336622109e-04
2.946768934726229361e-04
2.884758241799012524e-04
2.823816793118272273e-04
2.763924823188101954e-04
2.705062970114191501e-04
2.647212266524423541e-04
2.590354130664884735e-04
2.534470357742346636e-04
2.479543111524318277e-04
2.425554916059002863e-04
2.372488647619519497e-04
2.320327526925680672e-04
2.269055111472351172e-04
2.218655288035442652e-04
2.169112265453243538e-04
2.120410567485464526e-04
2.072535025865462899e-04
2.025470773598936347e-04
1.979203238318127944e-04
1.933718135815887251e-04
1.889001463828421379e-04
1.845039495844691402e-04
1.801818775151176055e-04
1.759326108936587474e-04
1.717548562651938227e-04
1.676473454357285675e-04
1.636088349377118334e-04
1.596381054889128848e-04
1.557339614799424510e-04
1.518952304653264918e-04
1.481207626738978433e-04
1.444094305145249280e-04
1.407601281186998676e-04
1.371717708651409851e-04
1.336432949445853779e-04
1.301736569063738358e-04
1.267618332405628934e-04
1.234068199500448770e-04
1.201076321455385454e-04
1.168633036439103989e-04
1.136728865751557294e-04
1.105354510042566574e-04
1.074500845550385719e-04
1.044158920444626659e-04
1.014319951275766130e-04
9.849753195112498361e-05
9.561165680693761715e-05
9.277353980463587391e-05
8.998236654411684299e-05
8.723733779691933421e-05
8.453766919780392186e-05
8.188259093788730070e-05
7.927134746932296139e-05
7.670319721309049044e-05
7.417741227833118955e-05
7.169327818190573964e-05
6.925009357794387199e-05
6.684716999183493158e-05
6.448383156176795694e-05
6.215941478404651832e-05
5.987326826328853713e-05
5.762475247417242485e-05
5.541323952007459752e-05
5.323811290036672972e-05
5.109876728748297126e-05
4.899460829910218251e-05
4.692505228742760437e-05
4.488952611891861011e-05
4.288746697267420416e-05
4.091832213282131647e-05
3.898154879422577324e-05
3.707661385843330493e-05
3.520299375625590699e-05
3.336017424904191842e-05
3.154765025126238243e-05
2.976492565287536252e-05
2.801151314568706141e-05
2.628693404460591410e-05
2.459071812976887372e-05
2.292240347623319963e-05
2.128153629743501085e-05
1.966767078331876917e-05
1.808036895289966139e-05
1.651920049883237596e-05
1.498374264108370824e-05
1.347357998615628105e-05
1.198830438164932843e-05
1.052751477681468373e-05
9.090817095325220976e-06
7.677824092944263157e-06
6.288155234290826456e-06
4.921436562943526383e-06
3.577300577539688220e-06
2.255386109206725109e-06
9.553382045446312532e-07
-3.231919938340155340e-07
-1.580547359658623918e-06
-2.817064900018095841e-06
-4.033075857279300180e-06
-5.228905821885732053e-06
-6.404874838938923176e-06
-7.561297508118514088e-06
-8.698483085822772409e-06
-9.816735585310709666e-06
-1.091635387195921680e-05
-1.199763176162882417e-05
-1.306085810881540965e-05
-1.410631690323960186e-05
-1.513428735733235442e-05
-1.614504399150007430e-05
-1.713885672471882060e-05
-1.811599095469240694e-05
-1.907670764311752976e-05
-2.002126339339937999e-05
-2.094991053480654841e-05
-2.186289719685596822e-05
-2.276046738369785771e-05
-2.364286105316359965e-05
-2.451031418826410402e-05
-2.536305886713385860e-05
-2.620132333563951477e-05
-2.702533207465940279e-05
-2.783530587202598383e-05
-2.863146187959131339e-05
-2.941401368850016240e-05
-3.018317138625548068e-05
-3.093914162177746618e-05
-3.168212766579969752e-05
-3.241232947259753416e-05
-3.312994373527722303e-05
-3.383516394794838789e-05
-3.452818045901473454e-05
-3.520918052823951427e-05
-3.587834838114645208e-05
-3.653586526164431802e-05
-3.718190948576172161e-05
-3.781665649205123714e-05
-3.844027889177148438e-05
-3.905294651995738775e-05
-3.965482648160545409e-05
-4.024608320030154118e-05
-4.082687846751476002e-05
-4.139737148256550370e-05
-4.195771890391775116e-05
-4.250807488737073925e-05
-4.304859113513082036e-05
-4.357941693466926836e-05
-4.410069919913439662e-05
-4.461258251198252367e-05
-4.511520916494760058e-05
-4.560871919689901688e-05
-4.609325043491985241e-05
-4.656893852783561272e-05
-4.703591698906883778e-05
-4.749431722750330209e-05
-4.794426858678590975e-05
-4.838589838107587582e-05
-4.881933192435461422e-05
-4.924469257305830183e-05
-4.966210174939256206e-05
-5.007167898196662748e-05
-5.047354193243869247e-05
-5.086780643193122842e-05
-5.125458650567793484e-05
-5.163399440966109921e-05
-5.200614065570263733e-05
-5.237113404255033799e-05
-5.272908168652001848e-05
-5.308008904458816346e-05
-5.342425994570021430e-05
-5.376169661808205547e-05
-5.409249971544127789e-05
-5.441676834072595170e-05
-5.473460007476838030e-05
-5.504609100004387301e-05
-5.535133572642791933e-05
-5.565042741628722922e-05
-5.594345780357556919e-05
-5.623051722380978390e-05
-5.651169463183336461e-05
-5.678707762912793555e-05
-5.705675248179886694e-05
-5.732080414455609230e-05
-5.757931628247447975e-05
-5.783237128986762343e-05
-5.808005031426866083e-05
-5.832243327463793037e-05
-5.855959888134698588e-05
-5.879162465505238799e-05
-5.901858694912220926e-05
-5.924056096540120109e-05
-5.945762077352867436e-05
-5.966983933070046930e-05
-5.987728849676798859e-05
-6.008003905599856864e-05
-6.027816073017611131e-05
-6.047172219791896453e-05
-6.066079111133326762e-05
-6.084543411155607373e-05
-6.102571684607482894e-05
-6.120170398338231621e-05
-6.137345922940795617e-05
-6.154104534350501865e-05
-6.170452415044103134e-05
-6.186395655927157122e-05
-6.201940257644089627e-05
-6.217092131688417567e-05
-6.231857102423354888e-05
-6.246240907903377604e-05
-6.260249201517353868e-05
-6.273887553343016066e-05
-6.287161451212774921e-05
-6.300076302356849567e-05
-6.312637434313650431e-05
-6.324850096461887006e-05
-6.336719461130790876e-05
-6.348250624665929820e-05
-6.359448608939111125e-05
-6.370318362192151085e-05
-6.380864760413551551e-05
-6.391092608271087272e-05
-6.401006640377460144e-05
-6.410611522267295470e-05
