3.031407158820776978e+11
2.741466473385326008e+00
2.737549107775872237e+00
2.730569510622481211e+00
2.722180225033067558e+00
2.712431223628920307e+00
2.701371901494347139e+00
2.689095819181820168e+00
2.675721545748491970e+00
2.661379023466080795e+00
2.646200751349918612e+00
2.630316114746021228e+00
2.613847832954855122e+00
2.596909837499933982e+00
2.579606121398733798e+00
2.562030256319725474e+00
2.544265375151896436e+00
2.526384479420879181e+00
2.508450969183183332e+00
2.490519317865238946e+00
2.472635832098935005e+00
2.454839450162412007e+00
2.437162543707728890e+00
2.419631696720168534e+00
2.402268443394927289e+00
2.385089952978662886e+00
2.368109654721544999e+00
2.351337800043896920e+00
2.334781961982722365e+00
2.318447474099881056e+00
2.302337812455918176e+00
2.286454925124961068e+00
2.270799514173544864e+00
2.255371275158957634e+00
2.240169099111827933e+00
2.225191241725287039e+00
2.210435464136004224e+00
2.195899149293725650e+00
2.181579397506353768e+00
2.167473104340028378e+00
2.153577023662072598e+00
2.139887818249225582e+00
2.126402100048911947e+00
2.113116461880171215e+00
2.100027502093165577e+00
2.087131843470936943e+00
2.074426147452446578e+00
2.061907124578722161e+00
2.049571541912581729e+00
2.037416228052743250e+00
2.025438076253702757e+00
2.013634046070275296e+00
2.002001163868209588e+00
1.990536522477309944e+00
1.979237280210030425e+00
1.968100659423383414e+00
1.957123944765758017e+00
1.946304481219677918e+00
1.935639672027191782e+00
1.925126976564224712e+00
1.914763908214375254e+00
1.904548032279326009e+00
1.894476963952739457e+00
1.884548366376347595e+00
1.874759948790178266e+00
1.865109464784174609e+00
1.855594710654300927e+00
1.846213523863298178e+00
1.836963781604294965e+00
1.827843399463672691e+00
1.818850330178459318e+00
1.809982562483124502e+00
1.801238120039768464e+00
1.792615060445884811e+00
1.784111474313651691e+00
1.775725484414798494e+00
1.767455244885443477e+00
1.759298940485317431e+00
1.751254785906388278e+00
1.743321025125949664e+00
1.735495930799743292e+00
1.727777803691041836e+00
1.720164972131825065e+00
1.712655791512641468e+00
1.705248643798074726e+00
1.697941937064886941e+00
1.690734105060365478e+00
1.683623606778582582e+00
1.676608926052515436e+00
1.669688571160182988e+00
1.662861074443292342e+00
1.656124991936873236e+00
1.649478903008718245e+00
1.642921410007508687e+00
1.636451137918680354e+00
1.630066734027205477e+00
1.623766867586599938e+00
1.617550229493464276e+00
1.611415531967137937e+00
1.605361508233932977e+00
1.599386912215617906e+00
1.593490518221800656e+00
1.587671120645983258e+00
1.581927533665036911e+00
1.576258590941965965e+00
1.570663145331755661e+00
1.565140068590249456e+00
1.559688251085962429e+00
1.554306601514735542e+00
1.548994046617216069e+00
1.543749530899153122e+00
1.538572016354423866e+00
1.533460482190884377e+00
1.528413924558944537e+00
1.523431356282985760e+00
1.518511806595530089e+00
1.513654320874263881e+00
1.508857960381907226e+00
1.504121802008941966e+00
1.499444938019233176e+00
1.494826475798594734e+00
1.490265537606277224e+00
1.485761260329433453e+00
1.481312795240596447e+00
1.476919307758130184e+00
1.472579977209762969e+00
1.468293996599123519e+00
1.464060572375382785e+00
1.459878924205947337e+00
1.455748284752241384e+00
1.451667899448583876e+00
1.447637026284174455e+00
1.443654935588166488e+00
1.439720909817827188e+00
1.435834243349826789e+00
1.431994242274596152e+00
1.428200224193744372e+00
1.424451518020605878e+00
1.420747463783799347e+00
1.417087412433837512e+00
1.413470725652799187e+00
1.409896775666976243e+00
1.406364945062526184e+00
1.402874626604108999e+00
1.399425223056437240e+00
1.396016147008792396e+00
1.392646820702403865e+00
1.389316675860713834e+00
1.386025153522494335e+00
1.382771703877747838e+00
1.379555786106425153e+00
1.376376868219874483e+00
1.373234426905025174e+00
1.370127947371245991e+00
1.367056923199880147e+00
1.364020856196372922e+00
1.361019256245024067e+00
1.358051641166263535e+00
1.355117536576467607e+00
1.352216475750244840e+00
1.349347999485190464e+00
1.346511655969033106e+00
1.343707000649176031e+00
1.340933596104576742e+00
1.338191011919944939e+00
1.335478824562178701e+00
1.332796617259093708e+00
1.330143979880303640e+00
1.327520508820287715e+00
1.324925806883596735e+00
1.322359483172149908e+00
1.319821152974577361e+00
1.317310437657617683e+00
1.314826964559496325e+00
1.312370366885254658e+00
1.309940283604020372e+00
1.307536359348166144e+00
1.305158244314317262e+00
1.302805594166202230e+00
1.300478069939290604e+00
1.298175337947195196e+00
1.295897069689800674e+00
1.293642941763106569e+00
1.291412635770724293e+00
1.289205838237022839e+00
1.287022240521884520e+00
1.284861538737037900e+00
1.282723433663942147e+00
1.280607630673194608e+00
1.278513839645438965e+00
1.276441774893726233e+00
1.274391155087330585e+00
1.272361703176966508e+00
1.270353146321397064e+00
1.268365215815402181e+00
1.266397647019078532e+00
1.264450179288453491e+00
1.262522555907377608e+00
1.260614524020674310e+00
1.258725834568545920e+00
1.256856242222160081e+00
1.255005505320450077e+00
1.253173385808080464e+00
1.251359649174537125e+00
1.249564064394365070e+00
1.247786403868488048e+00
1.246026443366619052e+00
1.244283961970725549e+00
1.242558742019526985e+00
1.240850569054032349e+00
1.239159231764040969e+00
1.237484521935664938e+00
1.235826234399775458e+00
1.234184166981415087e+00
1.232558120450122807e+00
1.230947898471171031e+00
1.229353307557686792e+00
1.227774157023648449e+00
1.226210258937733943e+00
1.224661428078007264e+00
1.223127481887432033e+00
1.221608240430185788e+00
1.220103526348764733e+00
1.218613164821865880e+00
1.217136983523031901e+00
1.215674812580034514e+00
1.214226484534997930e+00
1.212791834305230632e+00
1.211370699144766583e+00
1.209962918606599214e+00
1.208568334505577102e+00
1.207186790881978222e+00
1.205818133965733230e+00
1.204462212141278243e+00
1.203118875913037789e+00
1.201787977871531465e+00
1.200469372660059264e+00
1.199162916942005941e+00
1.197868469368703170e+00
1.196585890547868125e+00
1.195315043012596057e+00
1.194055791190914873e+00
1.192808001375842419e+00
1.191571541696006209e+00
1.190346282086760521e+00
1.189132094261806216e+00
1.187928851685319032e+00
1.186736429544556826e+00
1.185554704722947772e+00
1.184383555773647290e+00
1.183222862893548610e+00
1.182072507897756752e+00
1.180932374194497481e+00
1.179802346760453924e+00
1.178682312116547948e+00
1.177572158304118766e+00
1.176471774861526765e+00
1.175381052801153015e+00
1.174299884586793796e+00
1.173228164111445704e+00
1.172165786675469112e+00
1.171112648965127123e+00
1.170068649031480223e+00
1.169033686269658201e+00
1.168007661398474450e+00
1.166990476440379343e+00
1.165982034701769088e+00
1.164982240753616338e+00
1.163991000412432086e+00
1.163008220721549968e+00
1.162033809932718098e+00
1.161067677488017091e+00
1.160109734002060300e+00
1.159159891244508911e+00
1.158218062122870595e+00
1.157284160665589701e+00
1.156358102005418775e+00
1.155439802363062984e+00
1.154529179031104524e+00
1.153626150358182834e+00
1.152730635733447695e+00
1.151842555571262139e+00
1.150961831296160920e+00
1.150088385328054352e+00
1.149222141067681280e+00
1.148363022882292750e+00
1.147510956091576828e+00
1.146665866953812341e+00
1.145827682652248658e+00
1.144996331281705082e+00
1.144171741835393386e+00
1.143353844191949298e+00
1.142542569102680705e+00
1.141737848179016801e+00
1.140939613880163517e+00
1.140147799500957015e+00
1.139362339159913251e+00
1.138583167787471373e+00
1.137810221114423426e+00
1.137043435660531010e+00
1.136282748723326463e+00
1.135528098367088345e+00
1.134779423411997668e+00
1.134036663423461322e+00
1.133299758701613591e+00
1.132568650270977306e+00
1.131843279870289543e+00
1.131123589942494290e+00
1.130409523624884116e+00
1.129701024739406368e+00
1.128998037783115471e+00
1.128300507918779338e+00
1.127608380965630319e+00
1.126921603390264481e+00
1.126240122297679003e+00
1.125563885422453447e+00
1.124892841120065823e+00
1.124226938358344086e+00
1.123566126709056201e+00
1.122910356339615889e+00
1.122259578004938696e+00
1.121613743039401756e+00
1.120972803348943225e+00
1.120336711403276730e+00
1.119705420228226167e+00
1.119078883398179292e+00
1.118457055028658331e+00
1.117839889768998729e+00
1.117227342795147349e+00
1.116619369802564599e+00
1.116015926999238683e+00
1.115416971098801779e+00
1.114822459313755454e+00
1.114232349348794449e+00
1.113646599394234826e+00
1.113065168119540926e+00
1.112488014666944247e+00
1.111915098645170463e+00
1.111346380123245048e+00
1.110781819624406586e+00
1.110221378120102687e+00
1.109665017024075606e+00
1.109112698186541568e+00
1.108564383888450688e+00
1.108020036835837052e+00
1.107479620154250499e+00
1.106943097383269459e+00
1.106410432471099714e+00
1.105881589769247997e+00
1.105356534027275517e+00
1.104835230387631873e+00
1.104317644380562680e+00
1.103803741919088033e+00
1.103293489294061569e+00
1.102786853169299031e+00
1.102283800576776551e+00
1.101784298911898441e+00
1.101288315928838024e+00
1.100795819735941539e+00
1.100306778791204199e+00
1.099821161897803989e+00
1.099338938199707405e+00
1.098860077177335359e+00
1.098384548643290382e+00
1.097912322738148871e+00
1.097443369926311529e+00
1.096977660991911963e+00
1.096515167034788352e+00
1.096055859466507520e+00
1.095599710006448957e+00
1.095146690677944568e+00
1.094696773804472389e+00
1.094249932005903592e+00
1.093806138194805433e+00
1.093365365572793735e+00
1.092927587626939312e+00
1.092492778126223030e+00
1.092060911118040822e+00
1.091631960924760669e+00
1.091205902140325978e+00
1.090782709626905378e+00
1.090362358511591800e+00
1.089944824183144645e+00
1.089530082288784341e+00
1.089118108731018664e+00
1.088708879664529894e+00
1.088302371493090392e+00
1.087898560866529030e+00
1.087497424677737579e+00
1.087098940059720187e+00
1.086703084382678153e+00
1.086309835251141109e+00
1.085919170501136843e+00
1.085531068197394200e+00
1.085145506630590617e+00
1.084762464314637409e+00
1.084381919983995912e+00
1.084003852591036043e+00
1.083628241303430162e+00
1.083255065501580017e+00
1.082884304776080553e+00
1.082515938925216359e+00
1.082149947952494751e+00
1.081786312064209721e+00
1.081425011667039637e+00
1.081066027365678472e+00
1.080709339960494786e+00
1.080354930445229567e+00
1.080002780004716278e+00
1.079652870012637988e+00
1.079305182029311583e+00
1.078959697799501738e+00
1.078616399250265978e+00
1.078275268488824157e+00
1.077936287800461690e+00
1.077599439646455215e+00
1.077264706662031113e+00
1.076932071654346901e+00
1.076601517600498381e+00
1.076273027645559877e+00
1.075946585100642228e+00
1.075622173440981655e+00
1.075299776304049937e+00
1.074979377487693233e+00
1.074660960948291999e+00
1.074344510798946217e+00
1.074030011307684829e+00
1.073717446895697591e+00
1.073406802135590032e+00
1.073098061749661714e+00
1.072791210608205814e+00
1.072486233727831362e+00
1.072183116269807890e+00
1.071881843538428525e+00
1.071582400979398830e+00
1.071284774178240973e+00
1.070988948858724310e+00
1.070694910881309525e+00
1.070402646241618738e+00
1.070112141068921607e+00
1.069823381624640968e+00
1.069536354300879122e+00
1.069251045618962115e+00
1.068967442228001108e+00
1.068685530903474623e+00
1.068405298545826998e+00
1.068126732179084160e+00
1.067849818949488050e+00
1.067574546124149482e+00
1.067300901089712761e+00
1.067028871351044295e+00
1.066758444529931849e+00
1.066489608363803576e+00
1.066222350704460142e+00
1.065956659516826610e+00
1.065692522877715431e+00
1.065429928974607865e+00
1.065168866104450718e+00
1.064909322672464853e+00
1.064651287190973239e+00
1.064394748278238323e+00
1.064139694657318502e+00
1.063886115154935030e+00
1.063633998700355798e+00
1.063383334324290441e+00
1.063134111157799877e+00
1.062886318431221166e+00
1.062639945473101477e+00
1.062394981709149588e+00
1.062151416661195835e+00
1.061909239946168926e+00
1.061668441275082309e+00
1.061429010452034083e+00
1.061190937373217569e+00
1.060954212025947641e+00
1.060718824487693279e+00
1.060484764925127221e+00
1.060252023593183379e+00
1.060020590834127141e+00
1.059790457076636994e+00
1.059561612834897026e+00
1.059334048707698539e+00
1.059107755377556526e+00
1.058882723609832377e+00
1.058658944251869904e+00
1.058436408232139136e+00
1.058215106559393881e+00
1.057995030321836394e+00
1.057776170686292705e+00
1.057558518897397937e+00
1.057342066276791170e+00
1.057126804222320970e+00
1.056912724207257126e+00
1.056699817779515493e+00
1.056488076560890166e+00
1.056277492246293637e+00
1.056068056603008287e+00
1.055859761469943869e+00
1.055652598756907867e+00
1.055446560443877635e+00
