1.738219173455516663e+11
2.324629326251318684e+00
2.327553024095485146e+00
2.326557569796447122e+00
2.324999336934203242e+00
2.323016704322714787e+00
2.320594145706758482e+00
2.317735658561873802e+00
2.314454424539126087e+00
2.310764375301213480e+00
2.306678353234191015e+00
2.302208444705055257e+00
2.297366597772284358e+00
2.292165046249921900e+00
2.286616514061798888e+00
2.280734269114376822e+00
2.274532091445435000e+00
2.268024198721047213e+00
2.261225154174769880e+00
2.254149770499443761e+00
2.246813016497942073e+00
2.239229929658483886e+00
2.231415535937350647e+00
2.223384777103268206e+00
2.215152445563645323e+00
2.206733126403960021e+00
2.198141146297037274e+00
2.189390528914410439e+00
2.180494956465972578e+00
2.171467736994047826e+00
2.162321777048998861e+00
2.153069559374218844e+00
2.143723125229807458e+00
2.134294060986805963e+00
2.124793488628263560e+00
2.115232059800384867e+00
2.105619953066179662e+00
2.095966874025830151e+00
2.086282057981825755e+00
2.076574274842720946e+00
2.066851835976338592e+00
2.057122602741803696e+00
2.047393996448304776e+00
2.037673009507948052e+00
2.027966217569214358e+00
2.018279792436394438e+00
2.008619515598863980e+00
1.998990792211748690e+00
1.989398665386590936e+00
1.979847830666382924e+00
1.970342650574643528e+00
1.960887169141871444e+00
1.951485126325918529e+00
1.942139972254446345e+00
1.932854881228636357e+00
1.923632765437128356e+00
1.914476288337991550e+00
1.905387877674588282e+00
1.896369738098261148e+00
1.887423863377129862e+00
1.878552048175853084e+00
1.869755899396126519e+00
1.861036847071948275e+00
1.852396154817359752e+00
1.843834929827601776e+00
1.835354132437332364e+00
1.826954585241739260e+00
1.818636981788515516e+00
1.810401894849914761e+00
1.802249784285780088e+00
1.794181004509026955e+00
1.786195811566247738e+00
1.778294369846388001e+00
1.770476758430969744e+00
1.762742977099631236e+00
1.755092952004780216e+00
1.747526541029221114e+00
1.740043538840567283e+00
1.732643681655960055e+00
1.725326651730602956e+00
1.718092081583063591e+00
1.710939557970255986e+00
1.703868625624411326e+00
1.696878790764153822e+00
1.689969524391202738e+00
1.683140265384025724e+00
1.676390423399091389e+00
1.669719381590204055e+00
1.663126499155685556e+00
1.656611113722982864e+00
1.650172543579732087e+00
1.643810089759931259e+00
1.637523037993358743e+00
1.631310660526210654e+00
1.625172217820279208e+00
1.619106960137795426e+00
1.613114129018624832e+00
1.607192958656149528e+00
1.601342677177914009e+00
1.595562507836655097e+00
1.589851670117151006e+00
1.584209380763990094e+00
1.578634854735025295e+00
1.573127306085105204e+00
1.567685948784343530e+00
1.562309997474986778e+00
1.556998668170662903e+00
1.551751178901659367e+00
1.546566750309564586e+00
1.541444606194503519e+00
1.536383974017928145e+00
1.531384085363851399e+00
1.526444176361109850e+00
1.521563488069227033e+00
1.516741266830178070e+00
1.511976764588310207e+00
1.507269239180462961e+00
1.502617954598266969e+00
1.498022181224456295e+00
1.493481196044899484e+00
1.488994282837993399e+00
1.484560732342938838e+00
1.480179842408301694e+00
1.475850918122236566e+00
1.471573271925601833e+00
1.467346223709163233e+00
1.463169100895994168e+00
1.459041238510092597e+00
1.454961979232218150e+00
1.450930673443840968e+00
1.446946679260073365e+00
1.443009362552360786e+00
1.439118096961746307e+00
1.435272263903308865e+00
1.431471252562577234e+00
1.427714459884373621e+00
1.424001290554841592e+00
1.420331156977037601e+00
1.416703479240713603e+00
1.413117685086712649e+00
1.409573209866413102e+00
1.406069496496682003e+00
1.402605995410688422e+00
1.399182164504936932e+00
1.395797469082904030e+00
1.392451381795547727e+00
1.389143382579020480e+00
1.385872958589839943e+00
1.382639604137776868e+00
1.379442820616739063e+00
1.376282116433816372e+00
1.373157006936746471e+00
1.370067014339972467e+00
1.367011667649482343e+00
1.363990502586583276e+00
1.361003061510817957e+00
1.358048893342100660e+00
1.355127553482257330e+00
1.352238603736084066e+00
1.349381612232039007e+00
1.346556153342681528e+00
1.343761807604951564e+00
1.340998161640393649e+00
1.338264808075387835e+00
1.335561345461521610e+00
1.332887378196104367e+00
1.330242516442950329e+00
1.327626376053460788e+00
1.325038578488082486e+00
1.322478750738176778e+00
1.319946525248364644e+00
1.317441539839379727e+00
1.314963437631468723e+00
1.312511866968404828e+00
1.310086481342086051e+00
1.307686939317828090e+00
1.305312904460297130e+00
1.302964045260189163e+00
1.300640035061593647e+00
1.298340551990141201e+00
1.296065278881880722e+00
1.293813903212962746e+00
1.291586117030098624e+00
1.289381616881823955e+00
1.287200103750578695e+00
1.285041282985603939e+00
1.282904864236669162e+00
1.280790561388628568e+00
1.278698092496815431e+00
1.276627179723269334e+00
1.274577549273819166e+00
1.272548931335991451e+00
1.270541060017763124e+00
1.268553673287166284e+00
1.266586512912712958e+00
1.264639324404669196e+00
1.262711856957155598e+00
1.260803863391075419e+00
1.258915100097871997e+00
1.257045326984098210e+00
1.255194307416798161e+00
1.253361808169710434e+00
1.251547599370250952e+00
1.249751454447306731e+00
1.247973150079809468e+00
1.246212466146094489e+00
1.244469185674021761e+00
1.242743094791872505e+00
1.241033982680001646e+00
1.239341641523226345e+00
1.237665866463968145e+00
1.236006455556124539e+00
1.234363209719654630e+00
1.232735932695886660e+00
1.231124431003532749e+00
1.229528513895388642e+00
1.227947993315736452e+00
1.226382683858407319e+00
1.224832402725535729e+00
1.223296969686953117e+00
1.221776207040243811e+00
1.220269939571443807e+00
1.218777994516363927e+00
1.217300201522549585e+00
1.215836392611844508e+00
1.214386402143568189e+00
1.212950066778282654e+00
1.211527225442158295e+00
1.210117719291910365e+00
1.208721391680309232e+00
1.207338088122253295e+00
1.205967656261395460e+00
1.204609945837312956e+00
1.203264808653214724e+00
1.201932098544177041e+00
1.200611671345901188e+00
1.199303384863977584e+00
1.198007098843654639e+00
1.196722674940106756e+00
1.195449976689189731e+00
1.194188869478667758e+00
1.192939220519919852e+00
1.191700898820113430e+00
1.190473775154823111e+00
1.189257722041108245e+00
1.188052613711025218e+00
1.186858326085584725e+00
1.185674736749124492e+00
1.184501724924108101e+00
1.183339171446335714e+00
1.182186958740565563e+00
1.181044970796525595e+00
1.179913093145325442e+00
1.178791212836253877e+00
1.177679218413955953e+00
1.176576999895980080e+00
1.175484448750692135e+00
1.174401457875559718e+00
1.173327921575779920e+00
1.172263735543264129e+00
1.171208796835954580e+00
1.170163003857494610e+00
1.169126256337219560e+00
1.168098455310466299e+00
1.167079503099224702e+00
1.166069303293082893e+00
1.165067760730492452e+00
1.164074781480332721e+00
1.163090272823781524e+00
1.162114143236470554e+00
1.161146302370934746e+00
1.160186661039346978e+00
1.159235131196523660e+00
1.158291625923217660e+00
1.157356059409667237e+00
1.156428346939420759e+00
1.155508404873414330e+00
1.154596150634307428e+00
1.153691502691074344e+00
1.152794380543838537e+00
1.151904704708947458e+00
1.151022396704295847e+00
1.150147379034874850e+00
1.149279575178550727e+00
1.148418909572083590e+00
1.147565307597354201e+00
1.146718695567816138e+00
1.145879000715164908e+00
1.145046151176217997e+00
1.144220075979998974e+00
1.143400705035032772e+00
1.142587969116836799e+00
1.141781799855610569e+00
1.140982129724126048e+00
1.140188892025795653e+00
1.139402020882944511e+00
1.138621451225252157e+00
1.137847118778386291e+00
1.137078960052809062e+00
1.136316912332762552e+00
1.135560913665421889e+00
1.134810902850223346e+00
1.134066819428354300e+00
1.133328603672410617e+00
1.132596196576211911e+00
1.131869539844776895e+00
1.131148575884454610e+00
1.130433247793205975e+00
1.129723499351042104e+00
1.129019275010599399e+00
1.128320519887872964e+00
1.127627179753084574e+00
1.126939201021691206e+00
1.126256530745536999e+00
1.125579116604136232e+00
1.124906906896092629e+00
1.124239850530648344e+00
1.123577897019363725e+00
1.122920996467921428e+00
1.122269099568059980e+00
1.121622157589625468e+00
1.120980122372744914e+00
1.120342946320121325e+00
1.119710582389446429e+00
1.119082984085918220e+00
1.118460105454885944e+00
1.117841901074593469e+00
1.117228326049042320e+00
1.116619336000954199e+00
1.116014887064842087e+00
1.115414935880188363e+00
1.114819439584719962e+00
1.114228355807785453e+00
1.113641642663836473e+00
1.113059258745997315e+00
1.112481163119735994e+00
1.111907315316631006e+00
1.111337675328225139e+00
1.110772203599973196e+00
1.110210861025282103e+00
1.109653608939632941e+00
1.109100409114795571e+00
1.108551223753125203e+00
1.108006015481945106e+00
1.107464747348007483e+00
1.106927382812042948e+00
1.106393885743381267e+00
1.105864220414659149e+00
1.105338351496597760e+00
1.104816244052862828e+00
1.104297863534996260e+00
1.103783175777419023e+00
1.103272146992513969e+00
1.102764743765771716e+00
1.102260933051012692e+00
1.101760682165675131e+00
1.101263958786172559e+00
1.100770730943318121e+00
1.100280967017810418e+00
1.099794635735794612e+00
1.099311706164475044e+00
1.098832147707799356e+00
1.098355930102198341e+00
1.097883023412393744e+00
1.097413398027256015e+00
1.096947024655732905e+00
1.096483874322823571e+00
1.096023918365619965e+00
1.095567128429398629e+00
1.095113476463770441e+00
1.094662934718881431e+00
1.094215475741671773e+00
1.093771072372183850e+00
1.093329697739924056e+00
1.092891325260275215e+00
1.092455928630958084e+00
1.092023481828544806e+00
1.091593959105020106e+00
1.091167334984388004e+00
1.090743584259331378e+00
1.090322681987911491e+00
1.089904603490317259e+00
1.089489324345660926e+00
1.089076820388812372e+00
1.088667067707284275e+00
1.088260042638155678e+00
1.087855721765036865e+00
1.087454081915083526e+00
1.087055100156041565e+00
1.086658753793340093e+00
1.086265020367221723e+00
1.085873877649911057e+00
1.085485303642825805e+00
1.085099276573818550e+00
1.084715774894465579e+00
1.084334777277384143e+00
1.083956262613591681e+00
1.083580210009897904e+00
1.083206598786333297e+00
1.082835408473611150e+00
1.082466618810628667e+00
1.082100209741993169e+00
1.081736161415590036e+00
1.081374454180176192e+00
1.081015068583012884e+00
1.080657985367525331e+00
1.080303185470993244e+00
1.079950650022277525e+00
1.079600360339569853e+00
1.079252297928178894e+00
1.078906444478340720e+00
1.078562781863062758e+00
1.078221292135994158e+00
1.077881957529322587e+00
1.077544760451701444e+00
1.077209683486204828e+00
1.076876709388306708e+00
1.076545821083888521e+00
1.076217001667272744e+00
1.075890234399283329e+00
1.075565502705327248e+00
1.075242790173507323e+00
1.074922080552755066e+00
1.074603357750989252e+00
1.074286605833298935e+00
1.073971809020150658e+00
1.073658951685615648e+00
1.073348018355623434e+00
1.073038993706238564e+00
1.072731862561955074e+00
1.072426609894017613e+00
1.072123220818762102e+00
1.071821680595977710e+00
1.071521974627290374e+00
1.071224088454567624e+00
1.070928007758340295e+00
1.070633718356251096e+00
1.070341206201516515e+00
1.070050457381411579e+00
1.069761458115772612e+00
1.069474194755520413e+00
1.069188653781201204e+00
1.068904821801545779e+00
1.068622685552047757e+00
1.068342231893559369e+00
1.068063447810905009e+00
1.067786320411511003e+00
1.067510836924055573e+00
1.067236984697132574e+00
1.066964751197935435e+00
1.066694124010951983e+00
1.066425090836683243e+00
1.066157639490370235e+00
1.065891757900744752e+00
1.065627434108787019e+00
1.065364656266506227e+00
1.065103412635732605e+00
1.064843691586924157e+00
1.064585481597990491e+00
1.064328771253128414e+00
1.064073549241674632e+00
1.063819804356969323e+00
1.063567525495237920e+00
1.063316701654482221e+00
1.063067321933388154e+00
1.062819375530245969e+00
1.062572851741882651e+00
1.062327739962610540e+00
1.062084029683183717e+00
1.061841710489771495e+00
1.061600772062942566e+00
1.061361204176662909e+00
1.061122996697301923e+00
1.060886139582655652e+00
1.060650622880978888e+00
1.060416436730028611e+00
1.060183571356122956e+00
1.059952017073204411e+00
1.059721764281920997e+00
1.059492803468714550e+00
1.059265125204923219e+00
1.059038720145889512e+00
1.058813579030084995e+00
1.058589692678241212e+00
1.058367051992492813e+00
1.058145647955530011e+00
1.057925471629762582e+00
1.057706514156490973e+00
1.057488766755090959e+00
1.057272220722204725e+00
1.057056867430942848e+00
1.056842698330095587e+00
1.056629704943354620e+00
1.056417878868541660e+00
1.056207211776846622e+00
1.055997695412077331e+00
1.055789321589915009e+00
1.055582082197178195e+00
1.055375969191099328e+00
1.055170974598605538e+00
