1.189280870622831277e+00
2.378159496525634076e+00
2.377248612618660495e+00
2.375838518160271917e+00
2.373933929935475362e+00
2.371541092428886444e+00
2.368667724281303677e+00
2.365322946414846861e+00
2.361517198196604994e+00
2.357262143613375827e+00
2.352570569216170249e+00
2.347456275608006848e+00
2.341933964258390510e+00
2.336019121403270837e+00
2.329727900726872747e+00
2.323077006424485447e+00
2.316083578118475650e+00
2.308765078950419714e+00
2.301139188006268377e+00
2.293223698055800064e+00
2.285036419408589481e+00
2.276595090510912023e+00
2.267917295737353456e+00
2.259020390669928879e+00
2.249921435009805126e+00
2.240637133134422143e+00
2.231183782196463739e+00
2.221577227562258727e+00
2.211832825304806960e+00
2.201965411400781836e+00
2.191989277230541600e+00
2.181918150943789936e+00
2.171765184230181056e+00
2.161542944022037283e+00
2.151263408653942832e+00
2.140937968009751113e+00
2.130577427200221585e+00
2.120192013332372838e+00
2.109791384953848770e+00
2.099384643780582760e+00
2.088980348343183024e+00
2.078586529215954215e+00
2.068210705521003945e+00
2.057859902428594623e+00
2.047540669403067781e+00
2.037259098970438664e+00
2.027020845809819338e+00
2.016831145994855135e+00
2.006694836234244939e+00
1.996616372981333987e+00
1.986599851302032427e+00
1.976649023407944572e+00
1.966767316777473518e+00
1.956957851801900183e+00
1.947223458906233162e+00
1.937566695106027970e+00
1.927989859971108721e+00
1.918495010975986625e+00
1.909083978224374034e+00
1.899758378541507087e+00
1.890519628933736040e+00
1.881368959419528197e+00
1.872307425239854384e+00
1.863335918459278373e+00
1.854455178971810447e+00
1.845665804927504983e+00
1.836968262597667767e+00
1.828362895697644541e+00
1.819849934187131701e+00
1.811429502568594252e+00
1.803101627704617016e+00
1.794866246175270241e+00
1.786723211196411087e+00
1.778672299119782085e+00
1.770713215535203888e+00
1.762845600995011530e+00
1.755069036380101144e+00
1.747383047926639232e+00
1.739787111931559771e+00
1.732280659154617375e+00
1.724863078933860372e+00
1.717533723030769011e+00
1.710291909220655215e+00
1.703136924643031458e+00
1.696068028926270177e+00
1.689084457099760295e+00
1.682185422306543998e+00
1.675370118328415314e+00
1.668637721934992824e+00
1.661987395067617168e+00
1.655418286868362454e+00
1.648929535563833371e+00
1.642520270212826761e+00
1.636189612326643505e+00
1.629936677369999698e+00
1.623760576150274915e+00
1.617660416102285392e+00
1.611635302475330489e+00
1.605684339428878449e+00
1.599806631042854033e+00
1.594001282248154849e+00
1.588267399682655512e+00
1.582604092477618796e+00
1.577010472979172739e+00
1.571485657409173786e+00
1.566028766469556466e+00
1.560638925893933493e+00
1.555315266950078268e+00
1.550056926896591136e+00
1.544863049396901111e+00
1.539732784893526274e+00
1.534665290945366856e+00
1.529659732530538330e+00
1.524715282317227860e+00
1.519831120904745925e+00
1.515006437036925613e+00
1.510240427789824924e+00
1.505532298735537733e+00
1.500881264083885558e+00
1.496286546803547335e+00
1.491747378724172179e+00
1.487263000620814957e+00
1.482832662282071556e+00
1.478455622563120908e+00
1.474131149424752429e+00
1.469858519959556853e+00
1.465637020406177271e+00
1.461465946152606055e+00
1.457344601729383404e+00
1.453272300793494232e+00
1.449248366103740082e+00
1.445272129488276658e+00
1.441342931804969307e+00
1.437460122895213299e+00
1.433623061531737131e+00
1.429831115360969962e+00
1.426083660840442580e+00
1.422380083171702836e+00
1.418719776229140583e+00
1.415102142485173742e+00
1.411526592932131230e+00
1.407992547001187811e+00
1.404499432478682586e+00
1.401046685420115345e+00
1.397633750062098335e+00
1.394260078732520780e+00
1.390925131759171762e+00
1.387628377377039479e+00
1.384369291634512944e+00
1.381147358298633998e+00
1.377962068759628789e+00
1.374812921934837950e+00
1.371699424172238002e+00
1.368621089153661874e+00
1.365577437797864890e+00
1.362567998163549676e+00
1.359592305352470332e+00
1.356649901412686932e+00
1.353740335242116455e+00
1.350863162492415892e+00
1.348017945473285017e+00
1.345204253057300958e+00
1.342421660585289889e+00
1.339669749772341989e+00
1.336948108614488318e+00
1.334256331296134190e+00
1.331594018098246623e+00
1.328960775307357345e+00
1.326356215125422011e+00
1.323779955580563605e+00
1.321231620438712673e+00
1.318710839116207456e+00
1.316217246593332391e+00
1.313750483328845586e+00
1.311310195175494409e+00
1.308896033296548911e+00
1.306507654083360670e+00
1.304144719073938585e+00
1.301806894872575615e+00
1.299493853070524008e+00
1.297205270167718361e+00
1.294940827495549174e+00
1.292700211140703104e+00
1.290483111870046162e+00
1.288289225056584053e+00
1.286118250606440583e+00
1.283969892886928976e+00
1.281843860655640377e+00
1.279739866990582176e+00
1.277657629221361280e+00
1.275596868861382349e+00
1.273557311541081205e+00
1.271538686942170093e+00
1.269540728732886592e+00
1.267563174504250822e+00
1.265605765707298769e+00
1.263668247591305027e+00
1.261750369142979000e+00
1.259851883026608999e+00
1.257972545525166463e+00
1.256112116482347218e+00
1.254270359245535316e+00
1.252447040609694806e+00
1.250641930762155685e+00
1.248854803228302002e+00
1.247085434818136829e+00
1.245333605573727409e+00
1.243599098717500517e+00
1.241881700601394023e+00
1.240181200656837568e+00
1.238497391345558141e+00
1.236830068111210990e+00
1.235179029331792355e+00
1.233544076272854895e+00
1.231925013041493822e+00
1.230321646541110425e+00
1.228733786426909447e+00
1.227161245062159178e+00
1.225603837475169877e+00
1.224061381317004038e+00
1.222533696819884330e+00
1.221020606756301419e+00
1.219521936398811901e+00
1.218037513480513256e+00
1.216567168156175605e+00
1.215110732964032492e+00
1.213668042788217161e+00
1.212238934821818548e+00
1.210823248530581431e+00
1.209420825617200324e+00
1.208031509986215335e+00
1.206655147709515763e+00
1.205291586992402797e+00
1.203940678140244191e+00
1.202602273525681831e+00
1.201276227556389076e+00
1.199962396643378781e+00
1.198660639169842002e+00
1.197370815460506499e+00
1.196092787751527053e+00
1.194826420160861380e+00
1.193571578659160970e+00
1.192328131041146211e+00
1.191095946897458235e+00
1.189874897586996161e+00
1.188664856209701304e+00
1.187465697579817681e+00
1.186277298199583052e+00
1.185099536233376494e+00
1.183932291482288512e+00
