2.590995237942124176e+10
2.466268817320388163e+00
2.465621596204176313e+00
2.464155812017079672e+00
2.462336083465802350e+00
2.459866196785234660e+00
2.456632623784113179e+00
2.452625950592426385e+00
2.447877604978017096e+00
2.442432501603183592e+00
2.436338276048929163e+00
2.429641404235211688e+00
2.422386069748923454e+00
2.414614048987462347e+00
2.406364909568201149e+00
2.397676253600987906e+00
2.388583918483784707e+00
2.379122118839671174e+00
2.369323537777781929e+00
2.359219381607743582e+00
2.348839411286474554e+00
2.338211961059623256e+00
2.327363951808634646e+00
2.316320904126408564e+00
2.305106954230962124e+00
2.293744874430076131e+00
2.282256098871712879e+00
2.270660754653855751e+00
2.258977697943171492e+00
2.247224554498119087e+00
2.235417763859407714e+00
2.223572626422566589e+00
2.211703352615926654e+00
2.199823113451734979e+00
2.187944091785469780e+00
2.176077533696224364e+00
2.164233799483151532e+00
2.152422413854566230e+00
2.140652114962908747e+00
2.128930902009853021e+00
2.117266081209418616e+00
2.105664309952770985e+00
2.094131639066864725e+00
2.082673553100294228e+00
2.071295008603828869e+00
2.060000470401970318e+00
2.048793945874338718e+00
2.037679017284271588e+00
2.026658872206072104e+00
2.015736332113066354e+00
2.004913879196320359e+00
1.994193681489330183e+00
1.983577616377176778e+00
1.973067292570469533e+00
1.962664070624498436e+00
1.952369082083795782e+00
1.942183247330240281e+00
1.932107292211337590e+00
1.922141763522255964e+00
1.912287043412706611e+00
1.902543362786349279e+00
1.892910813757491706e+00
1.883389361226295744e+00
1.873978853630627217e+00
1.864679032929296376e+00
1.855489543868349633e+00
1.846409942578937979e+00
1.837439704552323638e+00
1.828578232034768547e+00
1.819824860882241158e+00
1.811178866912394936e+00
1.802639471788694436e+00
1.794205848469448750e+00
1.785877126252011893e+00
1.777652395440722621e+00
1.769530711664951017e+00
1.761511099871843733e+00
1.753592558016915604e+00
1.745774060473637590e+00
1.738054561182067914e+00
1.730432996554963854e+00
1.722908288158644829e+00
1.715479345184541149e+00
1.708145066726430850e+00
1.700904343877127634e+00
1.693756061657563983e+00
1.686699100790226336e+00
1.679732339328053659e+00
1.672854654149213305e+00
1.666064922327297637e+00
1.659362022385999058e+00
1.652744835446469551e+00
1.646212246275189583e+00
1.639763144239480219e+00
1.633396424177383288e+00
1.627110987188108648e+00
1.620905741348800166e+00
1.614779602363058952e+00
1.608731494146165453e+00
1.602760349351651570e+00
1.596865109843564667e+00
1.591044727118426483e+00
1.585298162680604417e+00
1.579624388374609945e+00
1.574022386677484509e+00
1.568491150954361757e+00
1.563029685679913516e+00
1.557637006628320275e+00
1.552312141034183579e+00
1.547054127726594785e+00
1.541862017238475380e+00
1.536734871893095544e+00
1.531671765869606627e+00
1.526671785249258395e+00
1.521734028043825404e+00
1.516857604207743959e+00
1.512041635635257730e+00
1.507285256143854113e+00
1.502587611445135973e+00
1.497947859104229673e+00
1.493365168488685280e+00
1.488838720707883256e+00
1.484367708543716580e+00
1.479951336373436233e+00
1.475588820085331765e+00
1.471279386988013860e+00
1.467022275713869117e+00
1.462816736117340977e+00
1.458662029168549701e+00
1.454557426842787438e+00
1.450502212006344660e+00
1.446495678299124954e+00
1.442537130014435176e+00
1.438625881976353327e+00
1.434761259414985002e+00
1.430942597839986785e+00
1.427169242912572633e+00
1.423440550316365627e+00
1.419755885627291825e+00
1.416114624182760240e+00
1.412516150950350546e+00
1.408959860396212349e+00
1.405445156353336777e+00
1.401971451889903353e+00
1.398538169177797830e+00
1.395144739361509290e+00
1.391790602427488199e+00
1.388475207074083340e+00
1.385198010582206374e+00
1.381958478686757807e+00
1.378756085448969104e+00
1.375590313129679831e+00
1.372460652063678843e+00
1.369366600535111944e+00
1.366307664654090814e+00
1.363283358234474330e+00
1.360293202672927304e+00
1.357336726829279527e+00
1.354413466908215291e+00
1.351522966342314280e+00
1.348664775676517769e+00
1.345838452453991030e+00
1.343043561103416828e+00
1.340279672827759727e+00
1.337546365494484801e+00
1.334843223527256484e+00
1.332169837799122902e+00
1.329525805527182580e+00
1.326910730168761487e+00
1.324324221319056250e+00
1.321765894610305914e+00
1.319235371612412111e+00
1.316732279735084665e+00
1.314256252131438485e+00
1.311806927603079265e+00
1.309383950506649352e+00
1.306986970661828007e+00
1.304615643260779834e+00
1.302269628779026966e+00
1.299948592887764098e+00
1.297652206367556849e+00
1.295380145023455443e+00
1.293132089601475521e+00
1.290907725706455178e+00
1.288706743721258929e+00
1.286528838727317270e+00
1.284373710426486959e+00
1.282241063064215592e+00
1.280130605353991369e+00
1.278042050403067398e+00
1.275975115639433444e+00
1.273929522740034681e+00
1.271904997560194372e+00
1.269901270064253129e+00
1.267918074257390337e+00
1.265955148118604434e+00
1.264012233534854257e+00
1.262089076236327490e+00
1.260185425732832432e+00
1.258301035251270239e+00
1.256435661674215609e+00
1.254589065479537746e+00
1.252761010681082698e+00
1.250951264770383986e+00
1.249159598659377091e+00
1.247385786624130910e+00
1.245629606249540222e+00
1.243890838374999142e+00
1.242169267041009384e+00
1.240464679436728890e+00
1.238776865848432163e+00
1.237105619608888096e+00
1.235450737047597558e+00
1.233812017441916487e+00
1.232189262969040744e+00
1.230582278658813644e+00
1.228990872347378138e+00
1.227414854631627694e+00
1.225854038824458092e+00
1.224308240910810808e+00
1.222777279504465131e+00
1.221260975805613214e+00
1.219759153559155429e+00
1.218271639013737362e+00
1.216798260881495342e+00
1.215338850298512963e+00
1.213893240785961058e+00
1.212461268211925347e+00
1.211042770753883113e+00
1.209637588861856461e+00
1.208245565222191287e+00
1.206866544721969525e+00
1.205500374414053999e+00
1.204146903482713249e+00
1.202805983209878526e+00
1.201477466941959005e+00
1.200161210057243411e+00
1.198857069933869646e+00
1.197564905918342415e+00
1.196284579294601080e+00
1.195015953253613539e+00
1.193758892863513665e+00
1.192513265040225479e+00
1.191278938518620878e+00
1.190055783824160773e+00
1.188843673245020938e+00
1.187642480804706357e+00
1.186452082235128547e+00
1.185272354950144935e+00
1.184103178019556557e+00
1.182944432143541835e+00
1.181795999627533567e+00
1.180657764357523343e+00
1.179529611775786080e+00
1.178411428857013110e+00
1.177303104084862273e+00
1.176204527428892810e+00
1.175115590321900827e+00
1.174036185637635121e+00
1.172966207668888927e+00
1.171905552105961368e+00
1.170854116015486168e+00
1.169811797819614085e+00
1.168778497275541284e+00
1.167754115455390318e+00
1.166738554726421517e+00
1.165731718731578326e+00
1.164733512370361046e+00
1.163743841780014332e+00
1.162762614317029319e+00
1.161789738538961725e+00
1.160825124186537050e+00
1.159868682166075304e+00
1.158920324532180857e+00
1.157979964470740919e+00
1.157047516282193378e+00
1.156122895365074177e+00
1.155206018199836038e+00
1.154296802332934302e+00
1.153395166361172119e+00
1.152501029916303210e+00
1.151614313649892196e+00
1.150734939218411856e+00
1.149862829268594178e+00
1.148997907423016329e+00
1.148140098265921116e+00
1.147289327329267028e+00
1.146445521079009877e+00
1.145608606901598936e+00
1.144778513090699112e+00
1.143955168834127845e+00
1.143138504200990502e+00
1.142328450129043826e+00
1.141524938412241896e+00
1.140727901688499246e+00
1.139937273427636510e+00
1.139152987919529014e+00
1.138374980262442770e+00
1.137603186351546336e+00
1.136837542867628947e+00
1.136077987265969425e+00
1.135324457765408024e+00
1.134576893337569725e+00
1.133835233696278699e+00
1.133099419287123100e+00
1.132369391277193049e+00
1.131645091544981607e+00
1.130926462670439614e+00
1.130213447925189296e+00
1.129505991262893083e+00
1.128804037309769859e+00
1.128107531355260873e+00
1.127416419342846865e+00
1.126730647860996415e+00
1.126050164134266396e+00
1.125374916014536097e+00
1.124704851972375685e+00
1.124039921088552552e+00
1.123380073045667116e+00
1.122725258119914971e+00
1.122075427172981810e+00
1.121430531644056927e+00
1.120790523541975503e+00
1.120155355437475686e+00
1.119524980455578245e+00
1.118899352268081460e+00
1.118278425086170147e+00
1.117662153653139034e+00
1.117050493237223607e+00
1.116443399624543309e+00
1.115840829112151766e+00
1.115242738501185604e+00
1.114649085090131164e+00
1.114059826668173603e+00
1.113474921508664783e+00
1.112894328362677543e+00
1.112318006452659214e+00
1.111745915466184842e+00
1.111178015549798115e+00
1.110614267302948655e+00
1.110054631772017242e+00
1.109499070444430302e+00
1.108947545242863653e+00
1.108400018519531294e+00
1.107856453050557688e+00
1.107316812030435971e+00
1.106781059066565653e+00
1.106249158173872482e+00
1.105721073769507568e+00
1.105196770667621786e+00
1.104676214074222562e+00
1.104159369582099037e+00
1.103646203165828510e+00
1.103136681176849487e+00
1.102630770338610677e+00
1.102128437741791922e+00
1.101629650839588415e+00
1.101134377443068413e+00
1.100642585716602007e+00
1.100154244173342288e+00
1.099669321670788902e+00
1.099187787406402217e+00
1.098709610913289891e+00
1.098234762055948721e+00
1.097763211026071550e+00
1.097294928338411024e+00
1.096829884826709733e+00
1.096368051639677876e+00
1.095909400237039311e+00
1.095453902385622458e+00
1.095001530155518044e+00
1.094552255916284134e+00
1.094106052333206680e+00
1.093662892363615136e+00
1.093222749253246029e+00
1.092785596532663606e+00
1.092351408013723102e+00
1.091920157786091972e+00
1.091491820213814412e+00
1.091066369931925184e+00
1.090643781843114501e+00
1.090224031114431336e+00
1.089807093174044894e+00
1.089392943708036965e+00
1.088981558657249105e+00
1.088572914214173126e+00
1.088166986819878224e+00
1.087763753160986502e+00
1.087363190166688698e+00
1.086965275005798759e+00
1.086569985083854606e+00
1.086177298040249761e+00
1.085787191745415825e+00
1.085399644298033373e+00
1.085014634022286817e+00
1.084632139465154799e+00
1.084252139393738101e+00
1.083874612792623982e+00
1.083499538861285583e+00
1.083126897011518208e+00
1.082756666864907569e+00
1.082388828250337331e+00
1.082023361201524425e+00
1.081660245954591204e+00
1.081299462945669365e+00
1.080940992808538059e+00
1.080584816372288648e+00
1.080230914659028096e+00
1.079879268881603682e+00
1.079529860441369893e+00
1.079182670925974641e+00
1.078837682107179230e+00
1.078494875938708963e+00
1.078154234554130619e+00
1.077815740264756572e+00
1.077479375557578667e+00
1.077145123093229850e+00
1.076812965703971114e+00
1.076482886391705085e+00
1.076154868326017811e+00
1.075828894842244754e+00
1.075504949439559432e+00
1.075183015779094253e+00
1.074863077682078671e+00
1.074545119128005322e+00
1.074229124252819689e+00
1.073915077347132874e+00
1.073602962854457665e+00
1.073292765369467938e+00
1.072984469636280025e+00
1.072678060546756518e+00
1.072373523138832718e+00
1.072070842594863072e+00
1.071770004239990692e+00
1.071470993540537320e+00
1.071173796102412812e+00
1.070878397669546178e+00
1.070584784122336597e+00
1.070292941476125081e+00
1.070002855879683246e+00
1.069714513613722939e+00
1.069427901089426314e+00
1.069143004846989875e+00
1.068859811554194295e+00
1.068578308004984656e+00
1.068298481118073351e+00
1.068020317935559627e+00
1.067743805621566455e+00
1.067468931460893833e+00
1.067195682857690953e+00
1.066924047334142145e+00
1.066654012529171913e+00
1.066385566197165291e+00
1.066118696206702410e+00
1.065853390539314605e+00
1.065589637288246516e+00
1.065327424657243727e+00
1.065066740959348168e+00
1.064807574615711294e+00
1.064549914154423904e+00
1.064293748209354851e+00
1.064039065519010840e+00
1.063785854925404672e+00
1.063534105372941463e+00
1.063283805907315527e+00
1.063034945674422804e+00
1.062787513919285498e+00
1.062541499984991367e+00
1.062296893311644119e+00
1.062053683435326912e+00
1.061811859987080942e+00
1.061571412691892480e+00
1.061332331367695003e+00
1.061094605924383094e+00
1.060858226362838552e+00
1.060623182773966056e+00
1.060389465337742587e+00
1.060157064322279519e+00
1.059925970082891133e+00
1.059696173061180469e+00
1.059467663784132263e+00
1.059240432863216563e+00
1.059014470993505874e+00
1.058789768952800525e+00
1.058566317600764695e+00
1.058344107878073759e+00
1.058123130805572298e+00
1.057903377483437657e+00
1.057684839090362594e+00
1.057467506882735053e+00
1.057251372193839689e+00
1.057036426433061838e+00
1.056822661085101922e+00
1.056610067709200518e+00
1.056398637938373186e+00
1.056188363478650638e+00
1.055979236108331554e+00
1.055771247677242730e+00
1.055564390106007444e+00
1.055358655385323585e+00
