3.537727462427854004e+11
2.348954468711663690e+00
2.342366037338621698e+00
2.336524395880453131e+00
2.331813690119232785e+00
2.327762742951943409e+00
2.323992264829299437e+00
2.320258644293385686e+00
2.316411286257221480e+00
2.312357766494574918e+00
2.308042017130097712e+00
2.303431146368581928e+00
2.298507391575133951e+00
2.293263098126768540e+00
2.287697508123811119e+00
2.281814654013833987e+00
2.275621941500589607e+00
2.269129171873630391e+00
2.262347850571124308e+00
2.255290686251641308e+00
2.247971219447908453e+00
2.240403541330466375e+00
2.232602076564681681e+00
2.224581412822056237e+00
2.216356165056975414e+00
2.207940866303948368e+00
2.199349879173707834e+00
2.190597323859088785e+00
2.181697019573978658e+00
2.172662437115792322e+00
2.163506660777436252e+00
2.154242358213107167e+00
2.144881757133447309e+00
2.135436627903591678e+00
2.125918271264403803e+00
2.116337510509000097e+00
2.106704687533559550e+00
2.097029662251014948e+00
2.087321814913464912e+00
2.077590050937486499e+00
2.067842807868213839e+00
2.058088064154930841e+00
2.048333349443784979e+00
2.038585756123388215e+00
2.028851951886030847e+00
2.019138193092681277e+00
2.009450338752778009e+00
1.999793864951329825e+00
1.990173879575251714e+00
1.980595137209140155e+00
1.971062054086901494e+00
1.961578723001090374e+00
1.952148928085312152e+00
1.942776159397728630e+00
1.933463627244856209e+00
1.924214276195087781e+00
1.915030798740446905e+00
1.905915648573242471e+00
1.896871053451506750e+00
1.887899027633335614e+00
1.879001383866184760e+00
1.870179744921579568e+00
1.861435554670550330e+00
1.852770088698151518e+00
1.844184464459087014e+00
1.835679650978828903e+00
1.827256478106913384e+00
1.818915645331127706e+00
1.810657730162519519e+00
1.802483196102786067e+00
1.794392400206182625e+00
1.786385600249131400e+00
1.778462961521075858e+00
1.770624563250543071e+00
1.762870404680699332e+00
1.755200410808485545e+00
1.747614437801837672e+00
1.740112278108893129e+00
1.732693665273330907e+00
1.725358278469426798e+00
1.718105746770295594e+00
1.710935653162312997e+00
1.703847538318423727e+00
1.696840904142611794e+00
1.689915217097332834e+00
1.683069911325342893e+00
1.676304391576879826e+00
1.669618035952727730e+00
1.663010198473227508e+00
1.656480211482828313e+00
1.650027387899449582e+00
1.643651023317340254e+00
1.637350397971810700e+00
1.631124778573793233e+00
1.624973420021760706e+00
1.618895566998137969e+00
1.612890455457022032e+00
1.606957314009654247e+00
1.601095365213717203e+00
1.595303826772211053e+00
1.589581912647392459e+00
1.583928834094926685e+00
1.578343800623071225e+00
1.572826020881564091e+00
1.567374703484456289e+00
1.561989057771078659e+00
1.556668294508917860e+00
1.551411626542074096e+00
1.546218269388700328e+00
1.541087441790668144e+00
1.536018366218490083e+00
1.531010269334300178e+00
1.526062382415693364e+00
1.521173941742808289e+00
1.516344188951148864e+00
1.511572371352294164e+00
1.506857742224667174e+00
1.502199561076244860e+00
1.497597093881160690e+00
1.493049613291865807e+00
1.488556398828526195e+00
1.484116737047136869e+00
1.479729921687892524e+00
1.475395253805029006e+00
1.471112041879537813e+00
1.466879601915857645e+00
1.462697257523668082e+00
1.458564339985896963e+00
1.454480188313824307e+00
1.450444149290286422e+00
1.446455577501798206e+00
1.442513835360419217e+00
1.438618293116119329e+00
1.434768328860328790e+00
1.430963328521408284e+00
1.427202685852557495e+00
1.423485802412842727e+00
1.419812087541824086e+00
1.416180958328335793e+00
1.412591839573862806e+00
1.409044163750989842e+00
1.405537370957319787e+00
1.402070908865267640e+00
1.398644232668081244e+00
1.395256805022463187e+00
1.391908095988042326e+00
1.388597582964097077e+00
1.385324750623696977e+00
1.382089090845624479e+00
1.378890102644234172e+00
1.375727292097532084e+00
1.372600172273662933e+00
1.369508263156008265e+00
1.366451091567070453e+00
1.363428191091317965e+00
1.360439101997153788e+00
1.357483371158146213e+00
1.354560551973671201e+00
1.351670204289078692e+00
1.348811894315502968e+00
1.345985194549435882e+00
1.343189683692173730e+00
1.340424946569185094e+00
1.337690574049541281e+00
1.334986162965464906e+00
1.332311316032060766e+00
1.329665641767316941e+00
1.327048754412424536e+00
1.324460273852476666e+00
1.321899825537619089e+00
1.319367040404651137e+00
1.316861554799182210e+00
1.314383010398340268e+00
1.311931054134087393e+00
1.309505338117172624e+00
1.307105519561743812e+00
1.304731260710664698e+00
1.302382228761539640e+00
1.300058095793485746e+00
1.297758538694655295e+00
1.295483239090537309e+00
1.293231883273053606e+00
1.291004162130452215e+00
1.288799771078020795e+00
1.286618409989614298e+00
1.284459783130028621e+00
1.282323599088202926e+00
1.280209570711266620e+00
1.278117415039433880e+00
1.276046853241747270e+00
1.273997610552678239e+00
1.271969416209568493e+00
1.269962003390932681e+00
1.267975109155603075e+00
1.266008474382727789e+00
1.264061843712613209e+00
1.262134965488403981e+00
1.260227591698602101e+00
1.258339477920427329e+00
1.256470383263983415e+00
1.254620070317276737e+00
1.252788305092019883e+00
1.250974856970262561e+00
1.249179498651829201e+00
1.247402006102534378e+00
1.245642158503191155e+00
1.243899738199413907e+00
1.242174530652181419e+00
1.240466324389152053e+00
1.238774910956760511e+00
1.237100084873041128e+00
1.235441643581199678e+00
1.233799387403906600e+00
1.232173119498316538e+00
1.230562645811801081e+00
1.228967775038378285e+00
1.227388318575839854e+00
1.225824090483555784e+00
1.224274907440966675e+00
1.222740588706732412e+00
1.221220956078536757e+00
1.219715833853546094e+00
1.218225048789499443e+00
1.216748430066436182e+00
1.215285809249032400e+00
1.213837020249562748e+00
1.212401899291453145e+00
1.210980284873425461e+00
1.209572017734236615e+00
1.208176940817986988e+00
1.206794899239994390e+00
1.205425740253220468e+00
1.204069313215267556e+00
1.202725469555886439e+00
1.201394062745040126e+00
1.200074948261477648e+00
1.198767983561831008e+00
1.197473028050213717e+00
1.196189943048323379e+00
1.194918591766029436e+00
1.193658839272451644e+00
1.192410552467503049e+00
1.191173600053918813e+00
1.189947852509715798e+00
1.188733182061135096e+00
1.187529462656012225e+00
1.186336569937587182e+00
1.185154381218747055e+00
1.183982775456692060e+00
1.182821633228011260e+00
1.181670836704179939e+00
1.180530269627447115e+00
1.179399817287124064e+00
1.178279366496262970e+00
1.177168805568712395e+00
1.176068024296557102e+00
1.174976913927916033e+00
1.173895367145117330e+00
1.172823278043219730e+00
1.171760542108888359e+00
1.170707056199615792e+00
1.169662718523283740e+00
1.168627428618060238e+00
1.167601087332613030e+00
1.166583596806662904e+00
1.165574860451838557e+00
1.164574782932849439e+00
1.163583270148970339e+00
1.162600229215808634e+00
1.161625568447392176e+00
1.160659197338522519e+00
1.159701026547436564e+00
1.158750967878728444e+00
1.157808934266566059e+00
1.156874839758161411e+00
1.155948599497523155e+00
1.155030129709458508e+00
1.154119347683840946e+00
1.153216171760129249e+00
1.152320521312127699e+00
1.151432316733006278e+00
1.150551479420545808e+00
1.149677931762627336e+00
1.148811597122951556e+00
1.147952399826988046e+00
1.147100265148146114e+00
1.146255119294167457e+00
1.145416889393737980e+00
1.144585503483305011e+00
1.143760890494115223e+00
1.142942980239446182e+00
1.142131703402049725e+00
1.141326991521789846e+00
1.140528776983475101e+00
1.139736993004884624e+00
1.138951573624984448e+00
1.138172453692327002e+00
1.137399568853632470e+00
1.136632855542553555e+00
1.135872250968609887e+00
1.135117693106304282e+00
1.134369120684399768e+00
1.133626473175374461e+00
1.132889690785030989e+00
1.132158714442274006e+00
1.131433485789045790e+00
1.130713947170417066e+00
1.130000041624831919e+00
1.129291712874505915e+00
1.128588905315969226e+00
1.127891564010757408e+00
1.127199634676249174e+00
1.126513063676638726e+00
1.125831798014054641e+00
1.125155785319806423e+00
1.124484973845778057e+00
1.123819312455937691e+00
1.123158750617990087e+00
1.122503238395149650e+00
1.121852726438046011e+00
1.121207165976741083e+00
1.120566508812881557e+00
1.119930707311957763e+00
1.119299714395694201e+00
1.118673483534537549e+00
1.118051968740275681e+00
1.117435124558759263e+00
1.116822906062730603e+00
1.116215268844769515e+00
1.115612169010337773e+00
1.115013563170929478e+00
1.114419408437328007e+00
1.113829662412960664e+00
1.113244283187348138e+00
1.112663229329667436e+00
1.112086459882387857e+00
1.111513934355023547e+00
1.110945612717965769e+00
1.110381455396409311e+00
1.109821423264372608e+00
1.109265477638801789e+00
1.108713580273765320e+00
1.108165693354731696e+00
1.107621779492934833e+00
1.107081801719816516e+00
1.106545723481556776e+00
1.106013508633681974e+00
1.105485121435749285e+00
1.104960526546114430e+00
1.104439689016772030e+00
1.103922574288268788e+00
1.103409148184697930e+00
1.102899376908760054e+00
1.102393227036898349e+00
1.101890665514505319e+00
1.101391659651193677e+00
1.100896177116144070e+00
1.100404185933512746e+00
1.099915654477906068e+00
1.099430551469924744e+00
1.098948845971769561e+00
1.098470507382907302e+00
1.097995505435801045e+00
1.097523810191704419e+00
1.097055392036510924e+00
1.096590221676664534e+00
1.096128270135130256e+00
1.095669508747417087e+00
1.095213909157664034e+00
1.094761443314776317e+00
1.094312083468617747e+00
1.093865802166257062e+00
1.093422572248267999e+00
1.092982366845081099e+00
1.092545159373384589e+00
1.092110923532578770e+00
1.091679633301278818e+00
1.091251262933867316e+00
1.090825786957092536e+00
1.090403180166718444e+00
1.089983417624215800e+00
1.089566474653504091e+00
1.089152326837737217e+00
1.088740950016133135e+00
1.088332320280847254e+00
1.087926413973888895e+00
1.087523207684084392e+00
1.087122678244074825e+00
1.086724802727358163e+00
1.086329558445378707e+00
1.085936922944644056e+00
1.085546874003890272e+00
1.085159389631286331e+00
1.084774448061668117e+00
1.084392027753822818e+00
1.084012107387797741e+00
1.083634665862253987e+00
1.083259682291854098e+00
1.082887136004684114e+00
1.082517006539709392e+00
1.082149273644267273e+00
1.081783917271594397e+00
1.081420917578383545e+00
1.081060254922374675e+00
1.080701909859981935e+00
1.080345863143946872e+00
1.079992095721026946e+00
1.079640588729713802e+00
1.079291323497982180e+00
1.078944281541067474e+00
1.078599444559274811e+00
1.078256794435817012e+00
1.077916313234679402e+00
1.077577983198516165e+00
1.077241786746569119e+00
1.076907706472622017e+00
1.076575725142972617e+00
1.076245825694439828e+00
1.075917991232390625e+00
1.075592205028797377e+00
1.075268450520317831e+00
1.074946711306400626e+00
1.074626971147418120e+00
1.074309213962820087e+00
1.073993423829313176e+00
1.073679584979063906e+00
1.073367681797926076e+00
1.073057698823687511e+00
1.072749620744345433e+00
1.072443432396398277e+00
1.072139118763162813e+00
1.071836664973112363e+00
1.071536056298236783e+00
1.071237278152422201e+00
1.070940316089851629e+00
1.070645155803429782e+00
1.070351783123222100e+00
1.070060184014917759e+00
1.069770344578311549e+00
1.069482251045805299e+00
1.069195889780926167e+00
1.068911247276867371e+00
1.068628310155043559e+00
1.068347065163669285e+00
1.068067499176349244e+00
1.067789599190692496e+00
1.067513352326939780e+00
1.067238745826609936e+00
1.066965767051163638e+00
1.066694403480682896e+00
1.066424642712568094e+00
1.066156472460249915e+00
1.065889880551919910e+00
1.065624854929272836e+00
1.065361383646269200e+00
1.065099454867910467e+00
1.064839056869029799e+00
1.064580178033099012e+00
1.064322806851047964e+00
1.064066931920101933e+00
1.063812541942628753e+00
1.063559625725007063e+00
1.063308172176499200e+00
1.063058170308146533e+00
1.062809609231674779e+00
1.062562478158410872e+00
1.062316766398216483e+00
1.062072463358433083e+00
1.061829558542839669e+00
1.061588041550623140e+00
1.061347902075362448e+00
1.061109129904023618e+00
1.060871714915967878e+00
1.060635647081970667e+00
1.060400916463254628e+00
1.060167513210532597e+00
1.059935427563060806e+00
1.059704649847707847e+00
1.059475170478031858e+00
1.059246979953366807e+00
1.059020068857924102e+00
1.058794427859903298e+00
1.058570047710611917e+00
1.058346919243597029e+00
1.058125033373787938e+00
1.057904381096648860e+00
1.057684953487337598e+00
1.057466741699882418e+00
1.057249736966361597e+00
1.057033930596094295e+00
1.056819313974843633e+00
1.056605878564025991e+00
1.056393615899931637e+00
1.056182517592954007e+00
1.055972575326826979e+00
1.055763780857872813e+00
1.055556126014258744e+00
1.055349602695260236e+00
1.055144202870534231e+00
1.054939918579403502e+00
