1.127115444374130859e+11
2.740881380326539496e+00
2.733063083035358165e+00
2.724212303441451155e+00
2.714860677584052695e+00
2.704730926449316453e+00
2.693649681845215582e+00
2.681560440223175856e+00
2.668486463279437171e+00
2.654499178093674416e+00
2.639695879926588162e+00
2.624185157723037953e+00
2.608077772688540463e+00
2.591481121438772739e+00
2.574495994787985964e+00
2.557214806246220551e+00
2.539720771947083122e+00
2.522087713054853353e+00
2.504380265523948879e+00
2.486654351373473126e+00
2.468957809482644983e+00
2.451331113180115207e+00
2.433808122532100882e+00
2.416416834423094961e+00
2.399180105005592090e+00
2.382116327861376170e+00
2.365240057883170266e+00
2.348562575881970371e+00
2.332092392579653506e+00
2.315835693230829051e+00
2.299796725857087942e+00
2.283978137164475619e+00
2.268381260809110067e+00
2.253006362909141469e+00
2.237852849677732348e+00
2.222919441854679157e+00
2.208204320307434187e+00
2.193705246802513109e+00
2.179419663551149355e+00
2.165344774731935651e+00
2.151477612805647865e+00
2.137815092073084955e+00
2.124354051592104220e+00
2.111091289267882587e+00
2.098023588661106054e+00
2.085147739821799018e+00
2.072460555249707070e+00
2.059958881903281025e+00
2.047639610025641765e+00
2.035499679424776609e+00
2.023536083733941116e+00
2.011745873084253233e+00
2.000126155542560902e+00
1.988674097601607293e+00
1.977386923954467246e+00
1.966261916739795446e+00
1.955296414406475058e+00
1.944487810315645326e+00
1.933833551172436938e+00
1.923331135359104493e+00
1.912978111224787892e+00
1.902772075373133420e+00
1.892710670978527521e+00
1.882791586152916086e+00
1.873012552378298778e+00
1.863371343014747161e+00
1.853865771889475544e+00
1.844493691969460336e+00
1.835252994117639425e+00
1.826141605930891920e+00
1.817157490656759133e+00
1.808298646185152014e+00
1.799563104110398326e+00
1.790948928858912215e+00
1.782454216877628506e+00
1.774077095878165977e+00
1.765815724131919673e+00
1.757668289811501250e+00
1.749633010374024966e+00
1.741708131982147023e+00
1.733891928958950501e+00
1.726182703273126062e+00
1.718578784051155939e+00
1.711078527113496506e+00
1.703680314532051598e+00
1.696382554206482984e+00
1.689183679457144427e+00
1.682082148632688456e+00
1.675076444730581926e+00
1.668165075028943622e+00
1.661346570728449823e+00
1.654619486602937783e+00
1.647982400657808100e+00
1.641433913795240063e+00
1.634972649485450180e+00
1.628597253443317516e+00
1.622306393309772332e+00
1.616098758337536800e+00
1.609973059080703095e+00
1.603928027087874408e+00
1.597962414598572245e+00
1.592074994242669739e+00
1.586264558742679798e+00
1.580529920618741979e+00
1.574869911896213726e+00
1.569283383815774702e+00
1.563769206545996493e+00
1.558326268898342137e+00
1.552953478044575952e+00
1.547649759236596978e+00
1.542414055528677164e+00
1.537245327502153147e+00
1.532142552992613371e+00
1.527104726819543234e+00
1.522130860518562390e+00
1.517219982076218443e+00
1.512371135667398336e+00
1.507583381395475541e+00
1.502855795035077602e+00
1.498187467777674087e+00
1.493577505979948539e+00
1.489025030915007264e+00
1.484529178526439619e+00
1.480089099185317947e+00
1.475703957450127168e+00
1.471372931829648900e+00
1.467095214548857385e+00
1.462870011317817909e+00
1.458696541103627897e+00
1.454574035905418450e+00
1.450501740532387229e+00
1.446478912384955295e+00
1.442504821238958845e+00
1.438578749032955573e+00
1.434699989658601016e+00
1.430867848754111549e+00
1.427081643500816011e+00
1.423340702422758008e+00
1.419644365189383084e+00
1.415991982421258788e+00
1.412382915498842983e+00
1.408816536374252859e+00
1.405292227386076398e+00
1.401809381077093519e+00
1.398367400015038564e+00
1.394965696616236484e+00
1.391603692972187556e+00
1.388280820679014038e+00
1.384996520669780296e+00
1.381750243049631344e+00
1.378541446933740033e+00
1.375369600288024685e+00
1.372234179772580775e+00
1.369134670587860647e+00
1.366070566323494440e+00
1.363041368809747134e+00
1.360046587971617038e+00
1.357085741685458702e+00
1.354158355638188649e+00
1.351263963188949813e+00
1.348402105233282855e+00
1.345572330069693123e+00
1.342774193268639449e+00
1.340007257543865959e+00
1.337271092626073354e+00
1.334565275138860141e+00
1.331889388476927172e+00
1.329243022686506848e+00
1.326625774347949038e+00
1.324037246460490147e+00
1.321477048329089410e+00
1.318944795453381724e+00
1.316440109418644866e+00
1.313962617788783538e+00
1.311511954001293168e+00
1.309087757264141061e+00
1.306689672454579565e+00
1.304317350019807975e+00
1.301970445879490734e+00
1.299648621330069975e+00
1.297351542950862413e+00
1.295078882511892626e+00
1.292830316883433861e+00
1.290605527947239262e+00
1.288404202509419116e+00
1.286226032214935033e+00
1.284070713463683955e+00
1.281937947328142480e+00
1.279827439472549733e+00
1.277738900073586814e+00
1.275672043742528849e+00
1.273626589448853430e+00
1.271602260445262367e+00
1.269598784194098107e+00
1.267615892295133273e+00
1.265653320414692473e+00
1.263710808216096826e+00
1.261788099291400345e+00
1.259884941094387090e+00
1.258001084874814213e+00
1.256136285613875803e+00
1.254290301960856002e+00
1.252462896170959850e+00
1.250653834044293644e+00
1.248862884865966194e+00
1.247089821347309835e+00
1.245334419568169260e+00
1.243596458920263714e+00
1.241875722051599462e+00
1.240171994811885892e+00
1.238485066198975471e+00
1.236814728306271371e+00
1.235160776271112537e+00
1.233523008224096440e+00
1.231901225239332875e+00
1.230295231285605917e+00
1.228704833178436928e+00
1.227129840533002891e+00
1.225570065717936918e+00
1.224025323809951882e+00
1.222495432549295824e+00
1.220980212296020717e+00
1.219479485987030154e+00
1.217993079093930398e+00
1.216520819581610846e+00
1.215062537867605430e+00
1.213618066782165661e+00
1.212187241529062209e+00
1.210769899647089254e+00
1.209365880972263607e+00
1.207975027600701079e+00
1.206597183852155419e+00
1.205232196234215625e+00
1.203879913407133628e+00
1.202540186149294366e+00
1.201212867323291134e+00
1.199897811842600026e+00
1.198594876638858775e+00
1.197303920629725793e+00
1.196024804687291221e+00
1.194757391607071728e+00
1.193501546077531561e+00
1.192257134650157813e+00
1.191024025710048839e+00
1.189802089447032252e+00
1.188591197827279622e+00
1.187391224565429670e+00
1.186202045097182856e+00
1.185023536552399337e+00
1.183855577728641473e+00
1.182698049065191936e+00
1.181550832617522140e+00
1.180413812032198528e+00
1.179286872522232299e+00
1.178169900842845674e+00
1.177062785267670275e+00
1.175965415565338068e+00
1.174877682976497084e+00
1.173799480191207500e+00
1.172730701326724301e+00
1.171671241905676952e+00
1.170620998834605242e+00
1.169579870382873032e+00
1.168547756161934181e+00
1.167524557104957950e+00
1.166510175446797692e+00
1.165504514704301497e+00
1.164507479656951228e+00
1.163518976327838406e+00
1.162538911964954291e+00
1.161567195022797483e+00
1.160603735144289939e+00
1.159648443143000529e+00
1.158701230985666353e+00
1.157762011775002264e+00
1.156830699732800394e+00
1.155907210183317879e+00
1.154991459536931275e+00
1.154083365274068962e+00
1.153182845929410449e+00
1.152289821076348364e+00
1.151404211311701342e+00
1.150525938240690715e+00
1.149654924462152783e+00
1.148791093554005771e+00
1.147934370058949272e+00
1.147084679470398161e+00
1.146241948218653661e+00
1.145406103657290009e+00
1.144577074049775822e+00
1.143754788556302193e+00
1.142939177220834823e+00
1.142130170958369995e+00
1.141327701542399486e+00
1.140531701592581326e+00
1.139742104562603497e+00
1.138958844728249709e+00
1.138181857175656120e+00
1.137411077789755032e+00
1.136646443242902649e+00
1.135887890983697357e+00
1.135135359225967200e+00
1.134388786937938987e+00
1.133648113831578597e+00
1.132913280352102703e+00
1.132184227667653698e+00
1.131460897659140707e+00
1.130743232910245144e+00
1.130031176697576134e+00
1.129324672980989375e+00
1.128623666394050762e+00
1.127928102234661889e+00
1.127237926455819439e+00
1.126553085656527342e+00
1.125873527072851488e+00
1.125199198569109660e+00
1.124530048629202028e+00
1.123866026348079306e+00
1.123207081423336806e+00
1.122553164146944837e+00
1.121904225397104549e+00
1.121260216630231676e+00
1.120621089873062637e+00
1.119986797714880078e+00
1.119357293299866107e+00
1.118732530319561214e+00
1.118112463005451751e+00
1.117497046121660453e+00
1.116886234957754409e+00
1.116279985321660506e+00
1.115678253532690789e+00
1.115080996414672398e+00
1.114488171289181651e+00
1.113899735968882920e+00
1.113315648750965225e+00
1.112735868410680284e+00
1.112160354194976941e+00
1.111589065816233735e+00
1.111021963446080951e+00
1.110459007709320378e+00
1.109900159677936093e+00
1.109345380865185415e+00
1.108794633219797987e+00
1.108247879120235702e+00
1.107705081369062095e+00
1.107166203187378128e+00
1.106631208209351014e+00
1.106100060476817415e+00
1.105572724433971921e+00
1.105049164922130345e+00
1.104529347174568965e+00
1.104013236811445475e+00
1.103500799834789881e+00
1.102992002623568446e+00
1.102486811928823141e+00
1.101985194868880358e+00
1.101487118924628028e+00
1.100992551934866004e+00
1.100501462091717730e+00
1.100013817936116078e+00
1.099529588353347132e+00
1.099048742568663917e+00
1.098571250142959643e+00
1.098097080968508443e+00
1.097626205264761845e+00
1.097158593574208529e+00
1.096694216758292928e+00
1.096233045993393329e+00
1.095775052766856383e+00
1.095320208873088452e+00
1.094868486409702468e+00
1.094419857773720528e+00
1.093974295657829998e+00
1.093531773046692468e+00
1.093092263213305326e+00
1.092655739715415075e+00
1.092222176391979493e+00
1.091791547359683534e+00
1.091363827009499632e+00
1.090938990003299969e+00
1.090517011270514036e+00
1.090097866004833937e+00
1.089681529660968540e+00
1.089267977951433819e+00
1.088857186843401159e+00
1.088449132555577625e+00
1.088043791555137085e+00
1.087641140554690633e+00
1.087241156509300533e+00
1.086843816613533020e+00
1.086449098298555072e+00
1.086056979229267583e+00
1.085667437301483185e+00
1.085280450639135807e+00
1.084895997591534877e+00
1.084514056730654374e+00
1.084134606848458304e+00
1.083757626954263475e+00
1.083383096272139134e+00
1.083010994238341240e+00
1.082641300498779824e+00
1.082273994906524761e+00
1.081909057519341300e+00
1.081546468597260446e+00
1.081186208600183329e+00
1.080828258185516866e+00
1.080472598205840518e+00
1.080119209706604355e+00
1.079768073923860427e+00
1.079419172282021666e+00
1.079072486391652319e+00
1.078727998047286807e+00
1.078385689225280109e+00
1.078045542081682795e+00
1.077707538950147370e+00
1.077371662339861924e+00
1.077037894933510875e+00
1.076706219585261026e+00
1.076376619318777594e+00
1.076049077325263781e+00
1.075723576961526762e+00
1.075400101748068327e+00
1.075078635367205493e+00
1.074759161661205553e+00
1.074441664630457982e+00
1.074126128431658334e+00
1.073812537376027443e+00
1.073500875927541065e+00
1.073191128701195929e+00
1.072883280461287336e+00
1.072577316119714963e+00
1.072273220734309085e+00
1.071970979507177901e+00
1.071670577783077061e+00
1.071372001047800948e+00
1.071075234926590625e+00
1.070780265182567970e+00
1.070487077715186031e+00
1.070195658558700469e+00
1.069905993880659434e+00
1.069618069980415198e+00
1.069331873287651558e+00
1.069047390360932770e+00
1.068764607886269369e+00
1.068483512675702185e+00
1.068204091665905908e+00
1.067926331916806859e+00
1.067650220610222744e+00
1.067375745048516400e+00
1.067102892653266633e+00
1.066831650963958156e+00
1.066562007636683518e+00
1.066293950442867899e+00
1.066027467268002793e+00
1.065762546110399889e+00
1.065499175079959837e+00
1.065237342396956333e+00
1.064977036390832632e+00
1.064718245499017391e+00
1.064460958265752932e+00
1.064205163340937066e+00
1.063950849478981997e+00
1.063698005537682789e+00
1.063446620477106253e+00
1.063196683358487382e+00
1.062948183343143116e+00
1.062701109691396972e+00
1.062455451761519676e+00
1.062211199008680218e+00
1.061968340983910908e+00
1.061726867333084190e+00
1.061486767795903896e+00
1.061248032204905822e+00
1.061010650484473850e+00
1.060774612649864279e+00
1.060539908806245935e+00
1.060306529147747812e+00
1.060074463956521607e+00
1.059843703601814457e+00
1.059614238539050790e+00
1.059386059308929262e+00
1.059159156536526813e+00
1.058933520930414929e+00
1.058709143281787668e+00
1.058486014463597691e+00
1.058264125429704938e+00
1.058043467214032862e+00
1.057824030929737980e+00
1.057605807768385198e+00
1.057388788999138463e+00
1.057172965967955180e+00
1.056958330096792853e+00
1.056744872882826591e+00
1.056532585897673293e+00
1.056321460786624922e+00
1.056111489267893777e+00
1.055902663131863761e+00
1.055694974240350970e+00
1.055488414525873386e+00
1.055282975990929684e+00
