6.229754972485249043e+08
2.271575444670240529e+00
2.275623515014822740e+00
2.276274357923348646e+00
2.275449632723225868e+00
2.273837164950520240e+00
2.271681515311168909e+00
2.269079219980159490e+00
2.266071847780209758e+00
2.262679628709709512e+00
2.258914900677232218e+00
2.254787670140849798e+00
2.250307849697869678e+00
2.245486060285661445e+00
2.240333821031113448e+00
2.234863491878787300e+00
2.229088129816584107e+00
2.223021327197418628e+00
2.216677059129072536e+00
2.210069548655138050e+00
2.203213150846175417e+00
2.196122254107638838e+00
2.188811196275022741e+00
2.181294193159744488e+00
2.173585277574209051e+00
2.165698247264749909e+00
2.157646620528661074e+00
2.149443598564018565e+00
2.141102033801496773e+00
2.132634403609778850e+00
2.124052788864502439e+00
2.115368856937389630e+00
2.106593848707652317e+00
2.097738569229352201e+00
2.088813381711398520e+00
2.079828204485200338e+00
2.070792510650899754e+00
2.061715330107991129e+00
2.052605253691376141e+00
2.043470439148982187e+00
2.034318618713133908e+00
2.025157108034188358e+00
2.015992816261558129e+00
2.006832257074014692e+00
1.997681560478020923e+00
1.988546485209057302e+00
1.979432431587065722e+00
1.970344454692405378e+00
1.961287277743396951e+00
1.952265305570373144e+00
1.943282638094120163e+00
1.934343083728544910e+00
1.925450172638776714e+00
1.916607169795816912e+00
1.907817087778371556e+00
1.899082699280737252e+00
1.890406549293398575e+00
1.881790966929500097e+00
1.873238076876703850e+00
1.864749810458922630e+00
1.856327916297443092e+00
1.847973970564765533e+00
1.839689386828179174e+00
1.831475425483158004e+00
1.823333202779144235e+00
1.815263699442595691e+00
1.807267768904001315e+00
1.799346145137056263e+00
1.791499450119427017e+00
1.783728200925562390e+00
1.776032816462763675e+00
1.768413623862234108e+00
1.760870864537386726e+00
1.753404699921746079e+00
1.746015216899086120e+00
1.738702432938464160e+00
1.731466300946605807e+00
1.724306713850149775e+00
1.717223508919973218e+00
1.710216471849569153e+00
1.703285340599193010e+00
1.696429809017109935e+00
1.689649530249083043e+00
1.682944119946660599e+00
1.676313159284620546e+00
1.669756197797472197e+00
1.663272756044516409e+00
1.656862328112568061e+00
1.650524383965164432e+00
1.644258371646496686e+00
1.638063719348093805e+00
1.631939837345881106e+00
1.625886119814764719e+00
1.619901946527726011e+00
1.613986684445904984e+00
1.608139689205884570e+00
1.602360306510118626e+00
1.596647873426037423e+00
1.591001719599160591e+00
1.585421168385233281e+00
1.579905537906107327e+00
1.574454142033868020e+00
1.569066291307485095e+00
1.563741293785922970e+00
1.558478455841565857e+00
1.553277082897524197e+00
1.548136480112162872e+00
1.543055953014054626e+00
1.538034808090403605e+00
1.533072353331716098e+00
1.528167898735386832e+00
1.523320756770803808e+00
1.518530242808234121e+00
1.513795675513796901e+00
1.509116377212595062e+00
1.504491674222033559e+00
1.499920897157116517e+00
1.495403381209558846e+00
1.490938466402299323e+00
1.486525497821038932e+00
1.482163825824210912e+00
1.477852806232775817e+00
1.473591800501183879e+00
1.469380175870628191e+00
1.465217305505858825e+00
1.461102568616524433e+00
1.457035350564112708e+00
1.453015042955451586e+00
1.449041043723613864e+00
1.445112757197141162e+00
1.441229594158311977e+00
1.437390971891237434e+00
1.433596314220465961e+00
1.429845051540762357e+00
1.426136620838675872e+00
1.422470465706485943e+00
1.418846036349038719e+00
1.415262789584026626e+00
1.411720188836142142e+00
1.408217704125642511e+00
1.404754812051626445e+00
1.401330995770508014e+00
1.397945744970052084e+00
1.394598555839284160e+00
1.391288931034614595e+00
1.388016379642523113e+00
1.384780417139025666e+00
1.381580565346249845e+00
1.378416352386328425e+00
1.375287312632895720e+00
1.372192986660366598e+00
1.369132921191219099e+00
1.366106669041477817e+00
1.363113789064591463e+00
1.360153846093856922e+00
1.357226410883539458e+00
1.354331060048890256e+00
1.351467376005123455e+00
1.348634946905547416e+00
1.345833366578951473e+00
1.343062234466328331e+00
1.340321155557108401e+00
1.337609740324918528e+00
1.334927604663037393e+00
1.332274369819571813e+00
1.329649662332476279e+00
1.327053113964448139e+00
1.324484361637818575e+00
1.321943047369444679e+00
1.319428818205712117e+00
1.316941326157678116e+00
1.314480228136398976e+00
1.312045185888503607e+00
1.309635865932065713e+00
1.307251939492768633e+00
1.304893082440462759e+00
1.302558975226098426e+00
1.300249302819085795e+00
1.297963754645106826e+00
1.295702024524417295e+00
1.293463810610625542e+00
1.291248815330025002e+00
1.289056745321435438e+00
1.286887311376633924e+00
1.284740228381336280e+00
1.282615215256781127e+00
1.280511994901904593e+00
1.278430294136141177e+00
1.276369843642819024e+00
1.274330377913216239e+00
1.272311635191226920e+00
1.270313357418677569e+00
1.268335290181299646e+00
1.266377182655331168e+00
1.264438787554796662e+00
1.262519861079415939e+00
1.260620162863197002e+00
1.258739455923661987e+00
1.256877506611746576e+00
1.255034084562344443e+00
1.253208962645523394e+00
1.251401916918371882e+00
1.249612726577518762e+00
1.247841173912291213e+00
1.246087044258515242e+00
1.244350125952966790e+00
1.242630210288454551e+00
1.240927091469538501e+00
1.239240566568876156e+00
1.237570435484199205e+00
1.235916500895900993e+00
1.234278568225242845e+00
1.232656445593170336e+00
1.231049943779732647e+00
1.229458876184089000e+00
1.227883058785125270e+00
1.226322310102635926e+00
1.224776451159102386e+00
1.223245305442025588e+00
1.221728698866844098e+00
1.220226459740394453e+00
1.218738418724936823e+00
1.217264408802721576e+00
1.215804265241093640e+00
1.214357825558135096e+00
1.212924929488829795e+00
1.211505418951752677e+00
1.210099138016262454e+00
1.208705932870215882e+00
1.207325651788156540e+00
1.205958145100025858e+00
1.204603265160338221e+00
1.203260866317839684e+00
1.201930804885650961e+00
1.200612939111853406e+00
1.199307129150557927e+00
1.198013237033411560e+00
1.196731126641554122e+00
1.195460663678016067e+00
1.194201715640547334e+00
1.192954151794868523e+00
1.191717843148355715e+00
1.190492662424124104e+00
1.189278484035529937e+00
1.188075184061067491e+00
1.186882640219666163e+00
1.185700731846373257e+00
1.184529339868427567e+00
1.183368346781696223e+00
1.182217636627504787e+00
1.181077094969806174e+00
1.179946608872739944e+00
1.178826066878521095e+00
1.177715358985689686e+00
1.176614376627706404e+00
1.175523012651876309e+00
1.174441161298618308e+00
1.173368718181051040e+00
1.172305580264901836e+00
1.171251645848744083e+00
1.170206814544535900e+00
1.169170987258465466e+00
1.168144066172109197e+00
1.167125954723870818e+00
1.166116557590730185e+00
1.165115780670269663e+00
1.164123531062982497e+00
1.163139717054871181e+00
1.162164248100300057e+00
1.161197034805139250e+00
1.160237988910160833e+00
1.159287023274698125e+00
1.158344051860560775e+00
1.157408989716206316e+00
1.156481752961157294e+00
1.155562258770661987e+00
1.154650425360595367e+00
1.153746171972600321e+00
1.152849418859455355e+00
1.151960087270673228e+00
1.151078099438330060e+00
1.150203378563103840e+00
1.149335848800541848e+00
1.148475435247537035e+00
1.147622063929013780e+00
1.146775661784821487e+00
1.145936156656837568e+00
1.145103477276257387e+00
1.144277553251099144e+00
1.143458315053884844e+00
1.142645694009523316e+00
1.141839622283376876e+00
1.141040032869510057e+00
1.140246859579128191e+00
1.139460037029180528e+00
1.138679500631152308e+00
1.137905186580021155e+00
1.137137031843384660e+00
1.136374974150758721e+00
1.135618951983033309e+00
1.134868904562095437e+00
1.134124771840610002e+00
1.133386494491952723e+00
1.132654013900302514e+00
1.131927272150880626e+00
1.131206212020340107e+00
1.130490776967302047e+00
1.129780911123034581e+00
1.129076559282273795e+00
1.128377666894184284e+00
1.127684180053453389e+00
1.126996045491527987e+00
1.126313210567972511e+00
1.125635623261969087e+00
1.124963232163934457e+00
1.124295986467272801e+00
1.123633835960245353e+00
1.122976731017968799e+00
1.122324622594525145e+00
1.121677462215197929e+00
1.121035201968819450e+00
1.120397794500235689e+00
1.119765193002879800e+00
1.119137351211460185e+00
1.118514223394752927e+00
1.117895764348508569e+00
1.117281929388454387e+00
1.116672674343409444e+00
1.116067955548494472e+00
1.115467729838448552e+00
1.114871954541039045e+00
1.114280587470571460e+00
1.113693586921493228e+00
1.113110911662096081e+00
1.112532520928301683e+00
1.111958374417550743e+00
1.111388432282769401e+00
1.110822655126431746e+00
1.110261003994707840e+00
1.109703440371694327e+00
1.109149926173731426e+00
1.108600423743800523e+00
1.108054895846007915e+00
1.107513305660142500e+00
1.106975616776314286e+00
1.106441793189673728e+00
1.105911799295203668e+00
1.105385599882586334e+00
1.104863160131148048e+00
1.104344445604871661e+00
1.103829422247483816e+00
1.103318056377613265e+00
1.102810314684014470e+00
1.102306164220865137e+00
1.101805572403126376e+00
1.101308507001971693e+00
1.100814936140278366e+00
1.100324828288186785e+00
1.099838152258721058e+00
1.099354877203468472e+00
1.098874972608326228e+00
1.098398408289303463e+00
1.097925154388386337e+00
1.097455181369457522e+00
1.096988460014275635e+00
1.096524961418510857e+00
1.096064656987838060e+00
1.095607518434076999e+00
1.095153517771399798e+00
1.094702627312579279e+00
1.094254819665293921e+00
1.093810067728487434e+00
1.093368344688776528e+00
1.092929624016904633e+00
1.092493879464252249e+00
1.092061085059392145e+00
1.091631215104689856e+00
1.091204244172954807e+00
1.090780147104137177e+00
1.090358899002069171e+00
1.089940475231249595e+00
1.089524851413678164e+00
1.089112003425725339e+00
1.088701907395052126e+00
1.088294539697570507e+00
1.087889876954439838e+00
1.087487896029111667e+00
1.087088574024411836e+00
1.086691888279660123e+00
1.086297816367832514e+00
1.085906336092760549e+00
1.085517425486368204e+00
1.085131062805945401e+00
1.084747226531461051e+00
1.084365895362910504e+00
1.083987048217698757e+00
1.083610664228056741e+00
1.083236722738499136e+00
1.082865203303307711e+00
1.082496085684055309e+00
1.082129349847157362e+00
1.081764975961460706e+00
1.081402944395861265e+00
1.081043235716956374e+00
1.080685830686725302e+00
1.080330710260242411e+00
1.079977855583420077e+00
1.079627247990782690e+00
1.079278869003266861e+00
1.078932700326054039e+00
1.078588723846431341e+00
1.078246921631677235e+00
1.077907275926979214e+00
1.077569769153377655e+00
1.077234383905732562e+00
1.076901102950724276e+00
1.076569909224873722e+00
1.076240785832591529e+00
1.075913716044253343e+00
1.075588683294297132e+00
1.075265671179347793e+00
1.074944663456365745e+00
1.074625644040817951e+00
1.074308597004874466e+00
1.073993506575627865e+00
1.073680357133333985e+00
1.073369133209677306e+00
1.073059819486058108e+00
1.072752400791900707e+00
1.072446862102985676e+00
1.072143188539798508e+00
1.071841365365906684e+00
1.071541377986351407e+00
1.071243211946061535e+00
1.070946852928288395e+00
1.070652286753061677e+00
1.070359499375660439e+00
1.070068476885109865e+00
1.069779205502690900e+00
1.069491671580472314e+00
1.069205861599861418e+00
1.068921762170170764e+00
1.068639360027204388e+00
1.068358642031861594e+00
1.068079595168759388e+00
1.067802206544869792e+00
1.067526463388175140e+00
1.067252353046340696e+00
1.066979862985405703e+00
1.066708980788485528e+00
1.066439694154494688e+00
1.066171990896883415e+00
1.065905858942392204e+00
1.065641286329817694e+00
1.065378261208798527e+00
1.065116771838612308e+00
1.064856806586989224e+00
1.064598353928941643e+00
1.064341402445604823e+00
1.064085940823094267e+00
1.063831957851376631e+00
1.063579442423153276e+00
1.063328383532759602e+00
1.063078770275076135e+00
1.062830591844453165e+00
1.062583837533648712e+00
1.062338496732780024e+00
1.062094558928286414e+00
1.061852013701905184e+00
1.061610850729662214e+00
1.061371059780869874e+00
1.061132630717142478e+00
1.060895553491417953e+00
1.060659818146997946e+00
1.060425414816593470e+00
1.060192333721384994e+00
1.059960565170093627e+00
1.059730099558061633e+00
1.059500927366347156e+00
1.059273039160826935e+00
1.059046425591309903e+00
1.058821077390664778e+00
1.058596985373951416e+00
1.058374140437569944e+00
1.058152533558413877e+00
1.057932155793038120e+00
1.057712998276832295e+00
1.057495052223208276e+00
1.057278308922792176e+00
1.057062759742631641e+00
1.056848396125407596e+00
1.056635209588658197e+00
1.056423191724011224e+00
1.056212334196422908e+00
1.056002628743429650e+00
1.055794067174408157e+00
1.055586641369838041e+00
1.055380343280583055e+00
1.055175164927171449e+00
1.054971098399089868e+00
