-5.022865273663239746e+11
2.252274499626474302e+00
2.261788170806477538e+00
2.263047801885227805e+00
2.262045450933240165e+00
2.260192332701524087e+00
2.257896192240155031e+00
2.255269658542351507e+00
2.252333012301754422e+00
2.249080724183833979e+00
2.245503760096656531e+00
2.241596383779315360e+00
2.237357493964541977e+00
2.232790179902919725e+00
2.227900844452938678e+00
2.222698356652384355e+00
2.217193360561725335e+00
2.211397747811052916e+00
2.205324265553778584e+00
2.198986226608949046e+00
2.192397293522454049e+00
2.185571315155775185e+00
2.178522200529950492e+00
2.171263819366003212e+00
2.163809922149196652e+00
2.156174074880902403e+00
2.148369605251966075e+00
2.140409558008777857e+00
2.132306657958390694e+00
2.124073279495338085e+00
2.115721421812310599e+00
2.107262689136112588e+00
2.098708275445654081e+00
2.090068953204479385e+00
2.081355065691794959e+00
2.072576522552757705e+00
2.063742798217520047e+00
2.054862932862244307e+00
2.045945535607002874e+00
2.036998789665585896e+00
2.028030459182030398e+00
2.019047897508118528e+00
2.010058056695148920e+00
2.001067497992154998e+00
1.992082403161215431e+00
1.983108586438167453e+00
1.974151506984308524e+00
1.965216281690947975e+00
1.956307698214054369e+00
1.947430228130843988e+00
1.938588040123597978e+00
1.929785013108388680e+00
1.921024749238079865e+00
1.912310586719228045e+00
1.903645612392234288e+00
1.895032674032510744e+00
1.886474392338294725e+00
1.877973172577615646e+00
1.869531215872913377e+00
1.861150530107349432e+00
1.852832940441620169e+00
1.844580099434045550e+00
1.836393496760419630e+00
1.828274468533215069e+00
1.820224206222257557e+00
1.812243765181265287e+00
1.804334072786595300e+00
1.796495936195841914e+00
1.788730049735466787e+00
1.781037001927484154e+00
1.773417282165950182e+00
1.765871287054776140e+00
1.758399326418636166e+00
1.751001628999076853e+00
1.743678347848160115e+00
1.736429565431838684e+00
1.729255298455371737e+00
1.722155502422957563e+00
1.715130075943457122e+00
1.708178864794000162e+00
1.701301665752851688e+00
1.694498230212725609e+00
1.687768267585347148e+00
1.681111448507627060e+00
1.674527407859653039e+00
1.668015747604096877e+00
1.661576039456434506e+00
1.655207827394830966e+00
1.648910630018369350e+00
1.642683942761690385e+00
1.636527239973954995e+00
1.630439976869491048e+00
1.624421591357321448e+00
1.618471505756217343e+00
1.612589128401793914e+00
1.606773855151689245e+00
1.601025070794625638e+00
1.595342150368869394e+00
1.589724460395218086e+00
1.584171360029577702e+00
1.578682202139606972e+00
1.573256334310018989e+00
1.567893099780616417e+00
1.562591838321029325e+00
1.557351887045865135e+00
1.552172581173836274e+00
1.547053254734159555e+00
1.541993241223349687e+00
1.536991874215409393e+00
1.532048487928195701e+00
1.527162417748564316e+00
1.522333000718839813e+00
1.517559575986900278e+00
1.512841485222118143e+00
1.508178072999221575e+00
1.503568687152030403e+00
1.499012679098963297e+00
1.494509404141972198e+00
1.490058221740643285e+00
1.485658495762911091e+00
1.481309594713913658e+00
1.477010891944336990e+00
1.472761765839487147e+00
1.468561599990408917e+00
1.464409783348076255e+00
1.460305710361817111e+00
1.456248781102923884e+00
1.452238401374466914e+00
1.448273982808117921e+00
1.444354942948919529e+00
1.440480705328723854e+00
1.436650699529077535e+00
1.432864361234249539e+00
1.429121132275068984e+00
1.425420460664163169e+00
1.421761800623225325e+00
1.418144612602813215e+00
1.414568363295233056e+00
1.411032525640981916e+00
1.407536578829170049e+00
1.404080008292418302e+00
1.400662305696571908e+00
1.397282968925644298e+00
1.393941502062321147e+00
1.390637415364400775e+00
1.387370225237419596e+00
1.384139454203820341e+00
1.380944630868896184e+00
1.377785289883808328e+00
1.374660971905864670e+00
1.371571223556364627e+00
1.368515597376132487e+00
1.365493651779046580e+00
1.362504951003645326e+00
1.359549065063074824e+00
1.356625569693483246e+00
1.353734046301053207e+00
1.350874081907810442e+00
1.348045269096324938e+00
1.345247205953443492e+00
1.342479496013215812e+00
1.339741748199035465e+00
1.337033576765174647e+00
1.334354601237799587e+00
1.331704446355511884e+00
1.329082742009563223e+00
1.326489123183768104e+00
1.323923229894241604e+00
1.321384707128964386e+00
1.318873204787311071e+00
1.316388377619546191e+00
1.313929885166378542e+00
1.311497391698588366e+00
1.309090566156827506e+00
1.306709082091572771e+00
1.304352617603341091e+00
1.302020855283144485e+00
1.299713482153254773e+00
1.297430189608301365e+00
1.295170673356725199e+00
1.292934633362636587e+00
1.290721773788060966e+00
1.288531802935650283e+00
1.286364433191832024e+00
1.284219380970437197e+00
1.282096366656829911e+00
1.279995114552537450e+00
1.277915352820407247e+00
1.275856813430294112e+00
1.273819232105299459e+00
1.271802348268562088e+00
1.269805904990617851e+00
1.267829648937321529e+00
1.265873330318362022e+00
1.263936702836345294e+00
1.262019523636478180e+00
1.260121553256838833e+00
1.258242555579242916e+00
1.256382297780699098e+00
1.254540550285488276e+00
1.252717086717804129e+00
1.250911683855027157e+00
1.249124121581582036e+00
1.247354182843387171e+00
1.245601653602922410e+00
1.243866322794867862e+00
1.242147982282356899e+00
1.240446426813800462e+00
1.238761453980311567e+00
1.237092864173708451e+00
1.235440460545105701e+00
1.233804048964066258e+00
1.232183437978340734e+00
1.230578438774170724e+00
1.228988865137153219e+00
1.227414533413664133e+00
1.225855262472838270e+00
1.224310873669093525e+00
1.222781190805206863e+00
1.221266040095915439e+00
1.219765250132067491e+00
1.218278651845281058e+00
1.216806078473141595e+00
1.215347365524904300e+00
1.213902350747705583e+00
1.212470874093289464e+00
1.211052777685222015e+00
1.209647905786598754e+00
1.208256104768239858e+00
1.206877223077370553e+00
1.205511111206764019e+00
1.204157621664364353e+00
1.202816608943362731e+00
1.201487929492730089e+00
1.200171441688211438e+00
1.198867005803741392e+00
1.197574483983321780e+00
1.196293740213316248e+00
1.195024640295175411e+00
1.193767051818576341e+00
1.192520844134987490e+00
1.191285888331629295e+00
1.190062057205849788e+00
1.188849225239885010e+00
1.187647268576012882e+00
1.186456064992101211e+00
1.185275493877523623e+00
1.184105436209456519e+00
1.182945774529538863e+00
1.181796392920903660e+00
1.180657176985557166e+00
1.179528013822115140e+00
1.178408792003884820e+00
1.177299401557291070e+00
1.176199733940632708e+00
1.175109682023173452e+00
1.174029140064567933e+00
1.172958003694583695e+00
1.171896169893171802e+00
1.170843536970822107e+00
1.169800004549236938e+00
1.168765473542306310e+00
1.167739846137378690e+00
1.166723025776819522e+00
1.165714917139862195e+00
1.164715426124743436e+00
1.163724459831112501e+00
1.162741926542717241e+00
1.161767735710358629e+00
1.160801797935113733e+00
1.159844024951814934e+00
1.158894329612793594e+00
1.157952625871867314e+00
1.157018828768584529e+00
1.156092854412710036e+00
1.155174619968952543e+00
1.154264043641928472e+00
1.153361044661362023e+00
1.152465543267509940e+00
1.151577460696818100e+00
1.150696719167791482e+00
1.149823241867098167e+00
1.148956952935872966e+00
1.148097777456235091e+00
1.147245641438027430e+00
1.146400471805744781e+00
1.145562196385669695e+00
1.144730743893210612e+00
1.143906043920429605e+00
1.143088026923762435e+00
1.142276624211930880e+00
1.141471767934040038e+00
1.140673391067853260e+00
1.139881427408256265e+00
1.139095811555889570e+00
1.138316478905954998e+00
1.137543365637205373e+00
1.136776408701084318e+00
1.136015545811048133e+00
1.135260715432039769e+00
1.134511856770129334e+00
1.133768909762307597e+00
1.133031815066441128e+00
1.132300514051372442e+00
1.131574948787175128e+00
1.130855062035557523e+00
1.130140797240409167e+00
1.129432098518488914e+00
1.128728910650256489e+00
1.128031179070846823e+00
1.127338849861166503e+00
1.126651869739142997e+00
1.125970186051088673e+00
1.125293746763204483e+00
1.124622500453210661e+00
1.123956396302095762e+00
1.123295384085999160e+00
1.122639414168208560e+00
1.121988437491277413e+00
1.121342405569262679e+00
1.120701270480075618e+00
1.120064984857949808e+00
1.119433501886016202e+00
1.118806775288995192e+00
1.118184759325987931e+00
1.117567408783384009e+00
1.116954678967870151e+00
1.116346525699537517e+00
1.115742905305099786e+00
1.115143774611203398e+00
1.114549090937842823e+00
1.113958812091865536e+00
1.113372896360578457e+00
1.112791302505445667e+00
1.112213989755878485e+00
1.111640917803115913e+00
1.111072046794197687e+00
1.110507337326017696e+00
1.109946750439475327e+00
1.109390247613701419e+00
1.108837790760373032e+00
1.108289342218114815e+00
1.107744864746967650e+00
1.107204321522955004e+00
1.106667676132716549e+00
1.106134892568222394e+00
1.105605935221562364e+00
1.105080768879811437e+00
1.104559358719972684e+00
1.104041670303982814e+00
1.103527669573798997e+00
1.103017322846553849e+00
1.102510596809776144e+00
1.102007458516684579e+00
1.101507875381541712e+00
1.101011815175084507e+00
1.100519246020010389e+00
1.100030136386532353e+00
1.099544455087994033e+00
1.099062171276551592e+00
1.098583254438912471e+00
1.098107674392132971e+00
1.097635401279485112e+00
1.097166405566364578e+00
1.096700658036275922e+00
1.096238129786856419e+00
1.095778792225968745e+00
1.095322617067841620e+00
1.094869576329264849e+00
1.094419642325842768e+00
1.093972787668290980e+00
1.093528985258791941e+00
1.093088208287401386e+00
1.092650430228499392e+00
1.092215624837293175e+00
1.091783766146370960e+00
1.091354828462301807e+00
1.090928786362278080e+00
1.090505614690812308e+00
1.090085288556473797e+00
1.089667783328671202e+00
1.089253074634479512e+00
1.088841138355512772e+00
1.088431950624835221e+00
1.088025487823920834e+00
1.087621726579645065e+00
1.087220643761329653e+00
1.086822216477816294e+00
1.086426422074587395e+00
1.086033238130925005e+00
1.085642642457102625e+00
1.085254613091624742e+00
1.084869128298494134e+00
1.084486166564523124e+00
1.084105706596675045e+00
1.083727727319448775e+00
1.083352207872290585e+00
1.082979127607047509e+00
1.082608466085449583e+00
1.082240203076628937e+00
1.081874318554672643e+00
1.081510792696203316e+00
1.081149605877999686e+00
1.080790738674641593e+00
1.080434171856189396e+00
1.080079886385896693e+00
1.079727863417947020e+00
1.079378084295227636e+00
1.079030530547127942e+00
1.078685183887366783e+00
1.078342026211852378e+00
1.078001039596567345e+00
1.077662206295481706e+00
1.077325508738493864e+00
1.076990929529397567e+00
1.076658451443879061e+00
1.076328057427534235e+00
1.075999730593917514e+00
1.075673454222612735e+00
1.075349211757330226e+00
1.075026986804028750e+00
1.074706763129061216e+00
1.074388524657345467e+00
1.074072255470556625e+00
1.073757939805346506e+00
1.073445562051581037e+00
1.073135106750603862e+00
1.072826558593523938e+00
1.072519902419518445e+00
1.072215123214164123e+00
1.071912206107787258e+00
1.071611136373835427e+00
1.071311899427267900e+00
1.071014480822969350e+00
1.070718866254183554e+00
1.070425041550964407e+00
1.070132992678649364e+00
1.069842705736350874e+00
1.069554166955467567e+00
1.069267362698213653e+00
1.068982279456166307e+00
1.068698903848834814e+00
1.068417222622241480e+00
1.068137222647527418e+00
1.067858890919570314e+00
1.067582214555622855e+00
1.067307180793965360e+00
1.067033776992578842e+00
1.066761990627831613e+00
1.066491809293183435e+00
1.066223220697905649e+00
1.065956212665816860e+00
1.065690773134036151e+00
1.065426890151748296e+00
1.065164551878987842e+00
1.064903746585434519e+00
1.064644462649229295e+00
1.064386688555797100e+00
1.064130412896691080e+00
1.063875624368446848e+00
1.063622311771452722e+00
1.063370464008833505e+00
1.063120070085347368e+00
1.062871119106295836e+00
1.062623600276448643e+00
1.062377502898980364e+00
1.062132816374421918e+00
1.061889530199618958e+00
1.061647633966713133e+00
1.061407117362125341e+00
1.061167970165557195e+00
1.060930182249003373e+00
1.060693743575775727e+00
1.060458644199537170e+00
1.060224874263352435e+00
1.059992423998743050e+00
1.059761283724760084e+00
1.059531443847063548e+00
1.059302894857016897e+00
1.059075627330787084e+00
1.058849631928460377e+00
1.058624899393166618e+00
1.058401420550212801e+00
1.058179186306228647e+00
1.057958187648321280e+00
1.057738415643241447e+00
1.057519861436557962e+00
1.057302516251841018e+00
1.057086371389859059e+00
1.056871418227780968e+00
1.056657648218389145e+00
1.056445052889303460e+00
1.056233623842210978e+00
1.056023352752107902e+00
1.055814231366547951e+00
1.055606251504901616e+00
1.055399405057622308e+00
1.055193683985522268e+00
1.054989080319055139e+00
1.054785586157610311e+00
