-3.521845031708702564e+09
2.290523848709633548e+00
2.283641038783718713e+00
2.280612687781178316e+00
2.278332599263464875e+00
2.276020532974126098e+00
2.273472977512007276e+00
2.270625508794609893e+00
2.267452023375105874e+00
2.263940641745747051e+00
2.260086973516158615e+00
2.255891587939096166e+00
2.251358671781788168e+00
2.246495131284254043e+00
2.241309927991355089e+00
2.235813570607602330e+00
2.230017721657744811e+00
2.223934890839481149e+00
2.217578193963603894e+00
2.210961161411360010e+00
2.204097584014830691e+00
2.197001387403480166e+00
2.189686528271781896e+00
2.182166907827201463e+00
2.174456298994885906e+00
2.166568284899096586e+00
2.158516206805723758e+00
2.150313120172416603e+00
2.141971757770765095e+00
2.133504499062285120e+00
2.124923345157812449e+00
2.116239898791501872e+00
2.107465348810535488e+00
2.098610458732355966e+00
2.089685558958368272e+00
2.080700542263110187e+00
2.071664862203084212e+00
2.062587534111991694e+00
2.053477138370575883e+00
2.044341825659957035e+00
2.035189323927503846e+00
2.026026946814521779e+00
2.016861603314744400e+00
2.007699808451909540e+00
1.998547694783872064e+00
1.989411024558678687e+00
1.980295202365798701e+00
1.971205288142136247e+00
1.962146010408471586e+00
1.953121779626422416e+00
1.944136701579963100e+00
1.935194590698119388e+00
1.926298983247142660e+00
1.917453150331107192e+00
1.908660110649602171e+00
1.899922642969763542e+00
1.891243298277939244e+00
1.882624411583038171e+00
1.874068113350105813e+00
1.865576340547864920e+00
1.857150847298908669e+00
1.848793215125529965e+00
1.840504862787594620e+00
1.832287055712154000e+00
1.824140915017005149e+00
1.816067426132963014e+00
1.808067447031066921e+00
1.800141716062849007e+00
1.792290859422981164e+00
1.784515398244477913e+00
1.776815755337638691e+00
1.769192261584357384e+00
1.761645161999889631e+00
1.754174621474541063e+00
1.746780730207668997e+00
1.739463508846665007e+00
1.732222913343407056e+00
1.725058839540579481e+00
1.717971127500080186e+00
1.710959565585434827e+00
1.704023894309961262e+00
1.697163809962016101e+00
1.690378968018341199e+00
1.683668986356192221e+00
1.677033448274553695e+00
1.670471905334235618e+00
1.663983880026544959e+00
1.657568868279462260e+00
1.651226341810229314e+00
1.644955750332525390e+00
1.638756523626377248e+00
1.632628073478229691e+00
1.626569795498579829e+00
1.620581070823909231e+00
1.614661267709563752e+00
1.608809743019760319e+00
1.603025843620583535e+00
1.597308907681628920e+00
1.591658265891565227e+00
1.586073242592560550e+00
1.580553156838485851e+00
1.575097323381191128e+00
1.569705053589265153e+00
1.564375656303178541e+00
1.559108438630675053e+00
1.553902706685953650e+00
1.548757766275998815e+00
1.543672923537327435e+00
1.538647485526057235e+00
1.533680760764217110e+00
1.528772059744916811e+00
1.523920695398928160e+00
1.519125983525038137e+00
1.514387243186418708e+00
1.509703797075113707e+00
1.505074971846620979e+00
1.500500098426469364e+00
1.495978512290511819e+00
1.491509553720599790e+00
1.487092568037230222e+00
1.482726905810572759e+00
1.478411923051321075e+00
1.474146981382604249e+00
1.469931448194237822e+00
1.465764696780410548e+00
1.461646106461923500e+00
1.457575062693983625e+00
1.453550957160491874e+00
1.449573187855774270e+00
1.445641159154505306e+00
1.441754281870733401e+00
1.437911973306649216e+00
1.434113657291873789e+00
1.430358764213865985e+00
1.426646731040119409e+00
1.422977001332671243e+00
1.419349025255534968e+00
1.415762259575504833e+00
1.412216167656854759e+00
1.408710219450375778e+00
1.405243891477148566e+00
1.401816666807488287e+00
1.398428035035401695e+00
1.395077492248944839e+00
1.391764540996746957e+00
1.388488690251070024e+00
1.385249455367673743e+00
1.382046358042731793e+00
1.378878926267088412e+00
1.375746694278070947e+00
1.372649202509083954e+00
1.369585997537194677e+00
1.366556632028921081e+00
1.363560664684368984e+00
1.360597660179928559e+00
1.357667189109649009e+00
1.354768827925495245e+00
1.351902158876564064e+00
1.349066769947432798e+00
1.346262254795754343e+00
1.343488212689196271e+00
1.340744248441851916e+00
1.338029972350194496e+00
1.335345000128713266e+00
1.332688952845244357e+00
1.330061456856162838e+00
1.327462143741429346e+00
1.324890650239617162e+00
1.322346618182967504e+00
1.319829694432499423e+00
1.317339530813291582e+00
1.314875784049929663e+00
1.312438115702193819e+00
1.310026192101034770e+00
1.307639684284855663e+00
1.305278267936150316e+00
1.302941623318544462e+00
1.300629435214231133e+00
1.298341392861882770e+00
1.296077189895014303e+00
1.293836524280856715e+00
1.291619098259739973e+00
1.289424618285023083e+00
1.287252794963572589e+00
1.285103342996814835e+00
1.282975981122369546e+00
1.280870432056284924e+00
1.278786422435879588e+00
1.276723682763200252e+00
1.274681947349106226e+00
1.272660954257985644e+00
1.270660445253118054e+00
1.268680165742666066e+00
1.266719864726330247e+00
1.264779294742643501e+00
1.262858211816928922e+00
1.260956375409901797e+00
1.259073548366933526e+00
1.257209496867967902e+00
1.255363990378096872e+00
1.253536801598785777e+00
1.251727706419742292e+00
1.249936483871461501e+00
1.248162916078385365e+00
1.246406788212723438e+00
1.244667888448923954e+00
1.242946007918754203e+00
1.241240940667039272e+00
1.239552483608014510e+00
1.237880436482307056e+00
1.236224601814533974e+00
1.234584784871511909e+00
1.232960793621078688e+00
1.231352438691512230e+00
1.229759533331549193e+00
1.228181893370995370e+00
1.226619337181911185e+00
1.225071685640389596e+00
1.223538762088890453e+00
1.222020392299155711e+00
1.220516404435668001e+00
1.219026629019677177e+00
1.217550898893755340e+00
1.216089049186912519e+00
1.214640917280218391e+00
1.213206342772981117e+00
1.211785167449407341e+00
1.210377235245816863e+00
1.208982392218328039e+00
1.207600486511057447e+00
1.206231368324813147e+00
1.204874889886268452e+00
1.203530905417613317e+00
1.202199271106688006e+00
1.200879845077559072e+00
1.199572487361592721e+00
1.198277059868933625e+00
1.196993426360469126e+00
1.195721452420209330e+00
1.194461005428114175e+00
1.193211954533332397e+00
1.191974170627874363e+00
1.190747526320691918e+00
1.189531895912163906e+00
1.188327155368991139e+00
1.187133182299481060e+00
1.185949855929217422e+00
1.184777057077126994e+00
1.183614668131910852e+00
1.182462573028851827e+00
1.181320657226994530e+00
1.180188807686665120e+00
1.179066912847381632e+00
1.177954862606067188e+00
1.176852548295652223e+00
1.175759862663982913e+00
1.174676699853075545e+00
1.173602955378697077e+00
1.172538526110269430e+00
1.171483310251082655e+00
1.170437207318836714e+00
1.169400118126466825e+00
1.168371944763297643e+00
1.167352590576472782e+00
1.166341960152687429e+00
1.165339959300208950e+00
1.164346495031177042e+00
1.163361475544184787e+00
1.162384810207130803e+00
1.161416409540348083e+00
1.160456185199987944e+00
1.159504049961673333e+00
1.158559917704404363e+00
1.157623703394718540e+00
1.156695323071098569e+00
1.155774693828623301e+00
1.154861733803861590e+00
1.153956362159999305e+00
1.153058499072200149e+00
1.152168065713200740e+00
1.151284984239116849e+00
1.150409177775487013e+00
1.149540570403522421e+00
1.148679087146577960e+00
1.147824653956825092e+00
1.146977197702142792e+00
1.146136646153205429e+00
1.145302927970770490e+00
1.144475972693165255e+00
1.143655710723969099e+00
1.142842073319884966e+00
1.142034992578793595e+00
1.141234401428000922e+00
1.140440233612659782e+00
1.139652423684375249e+00
1.138870906989978948e+00
1.138095619660482782e+00
1.137326498600198743e+00
1.136563481476027704e+00
1.135806506706907859e+00
1.135055513453429255e+00
1.134310441607609743e+00
1.133571231782816380e+00
1.132837825303855350e+00
1.132110164197199786e+00
1.131388191181371905e+00
1.130671849657476802e+00
1.129961083699868141e+00
1.129255838046966387e+00
1.128556058092208714e+00
1.127861689875142570e+00
1.127172680072649591e+00
1.126488975990299846e+00
1.125810525553841757e+00
1.125137277300819472e+00
1.124469180372313248e+00
1.123806184504804406e+00
1.123148240022166622e+00
1.122495297827772909e+00
1.121847309396720727e+00
1.121204226768176992e+00
1.120566002537834560e+00
1.119932589850482385e+00
1.119303942392683382e+00
1.118680014385567745e+00
1.118060760577723967e+00
1.117446136238207988e+00
1.116836097149640716e+00
1.116230599601421236e+00
1.115629600383033715e+00
1.115033056777449350e+00
1.114440926554638889e+00
1.113853167965165980e+00
1.113269739733880215e+00
1.112690601053707873e+00
1.112115711579526156e+00
1.111545031422130902e+00
1.110978521142291120e+00
1.110416141744893004e+00
1.109857854673164113e+00
1.109303621802990136e+00
1.108753405437302497e+00
1.108207168300559431e+00
1.107664873533299899e+00
1.107126484686776768e+00
1.106591965717671266e+00
1.106061280982882034e+00
1.105534395234385459e+00
1.105011273614177725e+00
1.104491881649281693e+00
1.103976185246832165e+00
1.103464150689227097e+00
1.102955744629349866e+00
1.102450934085860368e+00
1.101949686438551845e+00
1.101451969423779431e+00
1.100957751129938655e+00
1.100466999993032990e+00
1.099979684792278478e+00
1.099495774645790291e+00
1.099015239006317035e+00
1.098538047657045658e+00
1.098064170707457432e+00
1.097593578589246555e+00
1.097126242052298029e+00
1.096662132160716618e+00
1.096201220288915756e+00
1.095743478117759295e+00
1.095288877630759439e+00
1.094837391110325076e+00
1.094388991134066069e+00
1.093943650571142845e+00
1.093501342578675484e+00
1.093062040598195228e+00
1.092625718352148612e+00
1.092192349840450660e+00
1.091761909337082059e+00
1.091334371386740054e+00
1.090909710801527766e+00
1.090487902657694574e+00
1.090068922292420250e+00
1.089652745300641490e+00
1.089239347531922864e+00
1.088828705087373061e+00
1.088420794316599993e+00
1.088015591814709193e+00
1.087613074419339521e+00
1.087213219207749715e+00
1.086816003493930261e+00
1.086421404825764103e+00
1.086029400982226223e+00
1.085639969970612739e+00
1.085253090023817979e+00
1.084868739597640408e+00
1.084486897368128533e+00
1.084107542228963883e+00
1.083730653288873524e+00
1.083356209869083875e+00
1.082984191500804716e+00
1.082614577922747623e+00
1.082247349078679477e+00
1.081882485115003734e+00
1.081519966378382325e+00
1.081159773413378211e+00
1.080801886960140124e+00
1.080446287952110840e+00
1.080092957513766772e+00
1.079741876958392854e+00
1.079393027785878978e+00
1.079046391680551276e+00
1.078701950509028951e+00
1.078359686318110855e+00
1.078019581332689603e+00
1.077681617953692550e+00
1.077345778756049199e+00
1.077012046486688579e+00
1.076680404062556162e+00
1.076350834568663650e+00
1.076023321256161625e+00
1.075697847540433738e+00
1.075374396999221549e+00
1.075052953370770226e+00
1.074733500551997789e+00
1.074416022596690112e+00
1.074100503713718568e+00
1.073786928265279439e+00
1.073475280765156858e+00
1.073165545877010185e+00
1.072857708412677136e+00
1.072551753330507784e+00
1.072247665733711663e+00
1.071945430868729066e+00
1.071645034123626328e+00
1.071346461026504882e+00
1.071049697243936505e+00
1.070754728579416115e+00
1.070461540971833214e+00
1.070170120493964871e+00
1.069880453350985139e+00
1.069592525878997558e+00
1.069306324543579656e+00
1.069021835938352538e+00
1.068739046783565572e+00
1.068457943924695286e+00
1.068178514331069806e+00
1.067900745094504167e+00
1.067624623427952946e+00
1.067350136664184213e+00
1.067077272254465692e+00
1.066806017767267578e+00
1.066536360886985779e+00
1.066268289412675818e+00
1.066001791256803388e+00
1.065736854444015114e+00
1.065473467109916639e+00
1.065211617499873586e+00
1.064951293967822288e+00
1.064692484975095166e+00
1.064435179089266548e+00
1.064179364983002030e+00
1.063925031432933821e+00
1.063672167318540751e+00
1.063420761621045152e+00
1.063170803422325505e+00
1.062922281903839083e+00
1.062675186345558132e+00
1.062429506124920708e+00
1.062185230715793294e+00
1.061942349687444942e+00
1.061700852703535647e+00
1.061460729521116475e+00
1.061221969989639691e+00
1.060984564049984646e+00
1.060748501733491223e+00
1.060513773161009921e+00
1.060280368541956619e+00
1.060048278173385095e+00
1.059817492439066866e+00
1.059588001808583480e+00
1.059359796836429446e+00
1.059132868161125396e+00
1.058907206504342557e+00
1.058682802670035006e+00
1.058459647543588122e+00
1.058237732090970828e+00
1.058017047357901141e+00
1.057797584469019947e+00
1.057579334627078316e+00
1.057362289112126374e+00
1.057146439280723049e+00
1.056931776565144032e+00
1.056718292472606624e+00
1.056505978584499461e+00
1.056294826555624233e+00
1.056084828113443397e+00
1.055875975057338989e+00
1.055668259257878994e+00
1.055461672656091476e+00
1.055256207262749601e+00
1.055051855157662866e+00
