8.701021155845017090e+11
2.265022403989256361e+00
2.275681697256335845e+00
2.281144302613580255e+00
2.283771817384122826e+00
2.284588971665274748e+00
2.284150842218675148e+00
2.282778000623597148e+00
2.280664193899917258e+00
2.277932166425548743e+00
2.274663598791986097e+00
2.270915662891156650e+00
2.266730502965061511e+00
2.262140852450007955e+00
2.257173457117589876e+00
2.251851205814151768e+00
2.246194475172972105e+00
2.240221983932796146e+00
2.233951335301592067e+00
2.227399358077344793e+00
2.220582316773961118e+00
2.213516036141147225e+00
2.206215969836444302e+00
2.198697232984688554e+00
2.190974611825445173e+00
2.183062559326096164e+00
2.174975182742371338e+00
2.166726227147218076e+00
2.158329057608485257e+00
2.149796641773352945e+00
2.141141533978195177e+00
2.132375861559611785e+00
2.123511313733859485e+00
2.114559133199622298e+00
2.105530110472710881e+00
2.096434580863708597e+00
2.087282423945150178e+00
2.078083065315429856e+00
2.068845480444462481e+00
2.059578200376416035e+00
2.050289319064145133e+00
2.040986502115348156e+00
2.031676996740065633e+00
2.022367642701664359e+00
2.013064884087347295e+00
2.003774781729518395e+00
1.994503026124294198e+00
1.985254950708930100e+00
1.976035545374477120e+00
1.966849470104114594e+00
1.957701068641005460e+00
1.948594382101823674e+00
1.939533162463732419e+00
1.930520885863014069e+00
1.921560765653273606e+00
1.912655765179922973e+00
1.903808610235241172e+00
1.895021801165664987e+00
1.886297624608864520e+00
1.877638164843957513e+00
1.869045314742856290e+00
1.860520786315062125e+00
1.852066120841904695e+00
1.843682698599316439e+00
1.835371748171021666e+00
1.827134355356220041e+00
1.818971471677858665e+00
1.810883922499093579e+00
1.802872414756931718e+00
1.794937544323032652e+00
1.787079803002418199e+00
1.779299585181685739e+00
1.771597194138474940e+00
1.763972848024501605e+00
1.756426685534398624e+00
1.748958771273054547e+00
1.741569100833625372e+00
1.734257605598753305e+00
1.727024157276985772e+00
1.719868572186576294e+00
1.712790615298090291e+00
1.705790004047397890e+00
1.698866411930044062e+00
1.692019471887764137e+00
1.685248779497418692e+00
1.678553895972458854e+00
1.671934350986409967e+00
1.665389645327737256e+00
1.658919253394830040e+00
1.652522625539661671e+00
1.646199190268208934e+00
1.639948356305352295e+00
1.633769514531693723e+00
1.627662039799275373e+00
1.621625292632939308e+00
1.615658620823668512e+00
1.609761360920013207e+00
1.603932839623300133e+00
1.598172375092128839e+00
1.592479278161319289e+00
1.586852853480193559e+00
1.581292400574897616e+00
1.575797214839110838e+00
1.570366588457341450e+00
1.564999811264752516e+00
1.559696171547233723e+00
1.554454956785241926e+00
1.549275454344757552e+00
1.544156952118510784e+00
1.539098739120392967e+00
1.534100106035957367e+00
1.529160345731548354e+00
1.524278753724654267e+00
1.519454628617763703e+00
1.514687272498011605e+00
1.509975991304679077e+00
1.505320095166520655e+00
1.500718898710807991e+00
1.496171721345832317e+00
1.491677887518492174e+00
1.487236726948618859e+00
1.482847574841366978e+00
1.478509772079213302e+00
1.474222665394710585e+00
1.469985607525365223e+00
1.465797957351689274e+00
1.461659080019569235e+00
1.457568347047959900e+00
1.453525136422863184e+00
1.449528832678515844e+00
1.445578826966605002e+00
1.441674517114352572e+00
1.437815307672192233e+00
1.434000609951786132e+00
1.430229842054981049e+00
1.426502428894428132e+00
1.422817802206363558e+00
1.419175400556142552e+00
1.415574669337090752e+00
1.412015060763063268e+00
1.408496033855281215e+00
1.405017054423777667e+00
1.401577595043937308e+00
1.398177135028480178e+00
1.394815160395216580e+00
1.391491163830961053e+00
1.388204644651898967e+00
1.384955108760682174e+00
1.381742068600553930e+00
1.378565043106763088e+00
1.375423557655499618e+00
1.372317144010571477e+00
1.369245340268065991e+00
1.366207690799169816e+00
1.363203746191347321e+00
1.360233063188029057e+00
1.357295204627033458e+00
1.354389739377790391e+00
1.351516242277583491e+00
1.348674294066908974e+00
1.345863481324074629e+00
1.343083396399187723e+00
1.340333637347574935e+00
1.337613807862823245e+00
1.334923517209457788e+00
1.332262380155402992e+00
1.329630016904252310e+00
1.327026053027480668e+00
1.324450119396634484e+00
1.321901852115563880e+00
1.319380892452780341e+00
1.316886886773974030e+00
1.314419486474753596e+00
1.311978347913650644e+00
1.309563132345452630e+00
1.307173505854859474e+00
1.304809139290560749e+00
1.302469708199718079e+00
1.300154892762913628e+00
1.297864377729580188e+00
1.295597852353937984e+00
1.293355010331483257e+00
1.291135549736011523e+00
1.288939172957232149e+00
1.286765586638975778e+00
1.284614501617993731e+00
1.282485632863418434e+00
1.280378699416813593e+00
1.278293424332907158e+00
1.276229534620956452e+00
1.274186761186802297e+00
1.272164838775564855e+00
1.270163505915039348e+00
1.268182504859760806e+00
1.266221581535760254e+00
1.264280485486010797e+00
1.262358969816550269e+00
1.260456791143313549e+00
1.258573709539639651e+00
1.256709488484478499e+00
1.254863894811288905e+00
1.253036698657622239e+00
1.251227673415383768e+00
1.249436595681794326e+00
1.247663245211019012e+00
1.245907404866480661e+00
1.244168860573838353e+00
1.242447401274645591e+00
1.240742818880657294e+00
1.239054908228812257e+00
1.237383467036856199e+00
1.235728295859621184e+00
1.234089198045943192e+00
1.232465979696216518e+00
1.230858449620582773e+00
1.229266419297736057e+00
1.227689702834356300e+00
1.226128116925141676e+00
1.224581480813458079e+00
1.223049616252579463e+00
1.221532347467509050e+00
1.220029501117408932e+00
1.218540906258581469e+00
1.217066394308038202e+00
1.215605799007618781e+00
1.214158956388671440e+00
1.212725704737284582e+00
1.211305884560049062e+00
1.209899338550367354e+00
1.208505911555279644e+00
1.207125450542811729e+00
1.205757804569838276e+00
1.204402824750449019e+00
1.203060364224811440e+00
1.201730278128527729e+00
1.200412423562474018e+00
1.199106659563113908e+00
1.197812847073291387e+00
1.196530848913470280e+00
1.195260529753450429e+00
1.194001756084514199e+00
1.192754396192029498e+00
1.191518320128478470e+00
1.190293399686926268e+00
1.189079508374899952e+00
1.187876521388696593e+00
1.186684315588091732e+00
1.185502769471454165e+00
1.184331763151263539e+00
1.183171178330004292e+00
1.182020898276464393e+00
1.180880807802392463e+00
1.179750793239549900e+00
1.178630742417103860e+00
1.177520544639405253e+00
1.176420090664109352e+00
1.175329272680641246e+00
1.174247984289026991e+00
1.173176120479030526e+00
1.172113577609657176e+00
1.171060253388957806e+00
1.170016046854174263e+00
1.168980858352187013e+00
1.167954589520285857e+00
1.166937143267241739e+00
1.165928423754680310e+00
1.164928336378754592e+00
1.163936787752107183e+00
1.162953685686119787e+00
1.161978939173448300e+00
1.161012458370831446e+00
1.160054154582173203e+00
1.159103940241897890e+00
1.158161728898563503e+00
1.157227435198739496e+00
1.156300974871136367e+00
1.155382264710991258e+00
1.154471222564694921e+00
1.153567767314667369e+00
1.152671818864466458e+00
1.151783298124140931e+00
1.150902126995797969e+00
1.150028228359418758e+00
1.149161526058883886e+00
1.148301944888217463e+00
1.147449410578057272e+00
1.146603849782330320e+00
1.145765190065136219e+00
1.144933359887843505e+00
1.144108288596378920e+00
1.143289906408720968e+00
1.142478144402589990e+00
1.141672934503326298e+00
1.140874209471956391e+00
1.140081902893452792e+00
1.139295949165167077e+00
1.138516283485450753e+00
1.137742841842445118e+00
1.136975561003051194e+00
1.136214378502068412e+00
1.135459232631499837e+00
1.134710062430024147e+00
1.133966807672629695e+00
1.133229408860409348e+00
1.132497807210511853e+00
1.131771944646245531e+00
1.131051763787337405e+00
1.130337207940341759e+00
1.129628221089190365e+00
1.128924747885897029e+00
1.128226733641392920e+00
1.127534124316510900e+00
1.126846866513101730e+00
1.126164907465288412e+00
1.125488195030855954e+00
1.124816677682764832e+00
1.124150304500795228e+00
1.123489025163327382e+00
1.122832789939230747e+00
1.122181549679889700e+00
1.121535255811342280e+00
1.120893860326533265e+00
1.120257315777699381e+00
1.119625575268849538e+00
1.118998592448373852e+00
1.118376321501753257e+00
1.117758717144384129e+00
1.117145734614506836e+00
1.116537329666242639e+00
1.115933458562732072e+00
1.115334078069373680e+00
1.114739145447172675e+00
1.114148618446175520e+00
1.113562455299010212e+00
1.112980614714521588e+00
1.112403055871495017e+00
1.111829738412483337e+00
1.111260622437712398e+00
1.110695668499085187e+00
1.110134837594272783e+00
1.109578091160888569e+00
1.109025391070749711e+00
1.108476699624225237e+00
1.107931979544662493e+00
1.107391193972898868e+00
1.106854306461849458e+00
1.106321280971177989e+00
1.105792081862040588e+00
1.105266673891913021e+00
1.104745022209481009e+00
1.104227092349618689e+00
1.103712850228429465e+00
1.103202262138360590e+00
1.102695294743392562e+00
1.102191915074291373e+00
1.101692090523936240e+00
1.101195788842705303e+00
1.100702978133935472e+00
1.100213626849442461e+00
1.099727703785111421e+00
1.099245178076538210e+00
1.098766019194746368e+00
1.098290196941957397e+00
1.097817681447419425e+00
1.097348443163304488e+00
1.096882452860650670e+00
1.096419681625375953e+00
1.095960100854334041e+00
1.095503682251439237e+00
1.095050397823836175e+00
1.094600219878125502e+00
1.094153121016648189e+00
1.093709074133814685e+00
1.093268052412488700e+00
1.092830029320420504e+00
1.092394978606734623e+00
1.091962874298457731e+00
1.091533690697102044e+00
1.091107402375295132e+00
1.090683984173453469e+00
1.090263411196503940e+00
1.089845658810651097e+00
1.089430702640190818e+00
1.089018518564361715e+00
1.088609082714246723e+00
1.088202371469713770e+00
1.087798361456400631e+00
1.087397029542735760e+00
1.086998352837010406e+00
1.086602308684477158e+00
1.086208874664500890e+00
1.085818028587739903e+00
1.085429748493369484e+00
1.085044012646340317e+00
1.084660799534679532e+00
1.084280087866821951e+00
1.083901856568979527e+00
1.083526084782550747e+00
1.083152751861556906e+00
1.082781837370120348e+00
1.082413321079972457e+00
1.082047182967995624e+00
1.081683403213799632e+00
1.081321962197330455e+00
1.080962840496507482e+00
1.080606018884898933e+00
1.080251478329419701e+00
1.079899199988070269e+00
1.079549165207692507e+00
1.079201355521771211e+00
1.078855752648248956e+00
1.078512338487381372e+00
1.078171095119615064e+00
1.077832004803495503e+00
1.077495049973601349e+00
1.077160213238507414e+00
1.076827477378772491e+00
1.076496825344957387e+00
1.076168240255661157e+00
1.075841705395594428e+00
1.075517204213664924e+00
1.075194720321100528e+00
1.074874237489586104e+00
1.074555739649432073e+00
1.074239210887763418e+00
1.073924635446731557e+00
1.073611997721751754e+00
1.073301282259762068e+00
1.072992473757502063e+00
1.072685557059821271e+00
1.072380517158000091e+00
1.072077339188099110e+00
1.071776008429326410e+00
1.071476510302426410e+00
1.071178830368090251e+00
1.070882954325384828e+00
1.070588868010203143e+00
1.070296557393734416e+00
1.070006008580952628e+00
1.069717207809124826e+00
1.069430141446339633e+00
1.069144795990051300e+00
1.068861158065645522e+00
1.068579214425020130e+00
1.068298951945188202e+00
1.068020357626892736e+00
1.067743418593244842e+00
1.067468122088373272e+00
1.067194455476097037e+00
1.066922406238608234e+00
1.066651961975176421e+00
1.066383110400865419e+00
1.066115839345271210e+00
1.065850136751267829e+00
1.065585990673776351e+00
1.065323389278544530e+00
1.065062320840944654e+00
1.064802773744781383e+00
1.064544736481121356e+00
1.064288197647131451e+00
1.064033145944932590e+00
1.063779570180471534e+00
1.063527459262398889e+00
1.063276802200969984e+00
1.063027588106950638e+00
1.062779806190543130e+00
1.062533445760321271e+00
1.062288496222179690e+00
1.062044947078295332e+00
1.061802787926103608e+00
1.061562008457283657e+00
1.061322598456758692e+00
1.061084547801707689e+00
1.060847846460588162e+00
1.060612484492171159e+00
1.060378452044589359e+00
1.060145739354393823e+00
1.059914336745624963e+00
1.059684234628892385e+00
1.059455423500467175e+00
1.059227893941383947e+00
1.059001636616555331e+00
1.058776642273895119e+00
1.058552901743452734e+00
1.058330405936558138e+00
1.058109145844976728e+00
1.057889112540074228e+00
1.057670297171991125e+00
1.057452690968827991e+00
1.057236285235839013e+00
1.057021071354635966e+00
1.056807040782400842e+00
1.056594185051109136e+00
1.056382495766760243e+00
1.056171964608619174e+00
1.055962583328464932e+00
1.055754343749848667e+00
1.055547237767361590e+00
1.055341257345908668e+00
1.055136394519994747e+00
