-3.063324378229811401e+11
2.439019543790270639e+00
2.450582197870702750e+00
2.454311004422984333e+00
2.454991936663419416e+00
2.453828118014521387e+00
2.451326651765286080e+00
2.447761560209727350e+00
2.443301420493486198e+00
2.438060260285815684e+00
2.432121772938373283e+00
2.425551878491382318e+00
2.418405587848071470e+00
2.410730892368278866e+00
2.402571025898321722e+00
2.393965803762438949e+00
2.384952423824747481e+00
2.375565947970475378e+00
2.365839591613990933e+00
2.355804897671249343e+00
2.345491841668761346e+00
2.334928896866752535e+00
2.324143077378105993e+00
2.313159970451554415e+00
2.302003764754395831e+00
2.290697278699721728e+00
2.279261991054865710e+00
2.267718074897475677e+00
2.256084435237767138e+00
2.244378750160008096e+00
2.232617515061881441e+00
2.220816089424470618e+00
2.208988745486263561e+00
2.197148718191594519e+00
2.185308255816682976e+00
2.173478670730768947e+00
2.161670389814991822e+00
2.149893004130941421e+00
2.138155317499916386e+00
2.126465393718832253e+00
2.114830602199208265e+00
2.103257661868797257e+00
2.091752683223048415e+00
2.080321208453633552e+00
2.068968249615881660e+00
2.057698324825218528e+00
2.046515492496228106e+00
2.035423383656326468e+00
2.024425232381067197e+00
2.013523904408935472e+00
2.002721924002008436e+00
1.992021499124516648e+00
1.981424545015108230e+00
1.970932706230810183e+00
1.960547377241153022e+00
1.950269721650902177e+00
1.940100690128300442e+00
1.930041037114175406e+00
1.920091336384646130e+00
1.910251995537704861e+00
1.900523269470892451e+00
1.890905272914193080e+00
1.881397992079147485e+00
1.872001295482015548e+00
1.862714943995547490e+00
1.853538600180955509e+00
1.844471836948480936e+00
1.835514145592142654e+00
1.826664943241421479e+00
1.817923579769831655e+00
1.809289344197937410e+00
1.800761470625732441e+00
1.792339143727248452e+00
1.784021503837778688e+00
1.775807651662316022e+00
1.767696652631744136e+00
1.759687540931582195e+00
1.751779323226243523e+00
1.743970982100429890e+00
1.736261479237569461e+00
1.728649758353929755e+00
1.721134747905766371e+00
1.713715363585563534e+00
1.706390510622409540e+00
1.699159085900441291e+00
1.692019979908277350e+00
1.684972078531590256e+00
1.678014264699955849e+00
1.671145419898439233e+00
1.664364425553590543e+00
1.657670164302933014e+00
1.651061521156234058e+00
1.644537384556388204e+00
1.638096647347214052e+00
1.631738207654803929e+00
1.625460969688761192e+00
1.619263844469125857e+00
1.613145750484398455e+00
1.607105614285716744e+00
1.601142371021835764e+00
1.595254964919295304e+00
1.589442349711803093e+00
1.583703489022602717e+00
1.578037356703344773e+00
1.572442937132662255e+00
1.566919225477555688e+00
1.561465227920313392e+00
1.556079961853667815e+00
1.550762456046558713e+00
1.545511750782792681e+00
1.540326897974698017e+00
1.535206961253728686e+00
1.530151016039844603e+00
1.525158149591345325e+00
1.520227461036721905e+00
1.515358061390034150e+00
1.510549073551097354e+00
1.505799632291803913e+00
1.501108884229727991e+00
1.496475987790082396e+00
1.491900113157086594e+00
1.487380442215645360e+00
1.482916168484215813e+00
1.478506497039708822e+00
1.474150644435131774e+00
1.469847838610683022e+00
1.465597318798988580e+00
1.461398335425010853e+00
1.457250150001238920e+00
1.453152035018672406e+00
1.449103273834041250e+00
1.445103160553768973e+00
1.441150999915000508e+00
1.437246107164196207e+00
1.433387807933498737e+00
1.429575438115332275e+00
1.425808343735452510e+00
1.422085880824739856e+00
1.418407415290031448e+00
1.414772322784147107e+00
1.411179988575441913e+00
1.407629807416955536e+00
1.404121183415447449e+00
1.400653529900449445e+00
1.397226269293443401e+00
1.393838832977410735e+00
1.390490661166788655e+00
1.387181202777983291e+00
1.383909915300578275e+00
1.380676264669280506e+00
1.377479725136756983e+00
1.374319779147382459e+00
1.371195917212006732e+00
1.368107637783815278e+00
1.365054447135303439e+00
1.362035859236466528e+00
1.359051395634209625e+00
1.356100585333043007e+00
1.353182964677104971e+00
1.350298077233519134e+00
1.347445473677134853e+00
1.344624711676684514e+00
1.341835355782340367e+00
1.339076977314721306e+00
1.336349154255357163e+00
1.333651471138610711e+00
1.330983518945081823e+00
1.328344894996472014e+00
1.325735202851950234e+00
1.323154052205996134e+00
1.320601058787721716e+00
1.318075844261677787e+00
1.315578036130142570e+00
1.313107267636870024e+00
1.310663177672314772e+00
1.308245410680309639e+00
1.305853616566192699e+00
1.303487450606371167e+00
1.301146573359311054e+00
1.298830650577950552e+00
1.296539353123504767e+00
1.294272356880665775e+00
1.292029342674185566e+00
1.289809996186803032e+00
1.287614007878537858e+00
1.285441072907294480e+00
1.283290891050803850e+00
1.281163166629844197e+00
1.279057608432761173e+00
1.276973929641241234e+00
1.274911847757350447e+00
1.272871084531790098e+00
1.270851365893377771e+00
1.268852421879730796e+00
1.266873986569125421e+00
1.264915798013517501e+00
1.262977598172724258e+00
1.261059132849720488e+00
1.259160151627066071e+00
1.257280407804410638e+00
1.255419658337093791e+00
1.253577663775795159e+00
1.251754188207240048e+00
1.249948999195930721e+00
1.248161867726883312e+00
1.246392568149371494e+00
1.244640878121637817e+00
1.242906578556581376e+00
1.241189453568381840e+00
1.239489290420058509e+00
1.237805879471943094e+00
1.236139014131057312e+00
1.234488490801369354e+00
1.232854108834925633e+00
1.231235670483828981e+00
1.229632980853065938e+00
1.228045847854153605e+00
1.226474082159595858e+00
1.224917497158140023e+00
1.223375908910815602e+00
1.221849136107741263e+00
1.220337000025684127e+00
1.218839324486362008e+00
1.217355935815481072e+00
1.215886662802478035e+00
1.214431336660974470e+00
1.212989790989915662e+00
1.211561861735384937e+00
1.210147387153099441e+00
1.208746207771537851e+00
1.207358166355722906e+00
1.205983107871633209e+00
1.204620879451233195e+00
1.203271330358107072e+00
1.201934311953693157e+00
1.200609677664109975e+00
1.199297282947537457e+00
1.197996985262192782e+00
1.196708644034829794e+00
1.195432120629809969e+00
1.194167278318688519e+00
1.192913982250331850e+00
1.191672099421556608e+00
1.190441498648262986e+00
1.189222050537073860e+00
1.188013627457457977e+00
1.186816103514324761e+00
1.185629354521108958e+00
1.184453257973295370e+00
1.183287693022403220e+00
1.182132540450422820e+00
1.180987682644681458e+00
1.179853003573135162e+00
1.178728388760090118e+00
1.177613725262330435e+00
1.176508901645653582e+00
1.175413807961803281e+00
1.174328335725798089e+00
1.173252377893632570e+00
1.172185828840370148e+00
1.171128584338591239e+00
1.170080541537216856e+00
1.169041598940681492e+00
1.168011656388459940e+00
1.166990615034932954e+00
1.165978377329596638e+00
1.164974846997601787e+00
1.163979929020614534e+00
1.162993529618000954e+00
1.162015556228326307e+00
1.161045917491153601e+00
1.160084523229161668e+00
1.159131284430539699e+00
1.158186113231692405e+00
1.157248922900215859e+00
1.156319627818169105e+00
1.155398143465610428e+00
1.154484386404411644e+00
1.153578274262335057e+00
1.152679725717377313e+00
1.151788660482364168e+00
1.150904999289800168e+00
1.150028663876971669e+00
1.149159576971279240e+00
1.148297662275826969e+00
1.147442844455234034e+00
1.146595049121680532e+00
1.145754202821183565e+00
1.144920233020088718e+00
1.144093068091786902e+00
1.143272637303642814e+00
1.142458870804136772e+00
1.141651699610207071e+00
1.140851055594806152e+00
1.140056871474650624e+00
1.139269080798165801e+00
1.138487617933629625e+00
1.137712418057501118e+00
1.136943417142939117e+00
1.136180551948499096e+00
1.135423760007013838e+00
1.134672979614650634e+00
1.133928149820142783e+00
1.133189210414186521e+00
1.132456101919010694e+00
1.131728765578113416e+00
1.131007143346151045e+00
1.130291177878997466e+00
1.129580812523951483e+00
1.128875991310103410e+00
1.128176658938848220e+00
1.127482760774548565e+00
1.126794242835347459e+00
1.126111051784116190e+00
1.125433134919553435e+00
1.124760440167411835e+00
1.124092916071870007e+00
1.123430511787031572e+00
1.122773177068562056e+00
1.122120862265447716e+00
1.121473518311885798e+00
1.120831096719302256e+00
1.120193549568486047e+00
1.119560829501846211e+00
1.118932889715790857e+00
1.118309683953219835e+00
1.117691166496131538e+00
1.117077292158344282e+00
1.116468016278328035e+00
1.115863294712141851e+00
1.115263083826486312e+00
1.114667340491853897e+00
1.114076022075782824e+00
1.113489086436220132e+00
1.112906491914975815e+00
1.112328197331284407e+00
1.111754161975452737e+00
1.111184345602613810e+00
1.110618708426568846e+00
1.110057211113718578e+00
1.109499814777091808e+00
1.108946480970461002e+00
1.108397171682537374e+00
1.107851849331269012e+00
1.107310476758205819e+00
1.106773017222959066e+00
1.106239434397737975e+00
1.105709692361973584e+00
1.105183755597009210e+00
1.104661588980882847e+00
1.104143157783177731e+00
1.103628427659951061e+00
1.103117364648737553e+00
1.102609935163624488e+00
1.102106105990401153e+00
1.101605844281775104e+00
1.101109117552661054e+00
1.100615893675539469e+00
1.100126140875877567e+00
1.099639827727622476e+00
1.099156923148752796e+00
1.098677396396903649e+00
1.098201217065044144e+00
1.097728355077225437e+00
1.097258780684387647e+00
1.096792464460221606e+00
1.096329377297098562e+00
1.095869490402053392e+00
1.095412775292824437e+00
1.094959203793948621e+00
1.094508748032920531e+00
1.094061380436394337e+00
1.093617073726449895e+00
1.093175800916902807e+00
1.092737535309673991e+00
1.092302250491205662e+00
1.091869920328932153e+00
1.091440518967795592e+00
1.091014020826813091e+00
1.090590400595692566e+00
1.090169633231496515e+00
1.089751693955347323e+00
1.089336558249188958e+00
1.088924201852578433e+00
1.088514600759539208e+00
1.088107731215445240e+00
1.087703569713954099e+00
1.087302092993981173e+00
1.086903278036716713e+00
1.086507102062682195e+00
1.086113542528830411e+00
1.085722577125679322e+00
1.085334183774493422e+00
1.084948340624500185e+00
1.084565026050139158e+00
1.084184218648359455e+00
1.083805897235945448e+00
1.083430040846881992e+00
1.083056628729756721e+00
1.082685640345195432e+00
1.082317055363334557e+00
1.081950853661323819e+00
1.081587015320868872e+00
1.081225520625800574e+00
1.080866350059683123e+00
1.080509484303448398e+00
1.080154904233067814e+00
1.079802590917251282e+00
1.079452525615178793e+00
1.079104689774261994e+00
1.078759065027936837e+00
1.078415633193482215e+00
1.078074376269872126e+00
1.077735276435653811e+00
1.077398316046853877e+00
1.077063477634913502e+00
1.076730743904650289e+00
1.076400097732247430e+00
1.076071522163266403e+00
1.075745000410694319e+00
1.075420515853004577e+00
1.075098052032253504e+00
1.074777592652197633e+00
1.074459121576434750e+00
1.074142622826572468e+00
1.073828080580415678e+00
1.073515479170184417e+00
1.073204803080749281e+00
1.072896036947891263e+00
1.072589165556586011e+00
1.072284173839307853e+00
1.071981046874357357e+00
1.071679769884210653e+00
1.071380328233887180e+00
1.071082707429343861e+00
1.070786893115883709e+00
1.070492871076589747e+00
1.070200627230776469e+00
1.069910147632461728e+00
1.069621418468857943e+00
1.069334426058884624e+00
1.069049156851694438e+00
1.068765597425226144e+00
1.068483734484767300e+00
1.068203554861542059e+00
1.067925045511312288e+00
1.067648193512999777e+00
1.067372986067323115e+00
1.067099410495452982e+00
1.066827454237684547e+00
1.066557104852127402e+00
1.066288350013407271e+00
1.066021177511392137e+00
1.065755575249925924e+00
1.065491531245584156e+00
1.065229033626441391e+00
1.064968070630856634e+00
1.064708630606270301e+00
1.064450702008021610e+00
1.064194273398174406e+00
1.063939333444363200e+00
1.063685870918648524e+00
1.063433874696390502e+00
1.063183333755133297e+00
1.062934237173505325e+00
1.062686574130132344e+00
1.062440333902562983e+00
1.062195505866207812e+00
1.061952079493293732e+00
1.061710044351827475e+00
1.061469390104573973e+00
1.061230106508046056e+00
1.060992183411508805e+00
1.060755610755991896e+00
1.060520378573318157e+00
1.060286476985140780e+00
1.060053896201993640e+00
1.059822626522354483e+00
1.059592658331714787e+00
1.059363982101666046e+00
1.059136588388993605e+00
1.058910467834784264e+00
1.058685611163540319e+00
1.058462009182308705e+00
1.058239652779818130e+00
1.058018532925626642e+00
1.057798640669280532e+00
1.057579967139480992e+00
1.057362503543263443e+00
1.057146241165185518e+00
1.056931171366522149e+00
1.056717285584474864e+00
1.056504575331386864e+00
1.056293032193969639e+00
1.056082647832535359e+00
1.055873413980242370e+00
1.055665322442347120e+00
1.055458365095466089e+00
1.055252533886843480e+00
1.055047820833632688e+00
