1.924631687708776129e+00
1.924570180481309789e+00
1.924385720977767722e+00
1.924078495550793022e+00
1.923648814176347921e+00
1.923097109540088834e+00
1.922423935766602643e+00
1.921629966799348388e+00
1.920715994441694274e+00
1.919682926071082152e+00
1.918531782040381772e+00
1.917263692782118722e+00
1.915879895632789154e+00
1.914381731395638386e+00
1.912770640661644928e+00
1.911048159909098487e+00
1.909215917403070506e+00
1.907275628916444310e+00
1.905229093294666054e+00
1.903078187886431349e+00
1.900824863862503378e+00
1.898471141444789900e+00
1.896019105067345834e+00
1.893470898490640764e+00
1.890828719889755982e+00
1.888094816936517040e+00
1.885271481894725820e+00
1.882361046746895195e+00
1.879365878369663845e+00
1.876288373774347873e+00
1.873130955427762867e+00
1.869896066667451784e+00
1.866586167224201676e+00
1.863203728863703112e+00
1.859751231157821927e+00
1.856231157394926612e+00
1.852645990637591833e+00
1.848998209934545223e+00
1.845290286692962578e+00
1.841524681215972237e+00
1.837703839409003503e+00
1.833830189658011811e+00
1.829906139881229521e+00
1.825934074755374503e+00
1.821916353116587395e+00
1.817855305535122756e+00
1.813753232062577547e+00
1.809612400149337441e+00
1.805435042729742756e+00
1.801223356471431503e+00
1.796979500185343470e+00
1.792705593391957342e+00
1.788403715039341701e+00
1.784075902367975086e+00
1.779724149917277121e+00
1.775350408668289859e+00
1.770956585317080556e+00
1.766544541672990354e+00
1.762116094176026992e+00
1.757673013527471850e+00
1.753217024427762061e+00
1.748749805415864333e+00
1.744272988804195013e+00
1.739788160703347630e+00
1.735296861130896762e+00
1.730800584198740166e+00
1.726300778373397238e+00
1.721798846804121430e+00
1.717296147713459842e+00
1.712793994845341672e+00
1.708293657965933576e+00
1.703796363412410697e+00
1.699303294685422738e+00
1.694815593080758465e+00
1.690334358356247790e+00
1.685860649429990588e+00
1.681395485106208287e+00
1.676939844825185100e+00
1.672494669434040349e+00
1.668060861975168230e+00
1.663639288489377144e+00
1.659230778831080055e+00
1.654836127492806730e+00
1.650456094436721921e+00
1.646091405930839802e+00
1.641742755387912478e+00
1.637410804204971537e+00
1.633096182601802671e+00
1.628799490456646293e+00
1.624521298137682201e+00
1.620262147328815461e+00
1.616022551848601552e+00
1.611802998461083103e+00
1.607603947677544998e+00
1.603425834548227957e+00
1.599269069443203239e+00
1.595134038821598654e+00
1.591021105988614792e+00
1.586930611839635796e+00
1.582862875591071639e+00
1.578818195497362575e+00
1.574796849553910860e+00
1.570799096185552468e+00
1.566825174920376540e+00
1.562875307048660956e+00
1.558949696266835439e+00
1.555048529306325644e+00
1.551171976547262243e+00
1.547320192617007262e+00
1.543493316973559848e+00
1.539691474473851684e+00
1.535914775927030851e+00
1.532163318632838944e+00
1.528437186905232448e+00
1.524736452581338053e+00
1.521061175516002839e+00
1.517411404062050995e+00
1.513787175536478902e+00
1.510188516672833714e+00
1.506615444059931308e+00
1.503067964567246229e+00
1.499546075757119956e+00
1.496049766284125448e+00
1.492579016281801563e+00
1.489133797737041576e+00
1.485714074852372946e+00
1.482319804396452945e+00
1.478950936043002651e+00
1.475607412698485055e+00
1.472289170818780413e+00
1.468996140715154608e+00
1.465728246849768990e+00
1.462485408121024122e+00
1.459267538139008336e+00
1.456074545491287120e+00
1.452906333999350652e+00
1.449762802965915309e+00
1.446643847413409123e+00
1.443549358313831243e+00
1.440479222810273185e+00
1.437433324430345216e+00
1.434411543291735036e+00
1.431413756300125018e+00
1.428439837339757990e+00
1.425489657456800563e+00
1.422563085035800867e+00
1.419659985969366156e+00
1.416780223821413109e+00
1.413923659984037240e+00
1.411090153828335580e+00
1.408279562849284350e+00
1.405491742804956923e+00
1.402726547850187355e+00
1.399983830664892848e+00
1.397263442577269199e+00
1.394565233681953842e+00
1.391889052953428463e+00
1.389234748354703175e+00
1.386602166941578229e+00
1.383991154962488368e+00
1.381401557954227588e+00
1.378833220833582729e+00
1.376285987985085946e+00
1.373759703345003302e+00
1.371254210481677394e+00
1.368769352672372541e+00
1.366304972976753573e+00
1.363860914307087668e+00
1.361437019495322476e+00
1.359033131357117563e+00
1.356649092752985064e+00
1.354284746646601034e+00
1.351939936160410749e+00
1.349614504628630085e+00
1.347308295647739129e+00
1.345021153124550617e+00
1.342752921321952231e+00
1.340503444902394481e+00
1.338272568969254728e+00
1.336060139106085565e+00
1.333866001413896774e+00
1.331690002546489282e+00
1.329531989743968579e+00
1.327391810864448907e+00
1.325269314414081689e+00
1.323164349575417731e+00
1.321076766234188682e+00
1.319006415004593480e+00
1.316953147253098866e+00
1.314916815120854565e+00
1.312897271544760436e+00
1.310894370277231991e+00
1.308907965904740234e+00
1.306937913865145795e+00
1.304984070463892643e+00
1.303046292889107782e+00
1.301124439225645357e+00
1.299218368468121554e+00
1.297327940532971624e+00
1.295453016269596525e+00
1.293593457470600283e+00
1.291749126881177157e+00
1.289919888207695875e+00
1.288105606125475866e+00
1.286306146285832286e+00
1.284521375322395409e+00
1.282751160856738126e+00
1.280995371503349300e+00
1.279253876873980955e+00
1.277526547581386396e+00
1.275813255242481015e+00
1.274113872480959975e+00
1.272428272929384763e+00
1.270756331230769254e+00
1.269097923039684828e+00
1.267452925022904520e+00
1.265821214859615296e+00
1.264202671241215326e+00
1.262597173870706024e+00
1.261004603461710172e+00
1.259424841737128542e+00
1.257857771427462801e+00
1.256303276268785130e+00
1.254761241000434513e+00
1.253231551362388174e+00
1.251714094092365448e+00
1.250208756922661868e+00
1.248715428576735897e+00
1.247233998765556295e+00
1.245764358183707010e+00
1.244306398505304667e+00
1.242860012379693124e+00
1.241425093426949733e+00
1.240001536233220625e+00
1.238589236345874811e+00
1.237188090268499963e+00
1.235797995455757636e+00
1.234418850308074189e+00
1.233050554166231993e+00
1.231693007305796561e+00
1.230346110931464843e+00
1.229009767171278078e+00
1.227683879070745832e+00
1.226368350586874989e+00
1.225063086582109495e+00
1.223767992818189487e+00
1.222482975949934714e+00
1.221207943518964667e+00
1.219942803947352772e+00
1.218687466531219066e+00
