1.193549573662315826e+11
2.289881260452021117e+00
2.298011094088782347e+00
2.301194725879261327e+00
2.301821752968197465e+00
2.300988541819490862e+00
2.299180715719754353e+00
2.296645736826441908e+00
2.293524635883817275e+00
2.289904483613180552e+00
2.285842563978865094e+00
2.281378836411590783e+00
2.276542877650348018e+00
2.271357948079224087e+00
2.265843448643981795e+00
2.260016430873515336e+00
2.253892530430976038e+00
2.247486541459243981e+00
2.240812763646266248e+00
2.233885204198432284e+00
2.226717686934041929e+00
2.219323902170309282e+00
2.211717419372710935e+00
2.203911677017917015e+00
2.195919959222300655e+00
2.187755365455048562e+00
2.179430777498326144e+00
2.170958826366155670e+00
2.162351860909711654e+00
2.153621919166862853e+00
2.144780703056033744e+00
2.135839556701862207e+00
2.126809448468023334e+00
2.117700956629906983e+00
2.108524258526192519e+00
2.099289122968879262e+00
2.090004905656597245e+00
2.080680547318000784e+00
2.071324574306574462e+00
2.061945101371306599e+00
2.052549836336207356e+00
2.043146086434906472e+00
2.033740766061798322e+00
2.024340405718096925e+00
2.014951161949050551e+00
2.005578828086153287e+00
1.996228845626079940e+00
1.986906316094891878e+00
1.977616013262419425e+00
1.968362395587216929e+00
1.959149618786717006e+00
1.949981548440621548e+00
1.940861772547977981e+00
1.931793613969476464e+00
1.922780142696839389e+00
1.913824187900365459e+00
1.904928349714189784e+00
1.896095010725890040e+00
1.887326347144206995e+00
1.878624339623992334e+00
1.869990783733083362e+00
1.861427300050044309e+00
1.852935343885755870e+00
1.844516214625299577e+00
1.836171064689350318e+00
1.827900908116954160e+00
1.819706628773551493e+00
1.811588988189968497e+00
1.803548633039434357e+00
1.795586102261073069e+00
1.787701833839092869e+00
1.779896171247643544e+00
1.772169369572120790e+00
1.764521601317798893e+00
1.756952961917086720e+00
1.749463474946970187e+00
1.742053097068006817e+00
1.734721722696489721e+00
1.727469188421058011e+00
1.720295277175089677e+00
1.713199722175833051e+00
1.706182210641101316e+00
1.699242387294014778e+00
1.692379857666032716e+00
1.685594191208168890e+00
1.678884924219881114e+00
1.672251562604943675e+00
1.665693584463129095e+00
1.659210442526202200e+00
1.652801566446395309e+00
1.646466364945279537e+00
1.640204227830343031e+00
1.634014527886591184e+00
1.627896622649855018e+00
1.621849856068407814e+00
1.615873560058985969e+00
1.609967055963154703e+00
1.604129655909600771e+00
1.598360664087631999e+00
1.592659377936983311e+00
1.587025089258646382e+00
1.581457085251318340e+00
1.575954649477718350e+00
1.570517062764862137e+00
1.565143604042154246e+00
1.559833551120921591e+00
1.554586181418831758e+00
1.549400772632501866e+00
1.544276603361298683e+00
1.539212953685326069e+00
1.534209105700259812e+00
1.529264344011722176e+00
1.524377956191536265e+00
1.519549233198292937e+00
1.514777469764271078e+00
1.510061964750933683e+00
1.505402021474764762e+00
1.500796948005426623e+00
1.496246057437875754e+00
1.491748668140073120e+00
1.487304103977855840e+00
1.482911694518378676e+00
1.478570775213505994e+00
1.474280687564414549e+00
1.470040779268640518e+00
1.465850404350663272e+00
1.461708923277158734e+00
1.457615703057876688e+00
1.453570117333086609e+00
1.449571546448518378e+00
1.445619377518636561e+00
1.441713004478975213e+00
1.437851828128363429e+00
1.434035256161676042e+00
1.430262703193764917e+00
1.426533590775260985e+00
1.422847347400720164e+00
1.419203408509742470e+00
1.415601216481532809e+00
1.412040220623399733e+00
1.408519877153647126e+00
1.405039649179272931e+00
1.401599006668872160e+00
1.398197426421140088e+00
1.394834392029284942e+00
1.391509393841746212e+00
1.388221928919440407e+00
1.384971500989898630e+00
1.381757620398542219e+00
1.378579804057327829e+00
1.375437575391039058e+00
1.372330464281426243e+00
1.369258007009402700e+00
1.366219746195511009e+00
1.363215230738819006e+00
1.360244015754435321e+00
1.357305662509794564e+00
1.354399738359870708e+00
1.351525816681460102e+00
1.348683476806636028e+00
1.345872303955551352e+00
1.343091889168649633e+00
1.340341829238419491e+00
1.337621726640789710e+00
1.334931189466246337e+00
1.332269831350767042e+00
1.329637271406645116e+00
1.327033134153282612e+00
1.324457049448020340e+00
1.321908652417071561e+00
1.319387583386600005e+00
1.316893487814024155e+00
1.314426016219579330e+00
1.311984824118187731e+00
1.309569571951687328e+00
1.307179925021439981e+00
1.304815553421381447e+00
1.302476131971518791e+00
1.300161340151926748e+00
1.297870862037259210e+00
1.295604386231803629e+00
1.293361605805106729e+00
1.291142218228169547e+00
1.288945925310275520e+00
1.286772433136410987e+00
1.284621452005339837e+00
1.282492696368321194e+00
1.280385884768485916e+00
1.278300739780888096e+00
1.276236987953227819e+00
1.274194359747275351e+00
1.272172589480965232e+00
1.270171415271210469e+00
1.268190578977400396e+00
1.266229826145616411e+00
1.264288905953543818e+00
1.262367571156097990e+00
1.260465578031757072e+00
1.258582686329597466e+00
1.256718659217044731e+00
1.254873263228326818e+00
1.253046268213626080e+00
1.251237447288939375e+00
1.249446576786630736e+00
1.247673436206673703e+00
1.245917808168598651e+00
1.244179478364106028e+00
1.242458235510380371e+00
1.240753871304060008e+00
1.239066180375895554e+00
1.237394960246052555e+00
1.235740011280102024e+00
1.234101136645626484e+00
1.232478142269511023e+00
1.230870836795839862e+00
1.229279031544454615e+00
1.227702540470118953e+00
1.226141180122311436e+00
1.224594769605632516e+00
1.223063130540816834e+00
1.221546087026335270e+00
1.220043465600599841e+00
1.218555095204748140e+00
1.217080807146003085e+00
1.215620435061601778e+00
1.214173814883290126e+00
1.212740784802366356e+00
1.211321185235278097e+00
1.209914858789754133e+00
1.208521650231471511e+00
1.207141406451243792e+00
1.205773976432731542e+00
1.204419211220664643e+00
1.203076963889555540e+00
1.201747089512927413e+00
1.200429445133011752e+00
1.199123889730946191e+00
1.197830284197424211e+00
1.196548491303834894e+00
1.195278375673848759e+00
1.194019803755461684e+00
1.192772643793483356e+00
1.191536765802467812e+00
1.190312041540074972e+00
1.189098344480860048e+00
1.187895549790479066e+00
1.186703534300313834e+00
1.185522176482495027e+00
1.184351356425334512e+00
1.183190955809142908e+00
1.182040857882442397e+00
1.180900947438555448e+00
1.179771110792574573e+00
1.178651235758691129e+00
1.177541211627902484e+00
1.176440929146065573e+00
1.175350280492299504e+00
1.174269159257752548e+00
1.173197460424688199e+00
1.172135080345917402e+00
1.171081916724560079e+00
1.170037868594126840e+00
1.169002836298924208e+00
1.167976721474768498e+00
1.166959427030010321e+00
1.165950857126868412e+00
1.164950917163047661e+00
1.163959513753665576e+00
1.162976554713458732e+00
1.162001949039274340e+00
1.161035606892842464e+00
1.160077439583823367e+00
1.159127359553121739e+00
1.158185280356468505e+00
1.157251116648266409e+00
1.156324784165682518e+00
1.155406199713007842e+00
1.154495281146250107e+00
1.153591947357984093e+00
1.152696118262430458e+00
1.151807714780780145e+00
1.150926658826742166e+00
1.150052873292326527e+00
1.149186282033851203e+00
1.148326809858161823e+00
1.147474382509077628e+00
1.146628926654048364e+00
1.145790369871016567e+00
1.144958640635491243e+00
1.144133668307820706e+00
1.143315383120670603e+00
1.142503716166687777e+00
1.141698599386370638e+00
1.140899965556113393e+00
1.140107748276451005e+00
1.139321881960482896e+00
1.138542301822467184e+00
1.137768943866609206e+00
1.137001744876011688e+00
1.136240642401800338e+00
1.135485574752418403e+00
1.134736480983087992e+00
1.133993300885429933e+00
1.133255974977248837e+00
1.132524444492474247e+00
1.131798651371255682e+00
1.131078538250208432e+00
1.130364048452816350e+00
1.129655125979973196e+00
1.128951715500675412e+00
1.128253762342852795e+00
1.127561212484342601e+00
1.126874012544002213e+00
1.126192109772953032e+00
1.125515452045960485e+00
1.124843987852948146e+00
1.124177666290632205e+00
1.123516437054296491e+00
1.122860250429674078e+00
1.122209057284969225e+00
1.121562809062992327e+00
1.120921457773405239e+00
1.120284955985104025e+00
1.119653256818695430e+00
1.119026313939096351e+00
1.118404081548247664e+00
1.117786514377929530e+00
1.117173567682686608e+00
1.116565197232864737e+00
1.115961359307739764e+00
1.115362010688764727e+00
1.114767108652901850e+00
1.114176610966063574e+00
1.113590475876647945e+00
1.113008662109169489e+00
1.112431128857985563e+00
1.111857835781114634e+00
1.111288742994145595e+00
1.110723811064237676e+00
1.110163001004207839e+00
1.109606274266705217e+00
1.109053592738473482e+00
1.108504918734693367e+00
1.107960214993410242e+00
1.107419444670042719e+00
1.106882571331972764e+00
1.106349558953210854e+00
1.105820371909144617e+00
1.105294974971358313e+00
1.104773333302529581e+00
1.104255412451401241e+00
1.103741178347825924e+00
1.103230597297877313e+00
1.102723635979040662e+00
1.102220261435465920e+00
1.101720441073289036e+00
1.101224142656024974e+00
1.100731334300025566e+00
1.100241984469997325e+00
1.099756061974588972e+00
1.099273535962043358e+00
1.098794375915902233e+00
1.098318551650782515e+00
1.097846033308211178e+00
1.097376791352506320e+00
1.096910796566737289e+00
1.096448020048725880e+00
1.095988433207113477e+00
1.095532007757473503e+00
1.095078715718492246e+00
1.094628529408191220e+00
1.094181421440211244e+00
1.093737364720141159e+00
1.093296332441904495e+00
1.092858298084194768e+00
1.092423235406956517e+00
1.091991118447922293e+00
1.091561921519192735e+00
1.091135619203864149e+00
1.090712186352708946e+00
1.090291598080892710e+00
1.089873829764747004e+00
1.089458857038575479e+00
1.089046655791515716e+00
1.088637202164435935e+00
1.088230472546876548e+00
1.087826443574037016e+00
1.087425092123800008e+00
1.087026395313795968e+00
1.086630330498513430e+00
1.086236875266441748e+00
1.085846007437258676e+00
1.085457705059050593e+00
1.085071946405576471e+00
1.084688709973565146e+00
1.084307974480049008e+00
1.083929718859736546e+00
1.083553922262418867e+00
1.083180564050409966e+00
1.082809623796023857e+00
1.082441081279083450e+00
1.082074916484464966e+00
1.081711109599674758e+00
1.081349641012456342e+00
1.080990491308433166e+00
1.080633641268779588e+00
1.080279071867924934e+00
1.079926764271287976e+00
1.079576699833040276e+00
1.079228860093899733e+00
1.078883226778955207e+00
1.078539781795516683e+00
1.078198507230996528e+00
1.077859385350817378e+00
1.077522398596348685e+00
1.077187529582868342e+00
1.076854761097554736e+00
1.076524076097499893e+00
1.076195457707754599e+00
1.075868889219394609e+00
1.075544354087612176e+00
1.075221835929838221e+00
1.074901318523880933e+00
1.074582785806093010e+00
1.074266221869563331e+00
1.073951610962329717e+00
1.073638937485616784e+00
1.073328185992094008e+00
1.073019341184160202e+00
1.072712387912245768e+00
1.072407311173140476e+00
1.072104096108341009e+00
1.071802728002417382e+00
1.071503192281407113e+00
1.071205474511222056e+00
1.070909560396080540e+00
1.070615435776958169e+00
1.070323086630057929e+00
1.070032499065299847e+00
1.069743659324830842e+00
1.069456553781552799e+00
1.069171168937667948e+00
1.068887491423246017e+00
1.068605507994805137e+00
1.068325205533914080e+00
1.068046571045811355e+00
1.067769591658039863e+00
1.067494254619101524e+00
1.067220547297125233e+00
1.066948457178557019e+00
1.066677971866859087e+00
1.066409079081230615e+00
1.066141766655344991e+00
1.065876022536098144e+00
1.065611834782375977e+00
1.065349191563836007e+00
1.065088081159704547e+00
1.064828491957588330e+00
1.064570412452300330e+00
1.064313831244702913e+00
1.064058737040559199e+00
1.063805118649405967e+00
1.063552964983435212e+00
1.063302265056390361e+00
1.063053007982478704e+00
1.062805182975292695e+00
1.062558779346748583e+00
1.062313786506035918e+00
1.062070193958578823e+00
1.061827991305012819e+00
1.061587168240172074e+00
1.061347714552088650e+00
1.061109620121005070e+00
1.060872874918398434e+00
1.060637469006015188e+00
1.060403392534920108e+00
1.060170635744554390e+00
1.059939188961804835e+00
1.059709042600086359e+00
1.059480187158434061e+00
1.059252613220607264e+00
1.059026311454200009e+00
1.058801272609770638e+00
1.058577487519973159e+00
1.058354947098703036e+00
1.058133642340252534e+00
1.057913564318477606e+00
1.057694704185972112e+00
1.057477053173250914e+00
1.057260602587948295e+00
1.057045343814019933e+00
1.056831268310955751e+00
1.056618367613004983e+00
1.056406633328405675e+00
1.056196057138627520e+00
1.055986630797620895e+00
1.055778346131075018e+00
1.055571195035686527e+00
1.055365169478433840e+00
1.055160261495862173e+00
