8.941603347345596313e+10
2.335815996366925607e+00
2.329907561636884950e+00
2.327699117420259700e+00
2.326093729929951337e+00
2.324313165232589462e+00
2.322143386403224152e+00
2.319526881507389504e+00
2.316453958139812030e+00
2.312931264289435074e+00
2.308971726704440286e+00
2.304590926317517940e+00
2.299805620509318693e+00
2.294633075905247566e+00
2.289090744978490299e+00
2.283196100859728794e+00
2.276966547739295521e+00
2.270419367278551093e+00
2.263571681443739436e+00
2.256440422118336286e+00
2.249042302965496454e+00
2.241393791668482738e+00
2.233511082038703410e+00
2.225410066148371335e+00
2.217106306936850402e+00
2.208615011830205699e+00
2.199951007896332023e+00
2.191128718988484714e+00
2.182162145236551165e+00
2.173064845146968516e+00
2.163849920477362687e+00
2.154530003966153018e+00
2.145117249923464975e+00
2.135623327627804269e+00
2.126059417423227238e+00
2.116436209373527610e+00
2.106763904301460322e+00
2.097052217022041365e+00
2.087310381566746642e+00
2.077547158190598431e+00
2.067770841953329608e+00
2.057989272670305070e+00
2.048209846035557113e+00
2.038439525729154767e+00
2.028684856332228836e+00
2.018951976885463573e+00
2.009246634939880316e+00
1.999574200962106474e+00
1.989939682969655621e+00
1.980347741284645746e+00
1.970802703307154236e+00
1.961308578221066190e+00
1.951869071556891821e+00
1.942487599546070864e+00
1.933167303211635213e+00
1.923911062148186968e+00
1.914721507953122126e+00
1.905601037277767418e+00
1.896551824473905690e+00
1.887575833817141557e+00
1.878674831293652314e+00
1.869850395941528243e+00
1.861103930741915935e+00
1.852436673058734495e+00
1.843849704628592434e+00
1.835343961105330379e+00
1.826920241165556291e+00
1.818579215183598885e+00
1.810321433485445386e+00
1.802147334192932382e+00
1.794057250669896408e+00
1.786051418583146866e+00
1.778129982591397873e+00
1.770293002675809912e+00
1.762540460125966879e+00
1.754872263195175197e+00
1.747288252439122225e+00
1.739788205751570782e+00
1.732371843110872334e+00
1.725038831050654142e+00
1.717788786867786799e+00
1.710621282580485403e+00
1.703535848648876971e+00
1.696531977470183916e+00
1.689609126660046812e+00
1.682766722131246784e+00
1.676004160980555602e+00
1.669320814194116265e+00
1.662716029181174004e+00
1.656189132145685639e+00
1.649739430304844046e+00
1.643366213963096900e+00
1.637068758449960360e+00
1.630846325929347529e+00
1.624698167087917255e+00
1.618623522709429441e+00
1.612621625141889670e+00
1.606691699663692408e+00
1.600832965754906745e+00
1.595044638279286664e+00
1.589325928582434155e+00
1.583676045511180686e+00
1.578094196358988288e+00
1.572579587741907758e+00
1.567131426409338779e+00
1.561748919993695583e+00
1.556431277702721161e+00
1.551177710958038913e+00
1.545987433983354142e+00
1.540859664345457070e+00
1.535793623451040313e+00
1.530788537002136351e+00
1.525843635412817756e+00
1.520958154189688827e+00
1.516131334278482790e+00
1.511362422378988990e+00
1.506650671230349792e+00
1.501995339868749557e+00
1.497395693859217003e+00
1.492851005503365913e+00
1.488360554024617644e+00
1.483923625732453289e+00
1.479539514167115932e+00
1.475207520226080593e+00
1.470926952273567290e+00
1.466697126234261184e+00
1.462517365672337810e+00
1.458387001856863652e+00
1.454305373814468672e+00
1.450271828370283123e+00
1.446285720177943990e+00
1.442346411739464207e+00
1.438453273415752909e+00
1.434605683428455736e+00
1.430803027853773113e+00
1.427044700608890437e+00
1.423330103431590166e+00
1.419658645853561385e+00
1.416029745167957987e+00
1.412442826391638429e+00
1.408897322222538939e+00
1.405392672992606506e+00
1.401928326616669329e+00
1.398503738537592467e+00
1.395118371668092383e+00
1.391771696329477503e+00
1.388463190187660068e+00
1.385192338186665983e+00
1.381958632479946214e+00
1.378761572359680221e+00
1.375600664184350119e+00
1.372475421304736098e+00
1.369385363988573356e+00
1.366330019344020652e+00
1.363308921242130989e+00
1.360321610238464540e+00
1.357367633493993031e+00
1.354446544695449894e+00
1.351557903975196817e+00
1.348701277830808287e+00
1.345876239044390132e+00
1.343082366601812794e+00
1.340319245611891974e+00
1.337586467225630571e+00
1.334883628555596502e+00
1.332210332595515911e+00
1.329566188140125726e+00
1.326950809705370826e+00
1.324363817449003777e+00
1.321804837091606677e+00
1.319273499838125918e+00
1.316769442299934534e+00
1.314292306417468748e+00
1.311841739383481809e+00
1.309417393566933097e+00
1.307018926437560236e+00
1.304646000491143543e+00
1.302298283175499893e+00
1.299975446817217994e+00
1.297677168549157045e+00
1.295403130238730771e+00
1.293153018416979716e+00
1.290926524208460435e+00
1.288723343261940935e+00
1.286543175681932993e+00
1.284385725961057378e+00
1.282250702913251716e+00
1.280137819607815031e+00
1.278046793304322470e+00
1.275977345388362272e+00
1.273929201308162229e+00
1.271902090512030847e+00
1.269895746386683788e+00
1.267909906196410530e+00
1.265944311023075031e+00
1.263998705706991910e+00
1.262072838788623308e+00
1.260166462451116409e+00
1.258279332463691169e+00
1.256411208125834289e+00
1.254561852212330075e+00
1.252731030919103095e+00
1.250918513809871957e+00
1.249124073763602016e+00
1.247347486922764759e+00
1.245588532642367463e+00
1.243846993439782000e+00
1.242122654945326810e+00
1.240415305853639127e+00
1.238724737875767978e+00
1.237050745692046316e+00
1.235393126905681482e+00
1.233751681997085070e+00
1.232126214278918885e+00
1.230516529851851226e+00
1.228922437561025260e+00
1.227343748953199531e+00
1.225780278234605669e+00
1.224231842229441369e+00
1.222698260339067033e+00
1.221179354501830128e+00
1.219674949153555676e+00
1.218184871188660257e+00
1.216708949921911476e+00
1.215247017050790301e+00
1.213798906618478446e+00
1.212364454977436168e+00
1.210943500753580926e+00
1.209535884811048456e+00
1.208141450217524504e+00
1.206760042210144768e+00
1.205391508161957947e+00
1.204035697548929917e+00
1.202692461917490574e+00
1.201361654852615146e+00
1.200043131946429531e+00
1.198736750767317227e+00
1.197442370829558289e+00
1.196159853563442788e+00
1.194889062285890757e+00
1.193629862171542655e+00
1.192382120224338315e+00
1.191145705249553099e+00
1.189920487826292783e+00
1.188706340280452078e+00
1.187503136658102809e+00
1.186310752699327287e+00
1.185129065812486449e+00
1.183957955048896116e+00
1.182797301077934904e+00
1.181646986162549373e+00
1.180506894135170626e+00
1.179376910374017484e+00
1.178256921779789801e+00
1.177146816752754566e+00
1.176046485170191058e+00
1.174955818364216142e+00
1.173874709099971936e+00
1.172803051554163867e+00
1.171740741293960220e+00
1.170687675256224969e+00
1.169643751727097225e+00
1.168608870321899529e+00
1.167582931965380988e+00
1.166565838872274163e+00
1.165557494528169924e+00
1.164557803670705605e+00
1.163566672271065139e+00
1.162584007515763629e+00
1.161609717788741669e+00
1.160643712653744775e+00
1.159685902836988802e+00
1.158736200210104927e+00
1.157794517773359289e+00
1.156860769639150188e+00
1.155934871015763310e+00
1.155016738191391390e+00
1.154106288518415457e+00
1.153203440397932988e+00
1.152308113264536304e+00
1.151420227571340549e+00
1.150539704775242589e+00
1.149666467322423058e+00
1.148800438634077770e+00
1.147941543092376726e+00
1.147089706026648059e+00
1.146244853699783794e+00
1.145406913294856555e+00
1.144575812901956979e+00
1.143751481505232537e+00
1.142933848970138389e+00
1.142122846030886762e+00
1.141318404278092835e+00
1.140520456146624673e+00
1.139728934903633251e+00
1.138943774636778539e+00
1.138164910242641881e+00
1.137392277415317121e+00
1.136625812635178701e+00
1.135865453157835603e+00
1.135111137003245840e+00
1.134362802945011239e+00
1.133620390499835429e+00
1.132883839917142366e+00
1.132153092168868724e+00
1.131428088939400389e+00
1.130708772615673263e+00
1.129995086277431726e+00
1.129286973687627649e+00
1.128584379282973948e+00
1.127887248164646694e+00
1.127195526089125766e+00
1.126509159459177400e+00
1.125828095314979294e+00
1.125152281325378478e+00
1.124481665779282435e+00
1.123816197577188536e+00
1.123155826222833831e+00
1.122500501814982066e+00
1.121850175039327047e+00
1.121204797160528344e+00
1.120564320014358906e+00
1.119928695999979906e+00
1.119297878072328389e+00
1.118671819734622819e+00
1.118050475030978319e+00
1.117433798539138712e+00
1.116821745363313134e+00
1.116214271127123681e+00
1.115611331966658515e+00
1.115012884523629566e+00
1.114418885938629034e+00
1.113829293844497137e+00
1.113244066359775575e+00
1.112663162082266455e+00
1.112086540082690478e+00
1.111514159898429943e+00
1.110945981527373450e+00
1.110381965421848083e+00
1.109822072482638866e+00
1.109266264053104356e+00
1.108714501913373507e+00
1.108166748274626912e+00
1.107622965773468193e+00
1.107083117466372224e+00
1.106547166824219053e+00
1.106015077726905549e+00
1.105486814458038314e+00
1.104962341699700312e+00
1.104441624527298771e+00
1.103924628404485020e+00
1.103411319178147609e+00
1.102901663073482030e+00
1.102395626689129937e+00
1.101893176992382983e+00
1.101394281314470147e+00
1.100898907345898126e+00
1.100407023131867446e+00
1.099918597067753412e+00
1.099433597894649450e+00
1.098951994694978840e+00
1.098473756888163733e+00
1.097998854226361232e+00
1.097527256790257422e+00
1.097058934984924239e+00
1.096593859535729854e+00
1.096132001484314555e+00
1.095673332184619042e+00
1.095217823298969995e+00
1.094765446794222052e+00
1.094316174937951303e+00
1.093869980294708499e+00
1.093426835722319579e+00
1.092986714368239243e+00
1.092549589665958276e+00
1.092115435331459938e+00
1.091684225359724980e+00
1.091255934021285290e+00
1.090830535858830608e+00
1.090408005683854542e+00
1.089988318573354764e+00
1.089571449866573394e+00
1.089157375161787566e+00
1.088746070313140857e+00
1.088337511427518889e+00
1.087931674861471132e+00
1.087528537218171776e+00
1.087128075344424794e+00
1.086730266327708971e+00
1.086335087493261575e+00
1.085942516401208646e+00
1.085552530843727048e+00
1.085165108842249593e+00
1.084780228644706357e+00
1.084397868722806635e+00
1.084018007769352865e+00
1.083640624695598076e+00
1.083265698628630425e+00
1.082893208908801030e+00
1.082523135087183341e+00
1.082155456923065140e+00
1.081790154381478075e+00
1.081427207630757614e+00
1.081066597040137856e+00
1.080708303177375429e+00
1.080352306806410478e+00
1.079998588885053179e+00
1.079647130562706225e+00
1.079297913178113077e+00
1.078950918257140623e+00
1.078606127510588042e+00
1.078263522832027421e+00
1.077923086295668798e+00
1.077584800154260058e+00
1.077248646837008383e+00
1.076914608947531660e+00
1.076582669261838987e+00
1.076252810726333164e+00
1.075925016455843375e+00
1.075599269731681851e+00
1.075275553999727407e+00
1.074953852868531623e+00
1.074634150107451669e+00
1.074316429644808002e+00
1.074000675566064933e+00
1.073686872112033397e+00
1.073375003677101258e+00
1.073065054807482932e+00
1.072757010199491434e+00
1.072450854697837963e+00
1.072146573293944805e+00
1.071844151124288880e+00
1.071543573468759725e+00
1.071244825749044560e+00
1.070947893527026906e+00
1.070652762503213618e+00
1.070359418515175687e+00
1.070067847536012584e+00
1.069778035672835248e+00
1.069489969165267285e+00
1.069203634383967705e+00
1.068919017829168538e+00
1.068636106129237096e+00
1.068354886039247997e+00
1.068075344439583629e+00
1.067797468334540811e+00
1.067521244850965223e+00
1.067246661236896266e+00
1.066973704860233241e+00
1.066702363207414628e+00
1.066432623882116237e+00
1.066164474603966017e+00
1.065897903207272845e+00
1.065632897639772647e+00
1.065369445961390271e+00
1.065107536343016692e+00
1.064847157065298644e+00
1.064588296517450017e+00
1.064330943196068802e+00
1.064075085703977130e+00
1.063820712749070196e+00
1.063567813143182939e+00
1.063316375800964941e+00
1.063066389738779538e+00
1.062817844073603801e+00
1.062570728021952737e+00
1.062325030898809031e+00
1.062080742116571441e+00
1.061837851184013193e+00
1.061596347705251020e+00
1.061356221378733977e+00
1.061117461996235134e+00
1.060880059441862366e+00
1.060644003691079806e+00
1.060409284809739061e+00
1.060175892953122201e+00
1.059943818365000512e+00
1.059713051376699688e+00
1.059483582406177238e+00
1.059255401957114318e+00
1.059028500618013569e+00
1.058802869061311602e+00
1.058578498042500815e+00
1.058355378399261415e+00
1.058133501050602554e+00
1.057912856996017670e+00
1.057693437314644935e+00
1.057475233164441031e+00
1.057258235781365130e+00
1.057042436478568215e+00
1.056827826645597268e+00
1.056614397747606127e+00
1.056402141324574773e+00
1.056191048990541059e+00
1.055981112432837099e+00
1.055772323411340086e+00
1.055564673757726446e+00
1.055358155374736429e+00
1.055152760235451570e+00
1.054948480382572829e+00
