0	0
.01	0
.02	0
.03	0
.04	0
.05	0
.06	0
.07	0
.08	0
.09	0
.1	0
.11	0
.12	0
.13	0
.14	0
.15	0
.16	0
.17	0
.18	0
.19	0
.2	0
.21	0
.22	0
.23	0
.24	0
.25	0
.26	0
.27	0
.28	0
.29	0
.3	0
.31	0
.32	0
.33	3.72E-08
.34	3.72E-08
.35	4.47E-08
.36	4.47E-08
.37	5.21E-08
.38	5.21E-08
.39	5.96E-08
.4	6.70E-08
.41	6.70E-08
.42	7.45E-08
.43	8.19E-08
.44	8.94E-08
.45	8.94E-08
.46	9.68E-08
.47	1.04E-07
.48	1.11E-07
.49	1.19E-07
.5	1.26E-07
.51	1.34E-07
.52	1.41E-07
.53	1.49E-07
.54	1.63E-07
.55	1.71E-07
.56	1.78E-07
.57	1.86E-07
.58	2.01E-07
.59	2.08E-07
.6	2.23E-07
.61	2.30E-07
.62	2.45E-07
.63	2.53E-07
.64	2.68E-07
.65	2.83E-07
.66	2.98E-07
.67	3.05E-07
.68	3.20E-07
.69	3.35E-07
.7	3.50E-07
.71	3.65E-07
.72	3.87E-07
.73	4.02E-07
.74	4.17E-07
.75	4.32E-07
.76	4.54E-07
.77	4.69E-07
.78	4.91E-07
.79	5.06E-07
.8	5.28E-07
.81	5.43E-07
.82	5.66E-07
.83	5.88E-07
.84	6.10E-07
.85	6.33E-07
.86	6.55E-07
.87	6.78E-07
.88	7.00E-07
.89	7.22E-07
.9	7.52E-07
.91	7.74E-07
.92	8.04E-07
.93	8.27E-07
.94	8.56E-07
.95	8.86E-07
.96	9.08E-07
.97	9.38E-07
.98	9.68E-07
.99	9.98E-07
1	1.02E-06
1.01	1.06E-06
1.02	1.09E-06
1.03	1.12E-06
1.04	1.16E-06
1.05	1.19E-06
1.06	1.22E-06
1.07	1.26E-06
1.08	1.30E-06
1.09	1.33E-06
1.1	1.37E-06
1.11	1.41E-06
1.12	1.45E-06
1.13	1.49E-06
1.14	1.52E-06
1.15	1.57E-06
1.16	1.60E-06
1.17	1.65E-06
1.18	1.69E-06
1.19	1.74E-06
1.2	1.78E-06
1.21	1.83E-06
1.22	1.87E-06
1.23	1.92E-06
1.24	1.97E-06
1.25	2.01E-06
1.26	2.07E-06
1.27	2.11E-06
1.28	2.16E-06
1.29	2.22E-06
1.3	2.27E-06
1.31	2.32E-06
1.32	2.38E-06
1.33	2.43E-06
1.34	2.48E-06
1.35	2.54E-06
1.36	2.60E-06
1.37	2.65E-06
1.38	2.71E-06
1.39	2.77E-06
1.4	2.84E-06
1.41	2.90E-06
1.42	2.96E-06
1.43	3.03E-06
1.44	3.09E-06
1.45	3.15E-06
1.46	3.22E-06
1.47	3.29E-06
1.48	3.36E-06
1.49	3.43E-06
1.5	3.50E-06
1.51	3.57E-06
1.52	3.64E-06
1.53	3.71E-06
1.54	3.79E-06
1.55	3.86E-06
1.56	3.94E-06
1.57	4.02E-06
1.58	4.09E-06
1.59	4.17E-06
1.6	4.26E-06
1.61	4.33E-06
1.62	4.41E-06
1.63	4.50E-06
1.64	4.58E-06
1.65	4.67E-06
1.66	4.76E-06
1.67	4.85E-06
1.68	4.93E-06
1.69	5.02E-06
1.7	5.11E-06
1.71	5.20E-06
1.72	5.30E-06
1.73	5.39E-06
1.74	5.49E-06
1.75	5.58E-06
1.76	5.68E-06
1.77	5.78E-06
1.78	5.88E-06
1.79	5.98E-06
1.8	6.08E-06
1.81	6.19E-06
1.82	6.29E-06
1.83	6.40E-06
1.84	6.50E-06
1.85	6.61E-06
1.86	6.72E-06
1.87	6.83E-06
1.88	6.95E-06
1.89	7.06E-06
1.9	7.17E-06
1.91	7.29E-06
1.92	7.40E-06
1.93	7.52E-06
1.94	7.64E-06
1.95	7.76E-06
1.96	7.89E-06
1.97	8.00E-06
1.98	8.13E-06
1.99	8.26E-06
2	8.38E-06
2.01	8.51E-06
2.02	8.65E-06
2.03	8.77E-06
2.04	8.91E-06
2.05	9.04E-06
2.06	9.17E-06
2.07	9.32E-06
2.08	9.45E-06
2.09	9.59E-06
2.1	9.73E-06
2.11	9.87E-06
2.12	.00001
2.13	.0000101
2.14	.0000103
2.15	.0000104
2.16	.0000106
2.17	.0000107
2.18	.0000109
2.19	.000011
2.2	.0000112
2.21	.0000113
2.22	.0000115
2.23	.0000117
2.24	.0000118
2.25	.000012
2.26	.0000121
2.27	.0000123
2.28	.0000125
2.29	.0000126
2.3	.0000128
2.31	.000013
2.32	.0000132
2.33	.0000133
2.34	.0000135
2.35	.0000137
2.36	.0000139
2.37	.0000141
2.38	.0000142
2.39	.0000144
2.4	.0000146
2.41	.0000148
2.42	.000015
2.43	.0000152
2.44	.0000154
2.45	.0000156
2.46	.0000158
2.47	.000016
2.48	.0000162
2.49	.0000164
2.5	.0000166
2.51	.0000168
2.52	.000017
2.53	.0000172
2.54	.0000174
2.55	.0000176
2.56	.0000178
2.57	.0000181
2.58	.0000183
2.59	.0000185
2.6	.0000187
2.61	.0000189
2.62	.0000192
2.63	.0000194
2.64	.0000196
2.65	.0000199
2.66	.0000201
2.67	.0000203
2.68	.0000206
2.69	.0000208
2.7	.000021
2.71	.0000213
2.72	.0000215
2.73	.0000218
2.74	.000022
2.75	.0000223
2.76	.0000225
2.77	.0000228
2.78	.000023
2.79	.0000233
2.8	.0000236
2.81	.0000238
2.82	.0000241
2.83	.0000244
2.84	.0000246
2.85	.0000249
2.86	.0000252
2.87	.0000254
2.88	.0000257
2.89	.000026
2.9	.0000263
2.91	.0000266
2.92	.0000269
2.93	.0000271
2.94	.0000274
2.95	.0000277
2.96	.000028
2.97	.0000283
2.98	.0000286
2.99	.0000289
3	.0000292
3.01	.0000295
3.02	.0000298
3.03	.0000302
3.04	.0000305
3.05	.0000308
3.06	.0000311
3.07	.0000314
3.08	.0000317
3.09	.0000321
3.1	.0000324
3.11	.0000327
3.12	.0000331
3.13	.0000334
3.14	.0000337
3.15	.0000341
3.16	.0000344
3.17	.0000347
3.18	.0000351
3.19	.0000354
3.2	.0000358
3.21	.0000361
3.22	.0000365
3.23	.0000369
3.24	.0000372
3.25	.0000376
3.26	.000038
3.27	.0000383
3.28	.0000387
3.29	.0000391
3.3	.0000394
3.31	.0000398
3.32	.0000402
3.33	.0000406
3.34	.000041
3.35	.0000414
3.36	.0000418
3.37	.0000422
3.38	.0000425
3.39	.0000429
3.4	.0000433
3.41	.0000438
3.42	.0000442
3.43	.0000446
3.44	.000045
3.45	.0000454
3.46	.0000458
3.47	.0000462
3.48	.0000467
3.49	.0000471
3.5	.0000475
3.51	.000048
3.52	.0000484
3.53	.0000488
3.54	.0000493
3.55	.0000497
3.56	.0000502
3.57	.0000506
3.58	.0000511
3.59	.0000515
3.6	.000052
3.61	.0000525
3.62	.0000529
3.63	.0000534
3.64	.0000539
3.65	.0000543
3.66	.0000548
3.67	.0000553
3.68	.0000558
3.69	.0000563
3.7	.0000567
3.71	.0000572
3.72	.0000577
3.73	.0000582
3.74	.0000587
3.75	.0000592
3.76	.0000598
3.77	.0000603
3.78	.0000608
3.79	.0000613
3.8	.0000618
3.81	.0000623
3.82	.0000629
3.83	.0000634
3.84	.0000639
3.85	.0000645
3.86	.000065
3.87	.0000656
3.88	.0000661
3.89	.0000667
3.9	.0000672
3.91	.0000678
3.92	.0000683
3.93	.0000689
3.94	.0000695
3.95	.00007
3.96	.0000706
3.97	.0000712
3.98	.0000718
3.99	.0000724
4	.0000729
4.01	.0000735
4.02	.0000741
4.03	.0000747
4.04	.0000753
4.05	.0000759
4.06	.0000766
4.07	.0000772
4.08	.0000778
4.09	.0000784
4.1	.000079
4.11	.0000797
4.12	.0000803
4.13	.0000809
4.14	.0000816
4.15	.0000822
4.16	.0000829
4.17	.0000835
4.18	.0000842
4.19	.0000848
4.2	.0000855
4.21	.0000862
4.22	.0000868
4.23	.0000875
4.24	.0000882
4.25	.0000889
4.26	.0000896
4.27	.0000902
4.28	.0000909
4.29	.0000916
4.3	.0000923
4.31	.000093
4.32	.0000938
4.33	.0000945
4.34	.0000952
4.35	.0000959
4.36	.0000966
4.37	.0000974
4.38	.0000981
4.39	.0000988
4.4	.0000996
4.41	.0001003
4.42	.0001011
4.43	.0001019
4.44	.0001026
4.45	.0001034
4.46	.0001041
4.47	.0001049
4.48	.0001057
4.49	.0001065
4.5	.0001073
4.51	.0001081
4.52	.0001089
4.53	.0001097
4.54	.0001105
4.55	.0001113
4.56	.0001121
4.57	.0001129
4.58	.0001137
4.59	.0001146
4.6	.0001154
4.61	.0001162
4.62	.0001171
4.63	.0001179
4.64	.0001188
4.65	.0001196
4.66	.0001205
4.67	.0001213
4.68	.0001222
4.69	.0001231
4.7	.000124
4.71	.0001249
4.72	.0001257
4.73	.0001266
4.74	.0001275
4.75	.0001284
4.76	.0001294
4.77	.0001303
4.78	.0001312
4.79	.0001321
4.8	.000133
4.81	.000134
4.82	.0001349
4.83	.0001358
4.84	.0001368
4.85	.0001378
4.86	.0001387
4.87	.0001397
4.88	.0001406
4.89	.0001416
4.9	.0001426
4.91	.0001436
4.92	.0001446
4.93	.0001456
4.94	.0001466
4.95	.0001476
4.96	.0001486
4.97	.0001496
4.98	.0001506
4.99	.0001517
5	.0001527
5.01	.0001537
5.02	.0001548
5.03	.0001558
5.04	.0001569
5.05	.000158
5.06	.000159
5.07	.0001601
5.08	.0001612
5.09	.0001623
5.1	.0001634
5.11	.0001645
5.12	.0001656
5.13	.0001668
5.14	.0001679
5.15	.0001691
5.16	.0001703
5.17	.0001715
5.18	.0001727
5.19	.000174
5.2	.0001753
5.21	.0001766
5.22	.0001779
5.23	.0001793
5.24	.0001807
5.25	.0001822
5.26	.0001837
5.27	.0001852
5.28	.0001869
5.29	.0001885
5.3	.0001903
5.31	.0001921
5.32	.000194
5.33	.000196
5.34	.000198
5.35	.0002001
5.36	.0002022
5.37	.0002045
5.38	.0002068
5.39	.0002091
5.4	.0002115
5.41	.0002139
5.42	.0002164
5.43	.0002189
5.44	.0002214
5.45	.000224
5.46	.0002266
5.47	.0002293
5.48	.000232
5.49	.0002348
5.5	.0002377
5.51	.0002406
5.52	.0002437
5.53	.000247
5.54	.0002504
5.55	.000254
5.56	.0002579
5.57	.000262
5.58	.0002663
5.59	.000271
5.6	.0002759
5.61	.0002812
5.62	.0002868
5.63	.0002927
5.64	.000299
5.65	.0003056
5.66	.0003126
5.67	.0003198
5.68	.0003274
5.69	.0003353
5.7	.0003436
5.71	.0003521
5.72	.0003609
5.73	.00037
5.74	.0003793
5.75	.000389
5.76	.0003989
5.77	.0004091
5.78	.0004196
5.79	.0004305
5.8	.0004416
5.81	.0004531
5.82	.0004649
5.83	.0004772
5.84	.0004899
5.85	.000503
5.86	.0005166
5.87	.0005308
5.88	.0005456
5.89	.000561
5.9	.0005771
5.91	.0005939
5.92	.0006115
5.93	.00063
5.94	.0006493
5.95	.0006695
5.96	.0006907
5.97	.0007128
5.98	.0007358
5.99	.0007598
6	.0007846
6.01	.0008103
6.02	.0008368
6.03	.000864
6.04	.0008919
6.05	.0009203
6.06	.0009492
6.07	.0009786
6.08	.0010083
6.09	.0010384
6.1	.0010687
6.11	.0010992
6.12	.0011301
6.13	.0011612
6.14	.0011926
6.15	.0012244
6.16	.0012566
6.17	.0012894
6.18	.0013227
6.19	.0013567
6.2	.0013915
6.21	.001427
6.22	.0014634
6.23	.0015007
6.24	.001539
6.25	.0015783
6.26	.0016186
6.27	.00166
6.28	.0017025
6.29	.0017462
6.3	.001791
6.31	.001837
6.32	.0018842
6.33	.0019327
6.34	.0019825
6.35	.0020334
6.36	.0020856
6.37	.0021391
6.38	.0021937
6.39	.0022494
6.4	.0023061
6.41	.002364
6.42	.0024228
6.43	.0024825
6.44	.0025433
6.45	.002605
6.46	.0026677
6.47	.0027315
6.48	.0027965
6.49	.0028628
6.5	.0029306
6.51	.0030001
6.52	.0030713
6.53	.0031446
6.54	.0032201
6.55	.003298
6.56	.0033784
6.57	.0034614
6.58	.0035473
6.59	.0036359
6.6	.0037274
6.61	.0038218
6.62	.003919
6.63	.0040191
6.64	.0041219
6.65	.0042274
6.66	.0043356
6.67	.0044464
6.68	.0045599
6.69	.004676
6.7	.0047947
6.71	.0049163
6.72	.0050407
6.73	.0051681
6.74	.0052988
6.75	.0054328
6.76	.0055705
6.77	.0057121
6.78	.0058577
6.79	.0060076
6.8	.0061621
6.81	.0063213
6.82	.0064855
6.83	.0066547
6.84	.0068292
6.85	.0070092
6.86	.0071948
6.87	.0073861
6.88	.0075833
6.89	.0077867
6.9	.0079963
6.91	.0082124
6.92	.008435
6.93	.0086645
6.94	.0089009
6.95	.0091443
6.96	.0093949
6.97	.0096526
6.98	.0099174
6.99	.010189
7	.010468
7.01	.010753
7.02	.011045
7.03	.011344
7.04	.01165
7.05	.011962
7.06	.012281
7.07	.012607
7.08	.01294
7.09	.01328
7.1	.013629
7.11	.013986
7.12	.014352
7.13	.014728
7.14	.015113
7.15	.015509
7.16	.015915
7.17	.016332
7.18	.01676
7.19	.017199
7.2	.017649
7.21	.01811
7.22	.018581
7.23	.019062
7.24	.019554
7.25	.020056
7.26	.020569
7.27	.021092
7.28	.021626
7.29	.022171
7.3	.022727
7.31	.023296
7.32	.023877
7.33	.02447
7.34	.025078
7.35	.025699
7.36	.026334
7.37	.026985
7.38	.02765
7.39	.02833
7.4	.029026
7.41	.029738
7.42	.030466
7.43	.03121
7.44	.03197
7.45	.032747
7.46	.03354
7.47	.034349
7.48	.035175
7.49	.036017
7.5	.036875
7.51	.037748
7.52	.038638
7.53	.039542
7.54	.040461
7.55	.041394
7.56	.042342
7.57	.043304
7.58	.04428
7.59	.045269
7.6	.046272
7.61	.047287
7.62	.048315
7.63	.049356
7.64	.050409
7.65	.051475
7.66	.052553
7.67	.053644
7.68	.054749
7.69	.055867
7.7	.057
7.71	.058148
7.72	.059312
7.73	.060492
7.74	.06169
7.75	.062906
7.76	.064141
7.77	.065394
7.78	.066667
7.79	.067958
7.8	.069269
7.81	.070598
7.82	.071945
7.83	.07331
7.84	.074693
7.85	.076092
7.86	.077508
7.87	.078939
7.88	.080386
7.89	.081847
7.9	.083323
7.91	.084813
7.92	.086316
7.93	.087834
7.94	.089364
7.95	.090909
7.96	.092468
7.97	.094041
7.98	.095629
7.99	.097232
8	.098852
8.01	.10048
8.02	.10214
8.03	.10381
8.04	.1055
8.05	.1072
8.06	.10893
8.07	.11067
8.08	.11243
8.09	.11421
8.1	.11601
8.11	.11783
8.12	.11966
8.13	.12152
8.14	.12339
8.15	.12527
8.16	.12718
8.17	.12911
8.18	.13105
8.19	.13302
8.2	.135
8.21	.13701
8.22	.13904
8.23	.14109
8.24	.14316
8.25	.14525
8.26	.14737
8.27	.14951
8.28	.15167
8.29	.15385
8.3	.15605
8.31	.15828
8.32	.16053
8.33	.1628
8.34	.16509
8.35	.16741
8.36	.16975
8.37	.17212
8.38	.17451
8.39	.17692
8.4	.17936
8.41	.18182
8.42	.18431
8.43	.18682
8.44	.18935
8.45	.19191
8.46	.19449
8.47	.1971
8.48	.19973
8.49	.20238
8.5	.20506
8.51	.20777
8.52	.2105
8.53	.21326
8.54	.21605
8.55	.21887
8.56	.22171
8.57	.22459
8.58	.2275
8.59	.23044
8.6	.2334
8.61	.23639
8.62	.23941
8.63	.24246
8.64	.24552
8.65	.24861
8.66	.25172
8.67	.25484
8.68	.25798
8.69	.26114
8.7	.26431
8.71	.26749
8.72	.27069
8.73	.27391
8.74	.27714
8.75	.28039
8.76	.28366
8.77	.28695
8.78	.29027
8.79	.2936
8.8	.29696
8.81	.30035
8.82	.30377
8.83	.30721
8.84	.31067
8.85	.31416
8.86	.31768
8.87	.32122
8.88	.32477
8.89	.32835
8.9	.33195
8.91	.33555
8.92	.33918
8.93	.34281
8.94	.34645
8.95	.3501
8.96	.35376
8.97	.35742
8.98	.36109
8.99	.36477
9	.36845
9.01	.37213
9.02	.37583
9.03	.37952
9.04	.38323
9.05	.38694
9.06	.39066
9.07	.39439
9.08	.39813
9.09	.40188
9.1	.40565
9.11	.40943
9.12	.41323
9.13	.41704
9.14	.42087
9.15	.42471
9.16	.42858
9.17	.43245
9.18	.43634
9.19	.44025
9.2	.44416
9.21	.44809
9.22	.45203
9.23	.45597
9.24	.45993
9.25	.46389
9.26	.46785
9.27	.47182
9.28	.47579
9.29	.47977
9.3	.48374
9.31	.48771
9.32	.49168
9.33	.49565
9.34	.49962
9.35	.50358
9.36	.50754
9.37	.5115
9.38	.51545
9.39	.51941
9.4	.52336
9.41	.52731
9.42	.53126
9.43	.53521
9.44	.53916
9.45	.54311
9.46	.54706
9.47	.55101
9.48	.55497
9.49	.55892
9.5	.56288
9.51	.56683
9.52	.57078
9.53	.57474
9.54	.57869
9.55	.58264
9.56	.58659
9.57	.59054
9.58	.59449
9.59	.59843
9.6	.60238
9.61	.60632
9.62	.61025
9.63	.61419
9.64	.61812
9.65	.62205
9.66	.62597
9.67	.62988
9.68	.6338
9.69	.6377
9.7	.6416
9.71	.64549
9.72	.64938
9.73	.65326
9.74	.65713
9.75	.661
9.76	.66486
9.77	.66871
9.78	.67256
9.79	.6764
9.8	.68024
9.81	.68407
9.82	.6879
9.83	.69172
9.84	.69553
9.85	.69933
9.86	.70312
9.87	.70691
9.88	.71068
9.89	.71445
9.9	.7182
9.91	.72194
9.92	.72568
9.93	.7294
9.94	.73312
9.95	.73682
9.96	.74052
9.97	.74421
9.98	.74789
9.99	.75157
10	.75525
10.01	.75891
10.02	.76257
10.03	.76623
10.04	.76988
10.05	.77353
10.06	.77716
10.07	.7808
10.08	.78442
10.09	.78804
10.1	.79165
10.11	.79526
10.12	.79886
10.13	.80245
10.14	.80604
10.15	.80962
10.16	.81319
10.17	.81676
10.18	.82033
10.19	.82389
10.2	.82744
10.21	.83099
10.22	.83454
10.23	.83809
10.24	.84163
10.25	.84517
10.26	.8487
10.27	.85223
10.28	.85576
10.29	.85929
10.3	.86282
10.31	.86634
10.32	.86987
10.33	.87339
10.34	.87691
10.35	.88044
10.36	.88396
10.37	.88748
10.38	.891
10.39	.89452
10.4	.89803
10.41	.90155
10.42	.90507
10.43	.90858
10.44	.9121
10.45	.91561
10.46	.91913
10.47	.92264
10.48	.92615
10.49	.92966
10.5	.93317
10.51	.93668
10.52	.94019
10.53	.9437
10.54	.94722
10.55	.95073
10.56	.95424
10.57	.95776
10.58	.96128
10.59	.9648
10.6	.96832
10.61	.97185
10.62	.97538
10.63	.97891
10.64	.98245
10.65	.98599
10.66	.98953
10.67	.99308
10.68	.99663
10.69	1.0001
10.7	1.0037
10.71	1.0073
10.72	1.0108
10.73	1.0144
10.74	1.018
10.75	1.0216
10.76	1.0252
10.77	1.0288
10.78	1.0324
10.79	1.036
10.8	1.0396
10.81	1.0432
10.82	1.0468
10.83	1.0504
10.84	1.0541
10.85	1.0577
10.86	1.0614
10.87	1.065
10.88	1.0686
10.89	1.0723
10.9	1.076
10.91	1.0796
10.92	1.0833
10.93	1.0869
10.94	1.0906
10.95	1.0943
10.96	1.0979
10.97	1.1016
10.98	1.1053
10.99	1.109
11	1.1127
11.01	1.1163
11.02	1.12
11.03	1.1237
11.04	1.1275
11.05	1.1312
11.06	1.1349
11.07	1.1386
11.08	1.1424
11.09	1.1461
11.1	1.1499
11.11	1.1537
11.12	1.1574
11.13	1.1612
11.14	1.165
11.15	1.1688
11.16	1.1726
11.17	1.1765
11.18	1.1803
11.19	1.1841
11.2	1.188
11.21	1.1918
11.22	1.1957
11.23	1.1995
11.24	1.2034
11.25	1.2073
11.26	1.2111
11.27	1.215
11.28	1.2189
11.29	1.2228
11.3	1.2267
11.31	1.2306
11.32	1.2346
11.33	1.2385
11.34	1.2424
11.35	1.2464
11.36	1.2503
11.37	1.2543
11.38	1.2582
11.39	1.2622
11.4	1.2662
11.41	1.2701
11.42	1.2741
11.43	1.2781
11.44	1.2821
11.45	1.2861
11.46	1.2901
11.47	1.2942
11.48	1.2982
11.49	1.3023
11.5	1.3063
11.51	1.3104
11.52	1.3145
11.53	1.3186
11.54	1.3226
11.55	1.3268
11.56	1.3309
11.57	1.335
11.58	1.3391
11.59	1.3432
11.6	1.3474
11.61	1.3515
11.62	1.3557
11.63	1.3598
11.64	1.364
11.65	1.3682
11.66	1.3724
11.67	1.3765
11.68	1.3807
11.69	1.3849
11.7	1.3891
11.71	1.3933
11.72	1.3975
11.73	1.4017
11.74	1.406
11.75	1.4102
11.76	1.4144
11.77	1.4186
11.78	1.4228
11.79	1.4271
11.8	1.4313
11.81	1.4355
11.82	1.4398
11.83	1.444
11.84	1.4482
11.85	1.4525
11.86	1.4567
11.87	1.461
11.88	1.4652
11.89	1.4695
11.9	1.4738
11.91	1.478
11.92	1.4823
11.93	1.4866
11.94	1.4909
11.95	1.4952
11.96	1.4995
11.97	1.5038
11.98	1.5081
11.99	1.5124
12	1.5167
12.01	1.521
12.02	1.5253
12.03	1.5296
12.04	1.5339
12.05	1.5382
12.06	1.5425
12.07	1.5468
12.08	1.5512
12.09	1.5555
12.1	1.5598
12.11	1.5641
12.12	1.5684
12.13	1.5728
12.14	1.5771
12.15	1.5814
12.16	1.5858
12.17	1.5901
12.18	1.5945
12.19	1.5988
12.2	1.6032
12.21	1.6076
12.22	1.612
12.23	1.6164
12.24	1.6208
12.25	1.6252
12.26	1.6296
12.27	1.634
12.28	1.6384
12.29	1.6428
12.3	1.6472
12.31	1.6517
12.32	1.6561
12.33	1.6605
12.34	1.665
12.35	1.6694
12.36	1.6739
12.37	1.6783
12.38	1.6828
12.39	1.6872
12.4	1.6917
12.41	1.6962
12.42	1.7007
12.43	1.7052
12.44	1.7097
12.45	1.7142
12.46	1.7187
12.47	1.7232
12.48	1.7277
12.49	1.7323
12.5	1.7369
12.51	1.7414
12.52	1.746
12.53	1.7506
12.54	1.7552
12.55	1.7599
12.56	1.7645
12.57	1.7692
12.58	1.7738
12.59	1.7785
12.6	1.7832
12.61	1.7879
12.62	1.7926
12.63	1.7974
12.64	1.8021
12.65	1.8068
12.66	1.8116
12.67	1.8164
12.68	1.8212
12.69	1.826
12.7	1.8308
12.71	1.8356
12.72	1.8405
12.73	1.8454
12.74	1.8503
12.75	1.8553
12.76	1.8603
12.77	1.8653
12.78	1.8703
12.79	1.8754
12.8	1.8806
12.81	1.8857
12.82	1.8909
12.83	1.8962
12.84	1.9015
12.85	1.9069
12.86	1.9123
12.87	1.9178
12.88	1.9233
12.89	1.9289
12.9	1.9345
12.91	1.9402
12.92	1.9459
12.93	1.9517
12.94	1.9576
12.95	1.9636
12.96	1.9696
12.97	1.9756
12.98	1.9818
12.99	1.988
13	1.9943
13.01	2.0007
13.02	2.0071
13.03	2.0137
13.04	2.0203
13.05	2.027
13.06	2.0338
13.07	2.0408
13.08	2.0478
13.09	2.0548
13.1	2.062
13.11	2.0693
13.12	2.0766
13.13	2.0841
13.14	2.0916
13.15	2.0991
13.16	2.1067
13.17	2.1144
13.18	2.1221
13.19	2.1298
13.2	2.1375
13.21	2.1453
13.22	2.153
13.23	2.1607
13.24	2.1683
13.25	2.176
13.26	2.1835
13.27	2.1911
13.28	2.1985
13.29	2.2059
13.3	2.2132
13.31	2.2204
13.32	2.2275
13.33	2.2346
13.34	2.2415
13.35	2.2484
13.36	2.2552
13.37	2.2619
13.38	2.2685
13.39	2.275
13.4	2.2815
13.41	2.2878
13.42	2.2941
13.43	2.3003
13.44	2.3065
13.45	2.3125
13.46	2.3185
13.47	2.3245
13.48	2.3303
13.49	2.3361
13.5	2.3419
13.51	2.3475
13.52	2.3532
13.53	2.3587
13.54	2.3642
13.55	2.3697
13.56	2.3751
13.57	2.3805
13.58	2.3858
13.59	2.3912
13.6	2.3964
13.61	2.4017
13.62	2.4069
13.63	2.412
13.64	2.4172
13.65	2.4223
13.66	2.4274
13.67	2.4325
13.68	2.4376
13.69	2.4426
13.7	2.4477
13.71	2.4527
13.72	2.4577
13.73	2.4627
13.74	2.4676
13.75	2.4726
13.76	2.4775
13.77	2.4824
13.78	2.4874
13.79	2.4923
13.8	2.4971
13.81	2.502
13.82	2.5069
13.83	2.5118
13.84	2.5166
13.85	2.5215
13.86	2.5263
13.87	2.5311
13.88	2.5359
13.89	2.5407
13.9	2.5455
13.91	2.5503
13.92	2.5551
13.93	2.5598
13.94	2.5646
13.95	2.5693
13.96	2.574
13.97	2.5787
13.98	2.5834
13.99	2.588
14	2.5927
14.01	2.5973
14.02	2.602
14.03	2.6066
14.04	2.6113
14.05	2.6159
14.06	2.6205
14.07	2.6252
14.08	2.6298
14.09	2.6345
14.1	2.6392
14.11	2.6438
14.12	2.6485
14.13	2.6532
14.14	2.658
14.15	2.6627
14.16	2.6674
14.17	2.6722
14.18	2.677
14.19	2.6818
14.2	2.6866
14.21	2.6914
14.22	2.6962
14.23	2.7011
14.24	2.7059
14.25	2.7108
14.26	2.7157
14.27	2.7206
14.28	2.7255
14.29	2.7304
14.3	2.7353
14.31	2.7402
14.32	2.7452
14.33	2.7501
14.34	2.7551
14.35	2.7601
14.36	2.7651
14.37	2.7701
14.38	2.7751
14.39	2.7801
14.4	2.7852
14.41	2.7902
14.42	2.7953
14.43	2.8004
14.44	2.8055
14.45	2.8106
14.46	2.8157
14.47	2.8209
14.48	2.8261
14.49	2.8313
14.5	2.8365
14.51	2.8417
14.52	2.847
14.53	2.8522
14.54	2.8575
14.55	2.8628
14.56	2.8682
14.57	2.8735
14.58	2.8788
14.59	2.8842
14.6	2.8895
14.61	2.8949
14.62	2.9003
14.63	2.9056
14.64	2.911
14.65	2.9164
14.66	2.9218
14.67	2.9271
14.68	2.9325
14.69	2.9379
14.7	2.9433
14.71	2.9487
14.72	2.954
14.73	2.9594
14.74	2.9648
14.75	2.9702
14.76	2.9757
14.77	2.9811
14.78	2.9865
14.79	2.9919
14.8	2.9974
14.81	3.0028
14.82	3.0083
14.83	3.0138
14.84	3.0192
14.85	3.0247
14.86	3.0302
14.87	3.0357
14.88	3.0412
14.89	3.0467
14.9	3.0521
14.91	3.0576
14.92	3.0631
14.93	3.0686
14.94	3.0741
14.95	3.0796
14.96	3.0851
14.97	3.0905
14.98	3.096
14.99	3.1015
15	3.107
15.01	3.1124
15.02	3.1179
15.03	3.1234
15.04	3.1288
15.05	3.1343
15.06	3.1398
15.07	3.1452
15.08	3.1507
15.09	3.1561
15.1	3.1616
15.11	3.1671
15.12	3.1726
15.13	3.1781
15.14	3.1835
15.15	3.189
15.16	3.1945
15.17	3.2
15.18	3.2055
15.19	3.2109
15.2	3.2164
15.21	3.2219
15.22	3.2274
15.23	3.2328
15.24	3.2383
15.25	3.2438
15.26	3.2492
15.27	3.2547
15.28	3.2602
15.29	3.2656
15.3	3.2711
15.31	3.2766
15.32	3.282
15.33	3.2875
15.34	3.2929
15.35	3.2984
15.36	3.3038
15.37	3.3093
15.38	3.3147
15.39	3.3202
15.4	3.3256
15.41	3.331
15.42	3.3364
15.43	3.3418
15.44	3.3472
15.45	3.3526
15.46	3.358
15.47	3.3634
15.48	3.3688
15.49	3.3741
15.5	3.3795
15.51	3.3848
15.52	3.3901
15.53	3.3955
15.54	3.4008
15.55	3.4061
15.56	3.4114
15.57	3.4167
15.58	3.422
15.59	3.4273
15.6	3.4326
15.61	3.4379
15.62	3.4432
15.63	3.4485
15.64	3.4538
15.65	3.4591
15.66	3.4644
15.67	3.4696
15.68	3.4749
15.69	3.4802
15.7	3.4855
15.71	3.4908
15.72	3.496
15.73	3.5013
15.74	3.5066
15.75	3.5119
15.76	3.5171
15.77	3.5224
15.78	3.5277
15.79	3.5329
15.8	3.5382
15.81	3.5434
15.82	3.5487
15.83	3.5539
15.84	3.5591
15.85	3.5644
15.86	3.5696
15.87	3.5748
15.88	3.58
15.89	3.5853
15.9	3.5905
15.91	3.5957
15.92	3.6009
15.93	3.6061
15.94	3.6113
15.95	3.6165
15.96	3.6216
15.97	3.6268
15.98	3.632
15.99	3.6372
16	3.6424
16.01	3.6476
16.02	3.6528
16.03	3.658
16.04	3.6632
16.05	3.6684
16.06	3.6736
16.07	3.6788
16.08	3.684
16.09	3.6892
16.1	3.6944
16.11	3.6996
16.12	3.7048
16.13	3.71
16.14	3.7152
16.15	3.7204
16.16	3.7256
16.17	3.7308
16.18	3.7359
16.19	3.7411
16.2	3.7463
16.21	3.7514
16.22	3.7566
16.23	3.7617
16.24	3.7668
16.25	3.772
16.26	3.7771
16.27	3.7822
16.28	3.7873
16.29	3.7924
16.3	3.7976
16.31	3.8027
16.32	3.8078
16.33	3.8129
16.34	3.818
16.35	3.8231
16.36	3.8283
16.37	3.8334
16.38	3.8385
16.39	3.8436
16.4	3.8487
16.41	3.8539
16.42	3.859
16.43	3.8641
16.44	3.8692
16.45	3.8744
16.46	3.8795
16.47	3.8846
16.48	3.8898
16.49	3.8949
16.5	3.9
16.51	3.9051
16.52	3.9103
16.53	3.9154
16.54	3.9205
16.55	3.9256
16.56	3.9307
16.57	3.9359
16.58	3.941
16.59	3.9461
16.6	3.9512
16.61	3.9563
16.62	3.9614
16.63	3.9666
16.64	3.9717
16.65	3.9768
16.66	3.982
16.67	3.9871
16.68	3.9922
16.69	3.9974
16.7	4.0025
16.71	4.0077
16.72	4.0128
16.73	4.018
16.74	4.0231
16.75	4.0283
16.76	4.0334
16.77	4.0386
16.78	4.0437
16.79	4.0489
16.8	4.054
16.81	4.0591
16.82	4.0643
16.83	4.0694
16.84	4.0745
16.85	4.0796
16.86	4.0848
16.87	4.0899
16.88	4.095
16.89	4.1001
16.9	4.1053
16.91	4.1104
16.92	4.1156
16.93	4.1207
16.94	4.1259
16.95	4.131
16.96	4.1362
16.97	4.1413
16.98	4.1465
16.99	4.1517
17	4.1568
17.01	4.162
17.02	4.1671
17.03	4.1723
17.04	4.1775
17.05	4.1826
17.06	4.1878
17.07	4.193
17.08	4.1981
17.09	4.2033
17.1	4.2084
17.11	4.2136
17.12	4.2188
17.13	4.2239
17.14	4.2291
17.15	4.2343
17.16	4.2394
17.17	4.2446
17.18	4.2498
17.19	4.2549
17.2	4.2601
17.21	4.2653
17.22	4.2705
17.23	4.2756
17.24	4.2808
17.25	4.286
17.26	4.2912
17.27	4.2963
17.28	4.3015
17.29	4.3067
17.3	4.3119
17.31	4.317
17.32	4.3222
17.33	4.3274
17.34	4.3325
17.35	4.3377
17.36	4.3428
17.37	4.348
17.38	4.3531
17.39	4.3583
17.4	4.3634
17.41	4.3685
17.42	4.3737
17.43	4.3788
17.44	4.3839
17.45	4.389
17.46	4.3941
17.47	4.3992
17.48	4.4043
17.49	4.4094
17.5	4.4145
17.51	4.4196
17.52	4.4247
17.53	4.4298
17.54	4.4349
17.55	4.44
17.56	4.4451
17.57	4.4501
17.58	4.4552
17.59	4.4604
17.6	4.4655
17.61	4.4706
17.62	4.4757
17.63	4.4808
17.64	4.4859
17.65	4.491
17.66	4.4961
17.67	4.5012
17.68	4.5063
17.69	4.5115
17.7	4.5166
17.71	4.5217
17.72	4.5268
17.73	4.532
17.74	4.5371
17.75	4.5422
17.76	4.5474
17.77	4.5525
17.78	4.5577
17.79	4.5628
17.8	4.568
17.81	4.5731
17.82	4.5783
17.83	4.5835
17.84	4.5886
17.85	4.5938
17.86	4.599
17.87	4.6042
17.88	4.6094
17.89	4.6145
17.9	4.6197
17.91	4.6249
17.92	4.6301
17.93	4.6353
17.94	4.6404
17.95	4.6456
17.96	4.6508
17.97	4.656
17.98	4.6612
17.99	4.6664
18	4.6715
18.01	4.6767
18.02	4.6819
18.03	4.6871
18.04	4.6923
18.05	4.6975
18.06	4.7027
18.07	4.7079
18.08	4.7131
18.09	4.7182
18.1	4.7234
18.11	4.7286
18.12	4.7338
18.13	4.739
18.14	4.7442
18.15	4.7494
18.16	4.7545
18.17	4.7597
18.18	4.7649
18.19	4.7701
18.2	4.7753
18.21	4.7805
18.22	4.7856
18.23	4.7908
18.24	4.796
18.25	4.8012
18.26	4.8063
18.27	4.8115
18.28	4.8167
18.29	4.8218
18.3	4.827
18.31	4.8322
18.32	4.8373
18.33	4.8425
18.34	4.8477
18.35	4.8529
18.36	4.8581
18.37	4.8633
18.38	4.8685
18.39	4.8737
18.4	4.8789
18.41	4.8841
18.42	4.8893
18.43	4.8945
18.44	4.8997
18.45	4.9049
18.46	4.9101
18.47	4.9153
18.48	4.9205
18.49	4.9257
18.5	4.9308
18.51	4.936
18.52	4.9411
18.53	4.9463
18.54	4.9514
18.55	4.9565
18.56	4.9616
18.57	4.9667
18.58	4.9718
18.59	4.9769
18.6	4.982
18.61	4.987
18.62	4.9921
18.63	4.9971
18.64	5.0021
18.65	5.0072
18.66	5.0122
18.67	5.0172
18.68	5.0222
18.69	5.0272
18.7	5.0322
18.71	5.0371
18.72	5.0421
18.73	5.0471
18.74	5.052
18.75	5.0569
18.76	5.0619
18.77	5.0668
18.78	5.0716
18.79	5.0765
18.8	5.0814
18.81	5.0862
18.82	5.0911
18.83	5.0959
18.84	5.1007
18.85	5.1055
18.86	5.1104
18.87	5.1151
18.88	5.1199
18.89	5.1247
18.9	5.1295
18.91	5.1343
18.92	5.139
18.93	5.1438
18.94	5.1485
18.95	5.1533
18.96	5.158
18.97	5.1628
18.98	5.1675
18.99	5.1723
19	5.177
19.01	5.1818
19.02	5.1865
19.03	5.1912
19.04	5.196
19.05	5.2007
19.06	5.2054
19.07	5.2102
19.08	5.2149
19.09	5.2196
19.1	5.2243
19.11	5.229
19.12	5.2338
19.13	5.2385
19.14	5.2432
19.15	5.2479
19.16	5.2526
19.17	5.2573
19.18	5.262
19.19	5.2666
19.2	5.2713
19.21	5.276
19.22	5.2807
19.23	5.2854
19.24	5.29
19.25	5.2947
19.26	5.2993
19.27	5.304
19.28	5.3086
19.29	5.3133
19.3	5.3179
19.31	5.3225
19.32	5.3272
19.33	5.3318
19.34	5.3364
19.35	5.341
19.36	5.3456
19.37	5.3502
19.38	5.3548
19.39	5.3594
19.4	5.364
19.41	5.3685
19.42	5.3731
19.43	5.3777
19.44	5.3822
19.45	5.3868
19.46	5.3913
19.47	5.3959
19.48	5.4004
19.49	5.405
19.5	5.4095
19.51	5.414
19.52	5.4186
19.53	5.4231
19.54	5.4276
19.55	5.4321
19.56	5.4366
19.57	5.4411
19.58	5.4457
19.59	5.4502
19.6	5.4547
19.61	5.4592
19.62	5.4637
19.63	5.4682
19.64	5.4727
19.65	5.4772
19.66	5.4817
19.67	5.4861
19.68	5.4906
19.69	5.4951
19.7	5.4995
19.71	5.504
19.72	5.5085
19.73	5.5129
19.74	5.5173
19.75	5.5218
19.76	5.5262
19.77	5.5306
19.78	5.535
19.79	5.5395
19.8	5.5439
19.81	5.5483
19.82	5.5527
19.83	5.5571
19.84	5.5615
19.85	5.5659
19.86	5.5704
19.87	5.5748
19.88	5.5792
19.89	5.5836
19.9	5.588
19.91	5.5924
19.92	5.5968
19.93	5.6012
19.94	5.6056
19.95	5.61
19.96	5.6144
19.97	5.6188
19.98	5.6232
19.99	5.6276
20	5.632
20.01	5.6364
20.02	5.6408
20.03	5.6452
20.04	5.6496
20.05	5.654
20.06	5.6584
20.07	5.6629
20.08	5.6673
20.09	5.6717
20.1	5.6761
20.11	5.6805
20.12	5.6849
20.13	5.6893
20.14	5.6937
20.15	5.6981
20.16	5.7024
20.17	5.7068
20.18	5.7112
20.19	5.7156
20.2	5.72
20.21	5.7243
20.22	5.7287
20.23	5.7331
20.24	5.7374
20.25	5.7418
20.26	5.7462
20.27	5.7506
20.28	5.7549
20.29	5.7593
20.3	5.7637
20.31	5.7681
20.32	5.7724
20.33	5.7768
20.34	5.7812
20.35	5.7856
20.36	5.79
20.37	5.7943
20.38	5.7987
20.39	5.8031
20.4	5.8075
20.41	5.8119
20.42	5.8162
20.43	5.8206
20.44	5.825
20.45	5.8294
20.46	5.8338
20.47	5.8381
20.48	5.8425
20.49	5.8468
20.5	5.8512
20.51	5.8556
20.52	5.8599
20.53	5.8643
20.54	5.8686
20.55	5.873
20.56	5.8773
20.57	5.8816
20.58	5.886
20.59	5.8903
20.6	5.8947
20.61	5.899
20.62	5.9034
20.63	5.9077
20.64	5.912
20.65	5.9164
20.66	5.9207
20.67	5.925
20.68	5.9294
20.69	5.9337
20.7	5.938
20.71	5.9423
20.72	5.9466
20.73	5.9509
20.74	5.9553
20.75	5.9596
20.76	5.9639
20.77	5.9682
20.78	5.9725
20.79	5.9768
20.8	5.9811
20.81	5.9854
20.82	5.9897
20.83	5.994
20.84	5.9983
20.85	6.0026
20.86	6.0069
20.87	6.0113
20.88	6.0156
20.89	6.0199
20.9	6.0242
20.91	6.0285
20.92	6.0329
20.93	6.0372
20.94	6.0415
20.95	6.0459
20.96	6.0502
20.97	6.0546
20.98	6.0589
20.99	6.0633
21	6.0676
21.01	6.072
21.02	6.0763
21.03	6.0807
21.04	6.085
21.05	6.0894
21.06	6.0937
21.07	6.0981
21.08	6.1024
21.09	6.1068
21.1	6.1112
21.11	6.1155
21.12	6.1199
21.13	6.1243
21.14	6.1286
21.15	6.133
21.16	6.1374
21.17	6.1417
21.18	6.1461
21.19	6.1505
21.2	6.1548
21.21	6.1592
21.22	6.1636
21.23	6.1679
21.24	6.1723
21.25	6.1767
21.26	6.181
21.27	6.1854
21.28	6.1898
21.29	6.1942
21.3	6.1985
21.31	6.2029
21.32	6.2073
21.33	6.2117
21.34	6.2161
21.35	6.2205
21.36	6.2249
21.37	6.2293
21.38	6.2337
21.39	6.2381
21.4	6.2425
21.41	6.247
21.42	6.2514
21.43	6.2559
21.44	6.2603
21.45	6.2648
21.46	6.2692
21.47	6.2737
21.48	6.2781
21.49	6.2826
21.5	6.2871
21.51	6.2915
21.52	6.296
21.53	6.3004
21.54	6.3049
21.55	6.3093
21.56	6.3137
21.57	6.3182
21.58	6.3226
21.59	6.327
21.6	6.3314
21.61	6.3358
21.62	6.3403
21.63	6.3447
21.64	6.3491
21.65	6.3535
21.66	6.358
21.67	6.3624
21.68	6.3668
21.69	6.3713
21.7	6.3757
21.71	6.3802
21.72	6.3847
21.73	6.3891
21.74	6.3936
21.75	6.3981
21.76	6.4026
21.77	6.4071
21.78	6.4116
21.79	6.4161
21.8	6.4206
21.81	6.4251
21.82	6.4296
21.83	6.4341
21.84	6.4386
21.85	6.4431
21.86	6.4476
21.87	6.4521
21.88	6.4566
21.89	6.4611
21.9	6.4656
21.91	6.4701
21.92	6.4746
21.93	6.4792
21.94	6.4837
21.95	6.4882
21.96	6.4927
21.97	6.4973
21.98	6.5018
21.99	6.5063
22	6.5108
22.01	6.5154
22.02	6.5199
22.03	6.5244
22.04	6.529
22.05	6.5335
22.06	6.5381
22.07	6.5426
22.08	6.5472
22.09	6.5517
22.1	6.5562
22.11	6.5608
22.12	6.5653
22.13	6.5699
22.14	6.5744
22.15	6.579
22.16	6.5835
22.17	6.588
22.18	6.5925
22.19	6.5971
22.2	6.6016
22.21	6.6061
22.22	6.6106
22.23	6.6151
22.24	6.6196
22.25	6.6242
22.26	6.6287
22.27	6.6332
22.28	6.6377
22.29	6.6422
22.3	6.6467
22.31	6.6512
22.32	6.6558
22.33	6.6603
22.34	6.6648
22.35	6.6693
22.36	6.6739
22.37	6.6784
22.38	6.683
22.39	6.6875
22.4	6.692
22.41	6.6966
22.42	6.7011
22.43	6.7057
22.44	6.7103
22.45	6.7148
22.46	6.7194
22.47	6.7239
22.48	6.7285
22.49	6.7331
22.5	6.7376
22.51	6.7422
22.52	6.7467
22.53	6.7513
22.54	6.7559
22.55	6.7604
22.56	6.765
22.57	6.7695
22.58	6.7741
22.59	6.7786
22.6	6.7832
22.61	6.7877
22.62	6.7923
22.63	6.7968
22.64	6.8014
22.65	6.806
22.66	6.8105
22.67	6.8151
22.68	6.8196
22.69	6.8242
22.7	6.8288
22.71	6.8334
22.72	6.838
22.73	6.8426
22.74	6.8472
22.75	6.8518
22.76	6.8564
22.77	6.861
22.78	6.8656
22.79	6.8702
22.8	6.8749
22.81	6.8795
22.82	6.8842
22.83	6.8888
22.84	6.8935
22.85	6.8982
22.86	6.9028
22.87	6.9075
22.88	6.9122
22.89	6.9168
22.9	6.9215
22.91	6.9262
22.92	6.9309
22.93	6.9356
22.94	6.9403
22.95	6.945
22.96	6.9497
22.97	6.9544
22.98	6.9591
22.99	6.9638
23	6.9685
23.01	6.9733
23.02	6.978
23.03	6.9827
23.04	6.9874
23.05	6.9921
23.06	6.9968
23.07	7.0015
23.08	7.0062
23.09	7.0109
23.1	7.0156
23.11	7.0203
23.12	7.025
23.13	7.0297
23.14	7.0343
23.15	7.039
23.16	7.0437
23.17	7.0484
23.18	7.053
23.19	7.0577
23.2	7.0623
23.21	7.067
23.22	7.0716
23.23	7.0763
23.24	7.0809
23.25	7.0856
23.26	7.0902
23.27	7.0949
23.28	7.0996
23.29	7.1042
23.3	7.1089
23.31	7.1136
23.32	7.1183
23.33	7.123
23.34	7.1277
23.35	7.1324
23.36	7.1371
23.37	7.1418
23.38	7.1466
23.39	7.1513
23.4	7.156
23.41	7.1608
23.42	7.1655
23.43	7.1702
23.44	7.175
23.45	7.1797
23.46	7.1844
23.47	7.1892
23.48	7.1939
23.49	7.1986
23.5	7.2034
23.51	7.2081
23.52	7.2128
23.53	7.2175
23.54	7.2223
23.55	7.227
23.56	7.2317
23.57	7.2365
23.58	7.2412
23.59	7.2459
23.6	7.2506
23.61	7.2554
23.62	7.2601
23.63	7.2648
23.64	7.2696
23.65	7.2743
23.66	7.2791
23.67	7.2838
23.68	7.2886
23.69	7.2934
23.7	7.2981
23.71	7.3029
23.72	7.3077
23.73	7.3125
23.74	7.3173
23.75	7.3221
23.76	7.3269
23.77	7.3316
23.78	7.3364
23.79	7.3412
23.8	7.346
23.81	7.3508
23.82	7.3556
23.83	7.3603
23.84	7.3651
23.85	7.3699
23.86	7.3747
23.87	7.3794
23.88	7.3842
23.89	7.389
23.9	7.3938
23.91	7.3985
23.92	7.4033
23.93	7.4081
23.94	7.4129
23.95	7.4177
23.96	7.4225
23.97	7.4273
23.98	7.4321
23.99	7.4369
24	7.4417
24.01	7.4465
24.02	7.4514
24.03	7.4562
24.04	7.461
24.05	7.4658
24.06	7.4707
24.07	7.4755
24.08	7.4803
24.09	7.4852
24.1	7.49
24.11	7.4949
24.12	7.4997
24.13	7.5045
24.14	7.5094
24.15	7.5142
24.16	7.5191
24.17	7.5239
24.18	7.5287
24.19	7.5336
24.2	7.5384
24.21	7.5433
24.22	7.5481
24.23	7.553
24.24	7.5578
24.25	7.5627
24.26	7.5675
24.27	7.5724
24.28	7.5773
24.29	7.5821
24.3	7.587
24.31	7.5919
24.32	7.5968
24.33	7.6016
24.34	7.6065
24.35	7.6114
24.36	7.6163
24.37	7.6212
24.38	7.6261
24.39	7.631
24.4	7.6359
24.41	7.6409
24.42	7.6458
24.43	7.6507
24.44	7.6557
24.45	7.6607
24.46	7.6656
24.47	7.6706
24.48	7.6756
24.49	7.6806
24.5	7.6856
24.51	7.6906
24.52	7.6956
24.53	7.7007
24.54	7.7057
24.55	7.7107
24.56	7.7158
24.57	7.7208
24.58	7.7259
24.59	7.7309
24.6	7.736
24.61	7.7411
24.62	7.7462
24.63	7.7512
24.64	7.7563
24.65	7.7614
24.66	7.7665
24.67	7.7716
24.68	7.7767
24.69	7.7818
24.7	7.7868
24.71	7.7919
24.72	7.797
24.73	7.8021
24.74	7.8072
24.75	7.8123
24.76	7.8174
24.77	7.8225
24.78	7.8275
24.79	7.8326
24.8	7.8377
24.81	7.8428
24.82	7.8479
24.83	7.853
24.84	7.8581
24.85	7.8632
24.86	7.8683
24.87	7.8734
24.88	7.8785
24.89	7.8837
24.9	7.8888
24.91	7.894
24.92	7.8991
24.93	7.9043
24.94	7.9094
24.95	7.9146
24.96	7.9198
24.97	7.9249
24.98	7.9301
24.99	7.9353
25	7.9404
25.01	7.9456
25.02	7.9508
25.03	7.956
25.04	7.9611
25.05	7.9663
25.06	7.9715
25.07	7.9766
25.08	7.9818
25.09	7.987
25.1	7.9921
25.11	7.9973
25.12	8.0025
25.13	8.0077
25.14	8.0128
25.15	8.018
25.16	8.0232
25.17	8.0284
25.18	8.0336
25.19	8.0388
25.2	8.044
25.21	8.0492
25.22	8.0544
25.23	8.0596
25.24	8.0648
25.25	8.0701
25.26	8.0753
25.27	8.0806
25.28	8.0858
25.29	8.0911
25.3	8.0964
25.31	8.1017
25.32	8.107
25.33	8.1123
25.34	8.1176
25.35	8.1229
25.36	8.1282
25.37	8.1336
25.38	8.1389
25.39	8.1443
25.4	8.1496
25.41	8.155
25.42	8.1604
25.43	8.1657
25.44	8.1711
25.45	8.1765
25.46	8.1819
25.47	8.1873
25.48	8.1927
25.49	8.1981
25.5	8.2035
25.51	8.2089
25.52	8.2144
25.53	8.2198
25.54	8.2253
25.55	8.2307
25.56	8.2362
25.57	8.2417
25.58	8.2472
25.59	8.2527
25.6	8.2582
25.61	8.2637
25.62	8.2692
25.63	8.2747
25.64	8.2802
25.65	8.2857
25.66	8.2912
25.67	8.2967
25.68	8.3022
25.69	8.3077
25.7	8.3132
25.71	8.3187
25.72	8.3243
25.73	8.3298
25.74	8.3353
25.75	8.3408
25.76	8.3464
25.77	8.3519
25.78	8.3575
25.79	8.363
25.8	8.3686
25.81	8.3742
25.82	8.3798
25.83	8.3854
25.84	8.391
25.85	8.3966
25.86	8.4022
25.87	8.4078
25.88	8.4134
25.89	8.419
25.9	8.4247
25.91	8.4303
25.92	8.4359
25.93	8.4416
25.94	8.4472
25.95	8.4528
25.96	8.4585
25.97	8.4641
25.98	8.4697
25.99	8.4754
26	8.481
26.01	8.4867
26.02	8.4923
26.03	8.498
26.04	8.5037
26.05	8.5094
26.06	8.515
26.07	8.5207
26.08	8.5264
26.09	8.5321
26.1	8.5378
26.11	8.5436
26.12	8.5493
26.13	8.555
26.14	8.5608
26.15	8.5665
26.16	8.5723
26.17	8.578
26.18	8.5838
26.19	8.5896
26.2	8.5953
26.21	8.6011
26.22	8.6069
26.23	8.6127
26.24	8.6186
26.25	8.6244
26.26	8.6302
26.27	8.636
26.28	8.6419
26.29	8.6477
26.3	8.6535
26.31	8.6594
26.32	8.6652
26.33	8.6711
26.34	8.6769
26.35	8.6828
26.36	8.6887
26.37	8.6945
26.38	8.7004
26.39	8.7062
26.4	8.7121
26.41	8.7179
26.42	8.7238
26.43	8.7297
26.44	8.7355
26.45	8.7414
26.46	8.7472
26.47	8.7531
26.48	8.7589
26.49	8.7648
26.5	8.7706
26.51	8.7764
26.52	8.7823
26.53	8.7881
26.54	8.7939
26.55	8.7997
26.56	8.8055
26.57	8.8113
26.58	8.8171
26.59	8.8229
26.6	8.8286
26.61	8.8344
26.62	8.8402
26.63	8.8459
26.64	8.8516
26.65	8.8574
26.66	8.8631
26.67	8.8688
26.68	8.8745
26.69	8.8801
26.7	8.8858
26.71	8.8914
26.72	8.8971
26.73	8.9027
26.74	8.9083
26.75	8.9139
26.76	8.9195
26.77	8.9251
26.78	8.9307
26.79	8.9362
26.8	8.9417
26.81	8.9473
26.82	8.9528
26.83	8.9583
26.84	8.9638
26.85	8.9693
26.86	8.9748
26.87	8.9802
26.88	8.9857
26.89	8.9911
26.9	8.9966
26.91	9.002
26.92	9.0074
26.93	9.0128
26.94	9.0181
26.95	9.0235
26.96	9.0289
26.97	9.0342
26.98	9.0395
26.99	9.0448
27	9.0501
27.01	9.0554
27.02	9.0606
27.03	9.0659
27.04	9.0711
27.05	9.0764
27.06	9.0816
27.07	9.0868
27.08	9.092
27.09	9.0972
27.1	9.1023
27.11	9.1075
27.12	9.1127
27.13	9.1178
27.14	9.123
27.15	9.1281
27.16	9.1333
27.17	9.1384
27.18	9.1435
27.19	9.1487
27.2	9.1538
27.21	9.1589
27.22	9.164
27.23	9.1691
27.24	9.1742
27.25	9.1793
27.26	9.1844
27.27	9.1894
27.28	9.1945
27.29	9.1995
27.3	9.2046
27.31	9.2096
27.32	9.2146
27.33	9.2196
27.34	9.2246
27.35	9.2296
27.36	9.2346
27.37	9.2395
27.38	9.2445
27.39	9.2494
27.4	9.2543
27.41	9.2592
27.42	9.2641
27.43	9.269
27.44	9.2739
27.45	9.2787
27.46	9.2836
27.47	9.2884
27.48	9.2932
27.49	9.298
27.5	9.3028
27.51	9.3075
27.52	9.3123
27.53	9.3171
27.54	9.3218
27.55	9.3265
27.56	9.3313
27.57	9.336
27.58	9.3407
27.59	9.3454
27.6	9.3502
27.61	9.3549
27.62	9.3596
27.63	9.3643
27.64	9.369
27.65	9.3737
27.66	9.3784
27.67	9.3831
27.68	9.3878
27.69	9.3925
27.7	9.3971
27.71	9.4018
27.72	9.4065
27.73	9.4111
27.74	9.4158
27.75	9.4204
27.76	9.4251
27.77	9.4297
27.78	9.4343
27.79	9.4389
27.8	9.4435
27.81	9.4481
27.82	9.4527
27.83	9.4573
27.84	9.4619
27.85	9.4665
27.86	9.471
27.87	9.4756
27.88	9.4801
27.89	9.4846
27.9	9.4892
27.91	9.4937
27.92	9.4981
27.93	9.5026
27.94	9.5071
27.95	9.5115
27.96	9.516
27.97	9.5204
27.98	9.5248
27.99	9.5292
28	9.5336
28.01	9.5379
28.02	9.5422
28.03	9.5466
28.04	9.5509
28.05	9.5552
28.06	9.5594
28.07	9.5637
28.08	9.568
28.09	9.5722
28.1	9.5764
28.11	9.5806
28.12	9.5848
28.13	9.589
28.14	9.5932
28.15	9.5973
28.16	9.6015
28.17	9.6056
28.18	9.6098
28.19	9.6139
28.2	9.618
28.21	9.6221
28.22	9.6262
28.23	9.6303
28.24	9.6344
28.25	9.6384
28.26	9.6425
28.27	9.6465
28.28	9.6505
28.29	9.6546
28.3	9.6586
28.31	9.6626
28.32	9.6666
28.33	9.6706
28.34	9.6745
28.35	9.6785
28.36	9.6825
28.37	9.6864
28.38	9.6903
28.39	9.6943
28.4	9.6982
28.41	9.7021
28.42	9.706
28.43	9.7099
28.44	9.7137
28.45	9.7176
28.46	9.7214
28.47	9.7252
28.48	9.7291
28.49	9.7329
28.5	9.7366
28.51	9.7404
28.52	9.7442
28.53	9.7479
28.54	9.7517
28.55	9.7554
28.56	9.7591
28.57	9.7628
28.58	9.7665
28.59	9.7701
28.6	9.7738
28.61	9.7774
28.62	9.7811
28.63	9.7847
28.64	9.7883
28.65	9.7919
28.66	9.7955
28.67	9.7991
28.68	9.8027
28.69	9.8062
28.7	9.8098
28.71	9.8134
28.72	9.8169
28.73	9.8204
28.74	9.824
28.75	9.8275
28.76	9.831
28.77	9.8345
28.78	9.838
28.79	9.8415
28.8	9.8449
28.81	9.8484
28.82	9.8519
28.83	9.8553
28.84	9.8587
28.85	9.8622
28.86	9.8656
28.87	9.869
28.88	9.8724
28.89	9.8758
28.9	9.8792
28.91	9.8825
28.92	9.8859
28.93	9.8893
28.94	9.8926
28.95	9.896
28.96	9.8993
28.97	9.9026
28.98	9.906
28.99	9.9093
29	9.9126
29.01	9.9158
29.02	9.9191
29.03	9.9224
29.04	9.9256
29.05	9.9289
29.06	9.9321
29.07	9.9353
29.08	9.9386
29.09	9.9418
29.1	9.9449
29.11	9.9481
29.12	9.9513
29.13	9.9545
29.14	9.9576
29.15	9.9608
29.16	9.9639
29.17	9.9671
29.18	9.9702
29.19	9.9733
29.2	9.9764
29.21	9.9796
29.22	9.9827
29.23	9.9858
29.24	9.9889
29.25	9.992
29.26	9.9951
29.27	9.9982
29.28	10.001
29.29	10.004
29.3	10.007
29.31	10.01
29.32	10.013
29.33	10.016
29.34	10.019
29.35	10.022
29.36	10.026
29.37	10.029
29.38	10.032
29.39	10.035
29.4	10.038
29.41	10.041
29.42	10.044
29.43	10.047
29.44	10.05
29.45	10.053
29.46	10.056
29.47	10.059
29.48	10.062
29.49	10.064
29.5	10.067
29.51	10.07
29.52	10.073
29.53	10.076
29.54	10.079
29.55	10.082
29.56	10.085
29.57	10.088
29.58	10.091
29.59	10.094
29.6	10.097
29.61	10.099
29.62	10.102
29.63	10.105
29.64	10.108
29.65	10.111
29.66	10.114
29.67	10.117
29.68	10.119
29.69	10.122
29.7	10.125
29.71	10.128
29.72	10.131
29.73	10.133
29.74	10.136
29.75	10.139
29.76	10.142
29.77	10.145
29.78	10.147
29.79	10.15
29.8	10.153
29.81	10.156
29.82	10.159
29.83	10.161
29.84	10.164
29.85	10.167
29.86	10.17
29.87	10.173
29.88	10.175
29.89	10.178
29.9	10.181
29.91	10.184
29.92	10.186
29.93	10.189
29.94	10.192
29.95	10.194
29.96	10.197
29.97	10.2
29.98	10.203
29.99	10.205
30	10.208
30.01	10.211
30.02	10.213
30.03	10.216
30.04	10.219
30.05	10.221
30.06	10.224
30.07	10.227
30.08	10.229
30.09	10.232
30.1	10.235
30.11	10.237
30.12	10.24
30.13	10.243
30.14	10.245
30.15	10.248
30.16	10.251
30.17	10.253
30.18	10.256
30.19	10.259
30.2	10.262
30.21	10.264
30.22	10.267
30.23	10.27
30.24	10.272
30.25	10.275
30.26	10.278
30.27	10.28
30.28	10.283
30.29	10.286
30.3	10.288
30.31	10.291
30.32	10.294
30.33	10.297
30.34	10.299
30.35	10.302
30.36	10.305
30.37	10.307
30.38	10.31
30.39	10.313
30.4	10.315
30.41	10.318
30.42	10.321
30.43	10.323
30.44	10.326
30.45	10.329
30.46	10.331
30.47	10.334
30.48	10.337
30.49	10.339
30.5	10.342
30.51	10.345
30.52	10.347
30.53	10.35
30.54	10.353
30.55	10.355
30.56	10.358
30.57	10.361
30.58	10.363
30.59	10.366
30.6	10.369
30.61	10.371
30.62	10.374
30.63	10.377
30.64	10.379
30.65	10.382
30.66	10.385
30.67	10.388
30.68	10.39
30.69	10.393
30.7	10.396
30.71	10.398
30.72	10.401
30.73	10.404
30.74	10.407
30.75	10.409
30.76	10.412
30.77	10.415
30.78	10.417
30.79	10.42
30.8	10.423
30.81	10.426
30.82	10.428
30.83	10.431
30.84	10.434
30.85	10.436
30.86	10.439
30.87	10.442
30.88	10.444
30.89	10.447
30.9	10.45
30.91	10.452
30.92	10.455
30.93	10.458
30.94	10.46
30.95	10.463
30.96	10.466
30.97	10.468
30.98	10.471
30.99	10.474
31	10.476
31.01	10.479
31.02	10.482
31.03	10.484
31.04	10.487
31.05	10.49
31.06	10.493
31.07	10.495
31.08	10.498
31.09	10.501
31.1	10.503
31.11	10.506
31.12	10.509
31.13	10.511
31.14	10.514
31.15	10.517
31.16	10.52
31.17	10.522
31.18	10.525
31.19	10.528
31.2	10.53
31.21	10.533
31.22	10.536
31.23	10.539
31.24	10.541
31.25	10.544
31.26	10.547
31.27	10.55
31.28	10.552
31.29	10.555
31.3	10.558
31.31	10.561
31.32	10.563
31.33	10.566
31.34	10.569
31.35	10.572
31.36	10.575
31.37	10.577
31.38	10.58
31.39	10.583
31.4	10.586
31.41	10.588
31.42	10.591
31.43	10.594
31.44	10.597
31.45	10.6
31.46	10.603
31.47	10.605
31.48	10.608
31.49	10.611
31.5	10.614
31.51	10.617
31.52	10.619
31.53	10.622
31.54	10.625
31.55	10.628
31.56	10.631
31.57	10.634
31.58	10.636
31.59	10.639
31.6	10.642
31.61	10.645
31.62	10.648
31.63	10.65
31.64	10.653
31.65	10.656
31.66	10.659
31.67	10.662
31.68	10.665
31.69	10.667
31.7	10.67
31.71	10.673
31.72	10.676
31.73	10.678
31.74	10.681
31.75	10.684
31.76	10.687
31.77	10.69
31.78	10.692
31.79	10.695
31.8	10.698
31.81	10.701
31.82	10.703
31.83	10.706
31.84	10.709
31.85	10.712
31.86	10.714
31.87	10.717
31.88	10.72
31.89	10.723
31.9	10.725
31.91	10.728
31.92	10.731
31.93	10.734
31.94	10.736
31.95	10.739
31.96	10.742
31.97	10.745
31.98	10.747
31.99	10.75
32	10.753
32.01	10.755
32.02	10.758
32.03	10.761
32.04	10.763
32.05	10.766
32.06	10.769
32.07	10.771
32.08	10.774
32.09	10.777
32.1	10.779
32.11	10.782
32.12	10.784
32.13	10.787
32.14	10.79
32.15	10.792
32.16	10.795
32.17	10.797
32.18	10.8
32.19	10.802
32.2	10.805
32.21	10.807
32.22	10.809
32.23	10.812
32.24	10.814
32.25	10.817
32.26	10.819
32.27	10.821
32.28	10.824
32.29	10.826
32.3	10.828
32.31	10.831
32.32	10.833
32.33	10.835
32.34	10.838
32.35	10.84
32.36	10.842
32.37	10.844
32.38	10.847
32.39	10.849
32.4	10.851
32.41	10.853
32.42	10.855
32.43	10.857
32.44	10.86
32.45	10.862
32.46	10.864
32.47	10.866
32.48	10.868
32.49	10.87
32.5	10.872
32.51	10.874
32.52	10.876
32.53	10.878
32.54	10.88
32.55	10.882
32.56	10.884
32.57	10.886
32.58	10.888
32.59	10.89
32.6	10.892
32.61	10.894
32.62	10.896
32.63	10.898
32.64	10.9
32.65	10.902
32.66	10.904
32.67	10.905
32.68	10.907
32.69	10.909
32.7	10.911
32.71	10.913
32.72	10.915
32.73	10.916
32.74	10.918
32.75	10.92
32.76	10.922
32.77	10.923
32.78	10.925
32.79	10.927
32.8	10.929
32.81	10.93
32.82	10.932
32.83	10.934
32.84	10.935
32.85	10.937
32.86	10.939
32.87	10.941
32.88	10.942
32.89	10.944
32.9	10.946
32.91	10.947
32.92	10.949
32.93	10.951
32.94	10.952
32.95	10.954
32.96	10.955
32.97	10.957
32.98	10.959
32.99	10.96
33	10.962
33.01	10.964
33.02	10.965
33.03	10.967
33.04	10.969
33.05	10.97
33.06	10.972
33.07	10.974
33.08	10.975
33.09	10.977
33.1	10.978
33.11	10.98
33.12	10.982
33.13	10.983
33.14	10.985
33.15	10.987
33.16	10.988
33.17	10.99
33.18	10.991
33.19	10.993
33.2	10.995
33.21	10.996
33.22	10.998
33.23	10.999
33.24	11.001
33.25	11.003
33.26	11.004
33.27	11.006
33.28	11.007
33.29	11.009
33.3	11.011
33.31	11.012
33.32	11.014
33.33	11.015
33.34	11.017
33.35	11.018
33.36	11.02
33.37	11.022
33.38	11.023
33.39	11.025
33.4	11.026
33.41	11.028
33.42	11.029
33.43	11.031
33.44	11.033
33.45	11.034
33.46	11.036
33.47	11.037
33.48	11.039
33.49	11.04
33.5	11.042
33.51	11.043
33.52	11.045
33.53	11.047
33.54	11.048
33.55	11.05
33.56	11.051
33.57	11.053
33.58	11.054
33.59	11.056
33.6	11.057
33.61	11.059
33.62	11.06
33.63	11.062
33.64	11.063
33.65	11.065
33.66	11.066
33.67	11.068
33.68	11.069
33.69	11.071
33.7	11.072
33.71	11.074
33.72	11.075
33.73	11.077
33.74	11.078
33.75	11.08
33.76	11.081
33.77	11.083
33.78	11.084
33.79	11.085
33.8	11.087
33.81	11.088
33.82	11.09
33.83	11.091
33.84	11.092
33.85	11.094
33.86	11.095
33.87	11.097
33.88	11.098
33.89	11.099
33.9	11.101
33.91	11.102
33.92	11.104
33.93	11.105
33.94	11.106
33.95	11.108
33.96	11.109
33.97	11.11
33.98	11.112
33.99	11.113
34	11.115
34.01	11.116
34.02	11.117
34.03	11.119
34.04	11.12
34.05	11.121
34.06	11.123
34.07	11.124
34.08	11.125
34.09	11.127
34.1	11.128
34.11	11.129
34.12	11.131
34.13	11.132
34.14	11.133
34.15	11.134
34.16	11.136
34.17	11.137
34.18	11.138
34.19	11.14
34.2	11.141
34.21	11.142
34.22	11.144
34.23	11.145
34.24	11.146
34.25	11.147
34.26	11.149
34.27	11.15
34.28	11.151
34.29	11.152
34.3	11.154
34.31	11.155
34.32	11.156
34.33	11.157
34.34	11.159
34.35	11.16
34.36	11.161
34.37	11.162
34.38	11.163
34.39	11.165
34.4	11.166
34.41	11.167
34.42	11.168
34.43	11.169
34.44	11.171
34.45	11.172
34.46	11.173
34.47	11.174
34.48	11.175
34.49	11.177
34.5	11.178
34.51	11.179
34.52	11.18
34.53	11.181
34.54	11.182
34.55	11.184
34.56	11.185
34.57	11.186
34.58	11.187
34.59	11.188
34.6	11.189
34.61	11.191
34.62	11.192
34.63	11.193
34.64	11.194
34.65	11.195
34.66	11.196
34.67	11.198
34.68	11.199
34.69	11.2
34.7	11.201
34.71	11.202
34.72	11.203
34.73	11.205
34.74	11.206
34.75	11.207
34.76	11.208
34.77	11.209
34.78	11.21
34.79	11.211
34.8	11.213
34.81	11.214
34.82	11.215
34.83	11.216
34.84	11.217
34.85	11.218
34.86	11.219
34.87	11.22
34.88	11.221
34.89	11.223
34.9	11.224
34.91	11.225
34.92	11.226
34.93	11.227
34.94	11.228
34.95	11.229
34.96	11.23
34.97	11.231
34.98	11.233
34.99	11.234
35	11.235
35.01	11.236
35.02	11.237
35.03	11.238
35.04	11.239
35.05	11.24
35.06	11.241
35.07	11.243
35.08	11.244
35.09	11.245
35.1	11.246
35.11	11.247
35.12	11.248
35.13	11.249
35.14	11.25
35.15	11.251
35.16	11.252
35.17	11.253
35.18	11.254
35.19	11.256
35.2	11.257
35.21	11.258
35.22	11.259
35.23	11.26
35.24	11.261
35.25	11.262
35.26	11.263
35.27	11.264
35.28	11.265
35.29	11.266
35.3	11.267
35.31	11.268
35.32	11.269
35.33	11.27
35.34	11.271
35.35	11.272
35.36	11.273
35.37	11.274
35.38	11.275
35.39	11.276
35.4	11.277
35.41	11.278
35.42	11.279
35.43	11.28
35.44	11.281
35.45	11.282
35.46	11.283
35.47	11.284
35.48	11.285
35.49	11.286
35.5	11.287
35.51	11.288
35.52	11.289
35.53	11.29
35.54	11.291
35.55	11.292
35.56	11.293
35.57	11.294
35.58	11.295
35.59	11.296
35.6	11.297
35.61	11.297
35.62	11.298
35.63	11.299
35.64	11.3
35.65	11.301
35.66	11.302
35.67	11.303
35.68	11.304
35.69	11.305
35.7	11.306
35.71	11.307
35.72	11.308
35.73	11.309
35.74	11.309
35.75	11.31
35.76	11.311
35.77	11.312
35.78	11.313
35.79	11.314
35.8	11.315
35.81	11.316
35.82	11.317
35.83	11.318
35.84	11.318
35.85	11.319
35.86	11.32
35.87	11.321
35.88	11.322
35.89	11.323
35.9	11.324
35.91	11.325
35.92	11.325
35.93	11.326
35.94	11.327
35.95	11.328
35.96	11.329
35.97	11.33
35.98	11.331
35.99	11.331
36	11.332
36.01	11.333
36.02	11.334
36.03	11.335
36.04	11.336
36.05	11.336
36.06	11.337
36.07	11.338
36.08	11.339
36.09	11.34
36.1	11.34
36.11	11.341
36.12	11.342
36.13	11.343
36.14	11.344
36.15	11.345
36.16	11.345
36.17	11.346
36.18	11.347
36.19	11.348
36.2	11.348
36.21	11.349
36.22	11.35
36.23	11.351
36.24	11.352
36.25	11.352
36.26	11.353
36.27	11.354
36.28	11.355
36.29	11.356
36.3	11.356
36.31	11.357
36.32	11.358
36.33	11.359
36.34	11.359
36.35	11.36
36.36	11.361
36.37	11.362
36.38	11.363
36.39	11.363
36.4	11.364
36.41	11.365
36.42	11.366
36.43	11.366
36.44	11.367
36.45	11.368
36.46	11.369
36.47	11.37
36.48	11.37
36.49	11.371
36.5	11.372
36.51	11.373
36.52	11.374
36.53	11.374
36.54	11.375
36.55	11.376
36.56	11.377
36.57	11.377
36.58	11.378
36.59	11.379
36.6	11.38
36.61	11.381
36.62	11.381
36.63	11.382
36.64	11.383
36.65	11.384
36.66	11.385
36.67	11.385
36.68	11.386
36.69	11.387
36.7	11.388
36.71	11.389
36.72	11.389
36.73	11.39
36.74	11.391
36.75	11.392
36.76	11.393
36.77	11.393
36.78	11.394
36.79	11.395
36.8	11.396
36.81	11.397
36.82	11.397
36.83	11.398
36.84	11.399
36.85	11.4
36.86	11.401
36.87	11.401
36.88	11.402
36.89	11.403
36.9	11.404
36.91	11.405
36.92	11.405
36.93	11.406
36.94	11.407
36.95	11.408
36.96	11.409
36.97	11.41
36.98	11.41
36.99	11.411
37	11.412
37.01	11.413
37.02	11.414
37.03	11.414
37.04	11.415
37.05	11.416
37.06	11.417
37.07	11.418
37.08	11.419
37.09	11.419
37.1	11.42
37.11	11.421
37.12	11.422
37.13	11.423
37.14	11.424
37.15	11.424
37.16	11.425
37.17	11.426
37.18	11.427
37.19	11.428
37.2	11.429
37.21	11.429
37.22	11.43
37.23	11.431
37.24	11.432
37.25	11.433
37.26	11.434
37.27	11.434
37.28	11.435
37.29	11.436
37.3	11.437
37.31	11.438
37.32	11.439
37.33	11.44
37.34	11.44
37.35	11.441
37.36	11.442
37.37	11.443
37.38	11.444
37.39	11.445
37.4	11.446
37.41	11.447
37.42	11.447
37.43	11.448
37.44	11.449
37.45	11.45
37.46	11.451
37.47	11.452
37.48	11.453
37.49	11.454
37.5	11.455
37.51	11.455
37.52	11.456
37.53	11.457
37.54	11.458
37.55	11.459
37.56	11.46
37.57	11.461
37.58	11.462
37.59	11.462
37.6	11.463
37.61	11.464
37.62	11.465
37.63	11.466
37.64	11.467
37.65	11.468
37.66	11.469
37.67	11.47
37.68	11.471
37.69	11.472
37.7	11.472
37.71	11.473
37.72	11.474
37.73	11.475
37.74	11.476
37.75	11.477
37.76	11.478
37.77	11.479
37.78	11.48
37.79	11.481
37.8	11.482
37.81	11.483
37.82	11.483
37.83	11.484
37.84	11.485
37.85	11.486
37.86	11.487
37.87	11.488
37.88	11.489
37.89	11.49
37.9	11.491
37.91	11.492
37.92	11.493
37.93	11.494
37.94	11.495
37.95	11.496
37.96	11.497
37.97	11.498
37.98	11.499
37.99	11.499
38	11.5
38.01	11.501
38.02	11.502
38.03	11.503
38.04	11.504
38.05	11.505
38.06	11.506
38.07	11.507
38.08	11.508
38.09	11.509
38.1	11.51
38.11	11.511
38.12	11.512
38.13	11.513
38.14	11.514
38.15	11.515
38.16	11.516
38.17	11.517
38.18	11.518
38.19	11.519
38.2	11.52
38.21	11.52
38.22	11.521
38.23	11.522
38.24	11.523
38.25	11.524
38.26	11.525
38.27	11.526
38.28	11.527
38.29	11.528
38.3	11.529
38.31	11.53
38.32	11.531
38.33	11.532
38.34	11.533
38.35	11.534
38.36	11.535
38.37	11.536
38.38	11.537
38.39	11.538
38.4	11.539
38.41	11.54
38.42	11.541
38.43	11.542
38.44	11.543
38.45	11.544
38.46	11.546
38.47	11.547
38.48	11.548
38.49	11.549
38.5	11.55
38.51	11.551
38.52	11.552
38.53	11.553
38.54	11.554
38.55	11.555
38.56	11.556
38.57	11.557
38.58	11.558
38.59	11.559
38.6	11.56
38.61	11.561
38.62	11.562
38.63	11.563
38.64	11.564
38.65	11.565
38.66	11.567
38.67	11.568
38.68	11.569
38.69	11.57
38.7	11.571
38.71	11.572
38.72	11.573
38.73	11.574
38.74	11.575
38.75	11.576
38.76	11.577
38.77	11.578
38.78	11.58
38.79	11.581
38.8	11.582
38.81	11.583
38.82	11.584
38.83	11.585
38.84	11.586
38.85	11.587
38.86	11.588
38.87	11.589
38.88	11.591
38.89	11.592
38.9	11.593
38.91	11.594
38.92	11.595
38.93	11.596
38.94	11.597
38.95	11.598
38.96	11.599
38.97	11.601
38.98	11.602
38.99	11.603
39	11.604
39.01	11.605
39.02	11.606
39.03	11.607
39.04	11.609
39.05	11.61
39.06	11.611
39.07	11.612
39.08	11.613
39.09	11.614
39.1	11.615
39.11	11.617
39.12	11.618
39.13	11.619
39.14	11.62
39.15	11.621
39.16	11.622
39.17	11.623
39.18	11.625
39.19	11.626
39.2	11.627
39.21	11.628
39.22	11.629
39.23	11.63
39.24	11.632
39.25	11.633
39.26	11.634
39.27	11.635
39.28	11.636
39.29	11.637
39.3	11.638
39.31	11.64
39.32	11.641
39.33	11.642
39.34	11.643
39.35	11.644
39.36	11.645
39.37	11.647
39.38	11.648
39.39	11.649
39.4	11.65
39.41	11.651
39.42	11.652
39.43	11.654
39.44	11.655
39.45	11.656
39.46	11.657
39.47	11.658
39.48	11.66
39.49	11.661
39.5	11.662
39.51	11.663
39.52	11.664
39.53	11.665
39.54	11.667
39.55	11.668
39.56	11.669
39.57	11.67
39.58	11.671
39.59	11.673
39.6	11.674
39.61	11.675
39.62	11.676
39.63	11.678
39.64	11.679
39.65	11.68
39.66	11.681
39.67	11.683
39.68	11.684
39.69	11.685
39.7	11.686
39.71	11.688
39.72	11.689
39.73	11.69
39.74	11.692
39.75	11.693
39.76	11.694
39.77	11.695
39.78	11.697
39.79	11.698
39.8	11.699
39.81	11.701
39.82	11.702
39.83	11.703
39.84	11.704
39.85	11.706
39.86	11.707
39.87	11.708
39.88	11.71
39.89	11.711
39.9	11.712
39.91	11.713
39.92	11.715
39.93	11.716
39.94	11.717
39.95	11.719
39.96	11.72
39.97	11.721
39.98	11.722
39.99	11.724
40	11.725
40.01	11.726
40.02	11.728
40.03	11.729
40.04	11.73
40.05	11.732
40.06	11.733
40.07	11.734
40.08	11.735
40.09	11.737
40.1	11.738
40.11	11.739
40.12	11.741
40.13	11.742
40.14	11.743
40.15	11.745
40.16	11.746
40.17	11.747
40.18	11.749
40.19	11.75
40.2	11.751
40.21	11.753
40.22	11.754
40.23	11.755
40.24	11.757
40.25	11.758
40.26	11.759
40.27	11.761
40.28	11.762
40.29	11.763
40.3	11.765
40.31	11.766
40.32	11.767
40.33	11.769
40.34	11.77
40.35	11.771
40.36	11.773
40.37	11.774
40.38	11.776
40.39	11.777
40.4	11.778
40.41	11.78
40.42	11.781
40.43	11.783
40.44	11.784
40.45	11.785
40.46	11.787
40.47	11.788
40.48	11.789
40.49	11.791
40.5	11.792
40.51	11.794
40.52	11.795
40.53	11.796
40.54	11.798
40.55	11.799
40.56	11.801
40.57	11.802
40.58	11.804
40.59	11.805
40.6	11.806
40.61	11.808
40.62	11.809
40.63	11.811
40.64	11.812
40.65	11.814
40.66	11.815
40.67	11.816
40.68	11.818
40.69	11.819
40.7	11.821
40.71	11.822
40.72	11.823
40.73	11.825
40.74	11.826
40.75	11.828
40.76	11.829
40.77	11.83
40.78	11.832
40.79	11.833
40.8	11.835
40.81	11.836
40.82	11.837
40.83	11.839
40.84	11.84
40.85	11.842
40.86	11.843
40.87	11.844
40.88	11.846
40.89	11.847
40.9	11.849
40.91	11.85
40.92	11.852
40.93	11.853
40.94	11.854
40.95	11.856
40.96	11.857
40.97	11.859
40.98	11.86
40.99	11.862
41	11.863
41.01	11.864
41.02	11.866
41.03	11.867
41.04	11.869
41.05	11.87
41.06	11.871
41.07	11.873
41.08	11.874
41.09	11.876
41.1	11.877
41.11	11.879
41.12	11.88
41.13	11.881
41.14	11.883
41.15	11.884
41.16	11.886
41.17	11.887
41.18	11.889
41.19	11.89
41.2	11.891
41.21	11.893
41.22	11.894
41.23	11.896
41.24	11.897
41.25	11.899
41.26	11.9
41.27	11.902
41.28	11.903
41.29	11.905
41.3	11.906
41.31	11.907
41.32	11.909
41.33	11.91
41.34	11.912
41.35	11.913
41.36	11.915
41.37	11.916
41.38	11.918
41.39	11.919
41.4	11.921
41.41	11.922
41.42	11.924
41.43	11.925
41.44	11.927
41.45	11.928
41.46	11.93
41.47	11.931
41.48	11.933
41.49	11.934
41.5	11.936
41.51	11.937
41.52	11.939
41.53	11.94
41.54	11.942
41.55	11.943
41.56	11.945
41.57	11.946
41.58	11.948
41.59	11.949
41.6	11.951
41.61	11.952
41.62	11.954
41.63	11.955
41.64	11.957
41.65	11.958
41.66	11.96
41.67	11.962
41.68	11.963
41.69	11.965
41.7	11.966
41.71	11.968
41.72	11.969
41.73	11.971
41.74	11.972
41.75	11.974
41.76	11.975
41.77	11.977
41.78	11.978
41.79	11.98
41.8	11.982
41.81	11.983
41.82	11.985
41.83	11.986
41.84	11.988
41.85	11.989
41.86	11.991
41.87	11.992
41.88	11.994
41.89	11.995
41.9	11.997
41.91	11.998
41.92	12
41.93	12.002
41.94	12.003
41.95	12.005
41.96	12.006
41.97	12.008
41.98	12.009
41.99	12.011
42	12.013
42.01	12.014
42.02	12.016
42.03	12.017
42.04	12.019
42.05	12.02
42.06	12.022
42.07	12.024
42.08	12.025
42.09	12.027
42.1	12.028
42.11	12.03
42.12	12.032
42.13	12.033
42.14	12.035
42.15	12.036
42.16	12.038
42.17	12.039
42.18	12.041
42.19	12.043
42.2	12.044
42.21	12.046
42.22	12.047
42.23	12.049
42.24	12.05
42.25	12.052
42.26	12.054
42.27	12.055
42.28	12.057
42.29	12.058
42.3	12.06
42.31	12.062
42.32	12.063
42.33	12.065
42.34	12.067
42.35	12.068
42.36	12.07
42.37	12.071
42.38	12.073
42.39	12.075
42.4	12.076
42.41	12.078
42.42	12.08
42.43	12.081
42.44	12.083
42.45	12.085
42.46	12.086
42.47	12.088
42.48	12.09
42.49	12.091
42.5	12.093
42.51	12.094
42.52	12.096
42.53	12.098
42.54	12.099
42.55	12.101
42.56	12.102
42.57	12.104
42.58	12.106
42.59	12.107
42.6	12.109
42.61	12.11
42.62	12.112
42.63	12.114
42.64	12.115
42.65	12.117
42.66	12.118
42.67	12.12
42.68	12.122
42.69	12.123
42.7	12.125
42.71	12.126
42.72	12.128
42.73	12.13
42.74	12.131
42.75	12.133
42.76	12.134
42.77	12.136
42.78	12.138
42.79	12.139
42.8	12.141
42.81	12.143
42.82	12.144
42.83	12.146
42.84	12.147
42.85	12.149
42.86	12.151
42.87	12.152
42.88	12.154
42.89	12.156
42.9	12.157
42.91	12.159
42.92	12.16
42.93	12.162
42.94	12.164
42.95	12.165
42.96	12.167
42.97	12.169
42.98	12.17
42.99	12.172
43	12.173
43.01	12.175
43.02	12.177
43.03	12.178
43.04	12.18
43.05	12.182
43.06	12.183
43.07	12.185
43.08	12.186
43.09	12.188
43.1	12.19
43.11	12.191
43.12	12.193
43.13	12.194
43.14	12.196
43.15	12.198
43.16	12.199
43.17	12.201
43.18	12.203
43.19	12.204
43.2	12.206
43.21	12.207
43.22	12.209
43.23	12.211
43.24	12.212
43.25	12.214
43.26	12.216
43.27	12.217
43.28	12.219
43.29	12.22
43.3	12.222
43.31	12.224
43.32	12.225
43.33	12.227
43.34	12.228
43.35	12.23
43.36	12.232
43.37	12.233
43.38	12.235
43.39	12.236
43.4	12.238
43.41	12.239
43.42	12.241
43.43	12.243
43.44	12.244
43.45	12.246
43.46	12.247
43.47	12.249
43.48	12.25
43.49	12.252
43.5	12.253
43.51	12.255
43.52	12.256
43.53	12.258
43.54	12.259
43.55	12.261
43.56	12.262
43.57	12.264
43.58	12.265
43.59	12.267
43.6	12.268
43.61	12.269
43.62	12.271
43.63	12.272
43.64	12.274
43.65	12.275
43.66	12.276
43.67	12.278
43.68	12.279
43.69	12.281
43.7	12.282
43.71	12.283
43.72	12.285
43.73	12.286
43.74	12.287
43.75	12.288
43.76	12.29
43.77	12.291
43.78	12.292
43.79	12.294
43.8	12.295
43.81	12.296
43.82	12.297
43.83	12.298
43.84	12.299
43.85	12.301
43.86	12.302
43.87	12.303
43.88	12.304
43.89	12.305
43.9	12.306
43.91	12.307
43.92	12.308
43.93	12.309
43.94	12.31
43.95	12.311
43.96	12.312
43.97	12.313
43.98	12.314
43.99	12.315
44	12.316
44.01	12.317
44.02	12.318
44.03	12.319
44.04	12.319
44.05	12.32
44.06	12.321
44.07	12.322
44.08	12.323
44.09	12.324
44.1	12.324
44.11	12.325
44.12	12.326
44.13	12.327
44.14	12.327
44.15	12.328
44.16	12.329
44.17	12.33
44.18	12.33
44.19	12.331
44.2	12.332
44.21	12.332
44.22	12.333
44.23	12.334
44.24	12.334
44.25	12.335
44.26	12.336
44.27	12.336
44.28	12.337
44.29	12.338
44.3	12.338
44.31	12.339
44.32	12.339
44.33	12.34
44.34	12.341
44.35	12.341
44.36	12.342
44.37	12.342
44.38	12.343
44.39	12.344
44.4	12.344
44.41	12.345
44.42	12.345
44.43	12.346
44.44	12.346
44.45	12.347
44.46	12.348
44.47	12.348
44.48	12.349
44.49	12.349
44.5	12.35
44.51	12.35
44.52	12.351
44.53	12.351
44.54	12.352
44.55	12.352
44.56	12.353
44.57	12.353
44.58	12.354
44.59	12.354
44.6	12.355
44.61	12.355
44.62	12.356
44.63	12.356
44.64	12.357
44.65	12.357
44.66	12.358
44.67	12.358
44.68	12.359
44.69	12.359
44.7	12.359
44.71	12.36
44.72	12.36
44.73	12.361
44.74	12.361
44.75	12.362
44.76	12.362
44.77	12.362
44.78	12.363
44.79	12.363
44.8	12.364
44.81	12.364
44.82	12.364
44.83	12.365
44.84	12.365
44.85	12.366
44.86	12.366
44.87	12.366
44.88	12.367
44.89	12.367
44.9	12.367
44.91	12.368
44.92	12.368
44.93	12.368
44.94	12.369
44.95	12.369
44.96	12.369
44.97	12.369
44.98	12.37
44.99	12.37
45	12.37
45.01	12.37
