0.01E-13	0.01E-13
.01	.0001412
.02	.0002824
.03	.0004237
.04	.000565
.05	.0007063
.06	.0008477
.07	.0009891
.08	.0011306
.09	.0012722
.1	.0014138
.11	.0015556
.12	.0016975
.13	.0018394
.14	.0019815
.15	.0021238
.16	.0022661
.17	.0024087
.18	.0025514
.19	.0026942
.2	.0028373
.21	.0029805
.22	.0031239
.23	.0032676
.24	.0034115
.25	.0035556
.26	.0037
.27	.0038446
.28	.0039894
.29	.0041346
.3	.00428
.31	.0044257
.32	.0045717
.33	.0047181
.34	.0048647
.35	.0050117
.36	.0051591
.37	.0053067
.38	.0054547
.39	.0056032
.4	.005752
.41	.0059012
.42	.0060509
.43	.0062009
.44	.0063513
.45	.0065023
.46	.0066537
.47	.0068055
.48	.0069578
.49	.0071107
.5	.0072639
.51	.0074177
.52	.0075721
.53	.0077269
.54	.0078823
.55	.0080383
.56	.0081948
.57	.0083519
.58	.0085097
.59	.008668
.6	.0088268
.61	.0089865
.62	.0091467
.63	.0093074
.64	.0094691
.65	.0096313
.66	.0097941
.67	.0099579
.68	.010122
.69	.010287
.7	.010453
.71	.010619
.72	.010787
.73	.010955
.74	.011124
.75	.011294
.76	.011464
.77	.011636
.78	.011808
.79	.011981
.8	.012156
.81	.012331
.82	.012506
.83	.012683
.84	.012861
.85	.01304
.86	.01322
.87	.013401
.88	.013583
.89	.013766
.9	.01395
.91	.014135
.92	.014321
.93	.014508
.94	.014696
.95	.014886
.96	.015077
.97	.015269
.98	.015462
.99	.015656
1	.015852
1.01	.016048
1.02	.016247
1.03	.016446
1.04	.016646
1.05	.016849
1.06	.017052
1.07	.017257
1.08	.017463
1.09	.017671
1.1	.01788
1.11	.018091
1.12	.018303
1.13	.018516
1.14	.018732
1.15	.018949
1.16	.019167
1.17	.019387
1.18	.019609
1.19	.019832
1.2	.020057
1.21	.020284
1.22	.020512
1.23	.020742
1.24	.020974
1.25	.021208
1.26	.021444
1.27	.021682
1.28	.021921
1.29	.022162
1.3	.022406
1.31	.022652
1.32	.022899
1.33	.023149
1.34	.023401
1.35	.023654
1.36	.02391
1.37	.024169
1.38	.024429
1.39	.024692
1.4	.024957
1.41	.025224
1.42	.025494
1.43	.025767
1.44	.026041
1.45	.026318
1.46	.026598
1.47	.02688
1.48	.027165
1.49	.027453
1.5	.027743
1.51	.028036
1.52	.028332
1.53	.028631
1.54	.028932
1.55	.029236
1.56	.029544
1.57	.029854
1.58	.030168
1.59	.030485
1.6	.030804
1.61	.031127
1.62	.031454
1.63	.031783
1.64	.032116
1.65	.032453
1.66	.032793
1.67	.033135
1.68	.033483
1.69	.033834
1.7	.034188
1.71	.034547
1.72	.034909
1.73	.035274
1.74	.035645
1.75	.036019
1.76	.036396
1.77	.036779
1.78	.037166
1.79	.037556
1.8	.037952
1.81	.038352
1.82	.038756
1.83	.039165
1.84	.039579
1.85	.039998
1.86	.04042
1.87	.04085
1.88	.041283
1.89	.04172
1.9	.042165
1.91	.042615
1.92	.043068
1.93	.043529
1.94	.043995
1.95	.044465
1.96	.044943
1.97	.045427
1.98	.045915
1.99	.046411
2	.046913
2.01	.04742
2.02	.047934
2.03	.048456
2.04	.048983
2.05	.049517
2.06	.05006
2.07	.050608
2.08	.051163
2.09	.051728
2.1	.052299
2.11	.052875
2.12	.053463
2.13	.054058
2.14	.054659
2.15	.05527
2.16	.05589
2.17	.056516
2.18	.057153
2.19	.0578
2.2	.058453
2.21	.059117
2.22	.059791
2.23	.060473
2.24	.061166
2.25	.06187
2.26	.062583
2.27	.063305
2.28	.064041
2.29	.064786
2.3	.06554
2.31	.066311
2.32	.06709
2.33	.067879
2.34	.068685
2.35	.069501
2.36	.070327
2.37	.07117
2.38	.072025
2.39	.072891
2.4	.073774
2.41	.074671
2.42	.075579
2.43	.076504
2.44	.077446
2.45	.0784
2.46	.07937
2.47	.080359
2.48	.081362
2.49	.082379
2.5	.08342
2.51	.084474
2.52	.085543
2.53	.086639
2.54	.087749
2.55	.088874
2.56	.090027
2.57	.091197
2.58	.092383
2.59	.093597
2.6	.094831
2.61	.096083
2.62	.097362
2.63	.098665
2.64	.099987
2.65	.10133
2.66	.10271
2.67	.10411
2.68	.10553
2.69	.10699
2.7	.10847
2.71	.10997
2.72	.11152
2.73	.11309
2.74	.11468
2.75	.11632
2.76	.11798
2.77	.11967
2.78	.12141
2.79	.12318
2.8	.12497
2.81	.12682
2.82	.1287
2.83	.13061
2.84	.13257
2.85	.13457
2.86	.13661
2.87	.13869
2.88	.14082
2.89	.14299
2.9	.14521
2.91	.14749
2.92	.14981
2.93	.15218
2.94	.15462
2.95	.1571
2.96	.15963
2.97	.16224
2.98	.1649
2.99	.1676
3	.1704
3.01	.17325
3.02	.17616
3.03	.17915
3.04	.18222
3.05	.18535
3.06	.18856
3.07	.19187
3.08	.19524
3.09	.19869
3.1	.20226
3.11	.20589
3.12	.20962
3.13	.21347
3.14	.2174
3.15	.22141
3.16	.22558
3.17	.22984
3.18	.23419
3.19	.23871
3.2	.24333
3.21	.24806
3.22	.25295
3.23	.25798
3.24	.26312
3.25	.26844
3.26	.27392
3.27	.27953
3.28	.28532
3.29	.29131
3.3	.29745
3.31	.30376
3.32	.31033
3.33	.31705
3.34	.32396
3.35	.33117
3.36	.33856
3.37	.34613
3.38	.35406
3.39	.3622
3.4	.37055
3.41	.37928
3.42	.38828
3.43	.39751
3.44	.40715
3.45	.41712
3.46	.42736
3.47	.43801
3.48	.44909
3.49	.46049
3.5	.47231
3.51	.48466
3.52	.49738
3.53	.51054
3.54	.52435
3.55	.53858
3.56	.55327
3.57	.56878
3.58	.58476
3.59	.60124
3.6	.61867
3.61	.63669
3.62	.65527
3.63	.67488
3.64	.69526
3.65	.7163
3.66	.73844
3.67	.76156
3.68	.78546
3.69	.81053
3.7	.83685
3.71	.86409
3.72	.89256
3.73	.92263
3.74	.95376
3.75	.98619
3.76	1.0206
3.77	1.0563
3.78	1.0933
3.79	1.1328
3.8	1.1738
3.81	1.2162
3.82	1.2615
3.83	1.3087
3.84	1.3575
3.85	1.4093
3.86	1.4635
3.87	1.5196
3.88	1.5788
3.89	1.6409
3.9	1.7052
3.91	1.7726
3.92	1.8434
3.93	1.9166
3.94	1.9928
3.95	2.0729
3.96	2.1553
3.97	2.2404
3.98	2.3294
3.99	2.4206
4	2.5139
4.01	2.6107
4.02	2.7089
4.03	2.8085
4.04	2.9097
4.05	3.0113
4.06	3.1129
4.07	3.2136
4.08	3.3125
4.09	3.4093
4.1	3.5023
4.11	3.59
4.12	3.6731
4.13	3.7493
4.14	3.8158
4.15	3.8752
4.16	3.9254
4.17	3.9616
4.18	3.9888
4.19	4.006
4.2	4.0063
4.21	3.997
4.22	3.9782
4.23	3.9427
4.24	3.8985
4.25	3.846
4.26	3.7808
4.27	3.7083
4.28	3.6299
4.29	3.5436
4.3	3.4523
4.31	3.3578
4.32	3.2597
4.33	3.1595
4.34	3.0584
4.35	2.9566
4.36	2.8554
4.37	2.7549
4.38	2.6556
4.39	2.5588
4.4	2.4639
4.41	2.3708
4.42	2.2817
4.43	2.1948
4.44	2.1102
4.45	2.0299
4.46	1.9521
4.47	1.8768
4.48	1.8053
4.49	1.7367
4.5	1.6704
4.51	1.6075
4.52	1.5474
4.53	1.4894
4.54	1.4343
4.55	1.382
4.56	1.3315
4.57	1.2833
4.58	1.2378
4.59	1.1939
4.6	1.1518
4.61	1.1122
4.62	1.074
4.63	1.0372
4.64	1.0027
4.65	.96947
4.66	.93734
4.67	.90712
4.68	.87804
4.69	.84995
4.7	.82339
4.71	.79791
4.72	.77328
4.73	.74985
4.74	.72746
4.75	.7058
4.76	.68507
4.77	.66533
4.78	.64621
4.79	.62782
4.8	.61035
4.81	.59341
4.82	.57705
4.83	.56154
4.84	.54649
4.85	.53188
4.86	.51806
4.87	.50464
4.88	.4916
4.89	.4792
4.9	.46719
4.91	.45552
4.92	.44436
4.93	.43358
4.94	.4231
4.95	.41302
4.96	.40333
4.97	.39388
4.98	.38476
4.99	.37601
5	.36747
5.01	.3592
5.02	.35127
5.03	.34354
5.04	.33601
5.05	.32882
5.06	.32179
5.07	.31494
5.08	.30838
5.09	.30198
5.1	.29574
5.11	.28973
5.12	.2839
5.13	.27819
5.14	.27269
5.15	.26735
5.16	.26213
5.17	.25708
5.18	.25219
5.19	.2474
5.2	.24275
5.21	.23826
5.22	.23387
5.23	.22959
5.24	.22546
5.25	.22143
5.26	.21748
5.27	.21368
5.28	.20997
5.29	.20634
5.3	.20283
5.31	.19941
5.32	.19606
5.33	.19281
5.34	.18964
5.35	.18654
5.36	.18352
5.37	.18057
5.38	.17768
5.39	.17485
5.4	.1721
5.41	.1694
5.42	.16675
5.43	.16418
5.44	.16165
5.45	.15917
5.46	.15678
5.47	.15443
5.48	.15213
5.49	.14992
5.5	.14776
5.51	.14566
5.52	.14364
5.53	.14167
5.54	.13977
5.55	.13793
5.56	.13616
5.57	.13445
5.58	.13279
5.59	.1312
5.6	.12965
5.61	.12815
5.62	.1267
5.63	.12528
5.64	.12389
5.65	.12254
5.66	.12122
5.67	.11991
5.68	.11864
5.69	.11739
5.7	.11615
5.71	.11494
5.72	.11375
5.73	.11258
5.74	.11143
5.75	.11031
5.76	.10921
5.77	.10814
5.78	.1071
5.79	.10608
5.8	.10511
5.81	.10417
5.82	.10327
5.83	.10241
5.84	.1016
5.85	.10084
5.86	.10012
5.87	.099472
5.88	.098868
5.89	.098317
5.9	.097832
5.91	.097398
5.92	.097016
5.93	.096692
5.94	.096412
5.95	.096168
5.96	.095961
5.97	.095776
5.98	.0956
5.99	.095426
6	.095242
6.01	.095032
6.02	.09479
6.03	.094508
6.04	.094175
6.05	.09379
6.06	.093357
6.07	.092873
6.08	.092346
6.09	.091793
6.1	.091219
6.11	.09064
6.12	.090078
6.13	.089541
6.14	.089044
6.15	.088603
6.16	.088224
6.17	.087909
6.18	.087667
6.19	.087492
6.2	.087379
6.21	.087326
6.22	.087327
6.23	.087373
6.24	.087461
6.25	.087588
6.26	.087748
6.27	.087939
6.28	.088165
6.29	.088421
6.3	.088704
6.31	.089018
6.32	.089354
6.33	.089706
6.34	.090072
6.35	.090439
6.36	.090797
6.37	.091141
6.38	.09146
6.39	.091747
6.4	.092002
6.41	.092224
6.42	.092419
6.43	.092596
6.44	.092771
6.45	.09296
6.46	.093183
6.47	.093466
6.48	.093827
6.49	.094287
6.5	.094867
6.51	.095577
6.52	.096425
6.53	.097416
6.54	.098545
6.55	.0998
6.56	.10117
6.57	.10263
6.58	.10417
6.59	.10576
6.6	.10738
6.61	.10899
6.62	.11059
6.63	.11216
6.64	.11369
6.65	.11518
6.66	.11662
6.67	.11804
6.68	.11944
6.69	.12086
6.7	.1223
6.71	.1238
6.72	.12539
6.73	.12708
6.74	.12889
6.75	.13085
6.76	.13297
6.77	.13524
6.78	.13767
6.79	.14025
6.8	.14299
6.81	.14587
6.82	.14887
6.83	.152
6.84	.15524
6.85	.15858
6.86	.16202
6.87	.16556
6.88	.16921
6.89	.17297
6.9	.17684
6.91	.18082
6.92	.18493
6.93	.18914
6.94	.19344
6.95	.19781
6.96	.20223
6.97	.20665
6.98	.21104
6.99	.21537
7	.21961
7.01	.22376
7.02	.2278
7.03	.23177
7.04	.2357
7.05	.23963
7.06	.24363
7.07	.24775
7.08	.25206
7.09	.25661
7.1	.26146
7.11	.26662
7.12	.27211
7.13	.27792
7.14	.28402
7.15	.29037
7.16	.2969
7.17	.30355
7.18	.31025
7.19	.31694
7.2	.32356
7.21	.33008
7.22	.33647
7.23	.34275
7.24	.34893
7.25	.35506
7.26	.36121
7.27	.36743
7.28	.3738
7.29	.38039
7.3	.38723
7.31	.39437
7.32	.40183
7.33	.40961
7.34	.41768
7.35	.42603
7.36	.43462
7.37	.44343
7.38	.45242
7.39	.46158
7.4	.47088
7.41	.4803
7.42	.48983
7.43	.49946
7.44	.50915
7.45	.51887
7.46	.52859
7.47	.53827
7.48	.54787
7.49	.55735
7.5	.56666
7.51	.5758
7.52	.58473
7.53	.59345
7.54	.60197
7.55	.61028
7.56	.6184
7.57	.62632
7.58	.63404
7.59	.64158
7.6	.64894
7.61	.65611
7.62	.66313
7.63	.67001
7.64	.67681
7.65	.68358
7.66	.69041
7.67	.69739
7.68	.70459
7.69	.71212
7.7	.72004
7.71	.72841
7.72	.73725
7.73	.74655
7.74	.75628
7.75	.76637
7.76	.77674
7.77	.7873
7.78	.79793
7.79	.80853
7.8	.81902
7.81	.82931
7.82	.83935
7.83	.84909
7.84	.85849
7.85	.86755
7.86	.87625
7.87	.88461
7.88	.89263
7.89	.90034
7.9	.90778
7.91	.91499
7.92	.92203
7.93	.92896
7.94	.93588
7.95	.94286
7.96	.94998
7.97	.95733
7.98	.96495
7.99	.9729
8	.98118
8.01	.9898
8.02	.99872
8.03	1.0079
8.04	1.0172
8.05	1.0267
8.06	1.0363
8.07	1.0458
8.08	1.0553
8.09	1.0647
8.1	1.0739
8.11	1.0831
8.12	1.0922
8.13	1.1014
8.14	1.1105
8.15	1.1198
8.16	1.1292
8.17	1.1388
8.18	1.1487
8.19	1.1588
8.2	1.1692
8.21	1.1799
8.22	1.1907
8.23	1.2018
8.24	1.2129
8.25	1.2241
8.26	1.2354
8.27	1.2466
8.28	1.2579
8.29	1.2691
8.3	1.2803
8.31	1.2915
8.32	1.3028
8.33	1.3141
8.34	1.3256
8.35	1.3372
8.36	1.349
8.37	1.3609
8.38	1.373
8.39	1.3852
8.4	1.3973
8.41	1.4095
8.42	1.4215
8.43	1.4335
8.44	1.4453
8.45	1.4569
8.46	1.4685
8.47	1.4801
8.48	1.4918
8.49	1.5037
8.5	1.516
8.51	1.5286
8.52	1.5417
8.53	1.5553
8.54	1.5694
8.55	1.5839
8.56	1.5987
8.57	1.6136
8.58	1.6285
8.59	1.6431
8.6	1.6572
8.61	1.6706
8.62	1.6832
8.63	1.6947
8.64	1.7053
8.65	1.7148
8.66	1.7232
8.67	1.7308
8.68	1.7376
8.69	1.7438
8.7	1.7497
8.71	1.7556
8.72	1.7616
8.73	1.768
8.74	1.775
8.75	1.7827
8.76	1.7912
8.77	1.8005
8.78	1.8106
8.79	1.8215
8.8	1.833
8.81	1.845
8.82	1.8571
8.83	1.8693
8.84	1.8813
8.85	1.8927
8.86	1.9035
8.87	1.9135
8.88	1.9225
8.89	1.9304
8.9	1.9372
8.91	1.9429
8.92	1.9476
8.93	1.9513
8.94	1.9541
8.95	1.9562
8.96	1.9577
8.97	1.9587
8.98	1.9594
8.99	1.96
9	1.9604
9.01	1.9609
9.02	1.9616
9.03	1.9625
9.04	1.9638
9.05	1.9656
9.06	1.968
9.07	1.9709
9.08	1.9745
9.09	1.9787
9.1	1.9836
9.11	1.9889
9.12	1.9947
9.13	2.0008
9.14	2.0071
9.15	2.0133
9.16	2.0194
9.17	2.0251
9.18	2.0305
9.19	2.0353
9.2	2.0396
9.21	2.0432
9.22	2.0462
9.23	2.0485
9.24	2.0501
9.25	2.051
9.26	2.0513
9.27	2.0509
9.28	2.0498
9.29	2.0482
9.3	2.046
9.31	2.0434
9.32	2.0403
9.33	2.0369
9.34	2.0334
9.35	2.0297
9.36	2.026
9.37	2.0224
9.38	2.0189
9.39	2.0156
9.4	2.0126
9.41	2.0098
9.42	2.0073
9.43	2.005
9.44	2.0029
9.45	2.001
9.46	1.9993
9.47	1.9976
9.48	1.9959
9.49	1.9941
9.5	1.9923
9.51	1.9902
9.52	1.988
9.53	1.9857
9.54	1.9831
9.55	1.9803
9.56	1.9774
9.57	1.9744
9.58	1.9713
9.59	1.9681
9.6	1.9649
9.61	1.9615
9.62	1.958
9.63	1.9544
9.64	1.9506
9.65	1.9466
9.66	1.9423
9.67	1.9378
9.68	1.933
9.69	1.928
9.7	1.9228
9.71	1.9175
9.72	1.9121
9.73	1.9068
9.74	1.9015
9.75	1.8963
9.76	1.8912
9.77	1.8863
9.78	1.8815
9.79	1.8768
9.8	1.872
9.81	1.8672
9.82	1.8622
9.83	1.857
9.84	1.8514
9.85	1.8456
9.86	1.8394
9.87	1.8329
9.88	1.8261
9.89	1.8192
9.9	1.8123
9.91	1.8053
9.92	1.7985
9.93	1.7919
9.94	1.7855
9.95	1.7795
9.96	1.7739
9.97	1.7686
9.98	1.7636
9.99	1.7588
10	1.7543
10.01	1.7499
10.02	1.7456
10.03	1.7412
10.04	1.7368
10.05	1.7322
10.06	1.7276
10.07	1.7228
10.08	1.7179
10.09	1.7129
10.1	1.7079
10.11	1.7029
10.12	1.6979
10.13	1.6931
10.14	1.6884
10.15	1.6838
10.16	1.6794
10.17	1.6752
10.18	1.6711
10.19	1.6673
10.2	1.6635
10.21	1.66
10.22	1.6565
10.23	1.6532
10.24	1.6499
10.25	1.6468
10.26	1.6438
10.27	1.641
10.28	1.6382
10.29	1.6356
10.3	1.6331
10.31	1.6307
10.32	1.6285
10.33	1.6264
10.34	1.6243
10.35	1.6224
10.36	1.6205
10.37	1.6186
10.38	1.6166
10.39	1.6147
10.4	1.6127
10.41	1.6107
10.42	1.6086
10.43	1.6066
10.44	1.6045
10.45	1.6024
10.46	1.6003
10.47	1.5983
10.48	1.5963
10.49	1.5945
10.5	1.5927
10.51	1.591
10.52	1.5895
10.53	1.5881
10.54	1.5869
10.55	1.5858
10.56	1.5848
10.57	1.584
10.58	1.5833
10.59	1.5828
10.6	1.5824
10.61	1.5821
10.62	1.5819
10.63	1.5817
10.64	1.5816
10.65	1.5816
10.66	1.5816
10.67	1.5817
10.68	1.5818
10.69	1.582
10.7	1.5824
10.71	1.5828
10.72	1.5833
10.73	1.584
10.74	1.5847
10.75	1.5855
10.76	1.5864
10.77	1.5873
10.78	1.5882
10.79	1.589
10.8	1.5899
10.81	1.5906
10.82	1.5913
10.83	1.5919
10.84	1.5924
10.85	1.5927
10.86	1.593
10.87	1.5931
10.88	1.5932
10.89	1.593
10.9	1.5928
10.91	1.5924
10.92	1.5919
10.93	1.5913
10.94	1.5907
10.95	1.5901
10.96	1.5895
10.97	1.589
10.98	1.5887
10.99	1.5886
11	1.5889
11.01	1.5895
11.02	1.5904
11.03	1.5917
11.04	1.5934
11.05	1.5953
11.06	1.5975
11.07	1.5998
11.08	1.6022
11.09	1.6045
11.1	1.6068
11.11	1.6089
11.12	1.6109
11.13	1.6127
11.14	1.6144
11.15	1.6159
11.16	1.6173
11.17	1.6187
11.18	1.62
11.19	1.6213
11.2	1.6225
11.21	1.6239
11.22	1.6252
11.23	1.6265
11.24	1.6279
11.25	1.6292
11.26	1.6305
11.27	1.6318
11.28	1.6331
11.29	1.6343
11.3	1.6354
11.31	1.6365
11.32	1.6375
11.33	1.6384
11.34	1.6393
11.35	1.6401
11.36	1.6409
11.37	1.6416
11.38	1.6424
11.39	1.6432
11.4	1.6441
11.41	1.6451
11.42	1.6464
11.43	1.6478
11.44	1.6494
11.45	1.6513
11.46	1.6534
11.47	1.6557
11.48	1.6581
11.49	1.6605
11.5	1.663
11.51	1.6654
11.52	1.6677
11.53	1.6698
11.54	1.6717
11.55	1.6734
11.56	1.6748
11.57	1.676
11.58	1.677
11.59	1.6779
11.6	1.6787
11.61	1.6793
11.62	1.68
11.63	1.6806
11.64	1.6811
11.65	1.6817
11.66	1.6822
11.67	1.6827
11.68	1.6831
11.69	1.6835
11.7	1.6836
11.71	1.6837
11.72	1.6835
11.73	1.6831
11.74	1.6825
11.75	1.6818
11.76	1.6808
11.77	1.6797
11.78	1.6785
11.79	1.6772
11.8	1.6759
11.81	1.6747
11.82	1.6736
11.83	1.6727
11.84	1.6719
11.85	1.6713
11.86	1.671
11.87	1.6708
11.88	1.6709
11.89	1.671
11.9	1.6711
11.91	1.6712
11.92	1.6712
11.93	1.6711
11.94	1.6707
11.95	1.6701
11.96	1.6692
11.97	1.668
11.98	1.6666
11.99	1.6649
12	1.663
12.01	1.661
12.02	1.6589
12.03	1.6567
12.04	1.6545
12.05	1.6523
12.06	1.6503
12.07	1.6484
12.08	1.6466
12.09	1.645
12.1	1.6436
12.11	1.6424
12.12	1.6414
12.13	1.6406
12.14	1.6399
12.15	1.6393
12.16	1.6389
12.17	1.6385
12.18	1.6382
12.19	1.6379
12.2	1.6376
12.21	1.6373
12.22	1.6369
12.23	1.6365
12.24	1.636
12.25	1.6353
12.26	1.6344
12.27	1.6334
12.28	1.6321
12.29	1.6305
12.3	1.6288
12.31	1.6268
12.32	1.6247
12.33	1.6224
12.34	1.6201
12.35	1.6177
12.36	1.6154
12.37	1.6132
12.38	1.6111
12.39	1.6092
12.4	1.6075
12.41	1.6059
12.42	1.6045
12.43	1.6033
12.44	1.6022
12.45	1.6013
12.46	1.6006
12.47	1.6
12.48	1.5996
12.49	1.5993
12.5	1.5991
12.51	1.5989
12.52	1.5987
12.53	1.5984
12.54	1.5979
12.55	1.5972
12.56	1.5961
12.57	1.5947
12.58	1.5928
12.59	1.5906
12.6	1.5879
12.61	1.5849
12.62	1.5817
12.63	1.5782
12.64	1.5747
12.65	1.5711
12.66	1.5676
12.67	1.5643
12.68	1.5612
12.69	1.5584
12.7	1.556
12.71	1.554
12.72	1.5523
12.73	1.5511
12.74	1.5503
12.75	1.5499
12.76	1.5498
12.77	1.55
12.78	1.5506
12.79	1.5513
12.8	1.5523
12.81	1.5534
12.82	1.5545
12.83	1.5557
12.84	1.5567
12.85	1.5577
12.86	1.5583
12.87	1.5587
12.88	1.5587
12.89	1.5583
12.9	1.5574
12.91	1.5561
12.92	1.5543
12.93	1.5522
12.94	1.5497
12.95	1.547
12.96	1.5442
12.97	1.5413
12.98	1.5384
12.99	1.5356
13	1.533
13.01	1.5307
13.02	1.5286
13.03	1.527
13.04	1.5256
13.05	1.5247
13.06	1.5241
13.07	1.5238
13.08	1.5239
13.09	1.5242
13.1	1.5248
13.11	1.5255
13.12	1.5264
13.13	1.5272
13.14	1.5281
13.15	1.5288
13.16	1.5294
13.17	1.5297
13.18	1.5298
13.19	1.5295
13.2	1.529
13.21	1.5281
13.22	1.527
13.23	1.5256
13.24	1.5239
13.25	1.5221
13.26	1.5201
13.27	1.5181
13.28	1.5161
13.29	1.5141
13.3	1.5121
13.31	1.5103
13.32	1.5087
13.33	1.5072
13.34	1.5059
13.35	1.5048
13.36	1.5039
13.37	1.5032
13.38	1.5026
13.39	1.5021
13.4	1.5016
13.41	1.5011
13.42	1.5006
13.43	1.5
13.44	1.4992
13.45	1.4982
13.46	1.4969
13.47	1.4955
13.48	1.4939
13.49	1.4921
13.5	1.4903
13.51	1.4884
13.52	1.4865
13.53	1.4847
13.54	1.4832
13.55	1.4819
13.56	1.4809
13.57	1.4802
13.58	1.4798
13.59	1.4798
13.6	1.4801
13.61	1.4806
13.62	1.4814
13.63	1.4823
13.64	1.4834
13.65	1.4845
13.66	1.4857
13.67	1.4868
13.68	1.488
13.69	1.489
13.7	1.49
13.71	1.491
13.72	1.4919
13.73	1.4927
13.74	1.4936
13.75	1.4944
13.76	1.4952
13.77	1.4961
13.78	1.4969
13.79	1.4978
13.8	1.4986
13.81	1.4995
13.82	1.5002
13.83	1.5009
13.84	1.5014
13.85	1.5017
13.86	1.5017
13.87	1.5014
13.88	1.5009
13.89	1.4999
13.9	1.4986
13.91	1.4969
13.92	1.4949
13.93	1.4925
13.94	1.4899
13.95	1.4871
13.96	1.4842
13.97	1.4813
13.98	1.4786
13.99	1.4761
14	1.474
14.01	1.4724
14.02	1.4713
14.03	1.471
14.04	1.4713
14.05	1.4725
14.06	1.4743
14.07	1.4769
14.08	1.4802
14.09	1.484
14.1	1.4884
14.11	1.4932
14.12	1.4983
14.13	1.5037
14.14	1.5091
14.15	1.5147
14.16	1.5202
14.17	1.5256
14.18	1.531
14.19	1.5362
14.2	1.5412
14.21	1.5461
14.22	1.5508
14.23	1.5553
14.24	1.5596
14.25	1.5638
14.26	1.5678
14.27	1.5717
14.28	1.5754
14.29	1.5789
14.3	1.5824
14.31	1.5859
14.32	1.5893
14.33	1.5927
14.34	1.5961
14.35	1.5996
14.36	1.6033
14.37	1.607
14.38	1.611
14.39	1.6151
14.4	1.6194
14.41	1.6239
14.42	1.6287
14.43	1.6337
14.44	1.6389
14.45	1.6443
14.46	1.6499
14.47	1.6558
14.48	1.6617
14.49	1.6677
14.5	1.6738
14.51	1.6797
14.52	1.6856
14.53	1.6911
14.54	1.6963
14.55	1.701
14.56	1.7052
14.57	1.7088
14.58	1.7117
14.59	1.714
14.6	1.7156
14.61	1.7167
14.62	1.7172
14.63	1.7173
14.64	1.7172
14.65	1.7168
14.66	1.7164
14.67	1.716
14.68	1.7157
14.69	1.7156
14.7	1.7157
14.71	1.7161
14.72	1.7167
14.73	1.7177
14.74	1.7188
14.75	1.7202
14.76	1.7217
14.77	1.7234
14.78	1.7251
14.79	1.7268
14.8	1.7284
14.81	1.73
14.82	1.7315
14.83	1.7327
14.84	1.7338
14.85	1.7347
14.86	1.7353
14.87	1.7356
14.88	1.7357
14.89	1.7355
14.9	1.7351
14.91	1.7344
14.92	1.7334
14.93	1.7322
14.94	1.7308
14.95	1.7292
14.96	1.7275
14.97	1.7256
14.98	1.7237
14.99	1.7218
15	1.7199
15.01	1.7181
15.02	1.7164
15.03	1.7149
15.04	1.7137
15.05	1.7127
15.06	1.712
15.07	1.7115
15.08	1.7112
15.09	1.7111
15.1	1.7111
15.11	1.7111
15.12	1.7111
15.13	1.7109
15.14	1.7106
15.15	1.71
15.16	1.7092
15.17	1.7082
15.18	1.7069
15.19	1.7054
15.2	1.7038
15.21	1.7022
15.22	1.7005
15.23	1.6989
15.24	1.6974
15.25	1.6961
15.26	1.6948
15.27	1.6937
15.28	1.6926
15.29	1.6916
15.3	1.6905
15.31	1.6894
15.32	1.6881
15.33	1.6866
15.34	1.6849
15.35	1.6829
15.36	1.6807
15.37	1.6783
15.38	1.6756
15.39	1.6727
15.4	1.6697
15.41	1.6665
15.42	1.6633
15.43	1.66
15.44	1.6566
15.45	1.6532
15.46	1.6499
15.47	1.6465
15.48	1.6431
15.49	1.6398
15.5	1.6365
15.51	1.6332
15.52	1.6301
15.53	1.627
15.54	1.6241
15.55	1.6213
15.56	1.6186
15.57	1.6162
15.58	1.6139
15.59	1.6119
15.6	1.61
15.61	1.6083
15.62	1.6067
15.63	1.6052
15.64	1.6039
15.65	1.6026
15.66	1.6013
15.67	1.6001
15.68	1.5988
15.69	1.5975
15.7	1.5962
15.71	1.5948
15.72	1.5934
15.73	1.5919
15.74	1.5903
15.75	1.5886
15.76	1.5868
15.77	1.585
15.78	1.5831
15.79	1.5811
15.8	1.5791
15.81	1.577
15.82	1.5749
15.83	1.5727
15.84	1.5704
15.85	1.5681
15.86	1.5658
15.87	1.5635
15.88	1.5611
15.89	1.5587
15.9	1.5564
15.91	1.5541
15.92	1.5519
15.93	1.5498
15.94	1.548
15.95	1.5463
15.96	1.5449
15.97	1.5438
15.98	1.543
15.99	1.5424
16	1.542
16.01	1.5418
16.02	1.5417
16.03	1.5417
16.04	1.5416
16.05	1.5414
16.06	1.5411
16.07	1.5405
16.08	1.5397
16.09	1.5386
16.1	1.5372
16.11	1.5356
16.12	1.5338
16.13	1.5318
16.14	1.5296
16.15	1.5273
16.16	1.5249
16.17	1.5224
16.18	1.5198
16.19	1.5171
16.2	1.5144
16.21	1.5117
16.22	1.5091
16.23	1.5065
16.24	1.504
16.25	1.5016
16.26	1.4994
16.27	1.4974
16.28	1.4956
16.29	1.4941
16.3	1.4928
16.31	1.4917
16.32	1.4908
16.33	1.4901
16.34	1.4895
16.35	1.489
16.36	1.4886
16.37	1.4882
16.38	1.4878
16.39	1.4874
16.4	1.4869
16.41	1.4865
16.42	1.4859
16.43	1.4854
16.44	1.4847
16.45	1.484
16.46	1.4833
16.47	1.4824
16.48	1.4814
16.49	1.4804
16.5	1.4792
16.51	1.478
16.52	1.4766
16.53	1.4752
16.54	1.4739
16.55	1.4725
16.56	1.4712
16.57	1.47
16.58	1.4689
16.59	1.4681
16.6	1.4674
16.61	1.467
16.62	1.4668
16.63	1.4667
16.64	1.4669
16.65	1.4671
16.66	1.4675
16.67	1.4679
16.68	1.4682
16.69	1.4684
16.7	1.4685
16.71	1.4683
16.72	1.4679
16.73	1.4672
16.74	1.4663
16.75	1.465
16.76	1.4635
16.77	1.4618
16.78	1.4599
16.79	1.4579
16.8	1.4559
16.81	1.454
16.82	1.4522
16.83	1.4507
16.84	1.4494
16.85	1.4484
16.86	1.4477
16.87	1.4473
16.88	1.4472
16.89	1.4473
16.9	1.4476
16.91	1.448
16.92	1.4484
16.93	1.4488
16.94	1.4491
16.95	1.4493
16.96	1.4493
16.97	1.4491
16.98	1.4487
16.99	1.4482
17	1.4475
17.01	1.4467
17.02	1.4458
17.03	1.4448
17.04	1.4439
17.05	1.4429
17.06	1.442
17.07	1.4411
17.08	1.4402
17.09	1.4394
17.1	1.4387
17.11	1.4381
17.12	1.4375
17.13	1.4369
17.14	1.4364
17.15	1.436
17.16	1.4355
17.17	1.4351
17.18	1.4348
17.19	1.4344
17.2	1.434
17.21	1.4336
17.22	1.433
17.23	1.4324
17.24	1.4317
17.25	1.4309
17.26	1.43
17.27	1.4289
17.28	1.4278
17.29	1.4265
17.3	1.4251
17.31	1.4237
17.32	1.4222
17.33	1.4206
17.34	1.419
17.35	1.4173
17.36	1.4155
17.37	1.4137
17.38	1.4117
17.39	1.4096
17.4	1.4075
17.41	1.4053
17.42	1.403
17.43	1.4008
17.44	1.3985
17.45	1.3964
17.46	1.3944
17.47	1.3925
17.48	1.3908
17.49	1.3893
17.5	1.3881
17.51	1.387
17.52	1.3861
17.53	1.3854
17.54	1.3848
17.55	1.3844
17.56	1.384
17.57	1.3838
17.58	1.3835
17.59	1.3834
17.6	1.3832
17.61	1.383
17.62	1.3827
17.63	1.3825
17.64	1.3822
17.65	1.3818
17.66	1.3814
17.67	1.381
17.68	1.3805
17.69	1.3801
17.7	1.3798
17.71	1.3795
17.72	1.3794
17.73	1.3793
17.74	1.3794
17.75	1.3797
17.76	1.3801
17.77	1.3805
17.78	1.3811
17.79	1.3817
17.8	1.3823
17.81	1.3829
17.82	1.3834
17.83	1.3837
17.84	1.3839
17.85	1.3839
17.86	1.3837
17.87	1.3833
17.88	1.3828
17.89	1.3821
17.9	1.3812
17.91	1.3804
17.92	1.3795
17.93	1.3787
17.94	1.3779
17.95	1.3773
17.96	1.3767
17.97	1.3762
17.98	1.3759
17.99	1.3755
18	1.3751
18.01	1.3747
18.02	1.3743
18.03	1.3737
18.04	1.373
18.05	1.3721
18.06	1.3712
18.07	1.3703
18.08	1.3692
18.09	1.3682
18.1	1.3672
18.11	1.3663
18.12	1.3654
18.13	1.3646
18.14	1.3638
18.15	1.3631
18.16	1.3624
18.17	1.3617
18.18	1.3609
18.19	1.3601
18.2	1.3591
18.21	1.358
18.22	1.3568
18.23	1.3555
18.24	1.3541
18.25	1.3527
18.26	1.3514
18.27	1.3502
18.28	1.3492
18.29	1.3484
18.3	1.3478
18.31	1.3474
18.32	1.3473
18.33	1.3474
18.34	1.3477
18.35	1.3482
18.36	1.3487
18.37	1.3493
18.38	1.3498
18.39	1.3502
18.4	1.3504
18.41	1.3503
18.42	1.35
18.43	1.3493
18.44	1.3483
18.45	1.3469
18.46	1.3451
18.47	1.3429
18.48	1.3404
18.49	1.3376
18.5	1.3344
18.51	1.3311
18.52	1.3276
18.53	1.324
18.54	1.3204
18.55	1.3168
18.56	1.3132
18.57	1.3097
18.58	1.3063
18.59	1.3031
18.6	1.3
18.61	1.2971
18.62	1.2943
18.63	1.2916
18.64	1.2889
18.65	1.2864
18.66	1.2838
18.67	1.2811
18.68	1.2784
18.69	1.2756
18.7	1.2726
18.71	1.2694
18.72	1.266
18.73	1.2625
18.74	1.2588
18.75	1.2549
18.76	1.251
18.77	1.247
18.78	1.243
18.79	1.2391
18.8	1.2353
18.81	1.2317
18.82	1.2282
18.83	1.2248
18.84	1.2217
18.85	1.2187
18.86	1.2159
18.87	1.2133
18.88	1.2108
18.89	1.2084
18.9	1.2062
18.91	1.204
18.92	1.2021
18.93	1.2002
18.94	1.1985
18.95	1.197
18.96	1.1956
18.97	1.1944
18.98	1.1933
18.99	1.1923
19	1.1914
19.01	1.1905
19.02	1.1896
19.03	1.1886
19.04	1.1875
19.05	1.1864
19.06	1.1851
19.07	1.1838
19.08	1.1824
19.09	1.1809
19.1	1.1795
19.11	1.178
19.12	1.1766
19.13	1.1752
19.14	1.1738
19.15	1.1725
19.16	1.1712
19.17	1.1698
19.18	1.1684
19.19	1.167
19.2	1.1654
19.21	1.1638
19.22	1.162
19.23	1.1602
19.24	1.1582
19.25	1.1563
19.26	1.1542
19.27	1.1522
19.28	1.1502
19.29	1.1482
19.3	1.1463
19.31	1.1444
19.32	1.1425
19.33	1.1406
19.34	1.1388
19.35	1.137
19.36	1.1351
19.37	1.1332
19.38	1.1314
19.39	1.1295
19.4	1.1276
19.41	1.1257
19.42	1.1238
19.43	1.122
19.44	1.1201
19.45	1.1183
19.46	1.1165
19.47	1.1148
19.48	1.1131
19.49	1.1116
19.5	1.11
19.51	1.1086
19.52	1.1072
19.53	1.1059
19.54	1.1047
19.55	1.1036
19.56	1.1025
19.57	1.1014
19.58	1.1003
19.59	1.0993
19.6	1.0982
19.61	1.097
19.62	1.0958
19.63	1.0945
19.64	1.0931
19.65	1.0915
19.66	1.0899
19.67	1.0881
19.68	1.0862
19.69	1.0842
19.7	1.0821
19.71	1.0801
19.72	1.078
19.73	1.0759
19.74	1.074
19.75	1.0721
19.76	1.0704
19.77	1.0689
19.78	1.0675
19.79	1.0663
19.8	1.0652
19.81	1.0642
19.82	1.0633
19.83	1.0625
19.84	1.0618
19.85	1.061
19.86	1.0603
19.87	1.0595
19.88	1.0588
19.89	1.058
19.9	1.0572
19.91	1.0564
19.92	1.0557
19.93	1.0549
19.94	1.0542
19.95	1.0536
19.96	1.053
19.97	1.0525
19.98	1.0521
19.99	1.0517
20	1.0514
20.01	1.0512
20.02	1.051
20.03	1.0507
20.04	1.0505
20.05	1.0502
20.06	1.0497
20.07	1.0492
20.08	1.0486
20.09	1.0478
20.1	1.0468
20.11	1.0457
20.12	1.0445
20.13	1.0432
20.14	1.0418
20.15	1.0405
20.16	1.0391
20.17	1.0378
20.18	1.0366
20.19	1.0354
20.2	1.0344
20.21	1.0335
20.22	1.0327
20.23	1.032
20.24	1.0314
20.25	1.0309
20.26	1.0305
20.27	1.0302
20.28	1.0298
20.29	1.0295
20.3	1.0293
20.31	1.0291
20.32	1.0289
20.33	1.0286
20.34	1.0284
20.35	1.0282
20.36	1.028
20.37	1.0277
20.38	1.0274
20.39	1.0269
20.4	1.0264
20.41	1.0257
20.42	1.0249
20.43	1.024
20.44	1.023
20.45	1.0218
20.46	1.0206
20.47	1.0193
20.48	1.0179
20.49	1.0166
20.5	1.0153
20.51	1.0141
20.52	1.0129
20.53	1.0119
20.54	1.011
20.55	1.0101
20.56	1.0094
20.57	1.0088
20.58	1.0082
20.59	1.0076
20.6	1.007
20.61	1.0064
20.62	1.0057
20.63	1.0049
20.64	1.004
20.65	1.003
20.66	1.0019
20.67	1.0007
20.68	.99958
20.69	.99836
20.7	.99715
20.71	.99597
20.72	.99485
20.73	.9938
20.74	.99283
20.75	.99194
20.76	.99114
20.77	.99042
20.78	.98977
20.79	.9892
20.8	.9887
20.81	.98828
20.82	.98794
20.83	.98768
20.84	.98751
20.85	.98743
20.86	.98744
20.87	.98753
20.88	.98769
20.89	.98792
20.9	.98818
20.91	.98846
20.92	.98874
20.93	.989
20.94	.98922
20.95	.98939
20.96	.9895
20.97	.98954
20.98	.98951
20.99	.98943
21	.9893
21.01	.98913
21.02	.98894
21.03	.98873
21.04	.98852
21.05	.98832
21.06	.98813
21.07	.98797
21.08	.98782
21.09	.9877
21.1	.9876
21.11	.9875
21.12	.98739
21.13	.98726
21.14	.9871
21.15	.98688
21.16	.9866
21.17	.98625
21.18	.98583
21.19	.98534
21.2	.9848
21.21	.98421
21.22	.9836
21.23	.98301
21.24	.98244
21.25	.98193
21.26	.98151
21.27	.98119
21.28	.981
21.29	.98094
21.3	.98102
21.31	.98126
21.32	.98165
21.33	.98219
21.34	.98287
21.35	.98368
21.36	.98461
21.37	.98563
21.38	.9867
21.39	.98781
21.4	.98889
21.41	.98992
21.42	.99085
21.43	.99162
21.44	.9922
21.45	.99257
21.46	.99268
21.47	.99254
21.48	.99213
21.49	.99147
21.5	.99057
21.51	.98947
21.52	.9882
21.53	.98681
21.54	.98535
21.55	.98386
21.56	.98239
21.57	.98099
21.58	.97971
21.59	.97859
21.6	.97767
21.61	.97697
21.62	.97653
21.63	.97635
21.64	.97644
21.65	.97678
21.66	.97734
21.67	.9781
21.68	.979
21.69	.97999
21.7	.981
21.71	.982
21.72	.98291
21.73	.98369
21.74	.98433
21.75	.98479
21.76	.98509
21.77	.98524
21.78	.98527
21.79	.98521
21.8	.9851
21.81	.98498
21.82	.98488
21.83	.98483
21.84	.98484
21.85	.98491
21.86	.98502
21.87	.98515
21.88	.98528
21.89	.98538
21.9	.98542
21.91	.9854
21.92	.98529
21.93	.98511
21.94	.98486
21.95	.98457
21.96	.98427
21.97	.98399
21.98	.98375
21.99	.98358
22	.98349
22.01	.98348
22.02	.98355
22.03	.98368
22.04	.98383
22.05	.98398
22.06	.98407
22.07	.98408
22.08	.98396
22.09	.9837
22.1	.98328
22.11	.98268
22.12	.98192
22.13	.981
22.14	.97996
22.15	.97881
22.16	.9776
22.17	.97636
22.18	.97513
22.19	.97393
22.2	.9728
22.21	.97175
22.22	.97081
22.23	.96997
22.24	.96926
22.25	.96867
22.26	.96821
22.27	.96787
22.28	.96766
22.29	.96756
22.3	.96757
22.31	.96768
22.32	.96788
22.33	.96815
22.34	.96847
22.35	.96882
22.36	.96919
22.37	.96954
22.38	.96985
22.39	.97012
22.4	.97033
22.41	.97047
22.42	.97053
22.43	.97051
22.44	.97042
22.45	.97025
22.46	.97001
22.47	.96971
22.48	.96936
22.49	.96895
22.5	.96851
22.51	.96802
22.52	.9675
22.53	.96695
22.54	.96638
22.55	.9658
22.56	.96521
22.57	.96461
22.58	.96403
22.59	.96347
22.6	.96295
22.61	.96247
22.62	.96207
22.63	.96176
22.64	.96155
22.65	.96146
22.66	.96151
22.67	.9617
22.68	.96203
22.69	.96251
22.7	.96312
22.71	.96385
22.72	.96469
22.73	.9656
22.74	.96657
22.75	.96757
22.76	.96857
22.77	.96955
22.78	.97049
22.79	.97137
22.8	.97218
22.81	.97292
22.82	.97357
22.83	.97416
22.84	.97468
22.85	.97515
22.86	.97559
22.87	.97601
22.88	.97641
22.89	.97682
22.9	.97723
22.91	.97764
22.92	.97804
22.93	.97843
22.94	.97878
22.95	.97908
22.96	.9793
22.97	.97944
22.98	.97947
22.99	.97939
23	.97919
23.01	.97887
23.02	.97843
23.03	.97787
23.04	.97721
23.05	.97645
23.06	.97561
23.07	.97469
23.08	.97371
23.09	.97265
23.1	.97154
23.11	.97037
23.12	.96914
23.13	.96786
23.14	.96653
23.15	.96517
23.16	.96379
23.17	.96242
23.18	.96109
23.19	.95983
23.2	.95868
23.21	.95768
23.22	.95687
23.23	.95628
23.24	.95595
23.25	.95588
23.26	.95609
23.27	.95657
23.28	.95728
23.29	.9582
23.3	.95927
23.31	.96043
23.32	.96163
23.33	.96281
23.34	.96391
23.35	.96487
23.36	.96566
23.37	.96626
23.38	.96665
23.39	.96684
23.4	.96683
23.41	.96666
23.42	.96634
23.43	.96591
23.44	.9654
23.45	.96483
23.46	.96424
23.47	.96364
23.48	.96303
23.49	.96244
23.5	.96185
23.51	.96129
23.52	.96074
23.53	.96021
23.54	.9597
23.55	.95923
23.56	.9588
23.57	.95842
23.58	.95811
23.59	.95789
23.6	.95777
23.61	.95777
23.62	.9579
23.63	.95816
23.64	.95856
23.65	.95907
23.66	.95969
23.67	.96038
23.68	.96112
23.69	.96186
23.7	.96256
23.71	.96317
23.72	.96367
23.73	.964
23.74	.96414
23.75	.96408
23.76	.96381
23.77	.96334
23.78	.96269
23.79	.9619
23.8	.961
23.81	.96005
23.82	.95909
23.83	.95816
23.84	.9573
23.85	.95656
23.86	.95595
23.87	.95548
23.88	.95516
23.89	.95499
23.9	.95495
23.91	.95504
23.92	.95524
23.93	.95554
23.94	.95591
23.95	.95634
23.96	.95682
23.97	.95732
23.98	.95784
23.99	.95835
24	.95883
24.01	.95926
24.02	.95964
24.03	.95995
24.04	.96016
24.05	.96029
24.06	.96031
24.07	.96024
24.08	.96009
24.09	.95986
24.1	.95957
24.11	.95924
24.12	.95888
24.13	.95852
24.14	.95818
24.15	.95787
24.16	.9576
24.17	.95737
24.18	.9572
24.19	.95708
24.2	.95701
24.21	.95698
24.22	.95699
24.23	.95703
24.24	.95709
24.25	.95718
24.26	.95727
24.27	.95738
24.28	.9575
24.29	.95765
24.3	.95781
24.31	.95802
24.32	.95827
24.33	.95858
24.34	.95896
24.35	.95945
24.36	.96004
24.37	.96075
24.38	.96158
24.39	.96255
24.4	.96363
24.41	.96481
24.42	.96608
24.43	.96741
24.44	.96877
24.45	.97013
24.46	.97147
24.47	.97277
24.48	.97402
24.49	.9752
24.5	.97631
24.51	.97737
24.52	.97836
24.53	.97931
24.54	.98021
24.55	.98107
24.56	.9819
24.57	.98268
24.58	.98342
24.59	.98409
24.6	.98469
24.61	.9852
24.62	.98562
24.63	.98592
24.64	.98611
24.65	.98618
24.66	.98613
24.67	.98597
24.68	.98571
24.69	.98535
24.7	.98493
24.71	.98445
24.72	.98394
24.73	.9834
24.74	.98286
24.75	.98234
24.76	.98184
24.77	.9814
24.78	.98102
24.79	.98072
24.8	.98053
24.81	.98046
24.82	.98052
24.83	.98073
24.84	.9811
24.85	.98163
24.86	.9823
24.87	.9831
24.88	.984
24.89	.98497
24.9	.98596
24.91	.98692
24.92	.98782
24.93	.9886
24.94	.98923
24.95	.98969
24.96	.98997
24.97	.99005
24.98	.98995
24.99	.98969
25	.9893
25.01	.98881
25.02	.98825
25.03	.98765
25.04	.98705
25.05	.98647
25.06	.98593
25.07	.98544
25.08	.98501
25.09	.98465
25.1	.98437
25.11	.98418
25.12	.98407
25.13	.98405
25.14	.98412
25.15	.98429
25.16	.98455
25.17	.98491
25.18	.98536
25.19	.98591
25.2	.98654
25.21	.98726
25.22	.98807
25.23	.98895
25.24	.9899
25.25	.99093
25.26	.99203
25.27	.99319
25.28	.99441
25.29	.99567
25.3	.99697
25.31	.99829
25.32	.99962
25.33	1.0009
25.34	1.0022
25.35	1.0034
25.36	1.0046
25.37	1.0057
25.38	1.0067
25.39	1.0076
25.4	1.0084
25.41	1.0091
25.42	1.0098
25.43	1.0104
25.44	1.0109
25.45	1.0115
25.46	1.0122
25.47	1.0129
25.48	1.0137
25.49	1.0147
25.5	1.0158
25.51	1.0169
25.52	1.0182
25.53	1.0196
25.54	1.0209
25.55	1.0222
25.56	1.0233
25.57	1.0244
25.58	1.0252
25.59	1.0259
25.6	1.0263
25.61	1.0266
25.62	1.0266
25.63	1.0265
25.64	1.0263
25.65	1.026
25.66	1.0257
25.67	1.0254
25.68	1.0252
25.69	1.0251
25.7	1.025
25.71	1.0252
25.72	1.0254
25.73	1.0259
25.74	1.0264
25.75	1.0272
25.76	1.028
25.77	1.029
25.78	1.03
25.79	1.0311
25.8	1.0321
25.81	1.0332
25.82	1.0342
25.83	1.0352
25.84	1.036
25.85	1.0367
25.86	1.0372
25.87	1.0377
25.88	1.038
25.89	1.0381
25.9	1.0382
25.91	1.0381
25.92	1.0381
25.93	1.0379
25.94	1.0378
25.95	1.0378
25.96	1.0377
25.97	1.0378
25.98	1.038
25.99	1.0382
26	1.0386
26.01	1.039
26.02	1.0396
26.03	1.0402
26.04	1.0409
26.05	1.0417
26.06	1.0425
26.07	1.0434
26.08	1.0442
26.09	1.0451
26.1	1.046
26.11	1.0469
26.12	1.0478
26.13	1.0487
26.14	1.0496
26.15	1.0505
26.16	1.0514
26.17	1.0523
26.18	1.0533
26.19	1.0542
26.2	1.0552
26.21	1.0561
26.22	1.0571
26.23	1.058
26.24	1.0588
26.25	1.0596
26.26	1.0603
26.27	1.0609
26.28	1.0614
26.29	1.0618
26.3	1.0621
26.31	1.0622
26.32	1.0623
26.33	1.0622
26.34	1.0621
26.35	1.0619
26.36	1.0617
26.37	1.0615
26.38	1.0612
26.39	1.0609
26.4	1.0606
26.41	1.0603
26.42	1.0599
26.43	1.0594
26.44	1.0588
26.45	1.0582
26.46	1.0574
26.47	1.0565
26.48	1.0555
26.49	1.0544
26.5	1.0532
26.51	1.0519
26.52	1.0505
26.53	1.0491
26.54	1.0476
26.55	1.0461
26.56	1.0445
26.57	1.0428
26.58	1.0411
26.59	1.0393
26.6	1.0374
26.61	1.0354
26.62	1.0334
26.63	1.0312
26.64	1.029
26.65	1.0266
26.66	1.0241
26.67	1.0216
26.68	1.019
26.69	1.0164
26.7	1.0138
26.71	1.0111
26.72	1.0085
26.73	1.0059
26.74	1.0033
26.75	1.0008
26.76	.99832
26.77	.99588
26.78	.99348
26.79	.99111
26.8	.98876
26.81	.98642
26.82	.98408
26.83	.98173
26.84	.97936
26.85	.97698
26.86	.97457
26.87	.97213
26.88	.96967
26.89	.96717
26.9	.96464
26.91	.96206
26.92	.95943
26.93	.95675
26.94	.95401
26.95	.95122
26.96	.94836
26.97	.94546
26.98	.94253
26.99	.9396
27	.93668
27.01	.93382
27.02	.93103
27.03	.92836
27.04	.92581
27.05	.92342
27.06	.92119
27.07	.91912
27.08	.9172
27.09	.91541
27.1	.91374
27.11	.91216
27.12	.91066
27.13	.9092
27.14	.90778
27.15	.90638
27.16	.90499
27.17	.90361
27.18	.90222
27.19	.90083
27.2	.89944
27.21	.89802
27.22	.89658
27.23	.8951
27.24	.89356
27.25	.89196
27.26	.89027
27.27	.88849
27.28	.88661
27.29	.88462
27.3	.88254
27.31	.88037
27.32	.87812
27.33	.87579
27.34	.87342
27.35	.87099
27.36	.86852
27.37	.86602
27.38	.86348
27.39	.86091
27.4	.85828
27.41	.85562
27.42	.85291
27.43	.85017
27.44	.84741
27.45	.84464
27.46	.84189
27.47	.83919
27.48	.83656
27.49	.83403
27.5	.83163
27.51	.82937
27.52	.82728
27.53	.82537
27.54	.82364
27.55	.82209
27.56	.82072
27.57	.81952
27.58	.81847
27.59	.81756
27.6	.81675
27.61	.81601
27.62	.81532
27.63	.81463
27.64	.81391
27.65	.81313
27.66	.81226
27.67	.81127
27.68	.81017
27.69	.80894
27.7	.8076
27.71	.80615
27.72	.80462
27.73	.80303
27.74	.80142
27.75	.7998
27.76	.79819
27.77	.79661
27.78	.79506
27.79	.79355
27.8	.79205
27.81	.79056
27.82	.78906
27.83	.78752
27.84	.78591
27.85	.78422
27.86	.78243
27.87	.78053
27.88	.77849
27.89	.77633
27.9	.77404
27.91	.77163
27.92	.76911
27.93	.7665
27.94	.76379
27.95	.76101
27.96	.75817
27.97	.75528
27.98	.75234
27.99	.74936
28	.74637
28.01	.74335
28.02	.74034
28.03	.73734
28.04	.73436
28.05	.73143
28.06	.72857
28.07	.72578
28.08	.72309
28.09	.72049
28.1	.71801
28.11	.71563
28.12	.71335
28.13	.71116
28.14	.70905
28.15	.70701
28.16	.70503
28.17	.70307
28.18	.70114
28.19	.69922
28.2	.6973
28.21	.69538
28.22	.69344
28.23	.69148
28.24	.68951
28.25	.68754
28.26	.68556
28.27	.68359
28.28	.68163
28.29	.67969
28.3	.67778
28.31	.6759
28.32	.67405
28.33	.67222
28.34	.6704
28.35	.66858
28.36	.66674
28.37	.66486
28.38	.66294
28.39	.66096
28.4	.65891
28.41	.65678
28.42	.65459
28.43	.65232
28.44	.64999
28.45	.64761
28.46	.64518
28.47	.64273
28.48	.64025
28.49	.63776
28.5	.63526
28.51	.63277
28.52	.63029
28.53	.62783
28.54	.62539
28.55	.62297
28.56	.62058
28.57	.61822
28.58	.6159
28.59	.61363
28.6	.61141
28.61	.60924
28.62	.60714
28.63	.60512
28.64	.60317
28.65	.6013
28.66	.59951
28.67	.59779
28.68	.59614
28.69	.59455
28.7	.593
28.71	.59148
28.72	.58997
28.73	.58845
28.74	.58691
28.75	.58534
28.76	.58371
28.77	.58203
28.78	.58029
28.79	.57849
28.8	.57665
28.81	.57477
28.82	.57288
28.83	.571
28.84	.56914
28.85	.56733
28.86	.5656
28.87	.56394
28.88	.56236
28.89	.56087
28.9	.55945
28.91	.55808
28.92	.55673
28.93	.55538
28.94	.554
28.95	.55257
28.96	.55105
28.97	.54944
28.98	.54772
28.99	.54589
29	.54397
29.01	.54197
29.02	.53991
29.03	.53781
29.04	.5357
29.05	.5336
29.06	.53154
29.07	.52954
29.08	.52761
29.09	.52578
29.1	.52404
29.11	.5224
29.12	.52086
29.13	.51942
29.14	.51808
29.15	.51683
29.16	.51566
29.17	.51457
29.18	.51356
29.19	.51262
29.2	.51176
29.21	.51096
29.22	.51022
29.23	.50954
29.24	.5089
29.25	.50828
29.26	.50767
29.27	.50705
29.28	.50639
29.29	.50566
29.3	.50486
29.31	.50395
29.32	.50294
29.33	.50181
29.34	.50057
29.35	.49922
29.36	.49778
29.37	.49627
29.38	.4947
29.39	.49309
29.4	.49147
29.41	.48984
29.42	.48822
29.43	.48662
29.44	.48506
29.45	.48352
29.46	.48203
29.47	.48059
29.48	.47919
29.49	.47785
29.5	.47656
29.51	.47533
29.52	.47414
29.53	.473
29.54	.47189
29.55	.47081
29.56	.46974
29.57	.46867
29.58	.4676
29.59	.46651
29.6	.4654
29.61	.46427
29.62	.46314
29.63	.462
29.64	.46087
29.65	.45976
29.66	.45869
29.67	.45766
29.68	.45669
29.69	.45578
29.7	.45492
29.71	.45411
29.72	.45336
29.73	.45264
29.74	.45194
29.75	.45126
29.76	.45059
29.77	.44992
29.78	.44924
29.79	.44856
29.8	.44787
29.81	.44717
29.82	.44646
29.83	.44574
29.84	.44501
29.85	.44425
29.86	.44348
29.87	.44267
29.88	.44182
29.89	.44092
29.9	.43997
29.91	.43896
29.92	.43791
29.93	.43681
29.94	.43569
29.95	.43455
29.96	.43342
29.97	.43231
29.98	.43124
29.99	.43022
30	.42927
30.01	.42839
30.02	.42759
30.03	.42687
30.04	.42624
30.05	.42568
30.06	.42521
30.07	.42483
30.08	.42452
30.09	.4243
30.1	.42416
30.11	.4241
30.12	.42411
30.13	.42419
30.14	.42432
30.15	.4245
30.16	.4247
30.17	.4249
30.18	.4251
30.19	.42526
30.2	.42538
30.21	.42545
30.22	.42546
30.23	.42541
30.24	.42532
30.25	.42518
30.26	.42502
30.27	.42485
30.28	.42468
30.29	.42452
30.3	.42437
30.31	.42424
30.32	.42412
30.33	.42399
30.34	.42385
30.35	.42368
30.36	.42346
30.37	.42318
30.38	.42285
30.39	.42246
30.4	.42201
30.41	.42152
30.42	.421
30.43	.42046
30.44	.41991
30.45	.41938
30.46	.41887
30.47	.41838
30.48	.41794
30.49	.41754
30.5	.41719
30.51	.41691
30.52	.4167
30.53	.41657
30.54	.41654
30.55	.41661
30.56	.41679
30.57	.41708
30.58	.41749
30.59	.418
30.6	.41859
30.61	.41925
30.62	.41995
30.63	.42066
30.64	.42135
30.65	.42199
30.66	.42256
30.67	.42303
30.68	.42338
30.69	.42361
30.7	.42371
30.71	.42369
30.72	.42354
30.73	.42328
30.74	.42292
30.75	.42248
30.76	.42196
30.77	.42139
30.78	.42076
30.79	.4201
30.8	.41942
30.81	.41873
30.82	.41805
30.83	.41737
30.84	.41673
30.85	.41611
30.86	.41554
30.87	.415
30.88	.41452
30.89	.41408
30.9	.41368
30.91	.41333
30.92	.413
30.93	.41271
30.94	.41245
30.95	.41223
30.96	.41204
30.97	.41189
30.98	.41179
30.99	.41176
31	.41179
31.01	.41189
31.02	.41208
31.03	.41233
31.04	.41265
31.05	.41303
31.06	.41345
31.07	.4139
31.08	.41437
31.09	.41483
31.1	.41528
31.11	.4157
31.12	.41609
31.13	.41644
31.14	.41675
31.15	.41703
31.16	.41727
31.17	.41749
31.18	.41768
31.19	.41785
31.2	.418
31.21	.41816
31.22	.41831
31.23	.41847
31.24	.41865
31.25	.41885
31.26	.41909
31.27	.41936
31.28	.41968
31.29	.42005
31.3	.42047
31.31	.42094
31.32	.42145
31.33	.422
31.34	.42258
31.35	.42317
31.36	.42377
31.37	.42435
31.38	.4249
31.39	.42542
31.4	.42589
31.41	.42631
31.42	.42667
31.43	.42698
31.44	.42723
31.45	.42743
31.46	.42759
31.47	.42772
31.48	.42781
31.49	.42788
31.5	.42794
31.51	.42798
31.52	.42801
31.53	.42802
31.54	.42801
31.55	.42798
31.56	.42792
31.57	.42782
31.58	.42767
31.59	.42746
31.6	.42719
31.61	.42685
31.62	.42644
31.63	.42595
31.64	.42539
31.65	.42476
31.66	.42407
31.67	.42333
31.68	.42254
31.69	.42172
31.7	.4209
31.71	.42007
31.72	.41925
31.73	.41848
31.74	.41775
31.75	.41708
31.76	.41649
31.77	.41598
31.78	.41557
31.79	.41524
31.8	.415
31.81	.41483
31.82	.41472
31.83	.41465
31.84	.41458
31.85	.41449
31.86	.41435
31.87	.41415
31.88	.41386
31.89	.41346
31.9	.41296
31.91	.41234
31.92	.41163
31.93	.41083
31.94	.40996
31.95	.40902
31.96	.40803
31.97	.40699
31.98	.40592
31.99	.4048
32	.40365
32.01	.40244
32.02	.40118
32.03	.39984
32.04	.39844
32.05	.39694
32.06	.39536
32.07	.39369
32.08	.39193
32.09	.39009
32.1	.38818
32.11	.38619
32.12	.38414
32.13	.38205
32.14	.37992
32.15	.37777
32.16	.37559
32.17	.37341
32.18	.37122
32.19	.36903
32.2	.36684
32.21	.36464
32.22	.36244
32.23	.36022
32.24	.35798
32.25	.35573
32.26	.35344
32.27	.35114
32.28	.34881
32.29	.34645
32.3	.34409
32.31	.34173
32.32	.33939
32.33	.33707
32.34	.33479
32.35	.33256
32.36	.33041
32.37	.32832
32.38	.32632
32.39	.32439
32.4	.32254
32.41	.32075
32.42	.31902
32.43	.31733
32.44	.31566
32.45	.314
32.46	.31234
32.47	.31065
32.48	.30892
32.49	.30714
32.5	.30531
32.51	.30341
32.52	.30146
32.53	.29944
32.54	.29738
32.55	.29526
32.56	.29311
32.57	.29093
32.58	.28875
32.59	.28656
32.6	.28439
32.61	.28224
32.62	.28013
32.63	.27806
32.64	.27604
32.65	.27409
32.66	.27219
32.67	.27037
32.68	.26861
32.69	.26692
32.7	.2653
32.71	.26375
32.72	.26227
32.73	.26085
32.74	.2595
32.75	.2582
32.76	.25696
32.77	.25576
32.78	.25461
32.79	.25349
32.8	.25239
32.81	.25132
32.82	.25026
32.83	.24921
32.84	.24817
32.85	.24715
32.86	.24614
32.87	.24517
32.88	.24423
32.89	.24335
32.9	.24253
32.91	.24179
32.92	.24113
32.93	.24056
32.94	.24008
32.95	.23969
32.96	.23936
32.97	.2391
32.98	.23888
32.99	.23869
33	.2385
33.01	.2383
33.02	.23807
33.03	.23782
33.04	.23752
33.05	.23719
33.06	.23682
33.07	.23642
33.08	.236
33.09	.23558
33.1	.23515
33.11	.23473
33.12	.23432
33.13	.23393
33.14	.23356
33.15	.2332
33.16	.23285
33.17	.23252
33.18	.23218
33.19	.23184
33.2	.23148
33.21	.23111
33.22	.23073
33.23	.23032
33.24	.22989
33.25	.22945
33.26	.22899
33.27	.22853
33.28	.22807
33.29	.22762
33.3	.22719
33.31	.22679
33.32	.22641
33.33	.22607
33.34	.22575
33.35	.22547
33.36	.22521
33.37	.22496
33.38	.22472
33.39	.22449
33.4	.22425
33.41	.22401
33.42	.22376
33.43	.22349
33.44	.22322
33.45	.22294
33.46	.22265
33.47	.22235
33.48	.22204
33.49	.22173
33.5	.2214
33.51	.22105
33.52	.22069
33.53	.2203
33.54	.21988
33.55	.21943
33.56	.21896
33.57	.21845
33.58	.21792
33.59	.21737
33.6	.21681
33.61	.21623
33.62	.21565
33.63	.21506
33.64	.21446
33.65	.21385
33.66	.21323
33.67	.21259
33.68	.21193
33.69	.21125
33.7	.21053
33.71	.20977
33.72	.20898
33.73	.20815
33.74	.20728
33.75	.20639
33.76	.20547
33.77	.20454
33.78	.2036
33.79	.20267
33.8	.20175
33.81	.20086
33.82	.2
33.83	.19919
33.84	.19844
33.85	.19776
33.86	.19713
33.87	.19658
33.88	.19609
33.89	.19566
33.9	.19528
33.91	.19493
33.92	.19461
33.93	.1943
33.94	.19399
33.95	.19366
33.96	.1933
33.97	.19291
33.98	.19247
33.99	.19199
34	.19147
34.01	.19091
34.02	.19031
34.03	.18969
34.04	.18905
34.05	.18841
34.06	.18775
34.07	.18711
34.08	.18647
34.09	.18584
34.1	.18523
34.11	.18464
34.12	.18406
34.13	.18349
34.14	.18294
34.15	.18239
34.16	.18185
34.17	.1813
34.18	.18075
34.19	.18019
34.2	.17961
34.21	.17902
34.22	.17841
34.23	.17778
34.24	.17714
34.25	.17649
34.26	.17583
34.27	.17518
34.28	.17454
34.29	.17393
34.3	.17333
34.31	.17277
34.32	.17224
34.33	.17174
34.34	.17126
34.35	.1708
34.36	.17035
34.37	.1699
34.38	.16944
34.39	.16896
34.4	.16846
34.41	.16794
34.42	.16738
34.43	.1668
34.44	.1662
34.45	.16558
34.46	.16496
34.47	.16435
34.48	.16376
34.49	.1632
34.5	.16269
34.51	.16223
34.52	.16184
34.53	.16152
34.54	.16127
34.55	.16109
34.56	.16098
34.57	.16092
34.58	.16092
34.59	.16095
34.6	.16099
34.61	.16105
34.62	.16109
34.63	.16111
34.64	.16109
34.65	.16104
34.66	.16094
34.67	.16079
34.68	.16059
34.69	.16034
34.7	.16006
34.71	.15973
34.72	.15937
34.73	.15898
34.74	.15855
34.75	.15811
34.76	.15764
34.77	.15715
34.78	.15664
34.79	.15612
34.8	.15559
34.81	.15506
34.82	.15453
34.83	.15401
34.84	.15351
34.85	.15304
34.86	.1526
34.87	.15221
34.88	.15187
34.89	.15159
34.9	.15136
34.91	.15118
34.92	.15107
34.93	.15101
34.94	.151
34.95	.15103
34.96	.15109
34.97	.15117
34.98	.15126
34.99	.15135
35	.15142
35.01	.15147
35.02	.15147
35.03	.15142
35.04	.15131
35.05	.15113
35.06	.1509
35.07	.1506
35.08	.15024
35.09	.14982
35.1	.14936
35.11	.14887
35.12	.14835
35.13	.14781
35.14	.14726
35.15	.14671
35.16	.14616
35.17	.14562
35.18	.14509
35.19	.14458
35.2	.14407
35.21	.14358
35.22	.1431
35.23	.14262
35.24	.14215
35.25	.14167
35.26	.1412
35.27	.14073
35.28	.14027
35.29	.1398
35.3	.13934
35.31	.13889
35.32	.13845
35.33	.13802
35.34	.13761
35.35	.13721
35.36	.13682
35.37	.13644
35.38	.13607
35.39	.1357
35.4	.13533
35.41	.13496
35.42	.13458
35.43	.13417
35.44	.13376
35.45	.13331
35.46	.13285
35.47	.13236
35.48	.13184
35.49	.13131
35.5	.13076
35.51	.13021
35.52	.12965
35.53	.12911
35.54	.12857
35.55	.12806
35.56	.12758
35.57	.12712
35.58	.1267
35.59	.12631
35.6	.12595
35.61	.12562
35.62	.12531
35.63	.12502
35.64	.12474
35.65	.12448
35.66	.12421
35.67	.12395
35.68	.12368
35.69	.12342
35.7	.12315
35.71	.12287
35.72	.12259
35.73	.12231
35.74	.12202
35.75	.12173
35.76	.12142
35.77	.12111
35.78	.12079
35.79	.12045
35.8	.12009
35.81	.11971
35.82	.11931
35.83	.1189
35.84	.11847
35.85	.11802
35.86	.11756
35.87	.1171
35.88	.11663
35.89	.11617
35.9	.11572
35.91	.11528
35.92	.11485
35.93	.11443
35.94	.11403
35.95	.11363
35.96	.11324
35.97	.11285
35.98	.11245
35.99	.11204
36	.11162
36.01	.11118
36.02	.11073
36.03	.11027
36.04	.1098
36.05	.10933
36.06	.10887
36.07	.10841
36.08	.10798
36.09	.10756
36.1	.10718
36.11	.10682
36.12	.1065
36.13	.1062
36.14	.10592
36.15	.10565
36.16	.1054
36.17	.10515
36.18	.10489
36.19	.10463
36.2	.10436
36.21	.10408
36.22	.1038
36.23	.10353
36.24	.10326
36.25	.10301
36.26	.10278
36.27	.10258
36.28	.10242
36.29	.10228
36.3	.10218
36.31	.10212
36.32	.10208
36.33	.10208
36.34	.1021
36.35	.10215
36.36	.10222
36.37	.10231
36.38	.10242
36.39	.10254
36.4	.10268
36.41	.10283
36.42	.10297
36.43	.10311
36.44	.10324
36.45	.10335
36.46	.10343
36.47	.10349
36.48	.10352
36.49	.10352
36.5	.10349
36.51	.10345
36.52	.10339
36.53	.10331
36.54	.10324
36.55	.10317
36.56	.1031
36.57	.10304
36.58	.103
36.59	.10297
36.6	.10296
36.61	.10296
36.62	.10297
36.63	.103
36.64	.10303
36.65	.10307
36.66	.10313
36.67	.10318
36.68	.10325
36.69	.10331
36.7	.10339
36.71	.10346
36.72	.10353
36.73	.1036
36.74	.10367
36.75	.10373
36.76	.10379
36.77	.10385
36.78	.10391
36.79	.10397
36.8	.10403
36.81	.1041
36.82	.10418
36.83	.10427
36.84	.10437
36.85	.10449
36.86	.10463
36.87	.10477
36.88	.10492
36.89	.10508
36.9	.10524
36.91	.10539
36.92	.10553
36.93	.10567
36.94	.10579
36.95	.10591
36.96	.10601
36.97	.1061
36.98	.10617
36.99	.10624
37	.10629
37.01	.10633
37.02	.10636
37.03	.10638
37.04	.10638
37.05	.10637
37.06	.10635
37.07	.10633
37.08	.10629
37.09	.10627
37.1	.10624
37.11	.10623
37.12	.10625
37.13	.10628
37.14	.10635
37.15	.10645
37.16	.10659
37.17	.10677
37.18	.10698
37.19	.10722
37.2	.10748
37.21	.10776
37.22	.10804
37.23	.10833
37.24	.10861
37.25	.10888
37.26	.10913
37.27	.10937
37.28	.10959
37.29	.10981
37.3	.11002
37.31	.11023
37.32	.11045
37.33	.11067
37.34	.1109
37.35	.11113
37.36	.11137
37.37	.11161
37.38	.11184
37.39	.11205
37.4	.11223
37.41	.11238
37.42	.1125
37.43	.11257
37.44	.11261
37.45	.11261
37.46	.11258
37.47	.11253
37.48	.11247
37.49	.11241
37.5	.11236
37.51	.11233
37.52	.11232
37.53	.11235
37.54	.11241
37.55	.11251
37.56	.11266
37.57	.11286
37.58	.11309
37.59	.11337
37.6	.11368
37.61	.11401
37.62	.11437
37.63	.11472
37.64	.11507
37.65	.11539
37.66	.11569
37.67	.11594
37.68	.11614
37.69	.11628
37.7	.11637
37.71	.11641
37.72	.1164
37.73	.11636
37.74	.1163
37.75	.11624
37.76	.11618
37.77	.11615
37.78	.11616
37.79	.1162
37.8	.11628
37.81	.11641
37.82	.11658
37.83	.11679
37.84	.11702
37.85	.11727
37.86	.11753
37.87	.11779
37.88	.11805
37.89	.1183
37.9	.11852
37.91	.11873
37.92	.11892
37.93	.11908
37.94	.11923
37.95	.11934
37.96	.11944
37.97	.11952
37.98	.11958
37.99	.11962
38	.11965
38.01	.11966
38.02	.11968
38.03	.11968
38.04	.11969
38.05	.1197
38.06	.11971
38.07	.11973
38.08	.11975
38.09	.11977
38.1	.1198
38.11	.11982
38.12	.11984
38.13	.11986
38.14	.11987
38.15	.11989
38.16	.11991
38.17	.11994
38.18	.11998
38.19	.12005
38.2	.12016
38.21	.1203
38.22	.12048
38.23	.12071
38.24	.12098
38.25	.1213
38.26	.12165
38.27	.12203
38.28	.12243
38.29	.12284
38.3	.12326
38.31	.12368
38.32	.12409
38.33	.1245
38.34	.12491
38.35	.12531
38.36	.12571
38.37	.12611
38.38	.12651
38.39	.12692
38.4	.12732
38.41	.12772
38.42	.1281
38.43	.12848
38.44	.12882
38.45	.12914
38.46	.12943
38.47	.12967
38.48	.12986
38.49	.13001
38.5	.13011
38.51	.13018
38.52	.1302
38.53	.1302
38.54	.13017
38.55	.13014
38.56	.13011
38.57	.13008
38.58	.13008
38.59	.1301
38.6	.13016
38.61	.13027
38.62	.13041
38.63	.1306
38.64	.13083
38.65	.1311
38.66	.13141
38.67	.13175
38.68	.13211
38.69	.13248
38.7	.13286
38.71	.13322
38.72	.13356
38.73	.13388
38.74	.13417
38.75	.13442
38.76	.13463
38.77	.13481
38.78	.13496
38.79	.13508
38.8	.13518
38.81	.13528
38.82	.13537
38.83	.13547
38.84	.13559
38.85	.13572
38.86	.13587
38.87	.13603
38.88	.13622
38.89	.13641
38.9	.13662
38.91	.13683
38.92	.13704
38.93	.13725
38.94	.13746
38.95	.13766
38.96	.13785
38.97	.13804
38.98	.13822
38.99	.1384
39	.13857
39.01	.13874
39.02	.13891
39.03	.13907
39.04	.13924
39.05	.1394
39.06	.13956
39.07	.13972
39.08	.13988
39.09	.14002
39.1	.14015
39.11	.14027
39.12	.14037
39.13	.14045
39.14	.14051
39.15	.14056
39.16	.14059
39.17	.14062
39.18	.14064
39.19	.14066
39.2	.14068
39.21	.14071
39.22	.14075
39.23	.1408
39.24	.14086
39.25	.14094
39.26	.14102
39.27	.14111
39.28	.1412
39.29	.1413
39.3	.1414
39.31	.14149
39.32	.14157
39.33	.14165
39.34	.14173
39.35	.14179
39.36	.14185
39.37	.1419
39.38	.14194
39.39	.14197
39.4	.14201
39.41	.14204
39.42	.14207
39.43	.14211
39.44	.14216
39.45	.14223
39.46	.14231
39.47	.14243
39.48	.14257
39.49	.14274
39.5	.14296
39.51	.14321
39.52	.14351
39.53	.14385
39.54	.14423
39.55	.14466
39.56	.14514
39.57	.14566
39.58	.14622
39.59	.14682
39.6	.14746
39.61	.14813
39.62	.14884
39.63	.14956
39.64	.15031
39.65	.15105
39.66	.15178
39.67	.15249
39.68	.15315
39.69	.15376
39.7	.15429
39.71	.15474
39.72	.15509
39.73	.15533
39.74	.15548
39.75	.15552
39.76	.15547
39.77	.15534
39.78	.15514
39.79	.1549
39.8	.15462
39.81	.15432
39.82	.15403
39.83	.15375
39.84	.1535
39.85	.15328
39.86	.15311
39.87	.15297
39.88	.15288
39.89	.15284
39.9	.15283
39.91	.15287
39.92	.15295
39.93	.15307
39.94	.15324
39.95	.15345
39.96	.1537
39.97	.15399
39.98	.15431
39.99	.15466
40	.15503
40.01	.1554
40.02	.15577
40.03	.15612
40.04	.15643
40.05	.1567
40.06	.15691
40.07	.15705
40.08	.15713
40.09	.15715
40.1	.15711
40.11	.15701
40.12	.15688
40.13	.15673
40.14	.15659
40.15	.15646
40.16	.15637
40.17	.15632
40.18	.15635
40.19	.15644
40.2	.1566
40.21	.15684
40.22	.15715
40.23	.15752
40.24	.15794
40.25	.15839
40.26	.15887
40.27	.15936
40.28	.15985
40.29	.16033
40.3	.1608
40.31	.16123
40.32	.16164
40.33	.16202
40.34	.16236
40.35	.16266
40.36	.16293
40.37	.16315
40.38	.16334
40.39	.1635
40.4	.16364
40.41	.16375
40.42	.16386
40.43	.16396
40.44	.16406
40.45	.16418
40.46	.16433
40.47	.16449
40.48	.16469
40.49	.16492
40.5	.16518
40.51	.16546
40.52	.16576
40.53	.16606
40.54	.16636
40.55	.16665
40.56	.16692
40.57	.16715
40.58	.16735
40.59	.16749
40.6	.16759
40.61	.16763
40.62	.16762
40.63	.16755
40.64	.16743
40.65	.16727
40.66	.16706
40.67	.16681
40.68	.16654
40.69	.16625
40.7	.16594
40.71	.16564
40.72	.16535
40.73	.16507
40.74	.16483
40.75	.16461
40.76	.16444
40.77	.16431
40.78	.16422
40.79	.16417
40.8	.16416
40.81	.16419
40.82	.16425
40.83	.16434
40.84	.16445
40.85	.16459
40.86	.16474
40.87	.16489
40.88	.16505
40.89	.16521
40.9	.16537
40.91	.16551
40.92	.16563
40.93	.16573
40.94	.16581
40.95	.16586
40.96	.16589
40.97	.1659
40.98	.1659
40.99	.16588
41	.16586
41.01	.16583
41.02	.16581
41.03	.1658
41.04	.1658
41.05	.1658
41.06	.16581
41.07	.16582
41.08	.16583
41.09	.16584
41.1	.16585
41.11	.16586
41.12	.16587
41.13	.16588
41.14	.16591
41.15	.16596
41.16	.16603
41.17	.16614
41.18	.16628
41.19	.16647
41.2	.1667
41.21	.16697
41.22	.16727
41.23	.1676
41.24	.16796
41.25	.16832
41.26	.16869
41.27	.16906
41.28	.16942
41.29	.16976
41.3	.17009
41.31	.17039
41.32	.17067
41.33	.17092
41.34	.17114
41.35	.17133
41.36	.17148
41.37	.1716
41.38	.17169
41.39	.17174
41.4	.17176
41.41	.17175
41.42	.17171
41.43	.17166
41.44	.17159
41.45	.17152
41.46	.17145
41.47	.17139
41.48	.17137
41.49	.17138
41.5	.17144
41.51	.17156
41.52	.17175
41.53	.17202
41.54	.17236
41.55	.17278
41.56	.17326
41.57	.1738
41.58	.17437
41.59	.17496
41.6	.17553
41.61	.17608
41.62	.17657
41.63	.17698
41.64	.17731
41.65	.17754
41.66	.17766
41.67	.17768
41.68	.17761
41.69	.17745
41.7	.17722
41.71	.17694
41.72	.17663
41.73	.1763
41.74	.17598
41.75	.17568
41.76	.17541
41.77	.17519
41.78	.175
41.79	.17487
41.8	.17478
41.81	.17474
41.82	.17474
41.83	.17478
41.84	.17486
41.85	.17498
41.86	.17514
41.87	.17534
41.88	.17558
41.89	.17587
41.9	.17621
41.91	.17658
41.92	.177
41.93	.17745
41.94	.17793
41.95	.17841
41.96	.1789
41.97	.17935
41.98	.17977
41.99	.18014
42	.18043
42.01	.18064
42.02	.18077
42.03	.1808
42.04	.18075
42.05	.18062
42.06	.18043
42.07	.18019
42.08	.17991
42.09	.17962
42.1	.17932
42.11	.17903
42.12	.17876
42.13	.17852
42.14	.17833
42.15	.17817
42.16	.17807
42.17	.17801
42.18	.17801
42.19	.17806
42.2	.17817
42.21	.17833
42.22	.17855
42.23	.17882
42.24	.17914
42.25	.1795
42.26	.1799
42.27	.18033
42.28	.18079
42.29	.18126
42.3	.18174
42.31	.18222
42.32	.1827
42.33	.18317
42.34	.18362
42.35	.18404
42.36	.18444
42.37	.1848
42.38	.18511
42.39	.18537
42.4	.18557
42.41	.1857
42.42	.18575
42.43	.18572
42.44	.18562
42.45	.18543
42.46	.18518
42.47	.18485
42.48	.18448
42.49	.18405
42.5	.18359
42.51	.18311
42.52	.18261
42.53	.18211
42.54	.18161
42.55	.18113
42.56	.18068
42.57	.18025
42.58	.17987
42.59	.17952
42.6	.17923
42.61	.17898
42.62	.17879
42.63	.17866
42.64	.17859
42.65	.17857
42.66	.17861
42.67	.17869
42.68	.17881
42.69	.17896
42.7	.17912
42.71	.1793
42.72	.17948
42.73	.17965
42.74	.17982
42.75	.17997
42.76	.18012
42.77	.18025
42.78	.18037
42.79	.18048
42.8	.18059
42.81	.1807
42.82	.1808
42.83	.1809
42.84	.18099
42.85	.18107
42.86	.18114
42.87	.18119
42.88	.18124
42.89	.18128
42.9	.1813
42.91	.18132
42.92	.18133
42.93	.18133
42.94	.18132
42.95	.18129
42.96	.18125
42.97	.18119
42.98	.18111
42.99	.18101
43	.18088
43.01	.18072
43.02	.18054
43.03	.18035
43.04	.18014
43.05	.17994
43.06	.17975
43.07	.17958
43.08	.17943
43.09	.17933
43.1	.17927
43.11	.17925
43.12	.17927
43.13	.17934
43.14	.17943
43.15	.17954
43.16	.17967
43.17	.17979
43.18	.1799
43.19	.17999
43.2	.18004
43.21	.18006
43.22	.18004
43.23	.17996
43.24	.17984
43.25	.17967
43.26	.17945
43.27	.17917
43.28	.17885
43.29	.17846
43.3	.17802
43.31	.17753
43.32	.17698
43.33	.17638
43.34	.17573
43.35	.17504
43.36	.17431
43.37	.17356
43.38	.17281
43.39	.17205
43.4	.17132
43.41	.17061
43.42	.16994
43.43	.16931
43.44	.16872
43.45	.16818
43.46	.16766
43.47	.16717
43.48	.16669
43.49	.16621
43.5	.16571
43.51	.16519
43.52	.16463
43.53	.16404
43.54	.16339
43.55	.1627
43.56	.16197
43.57	.16118
43.58	.16036
43.59	.15949
43.6	.15859
43.61	.15766
43.62	.15671
43.63	.15572
43.64	.1547
43.65	.15366
43.66	.15257
43.67	.15145
43.68	.15029
43.69	.14908
43.7	.14781
43.71	.14649
43.72	.14512
43.73	.14369
43.74	.14222
43.75	.1407
43.76	.13914
43.77	.13755
43.78	.13595
43.79	.13433
43.8	.1327
43.81	.13107
43.82	.12945
43.83	.12784
43.84	.12623
43.85	.12463
43.86	.12303
43.87	.12143
43.88	.11982
43.89	.1182
43.9	.11655
43.91	.11488
43.92	.11319
43.93	.11147
43.94	.10973
43.95	.10798
43.96	.10622
43.97	.10446
43.98	.10271
43.99	.10099
44	.099305
44.01	.097663
44.02	.096075
44.03	.094547
44.04	.093083
44.05	.091682
44.06	.090343
44.07	.08906
44.08	.087828
44.09	.086639
44.1	.085484
44.11	.084355
44.12	.083247
44.13	.082152
44.14	.081068
44.15	.079993
44.16	.078927
44.17	.077873
44.18	.076833
44.19	.075814
44.2	.074819
44.21	.073854
44.22	.072925
44.23	.072036
44.24	.071189
44.25	.070388
44.26	.069632
44.27	.068923
44.28	.068257
44.29	.067632
44.3	.067043
44.31	.066487
44.32	.065958
44.33	.065449
44.34	.064956
44.35	.064473
44.36	.063996
44.37	.06352
44.38	.063043
44.39	.062563
44.4	.062079
44.41	.061593
44.42	.061104
44.43	.060616
44.44	.06013
44.45	.059649
44.46	.059176
44.47	.058712
44.48	.058258
44.49	.057815
44.5	.057382
44.51	.056956
44.52	.056536
44.53	.056117
44.54	.055695
44.55	.055265
44.56	.054822
44.57	.054363
44.58	.053883
44.59	.053382
44.6	.052857
44.61	.052312
44.62	.051748
44.63	.05117
44.64	.050584
44.65	.049997
44.66	.049416
44.67	.048847
44.68	.048297
44.69	.047771
44.7	.047272
44.71	.046802
44.72	.04636
44.73	.045945
44.74	.045554
44.75	.045181
44.76	.044821
44.77	.044468
44.78	.044114
44.79	.043754
44.8	.043379
44.81	.042982
44.82	.042555
44.83	.04209
44.84	.041577
44.85	.041006
44.86	.040365
44.87	.03964
44.88	.038818
44.89	.037884
44.9	.036824
44.91	.035625
44.92	.034277
44.93	.032775
44.94	.03112
44.95	.029317
44.96	.02738
44.97	.02533
44.98	.023195
44.99	.021009
45	.018808
45.01	.016631

