.0076288	.0000227
.015257	.0000454
.022886	.0000682
.030515	.0000909
.038144	.0001137
.045772	.0001364
.053401	.0001592
.06103	.0001819
.068659	.0002047
.076288	.0002274
.083917	.0002502
.091545	.000273
.099174	.0002957
.1068	.0003185
.11443	.0003413
.12206	.0003641
.12969	.0003869
.13731	.0004097
.14494	.0004325
.15257	.0004553
.1602	.0004782
.16783	.000501
.17546	.0005238
.18309	.0005467
.19072	.0005696
.19834	.0005924
.20597	.0006153
.2136	.0006382
.22123	.0006611
.22886	.0006841
.23649	.000707
.24412	.0007299
.25175	.0007529
.25938	.0007759
.267	.0007989
.27463	.0008219
.28226	.0008449
.28989	.0008679
.29752	.000891
.30515	.000914
.31278	.0009371
.32041	.0009602
.32803	.0009833
.33566	.0010064
.34329	.0010296
.35092	.0010528
.35855	.001076
.36618	.0010992
.37381	.0011224
.38144	.0011456
.38906	.0011689
.39669	.0011922
.40432	.0012155
.41195	.0012389
.41958	.0012622
.42721	.0012856
.43484	.001309
.44247	.0013324
.4501	.0013559
.45772	.0013794
.46535	.0014029
.47298	.0014264
.48061	.00145
.48824	.0014736
.49587	.0014972
.5035	.0015208
.51113	.0015445
.51876	.0015682
.52638	.0015919
.53401	.0016156
.54164	.0016394
.54927	.0016632
.5569	.0016871
.56453	.001711
.57216	.0017349
.57979	.0017588
.58741	.0017828
.59504	.0018068
.60267	.0018308
.6103	.0018549
.61793	.001879
.62556	.0019031
.63319	.0019273
.64082	.0019515
.64844	.0019758
.65607	.0020001
.6637	.0020244
.67133	.0020487
.67896	.0020732
.68659	.0020976
.69422	.0021221
.70185	.0021466
.70948	.0021712
.7171	.0021957
.72473	.0022204
.73236	.0022451
.73999	.0022698
.74762	.0022946
.75525	.0023194
.76288	.0023442
.77051	.0023691
.77813	.0023941
.78576	.0024191
.79339	.0024441
.80102	.0024692
.80865	.0024943
.81628	.0025195
.82391	.0025447
.83154	.00257
.83917	.0025953
.84679	.0026207
.85442	.0026461
.86205	.0026716
.86968	.0026971
.87731	.0027227
.88494	.0027483
.89257	.002774
.9002	.0027997
.90782	.0028255
.91545	.0028513
.92308	.0028772
.93071	.0029032
.93834	.0029292
.94597	.0029553
.9536	.0029814
.96123	.0030076
.96886	.0030338
.97648	.0030601
.98411	.0030864
.99174	.0031129
.99937	.0031393
1.007	.0031659
1.0146	.0031925
1.0222	.0032191
1.0298	.0032459
1.0375	.0032727
1.0451	.0032995
1.0527	.0033264
1.0604	.0033534
1.068	.0033805
1.0756	.0034076
1.0832	.0034348
1.0909	.003462
1.0985	.0034893
1.1061	.0035167
1.1138	.0035442
1.1214	.0035717
1.129	.0035993
1.1366	.003627
1.1443	.0036547
1.1519	.0036826
1.1595	.0037105
1.1672	.0037384
1.1748	.0037665
1.1824	.0037946
1.19	.0038228
1.1977	.0038511
1.2053	.0038794
1.2129	.0039079
1.2206	.0039364
1.2282	.0039649
1.2358	.0039936
1.2434	.0040224
1.2511	.0040512
1.2587	.0040801
1.2663	.0041091
1.274	.0041382
1.2816	.0041674
1.2892	.0041966
1.2969	.004226
1.3045	.0042554
1.3121	.0042849
1.3197	.0043145
1.3274	.0043442
1.335	.004374
1.3426	.0044039
1.3503	.0044338
1.3579	.0044639
1.3655	.004494
1.3731	.0045243
1.3808	.0045546
1.3884	.0045851
1.396	.0046156
1.4037	.0046462
1.4113	.004677
1.4189	.0047078
1.4265	.0047387
1.4342	.0047697
1.4418	.0048009
1.4494	.0048321
1.4571	.0048634
1.4647	.0048948
1.4723	.0049264
1.4799	.004958
1.4876	.0049898
1.4952	.0050216
1.5028	.0050536
1.5105	.0050857
1.5181	.0051179
1.5257	.0051502
1.5333	.0051826
1.541	.0052151
1.5486	.0052477
1.5562	.0052805
1.5639	.0053134
1.5715	.0053463
1.5791	.0053794
1.5867	.0054126
1.5944	.005446
1.602	.0054794
1.6096	.005513
1.6173	.0055467
1.6249	.0055805
1.6325	.0056145
1.6401	.0056485
1.6478	.0056828
1.6554	.005717
1.663	.0057515
1.6707	.0057861
1.6783	.0058208
1.6859	.0058556
1.6935	.0058906
1.7012	.0059257
1.7088	.005961
1.7164	.0059963
1.7241	.0060319
1.7317	.0060675
1.7393	.0061033
1.747	.0061393
1.7546	.0061753
1.7622	.0062115
1.7698	.0062479
1.7775	.0062844
1.7851	.006321
1.7927	.0063578
1.8004	.0063948
1.808	.0064319
1.8156	.0064691
1.8232	.0065065
1.8309	.006544
1.8385	.0065818
1.8461	.0066196
1.8538	.0066576
1.8614	.0066957
1.869	.0067341
1.8766	.0067726
1.8843	.0068113
1.8919	.00685
1.8995	.0068891
1.9072	.0069282
1.9148	.0069675
1.9224	.007007
1.93	.0070466
1.9377	.0070864
1.9453	.0071264
1.9529	.0071666
1.9606	.0072069
1.9682	.0072474
1.9758	.0072881
1.9834	.007329
1.9911	.00737
1.9987	.0074113
2.0063	.0074527
2.014	.0074943
2.0216	.0075361
2.0292	.0075781
2.0368	.0076202
2.0445	.0076626
2.0521	.0077051
2.0597	.0077479
2.0674	.0077908
2.075	.007834
2.0826	.0078773
2.0902	.0079209
2.0979	.0079646
2.1055	.0080086
2.1131	.0080527
2.1208	.0080971
2.1284	.0081416
2.136	.0081864
2.1437	.0082314
2.1513	.0082766
2.1589	.008322
2.1665	.0083676
2.1742	.0084135
2.1818	.0084595
2.1894	.0085059
2.1971	.0085524
2.2047	.0085992
2.2123	.0086461
2.2199	.0086934
2.2276	.0087407
2.2352	.0087885
2.2428	.0088363
2.2505	.0088846
2.2581	.0089329
2.2657	.0089816
2.2733	.0090304
2.281	.0090796
2.2886	.0091289
2.2962	.0091786
2.3039	.0092284
2.3115	.0092786
2.3191	.009329
2.3267	.0093796
2.3344	.0094305
2.342	.0094816
2.3496	.0095331
2.3573	.0095848
2.3649	.0096368
2.3725	.009689
2.3801	.0097416
2.3878	.0097942
2.3954	.0098474
2.403	.0099007
2.4107	.0099544
2.4183	.010008
2.4259	.010062
2.4335	.010117
2.4412	.010171
2.4488	.010226
2.4564	.010282
2.4641	.010338
2.4717	.010394
2.4793	.01045
2.4869	.010506
2.4946	.010563
2.5022	.010621
2.5098	.010678
2.5175	.010736
2.5251	.010794
2.5327	.010853
2.5403	.010912
2.548	.010971
2.5556	.01103
2.5632	.01109
2.5709	.01115
2.5785	.011211
2.5861	.011272
2.5938	.011333
2.6014	.011395
2.609	.011456
2.6166	.011519
2.6243	.011581
2.6319	.011644
2.6395	.011708
2.6472	.011772
2.6548	.011836
2.6624	.0119
2.67	.011965
2.6777	.01203
2.6853	.012096
2.6929	.012162
2.7006	.012228
2.7082	.012295
2.7158	.012363
2.7234	.01243
2.7311	.012498
2.7387	.012567
2.7463	.012636
2.754	.012705
2.7616	.012775
2.7692	.012845
2.7768	.012915
2.7845	.012986
2.7921	.013058
2.7997	.01313
2.8074	.013202
2.815	.013275
2.8226	.013348
2.8302	.013422
2.8379	.013496
2.8455	.013571
2.8531	.013646
2.8608	.013721
2.8684	.013797
2.876	.013874
2.8836	.013951
2.8913	.014029
2.8989	.014107
2.9065	.014185
2.9142	.014264
2.9218	.014344
2.9294	.014424
2.937	.014505
2.9447	.014586
2.9523	.014668
2.9599	.01475
2.9676	.014833
2.9752	.014916
2.9828	.015
2.9904	.015084
2.9981	.015169
3.0057	.015255
3.0133	.015341
3.021	.015428
3.0286	.015515
3.0362	.015603
3.0439	.015691
3.0515	.01578
3.0591	.01587
3.0667	.015961
3.0744	.016051
3.082	.016143
3.0896	.016235
3.0973	.016328
3.1049	.016422
3.1125	.016516
3.1201	.016611
3.1278	.016706
3.1354	.016802
3.143	.016899
3.1507	.016997
3.1583	.017095
3.1659	.017194
3.1735	.017294
3.1812	.017394
3.1888	.017495
3.1964	.017597
3.2041	.0177
3.2117	.017803
3.2193	.017907
3.2269	.018012
3.2346	.018117
3.2422	.018224
3.2498	.018331
3.2575	.018439
3.2651	.018548
3.2727	.018657
3.2803	.018768
3.288	.018879
3.2956	.018991
3.3032	.019104
3.3109	.019217
3.3185	.019332
3.3261	.019447
3.3337	.019564
3.3414	.019681
3.349	.0198
3.3566	.019918
3.3643	.020039
3.3719	.020159
3.3795	.020281
3.3871	.020404
3.3948	.020528
3.4024	.020653
3.41	.020778
3.4177	.020905
3.4253	.021033
3.4329	.021162
3.4405	.021291
3.4482	.021422
3.4558	.021554
3.4634	.021687
3.4711	.021821
3.4787	.021956
3.4863	.022092
3.494	.022229
3.5016	.022367
3.5092	.022507
3.5168	.022647
3.5245	.02279
3.5321	.022932
3.5397	.023077
3.5474	.023222
3.555	.023369
3.5626	.023516
3.5702	.023666
3.5779	.023816
3.5855	.023967
3.5931	.02412
3.6008	.024274
3.6084	.02443
3.616	.024587
3.6236	.024745
3.6313	.024904
3.6389	.025065
3.6465	.025227
3.6542	.025391
3.6618	.025556
3.6694	.025723
3.677	.02589
3.6847	.02606
3.6923	.026231
3.6999	.026404
3.7076	.026577
3.7152	.026753
3.7228	.02693
3.7304	.027109
3.7381	.027289
3.7457	.027472
3.7533	.027655
3.761	.027841
3.7686	.028027
3.7762	.028216
3.7838	.028407
3.7915	.028599
3.7991	.028793
3.8067	.028988
3.8144	.029186
3.822	.029385
3.8296	.029587
3.8372	.02979
3.8449	.029995
3.8525	.030202
3.8601	.030411
3.8678	.030621
3.8754	.030835
3.883	.03105
3.8906	.031267
3.8983	.031486
3.9059	.031708
3.9135	.031931
3.9212	.032157
3.9288	.032385
3.9364	.032615
3.9441	.032847
3.9517	.033082
3.9593	.033319
3.9669	.033558
3.9746	.0338
3.9822	.034044
3.9898	.034291
3.9975	.03454
4.0051	.034792
4.0127	.035046
4.0203	.035303
4.028	.035562
4.0356	.035824
4.0432	.036088
4.0509	.036357
4.0585	.036626
4.0661	.0369
4.0737	.037175
4.0814	.037455
4.089	.037736
4.0966	.038022
4.1043	.038309
4.1119	.0386
4.1195	.038894
4.1271	.039192
4.1348	.039492
4.1424	.039795
4.15	.040102
4.1577	.040412
4.1653	.040726
4.1729	.041043
4.1805	.041364
4.1882	.041687
4.1958	.042016
4.2034	.042346
4.2111	.042682
4.2187	.04302
4.2263	.043364
4.2339	.043709
4.2416	.044061
4.2492	.044414
4.2568	.044774
4.2645	.045135
4.2721	.045503
4.2797	.045873
4.2874	.04625
4.295	.046629
4.3026	.047014
4.3102	.047402
4.3179	.047796
4.3255	.048193
4.3331	.048596
4.3408	.049004
4.3484	.049416
4.356	.049834
4.3636	.050255
4.3713	.050684
4.3789	.051115
4.3865	.051555
4.3942	.051997
4.4018	.052447
4.4094	.052899
4.417	.053362
4.4247	.053825
4.4323	.054299
4.4399	.054775
4.4476	.055261
4.4552	.055749
4.4628	.056247
4.4704	.056748
4.4781	.057258
4.4857	.057773
4.4933	.058296
4.501	.058824
4.5086	.059361
4.5162	.059903
4.5238	.060454
4.5315	.061011
4.5391	.061576
4.5467	.062149
4.5544	.062728
4.562	.063317
4.5696	.063911
4.5772	.064518
4.5849	.065128
4.5925	.065751
4.6001	.066377
4.6078	.067018
4.6154	.067662
4.623	.068322
4.6306	.068983
4.6383	.069661
4.6459	.070343
4.6535	.07104
4.6612	.071741
4.6688	.072458
4.6764	.07318
4.684	.073917
4.6917	.074661
4.6993	.075419
4.7069	.076186
4.7146	.076965
4.7222	.077756
4.7298	.078558
4.7375	.079374
4.7451	.080199
4.7527	.081041
4.7603	.08189
4.768	.082759
4.7756	.083633
4.7832	.08453
4.7909	.08543
4.7985	.086356
4.8061	.087285
4.8137	.08824
4.8214	.0892
4.829	.090185
4.8366	.091176
4.8443	.092192
4.8519	.093217
4.8595	.094265
4.8671	.095325
4.8748	.096406
4.8824	.097502
4.89	.098618
4.8977	.099753
4.9053	.1009
4.9129	.10208
4.9205	.10327
4.9282	.10448
4.9358	.10571
4.9434	.10697
4.9511	.10824
4.9587	.10955
4.9663	.11086
4.9739	.11222
4.9816	.11358
4.9892	.11498
4.9968	.11639
5.0045	.11784
5.0121	.11931
5.0197	.12081
5.0273	.12233
5.035	.12389
5.0426	.12547
5.0502	.12709
5.0579	.12873
5.0655	.1304
5.0731	.13211
5.0807	.13385
5.0884	.13562
5.096	.13743
5.1036	.13927
5.1113	.14115
5.1189	.14307
5.1265	.14502
5.1341	.14703
5.1418	.14905
5.1494	.15114
5.157	.15325
5.1647	.15543
5.1723	.15762
5.1799	.1599
5.1876	.16219
5.1952	.16457
5.2028	.16696
5.2104	.16943
5.2181	.17193
5.2257	.17451
5.2333	.17713
5.241	.17982
5.2486	.18256
5.2562	.18537
5.2638	.18825
5.2715	.19118
5.2791	.19419
5.2867	.19726
5.2944	.20042
5.302	.20362
5.3096	.20693
5.3172	.21029
5.3249	.21376
5.3325	.21726
5.3401	.22091
5.3478	.22457
5.3554	.2284
5.363	.23224
5.3706	.23624
5.3783	.24027
5.3859	.24446
5.3935	.24869
5.4012	.25308
5.4088	.25753
5.4164	.26213
5.424	.26682
5.4317	.27164
5.4393	.27658
5.4469	.28166
5.4546	.28687
5.4622	.29221
5.4698	.29773
5.4774	.30335
5.4851	.3092
5.4927	.31514
5.5003	.32133
5.508	.3276
5.5156	.33418
5.5232	.34082
5.5308	.34781
5.5385	.35483
5.5461	.36227
5.5537	.36974
5.5614	.37762
5.569	.38557
5.5766	.39392
5.5842	.40239
5.5919	.41124
5.5995	.42026
5.6071	.42963
5.6148	.43924
5.6224	.44918
5.63	.45942
5.6377	.46996
5.6453	.48086
5.6529	.49205
5.6605	.50367
5.6682	.51554
5.6758	.52795
5.6834	.54056
5.6911	.55381
5.6987	.56721
5.7063	.58138
5.7139	.59564
5.7216	.6108
5.7292	.62603
5.7368	.64223
5.7445	.65856
5.7521	.67584
5.7597	.69336
5.7673	.71182
5.775	.73063
5.7826	.75035
5.7902	.77056
5.7979	.79166
5.8055	.81339
5.8131	.83596
5.8207	.85934
5.8284	.8835
5.836	.90866
5.8436	.93451
5.8513	.96159
5.8589	.98926
5.8665	1.0183
5.8741	1.0479
5.8818	1.0792
5.8894	1.1109
5.897	1.1445
5.9047	1.1783
5.9123	1.2143
5.9199	1.2505
5.9275	1.2888
5.9352	1.3275
5.9428	1.3681
5.9504	1.4093
5.9581	1.4523
5.9657	1.496
5.9733	1.5413
5.9809	1.5874
5.9886	1.6348
5.9962	1.6831
6.0038	1.7324
6.0115	1.7826
6.0191	1.8336
6.0267	1.8853
6.0343	1.9375
6.042	1.9901
6.0496	2.0429
6.0572	2.0957
6.0649	2.1484
6.0725	2.2005
6.0801	2.2523
6.0878	2.3025
6.0954	2.3524
6.103	2.3995
6.1106	2.4462
6.1183	2.4891
6.1259	2.5311
6.1335	2.5687
6.1412	2.6047
6.1488	2.6358
6.1564	2.6644
6.164	2.688
6.1717	2.7081
6.1793	2.7233
6.1869	2.734
6.1946	2.7403
6.2022	2.7412
6.2098	2.7383
6.2174	2.7294
6.2251	2.7175
6.2327	2.6991
6.2403	2.6786
6.248	2.6516
6.2556	2.6232
6.2632	2.5887
6.2708	2.5534
6.2785	2.5127
6.2861	2.4716
6.2937	2.4262
6.3014	2.3805
6.309	2.3319
6.3166	2.283
6.3242	2.2323
6.3319	2.1814
6.3395	2.1297
6.3471	2.0779
6.3548	2.026
6.3624	1.9743
6.37	1.9229
6.3776	1.8721
6.3853	1.8218
6.3929	1.7725
6.4005	1.7237
6.4082	1.6762
6.4158	1.6293
6.4234	1.584
6.431	1.5391
6.4387	1.4962
6.4463	1.4536
6.4539	1.4132
6.4616	1.373
6.4692	1.3351
6.4768	1.2974
6.4844	1.2619
6.4921	1.2268
6.4997	1.1936
6.5073	1.161
6.515	1.1301
6.5226	1.0999
6.5302	1.0712
6.5379	1.0433
6.5455	1.0167
6.5531	.99103
6.5607	.96632
6.5684	.94262
6.576	.91971
6.5836	.89784
6.5913	.87657
6.5989	.85637
6.6065	.83659
6.6141	.81791
6.6218	.79949
6.6294	.78218
6.637	.76499
6.6447	.74892
6.6523	.73293
6.6599	.71797
6.6675	.70311
6.6752	.68915
6.6828	.67538
6.6904	.66237
6.6981	.64964
6.7057	.63757
6.7133	.62584
6.7209	.61468
6.7286	.60391
6.7362	.59366
6.7438	.58384
6.7515	.57445
6.7591	.56552
6.7667	.55698
6.7743	.54893
6.782	.54116
6.7896	.5339
6.7972	.52689
6.8049	.52039
6.8125	.51405
6.8201	.50822
6.8277	.50252
6.8354	.49733
6.843	.49224
6.8506	.48758
6.8583	.48306
6.8659	.47893
6.8735	.47495
6.8811	.4713
6.8888	.46783
6.8964	.46467
6.904	.4617
6.9117	.45899
6.9193	.45647
6.9269	.4542
6.9345	.45214
6.9422	.45024
6.9498	.44854
6.9574	.44697
6.9651	.44558
6.9727	.44426
6.9803	.44309
6.988	.44194
6.9956	.44092
7.0032	.43988
7.0108	.43898
7.0185	.43804
7.0261	.43723
7.0337	.43642
7.0414	.43575
7.049	.43512
7.0566	.43467
7.0642	.43433
7.0719	.43419
7.0795	.43419
7.0871	.43449
7.0948	.435
7.1024	.43576
7.11	.43674
7.1176	.43802
7.1253	.43957
7.1329	.44134
7.1405	.44331
7.1482	.4455
7.1558	.44789
7.1634	.45039
7.171	.453
7.1787	.45568
7.1863	.45844
7.1939	.4612
7.2016	.46397
7.2092	.46672
7.2168	.46945
7.2244	.47215
7.2321	.47484
7.2397	.47751
7.2473	.48021
7.255	.48297
7.2626	.48578
7.2702	.48866
7.2778	.4917
7.2855	.49491
7.2931	.49829
7.3007	.50182
7.3084	.50558
7.316	.50961
7.3236	.51383
7.3312	.51822
7.3389	.52282
7.3465	.52767
7.3541	.53269
7.3618	.53781
7.3694	.54308
7.377	.54856
7.3846	.55416
7.3923	.5598
7.3999	.56557
7.4075	.57146
7.4152	.57748
7.4228	.5835
7.4304	.58962
7.4381	.5958
7.4457	.60206
7.4533	.60831
7.4609	.61457
7.4686	.62083
7.4762	.62709
7.4838	.63328
7.4915	.63939
7.4991	.64545
7.5067	.65143
7.5143	.65733
7.522	.66306
7.5296	.66874
7.5372	.6743
7.5449	.67982
7.5525	.68511
7.5601	.6904
7.5677	.69555
7.5754	.70071
7.583	.70559
7.5906	.71048
7.5983	.71526
7.6059	.72004
7.6135	.72458
7.6211	.72912
7.6288	.73359
7.6364	.73812
7.644	.74252
7.6517	.74695
7.6593	.75143
7.6669	.75612
7.6745	.76089
7.6822	.76574
7.6898	.77084
7.6974	.77627
7.7051	.78201
7.7127	.78781
7.7203	.79403
7.7279	.80049
7.7356	.80744
7.7432	.81423
7.7508	.82151
7.7585	.82876
7.7661	.83648
7.7737	.84378
7.7813	.85141
7.789	.85893
7.7966	.86664
7.8042	.87386
7.8119	.88117
7.8195	.88831
7.8271	.89544
7.8347	.90214
7.8424	.90871
7.85	.91517
7.8576	.92146
7.8653	.92751
7.8729	.93321
7.8805	.93899
7.8882	.94443
7.8958	.94995
7.9034	.95488
7.911	.9602
7.9187	.96501
7.9263	.97034
7.9339	.97486
7.9416	.98011
7.9492	.98479
7.9568	.99029
7.9644	.99511
7.9721	1.0006
7.9797	1.006
7.9873	1.012
7.995	1.0176
8.0026	1.0238
8.0102	1.0301
8.0178	1.0367
8.0255	1.0432
8.0331	1.05
8.0407	1.0569
8.0484	1.0638
8.056	1.0707
8.0636	1.0776
8.0712	1.0844
8.0789	1.0914
8.0865	1.0979
8.0941	1.1049
8.1018	1.1111
8.1094	1.1181
8.117	1.1239
8.1247	1.1312
8.1323	1.1368
8.1399	1.144
8.1475	1.1498
8.1552	1.1574
8.1628	1.1633
8.1704	1.1706
8.1781	1.1771
8.1857	1.1851
8.1933	1.1918
8.2009	1.1991
8.2086	1.2067
8.2162	1.2149
8.2238	1.2226
8.2315	1.2297
8.2391	1.2384
8.2467	1.2462
8.2543	1.2545
8.262	1.2618
8.2696	1.2707
8.2772	1.2784
8.2849	1.287
8.2925	1.2944
8.3001	1.3033
8.3077	1.3111
8.3154	1.3198
8.323	1.3278
8.3306	1.3365
8.3383	1.3449
8.3459	1.3536
8.3535	1.3623
8.3611	1.3712
8.3688	1.3801
8.3764	1.3891
8.384	1.3982
8.3917	1.4074
8.3993	1.4165
8.4069	1.4255
8.4145	1.4347
8.4222	1.4439
8.4298	1.4527
8.4374	1.4616
8.4451	1.4704
8.4527	1.4795
8.4603	1.4879
8.4679	1.4968
8.4756	1.5054
8.4832	1.5148
8.4908	1.5234
8.4985	1.5328
8.5061	1.5421
8.5137	1.5523
8.5213	1.562
8.529	1.5723
8.5366	1.5828
8.5442	1.594
8.5519	1.6049
8.5595	1.616
8.5671	1.6272
8.5748	1.6387
8.5824	1.6498
8.59	1.6607
8.5976	1.6713
8.6053	1.6816
8.6129	1.6916
8.6205	1.7008
8.6282	1.7095
8.6358	1.7176
8.6434	1.7253
8.651	1.732
8.6587	1.7384
8.6663	1.7441
8.6739	1.7497
8.6816	1.7544
8.6892	1.7591
8.6968	1.7635
8.7044	1.768
8.7121	1.7723
8.7197	1.7768
8.7273	1.7816
8.735	1.7868
8.7426	1.7922
8.7502	1.798
8.7578	1.8044
8.7655	1.8114
8.7731	1.8187
8.7807	1.8264
8.7884	1.8346
8.796	1.8433
8.8036	1.8522
8.8112	1.8612
8.8189	1.8704
8.8265	1.8796
8.8341	1.8888
8.8418	1.8976
8.8494	1.9062
8.857	1.9144
8.8646	1.9222
8.8723	1.9293
8.8799	1.936
8.8875	1.942
8.8952	1.9473
8.9028	1.952
8.9104	1.9561
8.918	1.9596
8.9257	1.9625
8.9333	1.9648
8.9409	1.9667
8.9486	1.9682
8.9562	1.9694
8.9638	1.9702
8.9714	1.9708
8.9791	1.9713
8.9867	1.9716
8.9943	1.972
9.002	1.9722
9.0096	1.9725
9.0172	1.973
9.0249	1.9736
9.0325	1.9743
9.0401	1.9753
9.0477	1.9766
9.0554	1.9782
9.063	1.9801
9.0706	1.9824
9.0783	1.985
9.0859	1.9882
9.0935	1.9916
9.1011	1.9953
9.1088	1.9993
9.1164	2.0037
9.124	2.0081
9.1317	2.0128
9.1393	2.0174
9.1469	2.0221
9.1545	2.0267
9.1622	2.0312
9.1698	2.0355
9.1774	2.0395
9.1851	2.0433
9.1927	2.0467
9.2003	2.0498
9.2079	2.0525
9.2156	2.0548
9.2232	2.0567
9.2308	2.0583
9.2385	2.0595
9.2461	2.0602
9.2537	2.0605
9.2613	2.0605
9.269	2.0601
9.2766	2.0593
9.2842	2.0581
9.2919	2.0567
9.2995	2.0549
9.3071	2.0528
9.3147	2.0505
9.3224	2.048
9.33	2.0454
9.3376	2.0426
9.3453	2.0398
9.3529	2.0369
9.3605	2.0341
9.3681	2.0313
9.3758	2.0285
9.3834	2.0259
9.391	2.0234
9.3987	2.021
9.4063	2.0188
9.4139	2.0168
9.4215	2.0149
9.4292	2.0131
9.4368	2.0114
9.4444	2.0099
9.4521	2.0084
9.4597	2.0071
9.4673	2.0057
9.475	2.0044
9.4826	2.003
9.4902	2.0016
9.4978	2.0001
9.5055	1.9986
9.5131	1.9969
9.5207	1.9951
9.5284	1.9933
9.536	1.9913
9.5436	1.9892
9.5512	1.987
9.5589	1.9848
9.5665	1.9824
9.5741	1.98
9.5818	1.9776
9.5894	1.9751
9.597	1.9726
9.6046	1.97
9.6123	1.9674
9.6199	1.9647
9.6275	1.9619
9.6352	1.959
9.6428	1.956
9.6504	1.9528
9.658	1.9495
9.6657	1.946
9.6733	1.9424
9.6809	1.9387
9.6886	1.9349
9.6962	1.9309
9.7038	1.9268
9.7114	1.9227
9.7191	1.9185
9.7267	1.9144
9.7343	1.9103
9.742	1.9063
9.7496	1.9023
9.7572	1.8984
9.7648	1.8946
9.7725	1.8908
9.7801	1.8872
9.7877	1.8835
9.7954	1.8798
9.803	1.8762
9.8106	1.8724
9.8182	1.8686
9.8259	1.8645
9.8335	1.8604
9.8411	1.8561
9.8488	1.8516
9.8564	1.8468
9.864	1.8419
9.8716	1.8369
9.8793	1.8317
9.8869	1.8264
9.8945	1.821
9.9022	1.8157
9.9098	1.8104
9.9174	1.8051
9.9251	1.8
9.9327	1.795
9.9403	1.7902
9.9479	1.7856
9.9556	1.7812
9.9632	1.777
9.9708	1.773
9.9785	1.7691
9.9861	1.7655
9.9937	1.7619
10.001	1.7585
10.009	1.7551
10.016	1.7518
10.024	1.7484
10.031	1.745
10.039	1.7416
10.047	1.7381
10.054	1.7346
10.062	1.731
10.07	1.7273
10.077	1.7235
10.085	1.7197
10.092	1.7158
10.1	1.712
10.108	1.7081
10.115	1.7043
10.123	1.7006
10.131	1.6968
10.138	1.6932
10.146	1.6897
10.153	1.6863
10.161	1.6829
10.169	1.6797
10.176	1.6766
10.184	1.6736
10.192	1.6706
10.199	1.6678
10.207	1.665
10.214	1.6623
10.222	1.6597
10.23	1.6572
10.237	1.6547
10.245	1.6523
10.253	1.6499
10.26	1.6476
10.268	1.6454
10.276	1.6433
10.283	1.6412
10.291	1.6392
10.298	1.6373
10.306	1.6355
10.314	1.6337
10.321	1.632
10.329	1.6304
10.337	1.6288
10.344	1.6273
10.352	1.6258
10.359	1.6243
10.367	1.6228
10.375	1.6213
10.382	1.6198
10.39	1.6183
10.398	1.6168
10.405	1.6153
10.413	1.6137
10.42	1.6121
10.428	1.6105
10.436	1.6088
10.443	1.6072
10.451	1.6056
10.459	1.604
10.466	1.6025
10.474	1.6009
10.482	1.5995
10.489	1.598
10.497	1.5967
10.504	1.5954
10.512	1.5941
10.52	1.5929
10.527	1.5919
10.535	1.5909
10.543	1.5899
10.55	1.5891
10.558	1.5884
10.565	1.5877
10.573	1.5872
10.581	1.5867
10.588	1.5862
10.596	1.5859
10.604	1.5856
10.611	1.5854
10.619	1.5852
10.626	1.5851
10.634	1.585
10.642	1.5849
10.649	1.5849
10.657	1.5849
10.665	1.5849
10.672	1.585
10.68	1.5851
10.687	1.5852
10.695	1.5854
10.703	1.5857
10.71	1.5861
10.718	1.5864
10.726	1.5869
10.733	1.5874
10.741	1.588
10.749	1.5886
10.756	1.5892
10.764	1.5899
10.771	1.5906
10.779	1.5912
10.787	1.5919
10.794	1.5925
10.802	1.5931
10.81	1.5936
10.817	1.5941
10.825	1.5946
10.832	1.595
10.84	1.5953
10.848	1.5956
10.855	1.5958
10.863	1.5959
10.871	1.596
10.878	1.596
10.886	1.5959
10.893	1.5957
10.901	1.5955
10.909	1.5952
10.916	1.5948
10.924	1.5944
10.932	1.5939
10.939	1.5934
10.947	1.5929
10.954	1.5924
10.962	1.592
10.97	1.5916
10.977	1.5914
10.985	1.5913
10.993	1.5914
11	1.5916
11.008	1.592
11.016	1.5927
11.023	1.5936
11.031	1.5947
11.038	1.5959
11.046	1.5974
11.054	1.599
11.061	1.6007
11.069	1.6024
11.077	1.6042
11.084	1.606
11.092	1.6078
11.099	1.6095
11.107	1.6111
11.115	1.6126
11.122	1.6141
11.13	1.6154
11.138	1.6167
11.145	1.6178
11.153	1.6189
11.16	1.62
11.168	1.621
11.176	1.622
11.183	1.6229
11.191	1.6239
11.199	1.6249
11.206	1.6259
11.214	1.6269
11.221	1.6279
11.229	1.6289
11.237	1.6299
11.244	1.6309
11.252	1.6319
11.26	1.6329
11.267	1.6339
11.275	1.6349
11.283	1.6358
11.29	1.6367
11.298	1.6375
11.305	1.6383
11.313	1.6391
11.321	1.6399
11.328	1.6406
11.336	1.6412
11.344	1.6418
11.351	1.6424
11.359	1.643
11.366	1.6436
11.374	1.6441
11.382	1.6447
11.389	1.6453
11.397	1.646
11.405	1.6468
11.412	1.6476
11.42	1.6486
11.427	1.6497
11.435	1.6509
11.443	1.6522
11.45	1.6537
11.458	1.6553
11.466	1.657
11.473	1.6588
11.481	1.6606
11.489	1.6625
11.496	1.6644
11.504	1.6662
11.511	1.668
11.519	1.6697
11.527	1.6713
11.534	1.6728
11.542	1.6742
11.55	1.6754
11.557	1.6765
11.565	1.6775
11.572	1.6783
11.58	1.6791
11.588	1.6797
11.595	1.6803
11.603	1.6808
11.611	1.6813
11.618	1.6818
11.626	1.6822
11.633	1.6827
11.641	1.6831
11.649	1.6835
11.656	1.6839
11.664	1.6843
11.672	1.6846
11.679	1.6849
11.687	1.6852
11.694	1.6853
11.702	1.6854
11.71	1.6854
11.717	1.6852
11.725	1.685
11.733	1.6846
11.74	1.6841
11.748	1.6835
11.756	1.6828
11.763	1.682
11.771	1.6811
11.778	1.6802
11.786	1.6792
11.794	1.6782
11.801	1.6773
11.809	1.6763
11.817	1.6755
11.824	1.6747
11.832	1.674
11.839	1.6735
11.847	1.673
11.855	1.6727
11.862	1.6726
11.87	1.6725
11.878	1.6725
11.885	1.6725
11.893	1.6726
11.9	1.6727
11.908	1.6728
11.916	1.6728
11.923	1.6727
11.931	1.6725
11.939	1.6722
11.946	1.6718
11.954	1.6711
11.961	1.6704
11.969	1.6695
11.977	1.6684
11.984	1.6671
11.992	1.6658
12	1.6643
12.007	1.6627
12.015	1.6611
12.023	1.6595
12.03	1.6578
12.038	1.6561
12.045	1.6545
12.053	1.6529
12.061	1.6513
12.068	1.6498
12.076	1.6485
12.084	1.6472
12.091	1.6461
12.099	1.645
12.106	1.6441
12.114	1.6433
12.122	1.6426
12.129	1.6419
12.137	1.6414
12.145	1.6409
12.152	1.6405
12.16	1.6402
12.167	1.6399
12.175	1.6397
12.183	1.6394
12.19	1.6392
12.198	1.639
12.206	1.6387
12.213	1.6385
12.221	1.6382
12.229	1.6378
12.236	1.6374
12.244	1.6369
12.251	1.6363
12.259	1.6357
12.267	1.6349
12.274	1.6339
12.282	1.6328
12.29	1.6316
12.297	1.6303
12.305	1.6288
12.312	1.6272
12.32	1.6256
12.328	1.6239
12.335	1.6221
12.343	1.6203
12.351	1.6185
12.358	1.6167
12.366	1.615
12.373	1.6134
12.381	1.6119
12.389	1.6104
12.396	1.6091
12.404	1.6078
12.412	1.6067
12.419	1.6056
12.427	1.6047
12.434	1.6038
12.442	1.6031
12.45	1.6024
12.457	1.6018
12.465	1.6014
12.473	1.601
12.48	1.6007
12.488	1.6005
12.496	1.6003
12.503	1.6002
12.511	1.6
12.518	1.5999
12.526	1.5996
12.534	1.5993
12.541	1.5989
12.549	1.5983
12.557	1.5975
12.564	1.5964
12.572	1.5952
12.579	1.5937
12.587	1.592
12.595	1.59
12.602	1.5879
12.61	1.5856
12.618	1.5831
12.625	1.5804
12.633	1.5778
12.64	1.575
12.648	1.5723
12.656	1.5696
12.663	1.567
12.671	1.5645
12.679	1.5622
12.686	1.5601
12.694	1.5582
12.701	1.5564
12.709	1.5549
12.717	1.5537
12.724	1.5527
12.732	1.5519
12.74	1.5513
12.747	1.551
12.755	1.5509
12.763	1.5509
12.77	1.5511
12.778	1.5515
12.785	1.5521
12.793	1.5528
12.801	1.5535
12.808	1.5544
12.816	1.5552
12.824	1.5561
12.831	1.557
12.839	1.5578
12.846	1.5585
12.854	1.559
12.862	1.5594
12.869	1.5597
12.877	1.5597
12.885	1.5594
12.892	1.5589
12.9	1.5582
12.907	1.5571
12.915	1.5558
12.923	1.5543
12.93	1.5526
12.938	1.5508
12.946	1.5487
12.953	1.5466
12.961	1.5444
12.968	1.5422
12.976	1.54
12.984	1.5378
12.991	1.5358
12.999	1.5338
13.007	1.532
13.014	1.5304
13.022	1.529
13.03	1.5277
13.037	1.5267
13.045	1.5259
13.052	1.5253
13.06	1.5249
13.068	1.5247
13.075	1.5247
13.083	1.5249
13.091	1.5252
13.098	1.5257
13.106	1.5262
13.113	1.5268
13.121	1.5275
13.129	1.5281
13.136	1.5288
13.144	1.5294
13.152	1.5299
13.159	1.5303
13.167	1.5305
13.174	1.5306
13.182	1.5305
13.19	1.5303
13.197	1.5299
13.205	1.5293
13.213	1.5285
13.22	1.5275
13.228	1.5265
13.236	1.5252
13.243	1.5239
13.251	1.5225
13.258	1.521
13.266	1.5194
13.274	1.5179
13.281	1.5163
13.289	1.5148
13.297	1.5133
13.304	1.5119
13.312	1.5106
13.319	1.5093
13.327	1.5082
13.335	1.5072
13.342	1.5063
13.35	1.5055
13.358	1.5048
13.365	1.5042
13.373	1.5037
13.38	1.5033
13.388	1.5029
13.396	1.5025
13.403	1.5022
13.411	1.5018
13.419	1.5014
13.426	1.5009
13.434	1.5003
13.441	1.4996
13.449	1.4988
13.457	1.4979
13.464	1.4968
13.472	1.4957
13.48	1.4944
13.487	1.4931
13.495	1.4917
13.503	1.4902
13.51	1.4888
13.518	1.4873
13.525	1.486
13.533	1.4848
13.541	1.4836
13.548	1.4826
13.556	1.4818
13.564	1.4812
13.571	1.4808
13.579	1.4805
13.586	1.4805
13.594	1.4807
13.602	1.481
13.609	1.4814
13.617	1.482
13.625	1.4827
13.632	1.4834
13.64	1.4843
13.647	1.4851
13.655	1.486
13.663	1.4869
13.67	1.4877
13.678	1.4886
13.686	1.4894
13.693	1.4902
13.701	1.4909
13.708	1.4917
13.716	1.4924
13.724	1.493
13.731	1.4937
13.739	1.4943
13.747	1.4949
13.754	1.4955
13.762	1.4962
13.77	1.4968
13.777	1.4975
13.785	1.4981
13.792	1.4988
13.8	1.4994
13.808	1.5001
13.815	1.5006
13.823	1.5012
13.831	1.5016
13.838	1.502
13.846	1.5022
13.853	1.5023
13.861	1.5023
13.869	1.5021
13.876	1.5016
13.884	1.501
13.892	1.5001
13.899	1.4991
13.907	1.4978
13.914	1.4963
13.922	1.4946
13.93	1.4928
13.937	1.4908
13.945	1.4886
13.953	1.4865
13.96	1.4843
13.968	1.4821
13.976	1.48
13.983	1.478
13.991	1.4762
13.998	1.4746
14.006	1.4733
14.014	1.4724
14.021	1.4718
14.029	1.4716
14.037	1.4719
14.044	1.4726
14.052	1.4737
14.059	1.4752
14.067	1.4772
14.075	1.4796
14.082	1.4823
14.09	1.4853
14.098	1.4887
14.105	1.4923
14.113	1.4961
14.12	1.5
14.128	1.5041
14.136	1.5083
14.143	1.5125
14.151	1.5167
14.159	1.5209
14.166	1.5251
14.174	1.5292
14.181	1.5332
14.189	1.5371
14.197	1.541
14.204	1.5447
14.212	1.5484
14.22	1.5519
14.227	1.5554
14.235	1.5587
14.243	1.5619
14.25	1.5651
14.258	1.5681
14.265	1.5711
14.273	1.5739
14.281	1.5767
14.288	1.5795
14.296	1.5821
14.304	1.5848
14.311	1.5874
14.319	1.59
14.326	1.5926
14.334	1.5952
14.342	1.5978
14.349	1.6005
14.357	1.6033
14.365	1.6062
14.372	1.6091
14.38	1.6121
14.387	1.6153
14.395	1.6185
14.403	1.6219
14.41	1.6254
14.418	1.6291
14.426	1.6328
14.433	1.6368
14.441	1.6408
14.448	1.6449
14.456	1.6492
14.464	1.6536
14.471	1.6581
14.479	1.6626
14.487	1.6672
14.494	1.6718
14.502	1.6764
14.51	1.681
14.517	1.6854
14.525	1.6897
14.532	1.6937
14.54	1.6976
14.548	1.7012
14.555	1.7044
14.563	1.7074
14.571	1.7099
14.578	1.7122
14.586	1.7139
14.593	1.7153
14.601	1.7164
14.609	1.7172
14.616	1.7176
14.624	1.7178
14.632	1.7178
14.639	1.7176
14.647	1.7174
14.654	1.717
14.662	1.7167
14.67	1.7164
14.677	1.7162
14.685	1.7161
14.693	1.7161
14.7	1.7162
14.708	1.7165
14.715	1.717
14.723	1.7177
14.731	1.7184
14.738	1.7193
14.746	1.7204
14.754	1.7215
14.761	1.7227
14.769	1.7239
14.777	1.7252
14.784	1.7265
14.792	1.7278
14.799	1.7291
14.807	1.7303
14.815	1.7314
14.822	1.7324
14.83	1.7334
14.838	1.7342
14.845	1.7348
14.853	1.7354
14.86	1.7358
14.868	1.7361
14.876	1.7361
14.883	1.7361
14.891	1.7358
14.899	1.7355
14.906	1.735
14.914	1.7343
14.921	1.7335
14.929	1.7326
14.937	1.7315
14.944	1.7303
14.952	1.729
14.96	1.7277
14.967	1.7263
14.975	1.7248
14.983	1.7233
14.99	1.7219
14.998	1.7204
15.005	1.719
15.013	1.7177
15.021	1.7165
15.028	1.7154
15.036	1.7144
15.044	1.7136
15.051	1.7129
15.059	1.7124
15.066	1.712
15.074	1.7118
15.082	1.7116
15.089	1.7115
15.097	1.7115
15.105	1.7115
15.112	1.7115
15.12	1.7115
15.127	1.7113
15.135	1.7111
15.143	1.7107
15.15	1.7103
15.158	1.7096
15.166	1.7089
15.173	1.7079
15.181	1.7069
15.188	1.7058
15.196	1.7046
15.204	1.7033
15.211	1.7021
15.219	1.7008
15.227	1.6996
15.234	1.6984
15.242	1.6973
15.25	1.6963
15.257	1.6953
15.265	1.6945
15.272	1.6936
15.28	1.6928
15.288	1.692
15.295	1.6912
15.303	1.6904
15.311	1.6895
15.318	1.6885
15.326	1.6874
15.333	1.6861
15.341	1.6847
15.349	1.6832
15.356	1.6815
15.364	1.6797
15.372	1.6778
15.379	1.6757
15.387	1.6735
15.394	1.6712
15.402	1.6688
15.41	1.6664
15.417	1.6639
15.425	1.6614
15.433	1.6589
15.44	1.6563
15.448	1.6537
15.455	1.6512
15.463	1.6486
15.471	1.646
15.478	1.6434
15.486	1.6409
15.494	1.6383
15.501	1.6358
15.509	1.6334
15.517	1.631
15.524	1.6286
15.532	1.6263
15.539	1.6241
15.547	1.622
15.555	1.6199
15.562	1.618
15.57	1.6162
15.578	1.6144
15.585	1.6128
15.593	1.6114
15.6	1.61
15.608	1.6086
15.616	1.6074
15.623	1.6063
15.631	1.6052
15.639	1.6042
15.646	1.6032
15.654	1.6022
15.661	1.6013
15.669	1.6003
15.677	1.5994
15.684	1.5984
15.692	1.5974
15.7	1.5964
15.707	1.5953
15.715	1.5942
15.722	1.5931
15.73	1.5919
15.738	1.5907
15.745	1.5894
15.753	1.5881
15.761	1.5867
15.768	1.5853
15.776	1.5839
15.784	1.5824
15.791	1.5809
15.799	1.5793
15.806	1.5777
15.814	1.5761
15.822	1.5744
15.829	1.5727
15.837	1.571
15.845	1.5693
15.852	1.5675
15.86	1.5658
15.867	1.564
15.875	1.5622
15.883	1.5603
15.89	1.5585
15.898	1.5568
15.906	1.555
15.913	1.5533
15.921	1.5517
15.928	1.5501
15.936	1.5487
15.944	1.5474
15.951	1.5462
15.959	1.5452
15.967	1.5443
15.974	1.5436
15.982	1.5431
15.99	1.5426
15.997	1.5424
16.005	1.5422
16.012	1.5421
16.02	1.542
16.028	1.542
16.035	1.542
16.043	1.5418
16.051	1.5416
16.058	1.5414
16.066	1.5409
16.073	1.5404
16.081	1.5397
16.089	1.5388
16.096	1.5378
16.104	1.5366
16.112	1.5353
16.119	1.5339
16.127	1.5324
16.134	1.5308
16.142	1.529
16.15	1.5272
16.157	1.5254
16.165	1.5235
16.173	1.5215
16.18	1.5195
16.188	1.5175
16.195	1.5154
16.203	1.5134
16.211	1.5113
16.218	1.5093
16.226	1.5073
16.234	1.5054
16.241	1.5035
16.249	1.5017
16.257	1.5
16.264	1.4985
16.272	1.497
16.279	1.4957
16.287	1.4945
16.295	1.4935
16.302	1.4926
16.31	1.4918
16.318	1.4911
16.325	1.4906
16.333	1.4901
16.34	1.4897
16.348	1.4893
16.356	1.489
16.363	1.4887
16.371	1.4884
16.379	1.4881
16.386	1.4877
16.394	1.4874
16.401	1.4871
16.409	1.4867
16.417	1.4863
16.424	1.4859
16.432	1.4854
16.44	1.4849
16.447	1.4844
16.455	1.4838
16.463	1.4832
16.47	1.4825
16.478	1.4817
16.485	1.4809
16.493	1.4801
16.501	1.4792
16.508	1.4782
16.516	1.4772
16.524	1.4761
16.531	1.4751
16.539	1.474
16.546	1.473
16.554	1.472
16.562	1.471
16.569	1.4701
16.577	1.4693
16.585	1.4687
16.592	1.4681
16.6	1.4676
16.607	1.4673
16.615	1.4671
16.623	1.467
16.63	1.467
16.638	1.4671
16.646	1.4673
16.653	1.4676
16.661	1.4679
16.668	1.4681
16.676	1.4684
16.684	1.4686
16.691	1.4687
16.699	1.4687
16.707	1.4686
16.714	1.4683
16.722	1.4679
16.73	1.4674
16.737	1.4666
16.745	1.4657
16.752	1.4646
16.76	1.4634
16.768	1.4621
16.775	1.4607
16.783	1.4592
16.791	1.4577
16.798	1.4562
16.806	1.4547
16.813	1.4533
16.821	1.452
16.829	1.4509
16.836	1.4499
16.844	1.4491
16.852	1.4484
16.859	1.4479
16.867	1.4476
16.874	1.4475
16.882	1.4475
16.89	1.4476
16.897	1.4478
16.905	1.4481
16.913	1.4484
16.92	1.4487
16.928	1.449
16.935	1.4493
16.943	1.4494
16.951	1.4495
16.958	1.4495
16.966	1.4494
16.974	1.4491
16.981	1.4488
16.989	1.4484
16.997	1.4479
17.004	1.4472
17.012	1.4466
17.019	1.4459
17.027	1.4452
17.035	1.4444
17.042	1.4437
17.05	1.443
17.058	1.4422
17.065	1.4416
17.073	1.4409
17.08	1.4403
17.088	1.4397
17.096	1.4391
17.103	1.4386
17.111	1.4381
17.119	1.4377
17.126	1.4372
17.134	1.4369
17.141	1.4365
17.149	1.4361
17.157	1.4358
17.164	1.4355
17.172	1.4352
17.18	1.4349
17.187	1.4347
17.195	1.4343
17.203	1.434
17.21	1.4337
17.218	1.4333
17.225	1.4328
17.233	1.4323
17.241	1.4318
17.248	1.4311
17.256	1.4304
17.264	1.4296
17.271	1.4288
17.279	1.4279
17.286	1.4269
17.294	1.4259
17.302	1.4248
17.309	1.4237
17.317	1.4226
17.325	1.4214
17.332	1.4202
17.34	1.4189
17.347	1.4176
17.355	1.4163
17.363	1.4149
17.37	1.4134
17.378	1.4119
17.386	1.4104
17.393	1.4088
17.401	1.4071
17.408	1.4054
17.416	1.4037
17.424	1.402
17.431	1.4002
17.439	1.3986
17.447	1.3969
17.454	1.3954
17.462	1.3939
17.47	1.3925
17.477	1.3912
17.485	1.39
17.492	1.389
17.5	1.3881
17.508	1.3872
17.515	1.3865
17.523	1.3859
17.531	1.3854
17.538	1.385
17.546	1.3847
17.553	1.3844
17.561	1.3842
17.569	1.384
17.576	1.3838
17.584	1.3836
17.592	1.3835
17.599	1.3834
17.607	1.3832
17.614	1.383
17.622	1.3828
17.63	1.3826
17.637	1.3824
17.645	1.3821
17.653	1.3818
17.66	1.3815
17.668	1.3812
17.675	1.3808
17.683	1.3805
17.691	1.3802
17.698	1.38
17.706	1.3798
17.714	1.3796
17.721	1.3795
17.729	1.3795
17.737	1.3796
17.744	1.3798
17.752	1.38
17.759	1.3803
17.767	1.3807
17.775	1.3811
17.782	1.3816
17.79	1.382
17.798	1.3825
17.805	1.3829
17.813	1.3833
17.82	1.3837
17.828	1.3839
17.836	1.3841
17.843	1.3841
17.851	1.3841
17.859	1.3839
17.866	1.3836
17.874	1.3832
17.881	1.3827
17.889	1.3822
17.897	1.3815
17.904	1.3809
17.912	1.3802
17.92	1.3796
17.927	1.3789
17.935	1.3783
17.942	1.3778
17.95	1.3773
17.958	1.3769
17.965	1.3766
17.973	1.3762
17.981	1.3759
17.988	1.3757
17.996	1.3754
18.004	1.3751
18.011	1.3748
18.019	1.3744
18.026	1.3739
18.034	1.3734
18.042	1.3728
18.049	1.3722
18.057	1.3715
18.065	1.3708
18.072	1.37
18.08	1.3692
18.087	1.3684
18.095	1.3677
18.103	1.3669
18.11	1.3662
18.118	1.3656
18.126	1.365
18.133	1.3644
18.141	1.3638
18.148	1.3633
18.156	1.3628
18.164	1.3622
18.171	1.3616
18.179	1.361
18.187	1.3604
18.194	1.3596
18.202	1.3588
18.21	1.358
18.217	1.357
18.225	1.3561
18.232	1.355
18.24	1.354
18.248	1.353
18.255	1.352
18.263	1.351
18.271	1.3501
18.278	1.3494
18.286	1.3487
18.293	1.3482
18.301	1.3478
18.309	1.3476
18.316	1.3475
18.324	1.3475
18.332	1.3477
18.339	1.3479
18.347	1.3483
18.354	1.3487
18.362	1.3491
18.37	1.3495
18.377	1.3499
18.385	1.3502
18.393	1.3504
18.4	1.3505
18.408	1.3505
18.415	1.3503
18.423	1.3498
18.431	1.3492
18.438	1.3484
18.446	1.3473
18.454	1.346
18.461	1.3446
18.469	1.3429
18.477	1.3409
18.484	1.3388
18.492	1.3365
18.499	1.3341
18.507	1.3316
18.515	1.3289
18.522	1.3262
18.53	1.3235
18.538	1.3207
18.545	1.3179
18.553	1.3152
18.56	1.3125
18.568	1.3098
18.576	1.3073
18.583	1.3048
18.591	1.3023
18.599	1.3
18.606	1.2977
18.614	1.2956
18.621	1.2935
18.629	1.2914
18.637	1.2894
18.644	1.2874
18.652	1.2855
18.66	1.2835
18.667	1.2815
18.675	1.2794
18.682	1.2773
18.69	1.2751
18.698	1.2728
18.705	1.2704
18.713	1.2679
18.721	1.2652
18.728	1.2625
18.736	1.2597
18.744	1.2568
18.751	1.2538
18.759	1.2508
18.766	1.2478
18.774	1.2447
18.782	1.2417
18.789	1.2388
18.797	1.2359
18.805	1.2331
18.812	1.2303
18.82	1.2277
18.827	1.2252
18.835	1.2227
18.843	1.2204
18.85	1.2182
18.858	1.2161
18.866	1.2141
18.873	1.2121
18.881	1.2102
18.888	1.2084
18.896	1.2067
18.904	1.2051
18.911	1.2035
18.919	1.202
18.927	1.2006
18.934	1.1993
18.942	1.1981
18.949	1.1969
18.957	1.1959
18.965	1.1949
18.972	1.1941
18.98	1.1932
18.988	1.1925
18.995	1.1918
19.003	1.1911
19.011	1.1904
19.018	1.1897
19.026	1.1889
19.033	1.1882
19.041	1.1873
19.049	1.1864
19.056	1.1855
19.064	1.1845
19.072	1.1834
19.079	1.1824
19.087	1.1812
19.094	1.1801
19.102	1.179
19.11	1.1779
19.117	1.1768
19.125	1.1757
19.133	1.1747
19.14	1.1737
19.148	1.1726
19.155	1.1716
19.163	1.1706
19.171	1.1696
19.178	1.1685
19.186	1.1674
19.194	1.1662
19.201	1.165
19.209	1.1637
19.217	1.1624
19.224	1.161
19.232	1.1596
19.239	1.1581
19.247	1.1566
19.255	1.155
19.262	1.1535
19.27	1.152
19.278	1.1504
19.285	1.1489
19.293	1.1474
19.3	1.146
19.308	1.1445
19.316	1.1431
19.323	1.1416
19.331	1.1402
19.339	1.1388
19.346	1.1374
19.354	1.136
19.361	1.1346
19.369	1.1332
19.377	1.1317
19.384	1.1303
19.392	1.1289
19.4	1.1274
19.407	1.126
19.415	1.1245
19.422	1.1231
19.43	1.1217
19.438	1.1203
19.445	1.1189
19.453	1.1175
19.461	1.1162
19.468	1.1149
19.476	1.1136
19.484	1.1124
19.491	1.1112
19.499	1.11
19.506	1.1089
19.514	1.1079
19.522	1.1069
19.529	1.1059
19.537	1.105
19.545	1.1041
19.552	1.1032
19.56	1.1024
19.567	1.1016
19.575	1.1008
19.583	1.1
19.59	1.0991
19.598	1.0983
19.606	1.0974
19.613	1.0965
19.621	1.0955
19.628	1.0945
19.636	1.0935
19.644	1.0923
19.651	1.0911
19.659	1.0898
19.667	1.0884
19.674	1.087
19.682	1.0855
19.689	1.084
19.697	1.0824
19.705	1.0808
19.712	1.0792
19.72	1.0777
19.728	1.0761
19.735	1.0746
19.743	1.0732
19.751	1.0718
19.758	1.0705
19.766	1.0693
19.773	1.0682
19.781	1.0672
19.789	1.0663
19.796	1.0655
19.804	1.0647
19.812	1.064
19.819	1.0633
19.827	1.0627
19.834	1.0621
19.842	1.0616
19.85	1.061
19.857	1.0604
19.865	1.0599
19.873	1.0593
19.88	1.0587
19.888	1.0581
19.895	1.0575
19.903	1.0569
19.911	1.0563
19.918	1.0557
19.926	1.0552
19.934	1.0546
19.941	1.0541
19.949	1.0537
19.957	1.0532
19.964	1.0528
19.972	1.0525
19.979	1.0522
19.987	1.0519
19.995	1.0517
20.002	1.0514
20.01	1.0513
20.018	1.0511
20.025	1.0509
20.033	1.0507
20.04	1.0505
20.048	1.0503
20.056	1.05
20.063	1.0496
20.071	1.0491
20.079	1.0486
20.086	1.048
20.094	1.0473
20.101	1.0465
20.109	1.0457
20.117	1.0448
20.124	1.0438
20.132	1.0428
20.14	1.0417
20.147	1.0407
20.155	1.0396
20.162	1.0386
20.17	1.0376
20.178	1.0367
20.185	1.0358
20.193	1.035
20.201	1.0343
20.208	1.0336
20.216	1.033
20.224	1.0324
20.231	1.0319
20.239	1.0315
20.246	1.0311
20.254	1.0308
20.262	1.0305
20.269	1.0302
20.277	1.03
20.285	1.0298
20.292	1.0295
20.3	1.0294
20.307	1.0292
20.315	1.029
20.323	1.0289
20.33	1.0287
20.338	1.0286
20.346	1.0284
20.353	1.0282
20.361	1.028
20.368	1.0278
20.376	1.0275
20.384	1.0272
20.391	1.0268
20.399	1.0264
20.407	1.0259
20.414	1.0253
20.422	1.0247
20.429	1.0239
20.437	1.0231
20.445	1.0223
20.452	1.0213
20.46	1.0204
20.468	1.0194
20.475	1.0184
20.483	1.0174
20.491	1.0164
20.498	1.0154
20.506	1.0144
20.513	1.0135
20.521	1.0127
20.529	1.0119
20.536	1.0112
20.544	1.0106
20.552	1.01
20.559	1.0094
20.567	1.0089
20.574	1.0085
20.582	1.008
20.59	1.0076
20.597	1.0071
20.605	1.0067
20.613	1.0061
20.62	1.0056
20.628	1.005
20.635	1.0043
20.643	1.0036
20.651	1.0028
20.658	1.0019
20.666	1.0011
20.674	1.0001
20.681	.99926
20.689	.99833
20.697	.9974
20.704	.9965
20.712	.99563
20.719	.99478
20.727	.99398
20.735	.99324
20.742	.99253
20.75	.99187
20.758	.99126
20.765	.9907
20.773	.99019
20.78	.98972
20.788	.98928
20.796	.9889
20.803	.98857
20.811	.98827
20.819	.98802
20.826	.98782
20.834	.98768
20.841	.98758
20.849	.98753
20.857	.98753
20.864	.9876
20.872	.9877
20.88	.98783
20.887	.988
20.895	.9882
20.902	.98841
20.91	.98863
20.918	.98884
20.925	.98904
20.933	.98921
20.941	.98937
20.948	.98949
20.956	.98957
20.964	.98962
20.971	.98963
20.979	.9896
20.986	.98954
20.994	.98945
21.002	.98933
21.009	.9892
21.017	.98905
21.025	.98889
21.032	.98873
21.04	.98857
21.047	.98842
21.055	.98828
21.063	.98814
21.07	.98802
21.078	.98792
21.086	.98783
21.093	.98774
21.101	.98766
21.108	.98759
21.116	.98751
21.124	.98741
21.131	.9873
21.139	.98717
21.147	.987
21.154	.98679
21.162	.98655
21.169	.98627
21.177	.98595
21.185	.98558
21.192	.98518
21.2	.98476
21.208	.98431
21.215	.98385
21.223	.98339
21.231	.98294
21.238	.98251
21.246	.98213
21.253	.98179
21.261	.9815
21.269	.98127
21.276	.98112
21.284	.98105
21.292	.98106
21.299	.98115
21.307	.98133
21.314	.98161
21.322	.98197
21.33	.98241
21.337	.98293
21.345	.98355
21.353	.98422
21.36	.98495
21.368	.98573
21.375	.98655
21.383	.98739
21.391	.98822
21.398	.98905
21.406	.98983
21.414	.99056
21.421	.99121
21.429	.99178
21.436	.99222
21.444	.99253
21.452	.9927
21.459	.99275
21.467	.99264
21.475	.99234
21.482	.99192
21.49	.99136
21.498	.99068
21.505	.98984
21.513	.98892
21.52	.98792
21.528	.98686
21.536	.98574
21.543	.9846
21.551	.98347
21.559	.98236
21.566	.98129
21.574	.9803
21.581	.97938
21.589	.97855
21.597	.97785
21.604	.9773
21.612	.97687
21.62	.97659
21.627	.97645
21.635	.9765
21.642	.97669
21.65	.977
21.658	.97743
21.665	.97801
21.673	.97866
21.681	.97937
21.688	.98013
21.696	.9809
21.704	.98166
21.711	.98239
21.719	.98308
21.726	.98368
21.734	.98418
21.742	.9846
21.749	.98493
21.757	.98516
21.765	.98528
21.772	.98534
21.78	.98534
21.787	.98529
21.795	.98521
21.803	.98512
21.81	.98504
21.818	.98497
21.826	.98493
21.833	.98492
21.841	.98495
21.848	.985
21.856	.98508
21.864	.98518
21.871	.98528
21.879	.98538
21.887	.98545
21.894	.98549
21.902	.9855
21.909	.98546
21.917	.98538
21.925	.98524
21.932	.98507
21.94	.98488
21.948	.98466
21.955	.98443
21.963	.98421
21.971	.984
21.978	.98382
21.986	.98369
21.993	.98361
22.001	.98357
22.009	.98357
22.016	.98363
22.024	.98372
22.032	.98382
22.039	.98394
22.047	.98405
22.054	.98412
22.062	.98416
22.07	.98414
22.077	.98405
22.085	.98386
22.093	.98358
22.1	.98321
22.108	.98275
22.115	.98217
22.123	.9815
22.131	.98076
22.138	.97996
22.146	.97909
22.154	.97818
22.161	.97724
22.169	.9763
22.176	.97536
22.184	.97444
22.192	.97355
22.199	.9727
22.207	.9719
22.215	.97117
22.222	.9705
22.23	.9699
22.238	.96935
22.245	.9689
22.253	.96852
22.26	.9682
22.268	.96794
22.276	.96778
22.283	.96768
22.291	.96764
22.299	.96766
22.306	.96774
22.314	.96788
22.321	.96806
22.329	.96827
22.337	.96852
22.344	.96879
22.352	.96906
22.36	.96933
22.367	.9696
22.375	.96984
22.382	.97006
22.39	.97025
22.398	.97041
22.405	.97052
22.413	.97058
22.421	.9706
22.428	.97059
22.436	.97051
22.443	.9704
22.451	.97025
22.459	.97006
22.466	.96983
22.474	.96957
22.482	.96928
22.489	.96896
22.497	.96862
22.505	.96825
22.512	.96786
22.52	.96746
22.527	.96704
22.535	.96661
22.543	.96617
22.55	.96572
22.558	.96527
22.566	.96481
22.573	.96437
22.581	.96393
22.588	.9635
22.596	.9631
22.604	.96274
22.611	.9624
22.619	.96211
22.627	.96187
22.634	.9617
22.642	.96159
22.649	.96155
22.657	.96158
22.665	.96172
22.672	.96193
22.68	.96222
22.688	.96259
22.695	.96305
22.703	.96358
22.711	.96417
22.718	.96481
22.726	.96551
22.733	.96624
22.741	.96698
22.749	.96775
22.756	.96851
22.764	.96926
22.772	.96999
22.779	.9707
22.787	.97137
22.794	.972
22.802	.97258
22.81	.97313
22.817	.97363
22.825	.97408
22.833	.97449
22.84	.97488
22.848	.97524
22.855	.97557
22.863	.97589
22.871	.97621
22.878	.97652
22.886	.97683
22.894	.97714
22.901	.97745
22.909	.97777
22.916	.97807
22.924	.97837
22.932	.97865
22.939	.97891
22.947	.97913
22.955	.97931
22.962	.97944
22.97	.97952
22.978	.97955
22.985	.97949
22.993	.97936
23	.97918
23.008	.97892
23.016	.97859
23.023	.97818
23.031	.97773
23.039	.97721
23.046	.97664
23.054	.97601
23.061	.97533
23.069	.97462
23.077	.97387
23.084	.97307
23.092	.97224
23.1	.97138
23.107	.97048
23.115	.96955
23.122	.96858
23.13	.9676
23.138	.96658
23.145	.96555
23.153	.9645
23.161	.96345
23.168	.96241
23.176	.96139
23.183	.96042
23.191	.95949
23.199	.95863
23.206	.95787
23.214	.95723
23.222	.9567
23.229	.9563
23.237	.95604
23.245	.95598
23.252	.95605
23.26	.95627
23.267	.95663
23.275	.95717
23.283	.95782
23.29	.95856
23.298	.95938
23.306	.96027
23.313	.96118
23.321	.96209
23.328	.96298
23.336	.96381
23.344	.96457
23.351	.96524
23.359	.96582
23.367	.96627
23.374	.96659
23.382	.9668
23.389	.96691
23.397	.9669
23.405	.96678
23.412	.96657
23.42	.9663
23.428	.96598
23.435	.96559
23.443	.96517
23.451	.96473
23.458	.96428
23.466	.96381
23.473	.96335
23.481	.9629
23.489	.96244
23.496	.962
23.504	.96156
23.512	.96114
23.519	.96072
23.527	.96032
23.534	.95993
23.542	.95956
23.55	.95921
23.557	.95888
23.565	.95859
23.573	.95833
23.58	.95812
23.588	.95795
23.595	.95786
23.603	.95784
23.611	.95788
23.618	.95799
23.626	.95819
23.634	.95847
23.641	.95881
23.649	.95922
23.656	.95969
23.664	.96021
23.672	.96076
23.679	.96132
23.687	.96188
23.695	.96242
23.702	.96292
23.71	.96336
23.718	.96373
23.725	.96399
23.733	.96414
23.74	.9642
23.748	.96414
23.756	.96393
23.763	.96361
23.771	.96319
23.779	.96268
23.786	.96208
23.794	.96141
23.801	.9607
23.809	.95997
23.817	.95923
23.824	.95852
23.832	.95785
23.84	.95722
23.847	.95665
23.855	.95618
23.862	.95578
23.87	.95546
23.878	.95522
23.885	.95509
23.893	.95503
23.901	.95505
23.908	.95512
23.916	.95528
23.923	.95549
23.931	.95574
23.939	.95603
23.946	.95636
23.954	.95672
23.962	.95709
23.969	.95748
23.977	.95787
23.985	.95826
23.992	.95863
24	.95899
24.007	.95933
24.015	.95961
24.023	.95986
24.03	.96007
24.038	.96023
24.046	.96033
24.053	.96037
24.061	.96036
24.068	.9603
24.076	.96018
24.084	.96001
24.091	.95981
24.099	.95959
24.107	.95933
24.114	.95906
24.122	.95879
24.129	.95852
24.137	.95826
24.145	.95802
24.152	.9578
24.16	.95761
24.168	.95744
24.175	.95731
24.183	.9572
24.19	.95713
24.198	.95707
24.206	.95705
24.213	.95705
24.221	.95707
24.229	.9571
24.236	.95715
24.244	.95721
24.252	.95728
24.259	.95735
24.267	.95744
24.274	.95753
24.282	.95763
24.29	.95775
24.297	.95788
24.305	.95803
24.313	.95821
24.32	.95841
24.328	.95865
24.335	.95895
24.343	.9593
24.351	.9597
24.358	.96016
24.366	.9607
24.374	.96132
24.381	.96201
24.389	.96276
24.396	.96358
24.404	.96448
24.412	.96542
24.419	.9664
24.427	.96741
24.435	.96844
24.442	.96948
24.45	.97052
24.458	.97154
24.465	.97253
24.473	.9735
24.48	.97443
24.488	.97532
24.496	.97617
24.503	.97699
24.511	.97777
24.519	.97853
24.526	.97925
24.534	.97994
24.541	.98062
24.549	.98127
24.557	.9819
24.564	.9825
24.572	.98307
24.58	.98362
24.587	.98413
24.595	.98459
24.602	.98501
24.61	.98537
24.618	.98569
24.625	.98592
24.633	.98609
24.641	.98619
24.648	.98624
24.656	.9862
24.663	.9861
24.671	.98594
24.679	.98572
24.686	.98546
24.694	.98514
24.702	.9848
24.709	.98442
24.717	.98403
24.725	.98362
24.732	.98321
24.74	.9828
24.747	.9824
24.755	.98203
24.763	.98167
24.77	.98135
24.778	.98107
24.786	.98084
24.793	.98067
24.801	.98057
24.808	.98053
24.816	.98058
24.824	.98072
24.831	.98094
24.839	.98124
24.847	.98164
24.854	.98214
24.862	.98271
24.869	.98334
24.877	.98403
24.885	.98477
24.892	.98551
24.9	.98626
24.908	.987
24.915	.98768
24.923	.9883
24.93	.98886
24.938	.98933
24.946	.98968
24.953	.98992
24.961	.99006
24.969	.9901
24.976	.99002
24.984	.98985
24.992	.98959
24.999	.98928
25.007	.9889
25.014	.98848
25.022	.98804
25.03	.98758
25.037	.98712
25.045	.98668
25.053	.98625
25.06	.98585
25.068	.98548
25.075	.98516
25.083	.98487
25.091	.98462
25.098	.98442
25.106	.98427
25.114	.98417
25.121	.98412
25.129	.98412
25.136	.98417
25.144	.98429
25.152	.98446
25.159	.98468
25.167	.98495
25.175	.9853
25.182	.98569
25.19	.98612
25.197	.98661
25.205	.98716
25.213	.98775
25.22	.98839
25.228	.98907
25.236	.9898
25.243	.99057
25.251	.99138
25.259	.99222
25.266	.99311
25.274	.99403
25.281	.99497
25.289	.99594
25.297	.99694
25.304	.99794
25.312	.99896
25.32	.99997
25.327	1.0009
25.335	1.0019
25.342	1.0029
25.35	1.0038
25.358	1.0047
25.365	1.0055
25.373	1.0063
25.381	1.0071
25.388	1.0078
25.396	1.0084
25.403	1.0089
25.411	1.0094
25.419	1.0099
25.426	1.0104
25.434	1.0108
25.442	1.0112
25.449	1.0117
25.457	1.0122
25.465	1.0127
25.472	1.0133
25.48	1.014
25.487	1.0147
25.495	1.0156
25.503	1.0164
25.51	1.0174
25.518	1.0184
25.526	1.0194
25.533	1.0204
25.541	1.0214
25.548	1.0223
25.556	1.0232
25.564	1.024
25.571	1.0248
25.579	1.0254
25.587	1.0259
25.594	1.0262
25.602	1.0265
25.609	1.0266
25.617	1.0267
25.625	1.0266
25.632	1.0265
25.64	1.0263
25.648	1.0261
25.655	1.0259
25.663	1.0256
25.67	1.0254
25.678	1.0253
25.686	1.0252
25.693	1.0251
25.701	1.0251
25.709	1.0253
25.716	1.0255
25.724	1.0258
25.732	1.0262
25.739	1.0266
25.747	1.0272
25.754	1.0278
25.762	1.0285
25.77	1.0293
25.777	1.03
25.785	1.0309
25.793	1.0317
25.8	1.0325
25.808	1.0333
25.815	1.0341
25.823	1.0348
25.831	1.0355
25.838	1.0361
25.846	1.0366
25.854	1.0371
25.861	1.0375
25.869	1.0378
25.876	1.038
25.884	1.0381
25.892	1.0382
25.899	1.0382
25.907	1.0382
25.915	1.0381
25.922	1.0381
25.93	1.038
25.937	1.0379
25.945	1.0378
25.953	1.0378
25.96	1.0378
25.968	1.0379
25.976	1.038
25.983	1.0382
25.991	1.0384
25.999	1.0387
26.006	1.039
26.014	1.0395
26.021	1.0399
26.029	1.0404
26.037	1.041
26.044	1.0415
26.052	1.0421
26.06	1.0428
26.067	1.0434
26.075	1.0441
26.082	1.0447
26.09	1.0454
26.098	1.0461
26.105	1.0467
26.113	1.0474
26.121	1.0481
26.128	1.0488
26.136	1.0495
26.143	1.0502
26.151	1.0509
26.159	1.0516
26.166	1.0523
26.174	1.053
26.182	1.0538
26.189	1.0545
26.197	1.0552
26.205	1.0559
26.212	1.0567
26.22	1.0574
26.227	1.058
26.235	1.0587
26.243	1.0593
26.25	1.0599
26.258	1.0604
26.266	1.0609
26.273	1.0613
26.281	1.0616
26.288	1.0619
26.296	1.0621
26.304	1.0622
26.311	1.0623
26.319	1.0623
26.327	1.0623
26.334	1.0622
26.342	1.0621
26.349	1.0619
26.357	1.0618
26.365	1.0616
26.372	1.0614
26.38	1.0612
26.388	1.061
26.395	1.0607
26.403	1.0605
26.41	1.0602
26.418	1.0599
26.426	1.0595
26.433	1.0591
26.441	1.0586
26.449	1.0581
26.456	1.0575
26.464	1.0569
26.472	1.0562
26.479	1.0554
26.487	1.0545
26.494	1.0536
26.502	1.0527
26.51	1.0517
26.517	1.0506
26.525	1.0495
26.533	1.0484
26.54	1.0472
26.548	1.046
26.555	1.0448
26.563	1.0436
26.571	1.0423
26.578	1.041
26.586	1.0396
26.594	1.0382
26.601	1.0367
26.609	1.0352
26.616	1.0336
26.624	1.032
26.632	1.0303
26.639	1.0285
26.647	1.0267
26.655	1.0249
26.662	1.023
26.67	1.021
26.677	1.019
26.685	1.017
26.693	1.015
26.7	1.013
26.708	1.011
26.716	1.009
26.723	1.007
26.731	1.005
26.739	1.003
26.746	1.0011
26.754	.99925
26.761	.99738
26.769	.99552
26.777	.99369
26.784	.99188
26.792	.99008
26.8	.98828
26.807	.9865
26.815	.98471
26.822	.98292
26.83	.98112
26.838	.97932
26.845	.9775
26.853	.97566
26.861	.97382
26.868	.97196
26.876	.97008
26.883	.96818
26.891	.96626
26.899	.96432
26.906	.96235
26.914	.96035
26.922	.95832
26.929	.95627
26.937	.95418
26.944	.95204
26.952	.94988
26.96	.94769
26.967	.94548
26.975	.94325
26.983	.94101
26.99	.93878
26.998	.93655
27.006	.93437
27.013	.93223
27.021	.93014
27.028	.92812
27.036	.92618
27.044	.92433
27.051	.92257
27.059	.9209
27.067	.91932
27.074	.91784
27.082	.91644
27.089	.9151
27.097	.91382
27.105	.91262
27.112	.91145
27.12	.91032
27.128	.90921
27.135	.90812
27.143	.90705
27.15	.90598
27.158	.90492
27.166	.90387
27.173	.90281
27.181	.90175
27.189	.90069
27.196	.89963
27.204	.89855
27.212	.89746
27.219	.89635
27.227	.89522
27.234	.89405
27.242	.89284
27.25	.8916
27.257	.89031
27.265	.88895
27.273	.88754
27.28	.88608
27.288	.88456
27.295	.88297
27.303	.88133
27.311	.87964
27.318	.87792
27.326	.87614
27.334	.87434
27.341	.8725
27.349	.87065
27.356	.86877
27.364	.86686
27.372	.86493
27.379	.86299
27.387	.86102
27.395	.85902
27.402	.857
27.41	.85496
27.417	.85289
27.425	.8508
27.433	.8487
27.44	.84659
27.448	.84448
27.456	.84238
27.463	.84031
27.471	.83827
27.479	.83628
27.486	.83435
27.494	.83251
27.501	.83073
27.509	.82904
27.517	.82745
27.524	.82598
27.532	.8246
27.54	.82332
27.547	.82214
27.555	.8211
27.562	.82014
27.57	.81927
27.578	.81847
27.585	.81778
27.593	.81714
27.601	.81655
27.608	.81599
27.616	.81546
27.623	.81494
27.631	.8144
27.639	.81384
27.646	.81324
27.654	.81259
27.662	.81187
27.669	.8111
27.677	.81025
27.684	.80932
27.692	.80833
27.7	.80727
27.707	.80617
27.715	.805
27.723	.8038
27.73	.80259
27.738	.80135
27.746	.80012
27.753	.79889
27.761	.79767
27.768	.79647
27.776	.79529
27.784	.79413
27.791	.79298
27.799	.79184
27.807	.7907
27.814	.78956
27.822	.78839
27.829	.7872
27.837	.78598
27.845	.78469
27.852	.78335
27.86	.78195
27.868	.78049
27.875	.77894
27.883	.77731
27.89	.77562
27.898	.77387
27.906	.77203
27.913	.77012
27.921	.76816
27.929	.76615
27.936	.76409
27.944	.76198
27.952	.75983
27.959	.75765
27.967	.75544
27.974	.7532
27.982	.75094
27.99	.74867
27.997	.74638
28.005	.74408
28.013	.74178
28.02	.73949
28.028	.7372
28.035	.73493
28.043	.73268
28.051	.73047
28.058	.7283
28.066	.72617
28.074	.7241
28.081	.72209
28.089	.72013
28.096	.71823
28.104	.7164
28.112	.71463
28.119	.71291
28.127	.71125
28.135	.70964
28.142	.70806
28.15	.70652
28.157	.70501
28.165	.70352
28.173	.70204
28.18	.70057
28.188	.69911
28.196	.69764
28.203	.69617
28.211	.69469
28.219	.69321
28.226	.69172
28.234	.69022
28.241	.68871
28.249	.68721
28.257	.6857
28.264	.68419
28.272	.68269
28.28	.68121
28.287	.67973
28.295	.67827
28.302	.67683
28.31	.67541
28.318	.67399
28.325	.6726
28.333	.67121
28.341	.66982
28.348	.66842
28.356	.66702
28.363	.66559
28.371	.66414
28.379	.66267
28.386	.66116
28.394	.6596
28.402	.658
28.409	.65636
28.417	.65469
28.424	.65296
28.432	.6512
28.44	.64941
28.447	.64759
28.455	.64574
28.463	.64387
28.47	.64199
28.478	.6401
28.486	.6382
28.493	.63629
28.501	.63439
28.508	.63249
28.516	.6306
28.524	.62872
28.531	.62685
28.539	.62499
28.547	.62315
28.554	.62132
28.562	.61951
28.569	.61772
28.577	.61595
28.585	.61422
28.592	.61251
28.6	.61083
28.608	.60918
28.615	.60758
28.623	.60602
28.63	.6045
28.638	.60302
28.646	.6016
28.653	.60022
28.661	.59888
28.669	.59758
28.676	.59632
28.684	.5951
28.691	.5939
28.699	.59273
28.707	.59157
28.714	.59042
28.722	.58926
28.73	.5881
28.737	.58692
28.745	.58572
28.753	.58449
28.76	.58323
28.768	.58195
28.775	.58062
28.783	.57926
28.791	.57787
28.798	.57646
28.806	.57503
28.814	.57359
28.821	.57215
28.829	.57071
28.836	.5693
28.844	.56792
28.852	.56657
28.859	.56526
28.867	.564
28.875	.56279
28.882	.56163
28.89	.56051
28.897	.55943
28.905	.55839
28.913	.55735
28.92	.55633
28.928	.55529
28.936	.55424
28.943	.55315
28.951	.55203
28.959	.55086
28.966	.54962
28.974	.54832
28.981	.54697
28.989	.54556
28.997	.54409
29.004	.54257
29.012	.54101
29.02	.53943
29.027	.53783
29.035	.53622
29.042	.53461
29.05	.53302
29.058	.53145
29.065	.52993
29.073	.52845
29.081	.52701
29.088	.52562
29.096	.52429
29.103	.52303
29.111	.52182
29.119	.52066
29.126	.51956
29.134	.51853
29.142	.51755
29.149	.51661
29.157	.51572
29.164	.51489
29.172	.51409
29.18	.51334
29.187	.51263
29.195	.51197
29.203	.51134
29.21	.51075
29.218	.5102
29.226	.50967
29.233	.50918
29.241	.5087
29.248	.50823
29.256	.50777
29.264	.50729
29.271	.5068
29.279	.50628
29.287	.50573
29.294	.50512
29.302	.50446
29.309	.50375
29.317	.50297
29.325	.50211
29.332	.50119
29.34	.50021
29.348	.49918
29.355	.49808
29.363	.49694
29.37	.49577
29.378	.49456
29.386	.49334
29.393	.4921
29.401	.49086
29.409	.48962
29.416	.48838
29.424	.48716
29.431	.48596
29.439	.48477
29.447	.4836
29.454	.48246
29.462	.48135
29.47	.48026
29.477	.47919
29.485	.47817
29.493	.47717
29.5	.47621
29.508	.47527
29.515	.47436
29.523	.47349
29.531	.47263
29.538	.47179
29.546	.47096
29.554	.47014
29.561	.46933
29.569	.46851
29.576	.46769
29.584	.46686
29.592	.46602
29.599	.46517
29.607	.46431
29.615	.46344
29.622	.46258
29.63	.46171
29.637	.46085
29.645	.46
29.653	.45918
29.66	.45838
29.668	.4576
29.676	.45686
29.683	.45615
29.691	.45548
29.698	.45483
29.706	.45422
29.714	.45363
29.721	.45307
29.729	.45253
29.737	.452
29.744	.45148
29.752	.45096
29.76	.45045
29.767	.44994
29.775	.44942
29.782	.4489
29.79	.44838
29.798	.44785
29.805	.44732
29.813	.44678
29.821	.44623
29.828	.44568
29.836	.44512
29.843	.44455
29.851	.44397
29.859	.44337
29.866	.44275
29.874	.44211
29.882	.44143
29.889	.44074
29.897	.44001
29.904	.43924
29.912	.43845
29.92	.43764
29.927	.4368
29.935	.43594
29.943	.43508
29.95	.43421
29.958	.43335
29.966	.4325
29.973	.43168
29.981	.43088
29.988	.43012
29.996	.42939
30.004	.42871
30.011	.42808
30.019	.42748
30.027	.42693
30.034	.42644
30.042	.426
30.049	.4256
30.057	.42524
30.065	.42494
30.072	.42469
30.08	.42448
30.088	.42432
30.095	.42421
30.103	.42415
30.11	.42413
30.118	.42414
30.126	.4242
30.133	.4243
30.141	.42442
30.149	.42456
30.156	.42471
30.164	.42487
30.171	.42502
30.179	.42516
30.187	.42528
30.194	.42538
30.202	.42544
30.21	.42548
30.217	.42548
30.225	.42545
30.233	.42539
30.24	.4253
30.248	.42519
30.255	.42507
30.263	.42494
30.271	.42481
30.278	.42468
30.286	.42456
30.294	.42445
30.301	.42434
30.309	.42424
30.316	.42415
30.324	.42405
30.332	.42395
30.339	.42383
30.347	.4237
30.355	.42353
30.362	.42334
30.37	.42311
30.377	.42286
30.385	.42256
30.393	.42223
30.4	.42187
30.408	.42149
30.416	.42109
30.423	.42069
30.431	.42027
30.438	.41986
30.446	.41945
30.454	.41906
30.461	.41868
30.469	.41832
30.477	.41798
30.484	.41767
30.492	.41739
30.5	.41715
30.507	.41693
30.515	.41677
30.522	.41666
30.53	.41659
30.538	.41657
30.545	.41662
30.553	.41674
30.561	.41692
30.568	.41716
30.576	.41747
30.583	.41784
30.591	.41827
30.599	.41873
30.606	.41923
30.614	.41976
30.622	.4203
30.629	.42084
30.637	.42137
30.644	.42186
30.652	.42231
30.66	.42271
30.667	.42307
30.675	.42334
30.683	.42354
30.69	.42367
30.698	.42373
30.706	.42372
30.713	.42362
30.721	.42347
30.728	.42326
30.736	.42298
30.744	.42265
30.751	.42228
30.759	.42188
30.767	.42143
30.774	.42096
30.782	.42047
30.789	.41996
30.797	.41944
30.805	.41892
30.812	.41839
30.82	.41787
30.828	.41736
30.835	.41686
30.843	.41639
30.85	.41593
30.858	.4155
30.866	.41509
30.873	.41472
30.881	.41437
30.889	.41404
30.896	.41374
30.904	.41346
30.911	.4132
30.919	.41296
30.927	.41274
30.934	.41254
30.942	.41236
30.95	.4122
30.957	.41205
30.965	.41194
30.973	.41186
30.98	.41181
30.988	.41178
30.995	.41181
31.003	.41188
31.011	.41199
31.018	.41213
31.026	.41233
31.034	.41257
31.041	.41284
31.049	.41313
31.056	.41346
31.064	.4138
31.072	.41415
31.079	.4145
31.087	.41486
31.095	.4152
31.102	.41553
31.11	.41584
31.117	.41613
31.125	.4164
31.133	.41665
31.14	.41687
31.148	.41708
31.156	.41726
31.163	.41743
31.171	.41758
31.178	.41773
31.186	.41786
31.194	.41798
31.201	.4181
31.209	.41821
31.217	.41833
31.224	.41845
31.232	.41858
31.24	.41873
31.247	.41888
31.255	.41906
31.262	.41926
31.27	.41948
31.278	.41973
31.285	.42001
31.293	.42032
31.301	.42066
31.308	.42103
31.316	.42142
31.323	.42184
31.331	.42227
31.339	.42271
31.346	.42316
31.354	.42362
31.362	.42406
31.369	.4245
31.377	.42492
31.384	.42531
31.392	.42568
31.4	.42603
31.407	.42635
31.415	.42662
31.423	.42687
31.43	.42708
31.438	.42727
31.445	.42743
31.453	.42756
31.461	.42766
31.468	.42775
31.476	.42783
31.484	.42788
31.491	.42793
31.499	.42797
31.507	.428
31.514	.42802
31.522	.42804
31.529	.42804
31.537	.42804
31.545	.42801
31.552	.42797
31.56	.42791
31.568	.42783
31.575	.42772
31.583	.42757
31.59	.42739
31.598	.42717
31.606	.42691
31.613	.42661
31.621	.42626
31.629	.42588
31.636	.42545
31.644	.42497
31.651	.42447
31.659	.42393
31.667	.42336
31.674	.42276
31.682	.42215
31.69	.42152
31.697	.42089
31.705	.42025
31.713	.41963
31.72	.41902
31.728	.41843
31.735	.41788
31.743	.41736
31.751	.41688
31.758	.41644
31.766	.41605
31.774	.41573
31.781	.41545
31.789	.41522
31.796	.41503
31.804	.4149
31.812	.4148
31.819	.41473
31.827	.41467
31.835	.41462
31.842	.41455
31.85	.41447
31.857	.41436
31.865	.41421
31.873	.414
31.88	.41374
31.888	.41343
31.896	.41304
31.903	.41259
31.911	.41208
31.918	.41153
31.926	.41092
31.934	.41025
31.941	.40955
31.949	.40883
31.957	.40807
31.964	.40728
31.972	.40647
31.98	.40564
31.987	.40479
31.995	.40391
32.002	.403
32.01	.40206
32.018	.40109
32.025	.40007
32.033	.39901
32.041	.39791
32.048	.39675
32.056	.39555
32.063	.39428
32.071	.39297
32.079	.39162
32.086	.39021
32.094	.38875
32.102	.38726
32.109	.38573
32.117	.38417
32.124	.38257
32.132	.38095
32.14	.37932
32.147	.37768
32.155	.37602
32.163	.37435
32.17	.37269
32.178	.37102
32.186	.36934
32.193	.36767
32.201	.366
32.208	.36432
32.216	.36264
32.224	.36095
32.231	.35925
32.239	.35754
32.247	.35581
32.254	.35407
32.262	.35232
32.269	.35055
32.277	.34877
32.285	.34698
32.292	.34518
32.3	.34338
32.308	.34158
32.315	.33979
32.323	.33802
32.33	.33626
32.338	.33453
32.346	.33283
32.353	.33118
32.361	.32956
32.369	.32799
32.376	.32646
32.384	.32498
32.391	.32355
32.399	.32215
32.407	.32078
32.414	.31946
32.422	.31816
32.43	.31688
32.437	.31561
32.445	.31434
32.453	.31307
32.46	.31179
32.468	.3105
32.475	.30918
32.483	.30783
32.491	.30646
32.498	.30505
32.506	.3036
32.514	.30212
32.521	.3006
32.529	.29905
32.536	.29747
32.544	.29586
32.552	.29423
32.559	.29258
32.567	.29092
32.575	.28925
32.582	.28759
32.59	.28592
32.597	.28426
32.605	.28263
32.613	.28101
32.62	.27941
32.628	.27784
32.636	.2763
32.643	.2748
32.651	.27334
32.659	.2719
32.666	.27051
32.674	.26916
32.681	.26785
32.689	.26658
32.697	.26535
32.704	.26416
32.712	.26301
32.72	.2619
32.727	.26082
32.735	.25979
32.742	.25879
32.75	.25782
32.758	.25687
32.765	.25596
32.773	.25507
32.781	.2542
32.788	.25335
32.796	.25252
32.803	.25169
32.811	.25088
32.819	.25007
32.826	.24927
32.834	.24848
32.842	.2477
32.849	.24692
32.857	.24615
32.864	.24541
32.872	.24469
32.88	.24399
32.887	.24332
32.895	.24269
32.903	.24211
32.91	.24158
32.918	.24108
32.926	.24065
32.933	.24027
32.941	.23994
32.948	.23965
32.956	.2394
32.964	.2392
32.971	.23902
32.979	.23886
32.987	.23871
32.994	.23856
33.002	.23841
33.009	.23825
33.017	.23808
33.025	.23789
33.032	.23767
33.04	.23743
33.048	.23717
33.055	.23689
33.063	.23659
33.07	.23628
33.078	.23596
33.086	.23564
33.093	.23531
33.101	.23499
33.109	.23467
33.116	.23436
33.124	.23406
33.131	.23377
33.139	.23349
33.147	.23322
33.154	.23295
33.162	.23269
33.17	.23243
33.177	.23218
33.185	.23191
33.193	.23165
33.2	.23137
33.208	.23109
33.215	.23079
33.223	.23049
33.231	.23017
33.238	.22984
33.246	.2295
33.254	.22915
33.261	.2288
33.269	.22845
33.276	.2281
33.284	.22776
33.292	.22742
33.299	.2271
33.307	.22679
33.315	.22651
33.322	.22624
33.33	.22598
33.337	.22575
33.345	.22553
33.353	.22533
33.36	.22513
33.368	.22495
33.376	.22477
33.383	.22459
33.391	.22441
33.399	.22423
33.406	.22404
33.414	.22385
33.421	.22365
33.429	.22345
33.437	.22324
33.444	.22302
33.452	.2228
33.46	.22258
33.467	.22235
33.475	.22211
33.482	.22188
33.49	.22163
33.498	.22138
33.505	.22112
33.513	.22084
33.521	.22055
33.528	.22025
33.536	.21993
33.543	.21959
33.551	.21924
33.559	.21887
33.566	.21849
33.574	.21808
33.582	.21767
33.589	.21725
33.597	.21682
33.604	.21638
33.612	.21593
33.62	.21548
33.627	.21503
33.635	.21458
33.643	.21412
33.65	.21365
33.658	.21317
33.666	.21269
33.673	.21219
33.681	.21167
33.688	.21114
33.696	.21059
33.704	.21002
33.711	.20942
33.719	.20881
33.727	.20818
33.734	.20752
33.742	.20684
33.749	.20616
33.757	.20546
33.765	.20475
33.772	.20403
33.78	.20332
33.788	.2026
33.795	.2019
33.803	.20122
33.81	.20055
33.818	.1999
33.826	.19929
33.833	.19871
33.841	.19816
33.849	.19765
33.856	.19718
33.864	.19675
33.871	.19636
33.879	.196
33.887	.19567
33.894	.19538
33.902	.19511
33.91	.19485
33.917	.19461
33.925	.19437
33.933	.19413
33.94	.19389
33.948	.19363
33.955	.19336
33.963	.19307
33.971	.19275
33.978	.19241
33.986	.19204
33.994	.19165
34.001	.19123
34.009	.1908
34.016	.19034
34.024	.18987
34.032	.18939
34.039	.1889
34.047	.1884
34.055	.1879
34.062	.18741
34.07	.18692
34.077	.18643
34.085	.18595
34.093	.18548
34.1	.18502
34.108	.18457
34.116	.18413
34.123	.1837
34.131	.18327
34.138	.18285
34.146	.18243
34.154	.18202
34.161	.1816
34.169	.18119
34.177	.18076
34.184	.18034
34.192	.1799
34.2	.17946
34.207	.179
34.215	.17854
34.222	.17806
34.23	.17758
34.238	.17708
34.245	.17659
34.253	.17609
34.261	.17559
34.268	.1751
34.276	.17461
34.283	.17414
34.291	.17368
34.299	.17323
34.306	.1728
34.314	.1724
34.322	.172
34.329	.17163
34.337	.17126
34.344	.17091
34.352	.17057
34.36	.17022
34.367	.16988
34.375	.16953
34.383	.16917
34.39	.1688
34.398	.16841
34.406	.16801
34.413	.16759
34.421	.16716
34.428	.16671
34.436	.16625
34.444	.16578
34.451	.16531
34.459	.16484
34.467	.16437
34.474	.16392
34.482	.16349
34.489	.16307
34.497	.16268
34.505	.16233
34.512	.16202
34.52	.16175
34.528	.16151
34.535	.16131
34.543	.16117
34.55	.16106
34.558	.16098
34.566	.16094
34.573	.16093
34.581	.16094
34.589	.16096
34.596	.161
34.604	.16104
34.611	.16108
34.619	.1611
34.627	.16112
34.634	.16111
34.642	.16108
34.65	.16102
34.657	.16094
34.665	.16082
34.673	.16068
34.68	.16051
34.688	.16032
34.695	.1601
34.703	.15986
34.711	.15959
34.718	.15931
34.726	.15901
34.734	.1587
34.741	.15836
34.749	.15802
34.756	.15766
34.764	.15729
34.772	.15691
34.779	.15651
34.787	.15612
34.795	.15571
34.802	.15531
34.81	.1549
34.817	.1545
34.825	.1541
34.833	.15372
34.84	.15335
34.848	.15299
34.856	.15266
34.863	.15236
34.871	.15208
34.878	.15183
34.886	.15161
34.894	.15143
34.901	.15128
34.909	.15117
34.917	.15108
34.924	.15103
34.932	.15101
34.94	.15102
34.947	.15104
34.955	.15109
34.962	.15115
34.97	.15121
34.978	.15128
34.985	.15135
34.993	.15141
35.001	.15145
35.008	.15148
35.016	.15148
35.023	.15144
35.031	.15138
35.039	.15128
35.046	.15115
35.054	.15097
35.062	.15076
35.069	.15051
35.077	.15024
35.084	.14992
35.092	.14958
35.1	.14922
35.107	.14884
35.115	.14844
35.123	.14803
35.13	.14762
35.138	.1472
35.145	.14678
35.153	.14636
35.161	.14595
35.168	.14554
35.176	.14513
35.184	.14474
35.191	.14435
35.199	.14397
35.207	.14359
35.214	.14323
35.222	.14286
35.229	.1425
35.237	.14213
35.245	.14178
35.252	.14142
35.26	.14106
35.268	.1407
35.275	.14034
35.283	.13999
35.29	.13964
35.298	.13929
35.306	.13894
35.313	.13861
35.321	.13828
35.329	.13795
35.336	.13763
35.344	.13733
35.351	.13703
35.359	.13673
35.367	.13645
35.374	.13616
35.382	.13588
35.39	.1356
35.397	.13532
35.405	.13503
35.413	.13474
35.42	.13444
35.428	.13413
35.435	.13381
35.443	.13348
35.451	.13313
35.458	.13277
35.466	.1324
35.474	.13201
35.481	.13161
35.489	.1312
35.496	.13078
35.504	.13036
35.512	.12993
35.519	.12951
35.527	.1291
35.535	.12869
35.542	.1283
35.55	.12791
35.557	.12755
35.565	.1272
35.573	.12687
35.58	.12656
35.588	.12627
35.596	.126
35.603	.12574
35.611	.1255
35.618	.12526
35.626	.12504
35.634	.12483
35.641	.12462
35.649	.12442
35.657	.12422
35.664	.12402
35.672	.12382
35.68	.12361
35.687	.12341
35.695	.1232
35.702	.12299
35.71	.12278
35.718	.12257
35.725	.12235
35.733	.12213
35.741	.12191
35.748	.12169
35.756	.12146
35.763	.12122
35.771	.12097
35.779	.12072
35.786	.12046
35.794	.12019
35.802	.11991
35.809	.11961
35.817	.11931
35.824	.11899
35.832	.11867
35.84	.11833
35.847	.11799
35.855	.11764
35.863	.11729
35.87	.11693
35.878	.11658
35.885	.11623
35.893	.11588
35.901	.11554
35.908	.11521
35.916	.11488
35.924	.11456
35.931	.11425
35.939	.11394
35.947	.11364
35.954	.11334
35.962	.11304
35.969	.11274
35.977	.11244
35.985	.11212
35.992	.11181
36	.11148
36.008	.11115
36.015	.1108
36.023	.11045
36.03	.1101
36.038	.10974
36.046	.10938
36.053	.10902
36.061	.10867
36.069	.10833
36.076	.108
36.084	.10768
36.091	.10738
36.099	.10709
36.107	.10682
36.114	.10658
36.122	.10634
36.13	.10612
36.137	.10591
36.145	.1057
36.153	.10551
36.16	.10531
36.168	.10512
36.175	.10493
36.183	.10473
36.191	.10452
36.198	.10432
36.206	.10411
36.214	.10389
36.221	.10368
36.229	.10348
36.236	.10327
36.244	.10308
36.252	.1029
36.259	.10274
36.267	.10258
36.275	.10246
36.282	.10235
36.29	.10226
36.297	.10218
36.305	.10213
36.313	.1021
36.32	.10209
36.328	.10209
36.336	.1021
36.343	.10214
36.351	.10218
36.358	.10224
36.366	.10231
36.374	.1024
36.381	.10249
36.389	.10259
36.397	.10269
36.404	.1028
36.412	.10291
36.42	.10302
36.427	.10313
36.435	.10322
36.442	.10331
36.45	.10338
36.458	.10345
36.465	.10349
36.473	.10352
36.481	.10353
36.488	.10352
36.496	.1035
36.503	.10347
36.511	.10343
36.519	.10338
36.526	.10332
36.534	.10327
36.542	.10321
36.549	.10316
36.557	.10311
36.564	.10306
36.572	.10303
36.58	.103
36.587	.10298
36.595	.10297
36.603	.10297
36.61	.10297
36.618	.10298
36.625	.103
36.633	.10303
36.641	.10306
36.648	.10309
36.656	.10313
36.664	.10317
36.671	.10322
36.679	.10327
36.687	.10332
36.694	.10338
36.702	.10343
36.709	.10349
36.717	.10354
36.725	.10359
36.732	.10365
36.74	.1037
36.748	.10375
36.755	.10379
36.763	.10384
36.77	.10388
36.778	.10393
36.786	.10397
36.793	.10402
36.801	.10407
36.809	.10412
36.816	.10418
36.824	.10425
36.831	.10433
36.839	.10441
36.847	.1045
36.854	.1046
36.862	.10471
36.87	.10483
36.877	.10494
36.885	.10506
36.892	.10518
36.9	.1053
36.908	.10541
36.915	.10553
36.923	.10563
36.931	.10573
36.938	.10582
36.946	.10591
36.954	.10599
36.961	.10606
36.969	.10612
36.976	.10618
36.984	.10623
36.992	.10627
36.999	.10631
37.007	.10634
37.015	.10636
37.022	.10638
37.03	.10638
37.037	.10639
37.045	.10638
37.053	.10637
37.06	.10635
37.068	.10633
37.076	.1063
37.083	.10628
37.091	.10626
37.098	.10625
37.106	.10624
37.114	.10625
37.121	.10627
37.129	.10631
37.137	.10636
37.144	.10644
37.152	.10654
37.16	.10665
37.167	.10679
37.175	.10695
37.182	.10713
37.19	.10732
37.198	.10752
37.205	.10773
37.213	.10795
37.221	.10817
37.228	.10838
37.236	.1086
37.243	.1088
37.251	.109
37.259	.10919
37.266	.10937
37.274	.10955
37.282	.10971
37.289	.10988
37.297	.11004
37.304	.1102
37.312	.11036
37.32	.11053
37.327	.1107
37.335	.11087
37.343	.11105
37.35	.11123
37.358	.11141
37.365	.1116
37.373	.11177
37.381	.11194
37.388	.11209
37.396	.11223
37.404	.11235
37.411	.11244
37.419	.11252
37.427	.11258
37.434	.11261
37.442	.11262
37.449	.11261
37.457	.11259
37.465	.11255
37.472	.11251
37.48	.11246
37.488	.11242
37.495	.11238
37.503	.11235
37.51	.11233
37.518	.11233
37.526	.11235
37.533	.1124
37.541	.11246
37.549	.11255
37.556	.11267
37.564	.11282
37.571	.11298
37.579	.11318
37.587	.11339
37.594	.11362
37.602	.11387
37.61	.11413
37.617	.1144
37.625	.11467
37.632	.11494
37.64	.1152
37.648	.11544
37.655	.11566
37.663	.11586
37.671	.11603
37.678	.11617
37.686	.11628
37.694	.11635
37.701	.11639
37.709	.11641
37.716	.11641
37.724	.11638
37.732	.11634
37.739	.11629
37.747	.11624
37.755	.1162
37.762	.11617
37.77	.11616
37.777	.11617
37.785	.1162
37.793	.11626
37.8	.11634
37.808	.11645
37.816	.11658
37.823	.11673
37.831	.1169
37.838	.11708
37.846	.11727
37.854	.11747
37.861	.11767
37.869	.11787
37.877	.11806
37.884	.11825
37.892	.11843
37.899	.1186
37.907	.11875
37.915	.1189
37.922	.11903
37.93	.11914
37.938	.11925
37.945	.11934
37.953	.11942
37.961	.11948
37.968	.11954
37.976	.11958
37.983	.11961
37.991	.11964
37.999	.11966
38.006	.11967
38.014	.11968
38.022	.11969
38.029	.11969
38.037	.1197
38.044	.1197
38.052	.11971
38.06	.11972
38.067	.11974
38.075	.11975
38.083	.11977
38.09	.11979
38.098	.11981
38.105	.11983
38.113	.11984
38.121	.11986
38.128	.11987
38.136	.11988
38.144	.11989
38.151	.11991
38.159	.11992
38.167	.11995
38.174	.11998
38.182	.12003
38.189	.12009
38.197	.12017
38.205	.12028
38.212	.12041
38.22	.12057
38.228	.12075
38.235	.12096
38.243	.12119
38.25	.12145
38.258	.12172
38.266	.12201
38.273	.12231
38.281	.12262
38.289	.12294
38.296	.12326
38.304	.12358
38.311	.1239
38.319	.12421
38.327	.12452
38.334	.12483
38.342	.12514
38.35	.12545
38.357	.12575
38.365	.12606
38.372	.12637
38.38	.12667
38.388	.12698
38.395	.12729
38.403	.12759
38.411	.12789
38.418	.12818
38.426	.12847
38.434	.12873
38.441	.12899
38.449	.12922
38.456	.12943
38.464	.12962
38.472	.12978
38.479	.12991
38.487	.13002
38.495	.1301
38.502	.13016
38.51	.13019
38.517	.13021
38.525	.1302
38.533	.13019
38.54	.13017
38.548	.13014
38.556	.13012
38.563	.1301
38.571	.13009
38.578	.13009
38.586	.13011
38.594	.13016
38.601	.13022
38.609	.13031
38.617	.13042
38.624	.13057
38.632	.13073
38.639	.13093
38.647	.13114
38.655	.13137
38.662	.13163
38.67	.13189
38.678	.13217
38.685	.13245
38.693	.13274
38.701	.13302
38.708	.13329
38.716	.13355
38.723	.1338
38.731	.13403
38.739	.13424
38.746	.13443
38.754	.13459
38.762	.13473
38.769	.13486
38.777	.13497
38.784	.13506
38.792	.13515
38.8	.13522
38.807	.1353
38.815	.13537
38.823	.13544
38.83	.13553
38.838	.13562
38.845	.13572
38.853	.13583
38.861	.13595
38.868	.13608
38.876	.13622
38.884	.13637
38.891	.13652
38.899	.13668
38.907	.13684
38.914	.137
38.922	.13716
38.929	.13732
38.937	.13748
38.945	.13763
38.952	.13778
38.96	.13793
38.968	.13807
38.975	.13821
38.983	.13834
38.99	.13848
38.998	.13861
39.006	.13874
39.013	.13886
39.021	.13899
39.029	.13912
39.036	.13924
39.044	.13937
39.051	.13949
39.059	.13962
39.067	.13974
39.074	.13985
39.082	.13997
39.09	.14007
39.097	.14017
39.105	.14026
39.112	.14034
39.12	.1404
39.128	.14046
39.135	.14051
39.143	.14055
39.151	.14058
39.158	.14061
39.166	.14063
39.174	.14064
39.181	.14066
39.189	.14067
39.196	.14069
39.204	.14071
39.212	.14074
39.219	.14077
39.227	.14081
39.235	.14086
39.242	.14091
39.25	.14097
39.257	.14104
39.265	.14111
39.273	.14118
39.28	.14125
39.288	.14132
39.296	.1414
39.303	.14147
39.311	.14154
39.318	.1416
39.326	.14166
39.334	.14172
39.341	.14177
39.349	.14181
39.357	.14186
39.364	.14189
39.372	.14193
39.379	.14196
39.387	.14199
39.395	.14201
39.402	.14204
39.41	.14206
39.418	.14209
39.425	.14212
39.433	.14215
39.441	.1422
39.448	.14225
39.456	.14232
39.463	.1424
39.471	.1425
39.479	.14262
39.486	.14275
39.494	.14291
39.502	.1431
39.509	.14331
39.517	.14354
39.524	.1438
39.532	.14408
39.54	.14439
39.547	.14472
39.555	.14509
39.563	.14547
39.57	.14589
39.578	.14632
39.585	.14678
39.593	.14726
39.601	.14777
39.608	.14829
39.616	.14883
39.624	.14938
39.631	.14994
39.639	.15051
39.646	.15108
39.654	.15164
39.662	.15218
39.669	.1527
39.677	.15321
39.685	.15367
39.692	.15409
39.7	.15446
39.708	.15479
39.715	.15506
39.723	.15526
39.73	.1554
39.738	.1555
39.746	.15553
39.753	.1555
39.761	.15542
39.769	.1553
39.776	.15515
39.784	.15496
39.791	.15476
39.799	.15454
39.807	.15432
39.814	.15409
39.822	.15388
39.83	.15368
39.837	.15349
39.845	.15332
39.852	.15318
39.86	.15306
39.868	.15297
39.875	.1529
39.883	.15286
39.891	.15284
39.898	.15285
39.906	.15288
39.914	.15294
39.921	.15302
39.929	.15313
39.936	.15325
39.944	.15341
39.952	.1536
39.959	.1538
39.967	.15402
39.975	.15427
39.982	.15453
39.99	.1548
39.997	.15508
40.005	.15537
40.013	.15565
40.02	.15592
40.028	.15618
40.036	.15642
40.043	.15663
40.051	.1568
40.058	.15695
40.066	.15706
40.074	.15712
40.081	.15715
40.089	.15715
40.097	.15711
40.104	.15704
40.112	.15695
40.119	.15684
40.127	.15673
40.135	.15662
40.142	.15652
40.15	.15643
40.158	.15637
40.165	.15634
40.173	.15635
40.181	.15639
40.188	.15648
40.196	.15661
40.203	.15679
40.211	.157
40.219	.15725
40.226	.15753
40.234	.15785
40.242	.15819
40.249	.15854
40.257	.15891
40.264	.15928
40.272	.15966
40.28	.16003
40.287	.16039
40.295	.16075
40.303	.16109
40.31	.16141
40.318	.16172
40.325	.162
40.333	.16226
40.341	.16251
40.348	.16273
40.356	.16293
40.364	.1631
40.371	.16326
40.379	.1634
40.386	.16352
40.394	.16362
40.402	.16371
40.409	.1638
40.417	.16387
40.425	.16395
40.432	.16403
40.44	.16412
40.448	.16421
40.455	.16432
40.463	.16445
40.47	.16459
40.478	.16474
40.486	.16492
40.493	.16512
40.501	.16532
40.509	.16554
40.516	.16577
40.524	.166
40.531	.16623
40.539	.16646
40.547	.16668
40.554	.16688
40.562	.16706
40.57	.16723
40.577	.16737
40.585	.16748
40.592	.16756
40.6	.16761
40.608	.16764
40.615	.16763
40.623	.16758
40.631	.16751
40.638	.16741
40.646	.16728
40.654	.16712
40.661	.16694
40.669	.16675
40.676	.16654
40.684	.16632
40.692	.16609
40.699	.16586
40.707	.16563
40.715	.1654
40.722	.16519
40.73	.16499
40.737	.16481
40.745	.16465
40.753	.16451
40.76	.16439
40.768	.1643
40.776	.16423
40.783	.16419
40.791	.16417
40.798	.16418
40.806	.1642
40.814	.16424
40.821	.16431
40.829	.16438
40.837	.16447
40.844	.16457
40.852	.16468
40.859	.1648
40.867	.16492
40.875	.16504
40.882	.16516
40.89	.16528
40.898	.1654
40.905	.1655
40.913	.1656
40.921	.16568
40.928	.16576
40.936	.16582
40.943	.16586
40.951	.16589
40.959	.16591
40.966	.16591
40.974	.16591
40.982	.1659
40.989	.16588
40.997	.16586
41.004	.16585
41.012	.16583
41.02	.16582
41.027	.16581
41.035	.16581
41.043	.16581
41.05	.16581
41.058	.16582
41.065	.16583
41.073	.16584
41.081	.16584
41.088	.16585
41.096	.16586
41.104	.16586
41.111	.16587
41.119	.16588
41.126	.16589
41.134	.16591
41.142	.16594
41.149	.16599
41.157	.16605
41.165	.16613
41.172	.16624
41.18	.16636
41.188	.16651
41.195	.16669
41.203	.16689
41.21	.16711
41.218	.16735
41.226	.1676
41.233	.16787
41.241	.16814
41.249	.16842
41.256	.1687
41.264	.16898
41.271	.16926
41.279	.16953
41.287	.16979
41.294	.17004
41.302	.17028
41.31	.1705
41.317	.17071
41.325	.1709
41.332	.17107
41.34	.17123
41.348	.17136
41.355	.17148
41.363	.17157
41.371	.17165
41.378	.17171
41.386	.17175
41.394	.17176
41.401	.17176
41.409	.17175
41.416	.17172
41.424	.17168
41.432	.17163
41.439	.17157
41.447	.17152
41.455	.17147
41.462	.17142
41.47	.17139
41.477	.17138
41.485	.17138
41.493	.17143
41.5	.1715
41.508	.17161
41.516	.17175
41.523	.17195
41.531	.17219
41.538	.17247
41.546	.17279
41.554	.17316
41.561	.17355
41.569	.17397
41.577	.17441
41.584	.17486
41.592	.1753
41.599	.17573
41.607	.17614
41.615	.17651
41.622	.17684
41.63	.17712
41.638	.17736
41.645	.17753
41.653	.17763
41.661	.17768
41.668	.17768
41.676	.17762
41.683	.1775
41.691	.17734
41.699	.17716
41.706	.17694
41.714	.1767
41.722	.17646
41.729	.17621
41.737	.17597
41.744	.17574
41.752	.17553
41.76	.17534
41.767	.17517
41.775	.17503
41.783	.17492
41.79	.17484
41.798	.17478
41.805	.17475
41.813	.17475
41.821	.17477
41.828	.17481
41.836	.17487
41.844	.17496
41.851	.17507
41.859	.17521
41.866	.17536
41.874	.17555
41.882	.17576
41.889	.17599
41.897	.17625
41.905	.17654
41.912	.17685
41.92	.17718
41.928	.17753
41.935	.17789
41.943	.17826
41.95	.17863
41.958	.179
41.966	.17935
41.973	.17967
41.981	.17996
41.989	.18022
41.996	.18044
42.004	.1806
42.011	.18072
42.019	.18079
42.027	.18081
42.034	.18077
42.042	.18069
42.05	.18057
42.057	.18041
42.065	.18023
42.072	.18002
42.08	.1798
42.088	.17957
42.095	.17934
42.103	.17912
42.111	.17891
42.118	.17872
42.126	.17854
42.133	.17838
42.141	.17826
42.149	.17815
42.156	.17807
42.164	.17803
42.172	.17802
42.179	.17803
42.187	.17808
42.195	.17816
42.202	.17828
42.21	.17842
42.217	.17859
42.225	.1788
42.233	.17904
42.24	.1793
42.248	.17959
42.256	.17989
42.263	.18022
42.271	.18056
42.278	.18091
42.286	.18127
42.294	.18164
42.301	.18201
42.309	.18237
42.317	.18274
42.324	.18309
42.332	.18344
42.339	.18377
42.347	.18409
42.355	.1844
42.362	.18468
42.37	.18493
42.378	.18516
42.385	.18536
42.393	.18551
42.4	.18563
42.408	.18572
42.416	.18576
42.423	.18574
42.431	.18568
42.439	.18558
42.446	.18544
42.454	.18524
42.462	.18501
42.469	.18474
42.477	.18445
42.484	.18413
42.492	.18378
42.5	.18342
42.507	.18305
42.515	.18267
42.523	.18229
42.53	.18191
42.538	.18153
42.545	.18117
42.553	.18082
42.561	.18049
42.568	.18017
42.576	.17988
42.584	.17961
42.591	.17938
42.599	.17916
42.606	.17898
42.614	.17884
42.622	.17873
42.629	.17865
42.637	.1786
42.645	.17859
42.652	.17861
42.66	.17865
42.668	.17872
42.675	.17881
42.683	.17892
42.69	.17904
42.698	.17917
42.706	.1793
42.713	.17944
42.721	.17957
42.729	.1797
42.736	.17983
42.744	.17995
42.751	.18006
42.759	.18016
42.767	.18026
42.774	.18036
42.782	.18045
42.79	.18053
42.797	.18062
42.805	.1807
42.812	.18078
42.82	.18085
42.828	.18092
42.835	.18099
42.843	.18105
42.851	.18111
42.858	.18116
42.866	.1812
42.873	.18124
42.881	.18127
42.889	.18129
42.896	.18131
42.904	.18133
42.912	.18133
42.919	.18134
42.927	.18134
42.935	.18133
42.942	.18131
42.95	.18129
42.957	.18125
42.965	.18121
42.973	.18115
42.98	.18108
42.988	.18099
42.996	.18089
43.003	.18077
43.011	.18064
43.018	.1805
43.026	.18036
43.034	.1802
43.041	.18004
43.049	.17989
43.057	.17975
43.064	.17962
43.072	.1795
43.079	.17941
43.087	.17933
43.095	.17928
43.102	.17927
43.11	.17927
43.118	.17929
43.125	.17934
43.133	.17941
43.14	.17949
43.148	.17958
43.156	.17967
43.163	.17977
43.171	.17985
43.179	.17993
43.186	.18
43.194	.18004
43.202	.18006
43.209	.18006
43.217	.18004
43.224	.17998
43.232	.1799
43.24	.17979
43.247	.17965
43.255	.17948
43.263	.17927
43.27	.17904
43.278	.17878
43.285	.17849
43.293	.17816
43.301	.1778
43.308	.17741
43.316	.17699
43.324	.17653
43.331	.17604
43.339	.17554
43.346	.175
43.354	.17445
43.362	.17389
43.369	.17331
43.377	.17273
43.385	.17216
43.392	.1716
43.4	.17105
43.408	.17051
43.415	.17
43.423	.16952
43.43	.16906
43.438	.16862
43.446	.1682
43.453	.16781
43.461	.16742
43.469	.16705
43.476	.16668
43.484	.16632
43.491	.16594
43.499	.16555
43.507	.16515
43.514	.16473
43.522	.16428
43.53	.16381
43.537	.16331
43.545	.16279
43.552	.16223
43.56	.16165
43.568	.16104
43.575	.16041
43.583	.15975
43.591	.15908
43.598	.15839
43.606	.15768
43.613	.15695
43.621	.1562
43.629	.15544
43.636	.15466
43.644	.15386
43.652	.15304
43.659	.15221
43.667	.15135
43.675	.15046
43.682	.14954
43.69	.14859
43.697	.14762
43.705	.14661
43.713	.14557
43.72	.1445
43.728	.1434
43.736	.14227
43.743	.14112
43.751	.13994
43.758	.13874
43.766	.13753
43.774	.13631
43.781	.13507
43.789	.13383
43.797	.13259
43.804	.13135
43.812	.13012
43.819	.12888
43.827	.12765
43.835	.12643
43.842	.1252
43.85	.12398
43.858	.12276
43.865	.12154
43.873	.12031
43.88	.11908
43.888	.11783
43.896	.11658
43.903	.11531
43.911	.11402
43.919	.11272
43.926	.11141
43.934	.11008
43.942	.10875
43.949	.10741
43.957	.10606
43.964	.10472
43.972	.10339
43.98	.10206
43.987	.10075
43.995	.099469
44.003	.098212
44.01	.096983
44.018	.095783
44.025	.094618
44.033	.093497
44.041	.092411
44.048	.091357
44.056	.090336
44.064	.089358
44.071	.088406
44.079	.087479
44.086	.086573
44.094	.085692
44.102	.084826
44.109	.083972
44.117	.083128
44.125	.082293
44.132	.081464
44.14	.080641
44.148	.079822
44.155	.079009
44.163	.078204
44.17	.077406
44.178	.076617
44.186	.075839
44.193	.07508
44.201	.074336
44.209	.073609
44.216	.072902
44.224	.072223
44.231	.071568
44.239	.070937
44.247	.070329
44.254	.069753
44.262	.069204
44.27	.068679
44.277	.068177
44.285	.0677
44.292	.067247
44.3	.066812
44.308	.066392
44.315	.065988
44.323	.065599
44.331	.065219
44.338	.064845
44.346	.064477
44.353	.064112
44.361	.063749
44.369	.063385
44.376	.063021
44.384	.062655
44.392	.062287
44.399	.061917
44.407	.061545
44.415	.061172
44.422	.0608
44.43	.060428
44.437	.060058
44.445	.059692
44.453	.05933
44.46	.058973
44.468	.058621
44.476	.058275
44.483	.057936
44.491	.057603
44.498	.057275
44.506	.05695
44.514	.056629
44.521	.056309
44.529	.055989
44.537	.055666
44.544	.055338
44.552	.055002
44.559	.054658
44.567	.054305
44.575	.05394
44.582	.053559
44.59	.053167
44.598	.052763
44.605	.052347
44.613	.051918
44.62	.051481
44.628	.051038
44.636	.050591
44.643	.050143
44.651	.049698
44.659	.049259
44.666	.048826
44.674	.048406
44.682	.048
44.689	.047608
44.697	.04723
44.704	.046871
44.712	.04653
44.72	.046203
44.727	.04589
44.735	.045591
44.743	.045305
44.75	.045026
44.758	.044753
44.765	.044484
44.773	.044214
44.781	.043941
44.788	.043662
44.796	.043376
44.804	.043073
44.811	.042754
44.819	.042417
44.826	.042059
44.834	.041668
44.842	.041242
44.849	.040781
44.857	.040282
44.865	.039729
44.872	.039113
44.88	.03844
44.887	.037706
44.895	.036897
44.903	.035992
44.91	.035009
44.918	.033946
44.926	.032801
44.933	.03154
44.941	.030201
44.949	.028789
44.956	.027307
44.964	.025743
44.971	.024131
44.979	.022486
44.987	.020816
44.994	.019137
45.002	.017473
45.01	.016633
