1.202007400639102608e+00
1.608941335324388933e-01
1.599946442796612855e-01
1.597124584289074944e-01
1.593994207129784957e-01
1.590153405490102034e-01
1.585685123796863050e-01
1.580662064397697908e-01
1.575121730625133609e-01
1.569081548830615069e-01
1.562550264849379700e-01
1.555534079260491032e-01
1.548039581640925089e-01
1.540074982693645234e-01
1.531650491956877413e-01
1.522778289853429223e-01
1.513472323982944234e-01
1.503748043837467019e-01
1.493622128196891718e-01
1.483112229056093301e-01
1.472236740925941811e-01
1.461014597258659953e-01
1.449465092651719966e-01
1.437607728346800562e-01
1.425462078318158188e-01
1.413047673412735072e-01
1.400383901307426238e-01
1.387489920369487373e-01
1.374384585796146196e-01
1.361086386652721469e-01
1.347613392626859363e-01
1.333983209473515730e-01
1.320212942251161314e-01
1.306319165549314765e-01
1.292317899988953411e-01
1.278224594344161691e-01
1.264054112690457254e-01
1.249820726034391455e-01
1.235538107922975332e-01
1.221219333571294530e-01
1.206876882083517954e-01
1.192522641376367598e-01
1.178167915446932251e-01
1.163823433656546030e-01
1.149499361731265573e-01
1.135205314207016203e-01
1.120950368072309161e-01
1.106743077386252438e-01
1.092591488671415118e-01
1.078503156902735072e-01
1.064485161932734458e-01
1.050544125211774205e-01
1.036686226678550510e-01
1.022917221711633212e-01
1.009242458046636370e-01
9.956668925766204437e-02
9.821951079649125782e-02
9.688313290100321329e-02
9.555794387117921840e-02
9.424429939964953928e-02
9.294252410661872632e-02
9.165291303444149384e-02
9.037573309961896562e-02
8.911122450058543698e-02
8.785960208007670413e-02
8.662105664129136906e-02
8.539575621742537259e-02
8.418384729445500814e-02
8.298545598730569517e-02
8.180068916979432725e-02
8.062963555888300049e-02
7.947236675400155825e-02
7.832893823227077279e-02
7.719939030061676033e-02
7.608374900582388911e-02
7.498202700366464468e-02
7.389422438828996409e-02
7.282032948310222797e-02
7.176031959436034169e-02
7.071416172879466111e-02
6.968181327649536350e-02
6.866322266035421173e-02
6.765832995332766997e-02
6.666706746477274459e-02
6.568936029708662139e-02
6.472512687387155239e-02
6.377427944080277245e-02
6.283672454036885735e-02
6.191236346159859072e-02
6.100109266588966267e-02
6.010280418998465574e-02
5.921738602714488042e-02
5.834472248749018874e-02
5.748469453849600064e-02
5.663718012655261091e-02
5.580205448048673050e-02
5.497919039789973122e-02
5.416845851515413035e-02
5.336972756178631067e-02
5.258286460011793451e-02
5.180773525078070929e-02
5.104420390486195253e-02
5.029213392332694543e-02
4.955138782436030453e-02
4.882182745923689671e-02
4.810331417729860753e-02
4.739570898059654314e-02
4.669887266872795040e-02
4.601266597437089073e-02
4.533694969000427732e-02
4.467158478626698237e-02
4.401643252239794551e-02
4.337135454917171590e-02
4.273621300473231382e-02
4.211087060369261142e-02
4.149519071987452928e-02
4.088903746301820324e-02
4.029227574979507565e-02
3.970477136942902885e-02
3.912639104422822173e-02
3.855700248529646962e-02
3.799647444369950999e-02
3.744467675733656464e-02
3.690148039375538980e-02
3.636675748913962419e-02
3.584038138368948051e-02
3.532222665359609909e-02
3.481216913980498401e-02
3.431008597376206809e-02
3.381585560030477694e-02
3.332935779788032821e-02
3.285047369623656649e-02
3.237908579174297169e-02
3.191507796048485140e-02
3.145833546925876772e-02
3.100874498460776119e-02
3.056619458000743236e-02
3.013057374132535257e-02
2.970177337066023243e-02
2.927968578866348148e-02
2.886420473544317952e-02
2.845522537013825057e-02
2.805264426926069171e-02
2.765635942387513480e-02
2.726627023570793798e-02
2.688227751224999199e-02
2.650428346093032170e-02
2.613219168242360280e-02
2.576590716315385263e-02
2.540533626705951398e-02
2.505038672666960384e-02
2.470096763354624747e-02
2.435698942814720075e-02
2.401836388915108700e-02
2.368500412229103749e-02
2.335682454874546746e-02
2.303374089311438153e-02
2.271567017102885111e-02
2.240253067642507603e-02
2.209424196851614633e-02
2.179072485849512658e-02
2.149190139599625737e-02
2.119769485534565498e-02
2.090802972162474765e-02
2.062283167657335062e-02
2.034202758435514971e-02
2.006554547720485956e-02
1.979331454098430879e-02
1.952526510065723600e-02
1.926132860570976477e-02
1.900143761552764224e-02
1.874552578474913272e-02
1.849352784860697554e-02
1.824537960827282007e-02
1.800101791622038538e-02
1.776038066161395729e-02
1.752340675573914666e-02
1.729003611748214722e-02
1.706020965886990981e-02
1.683386927067847399e-02
1.661095780811989997e-02
1.639141907661277944e-02
1.617519781764677547e-02
1.596223969474490356e-02
1.575249127953215131e-02
1.554590003791401533e-02
1.534241431637083271e-02
1.514198332837386404e-02
1.494455714092565723e-02
1.475008666122867504e-02
1.455852362348785366e-02
1.436982057584687035e-02
1.418393086746467385e-02
1.400080863573136859e-02
1.382040879362852331e-02
1.364268701723418339e-02
1.346759973337425219e-02
1.329510410742324074e-02
1.312515803125367982e-02
1.295772011133677210e-02
1.279274965699435558e-02
1.263020666880221472e-02
1.247005182714699262e-02
1.231224648093479264e-02
1.215675263645367953e-02
1.200353294638853603e-02
1.185255069898801666e-02
1.170376980738543730e-02
1.155715479907010006e-02
1.141267080551166060e-02
1.127028355193348402e-02
1.112995934723837003e-02
1.099166507408174190e-02
1.085536817909441704e-02
1.072103666325264354e-02
1.058863907239448489e-02
1.045814448788179134e-02
1.032952251740607529e-02
1.020274328593767307e-02
1.007777742681670134e-02
9.954596072984491298e-03
9.833170848353639526e-03
9.713473859316286776e-03
9.595477686388577745e-03
9.479155375989983465e-03
9.364480432355441059e-03
9.251426809580213725e-03
9.139968903794513239e-03
9.030081545467211895e-03
8.921739991836215300e-03
8.814919919465478634e-03
8.709597416924999211e-03
8.605748977593832144e-03
8.503351492584444726e-03
8.402382243785559354e-03
8.302818897022877856e-03
8.204639495336169333e-03
8.107822452370419541e-03
8.012346545880455473e-03
7.918190911345743960e-03
7.825335035696261154e-03
7.733758751144997196e-03
7.643442229127940871e-03
7.554365974348580502e-03
7.466510818925690268e-03
7.379857916642554479e-03
7.294388737297395620e-03
7.210085061151453451e-03
7.126928973474604134e-03
7.044902859186232165e-03
6.963989397591121774e-03
6.884171557206767399e-03
6.805432590682925463e-03
6.727756029809675228e-03
6.651125680614961011e-03
6.575525618547782905e-03
6.500940183747645762e-03
6.427353976397262754e-03
6.354751852158385152e-03
6.283118917688582973e-03
6.212440526237567907e-03
6.142702273322944023e-03
6.073889992482022632e-03
6.005989751100337948e-03
5.938987846314353405e-03
5.872870800987642186e-03
5.807625359759124688e-03
5.743238485161964758e-03
5.679697353812586044e-03
5.616989352667133527e-03
5.555102075346398521e-03
5.494023318525624935e-03
5.433741078389995628e-03
5.374243547153591434e-03
5.315519109640938142e-03
5.257556339930166515e-03
5.200343998056743654e-03
5.143871026776367095e-03
5.088126548386210680e-03
5.033099861603910694e-03
4.978780438501999826e-03
4.925157921498572212e-03
4.872222120401205336e-03
4.819963009505342719e-03
4.768370724743920333e-03
4.717435560889263711e-03
4.667147968804976309e-03
4.617498552747582342e-03
4.568478067716878060e-03
4.520077416854037348e-03
4.472287648886649411e-03
4.425099955619822036e-03
4.378505669472818745e-03
4.332496261059529813e-03
4.287063336813203007e-03
4.242198636653721905e-03
4.197894031696572208e-03
4.154141522003980055e-03
4.110933234375611575e-03
4.068261420179785162e-03
4.026118453223217174e-03
3.984496827659412925e-03
3.943389155934609244e-03
3.902788166770728220e-03
3.862686703184493864e-03
3.823077720542094552e-03
3.783954284649109368e-03
3.745309569874287568e-03
3.707136857307448321e-03
3.669429532950040963e-03
3.632181085938560906e-03
3.595385106799429964e-03
3.559035285735305965e-03
3.523125410942201056e-03
3.487649366956333159e-03
3.452601133031153388e-03
3.417974781542782153e-03
3.383764476424247752e-03
3.349964471627670925e-03
3.316569109613773034e-03
3.283572819868499706e-03
3.250970117445785464e-03
3.218755601536699151e-03
3.186923954063514749e-03
3.155469938299435700e-03
3.124388397512186007e-03
3.093674253632156760e-03
3.063322505944070760e-03
3.033328229801816097e-03
3.003686575365835908e-03
2.974392766363583452e-03
2.945442098870953030e-03
2.916829940115976943e-03
2.888551727303349977e-03
2.860602966459994782e-03
2.832979231300340218e-03
2.805676162112491837e-03
2.778689464663234958e-03
2.752014909122869109e-03
2.725648329008569307e-03
2.699585620146483650e-03
2.673822739652087586e-03
2.648355704928253163e-03
2.623180592681088798e-03
2.598293537952755909e-03
2.573690733171453675e-03
2.549368427217945689e-03
2.525322924508111109e-03
2.501550584091957047e-03
2.478047818768048735e-03
2.454811094213206566e-03
2.431836928127876791e-03
2.409121889395827564e-03
2.386662597258613992e-03
2.364455720504483882e-03
2.342497976671190345e-03
2.320786131262649651e-03
2.299316996979149878e-03
2.278087432960991966e-03
2.257094344044764753e-03
2.236334680033068897e-03
2.215805434976285404e-03
2.195503646467013292e-03
2.175426394946498952e-03
2.155570803023049847e-03
2.135934034802030104e-03
2.116513295227568509e-03
2.097305829435269862e-03
2.078308922116235864e-03
2.059519896891614035e-03
2.040936115698334299e-03
2.022554978184942960e-03
2.004373921117693236e-03
1.986390417796950452e-03
1.968601977483544572e-03
1.951006144834562450e-03
1.933600499349034723e-03
1.916382654822862712e-03
1.899350258812957997e-03
1.882500992110426857e-03
1.865832568222871744e-03
1.849342732864981938e-03
1.833029263458285478e-03
1.816889968638767637e-03
1.800922687773094709e-03
1.785125290482979720e-03
1.769495676177286307e-03
1.754031773592168051e-03
1.738731540338879630e-03
1.723592962459170441e-03
1.708614053987887738e-03
1.693792856523220576e-03
1.679127438803909751e-03
1.664615896293398156e-03
1.650256350771081570e-03
1.636046949930373019e-03
1.621985866983159793e-03
1.608071300271115027e-03
1.594301472883307823e-03
1.580674632280120850e-03
1.567189049923379098e-03
1.553843020912698287e-03
1.540634863627610976e-03
1.527562919375758136e-03
1.514625552046821363e-03
1.501821147772118082e-03
1.489148114589649002e-03
1.476604882114959053e-03
1.464189901217064372e-03
1.451901643699760177e-03
1.439738601988238206e-03
1.427699288820725304e-03
1.415782236945107176e-03
1.403985998820550963e-03
1.392309146323939505e-03
1.380750270461103850e-03
1.369307981082713713e-03
1.357980906604717248e-03
1.346767693733365474e-03
1.335667007194705786e-03
1.324677529468279349e-03
1.313797960525291695e-03
1.303027017570952727e-03
1.292363434790796831e-03
1.281805963101297725e-03
1.271353369904357168e-03
1.261004438845725849e-03
1.250757969577321769e-03
1.240612777523354606e-03
1.230567693650079118e-03
1.220621564239398552e-03
1.210773250665881122e-03
1.201021629177427205e-03
1.191365590679432235e-03
1.181804040522239051e-03
1.172335898292160318e-03
1.162960097605629951e-03
1.153675585906665906e-03
1.144481324267558695e-03
1.135376287192652479e-03
1.126359462425259063e-03
1.117429850757562133e-03
1.108586465843521907e-03
1.099828334014720790e-03
1.091154494099086511e-03
1.082563997242493806e-03
1.074055906733036069e-03
1.065629297828154512e-03
1.057283257584402383e-03
1.049016884689898434e-03
1.040829289299374230e-03
1.032719592871683472e-03
1.024686928010005342e-03
1.016730438304398829e-03
1.008849278176825789e-03
1.001042612728549703e-03
9.933096175899480944e-04
9.856494787725588250e-04
9.780613925234351008e-04
9.705445651817916092e-04
9.630982130377554193e-04
9.557215621933538071e-04
9.484138484256097708e-04
9.411743170517073960e-04
9.340022227962746677e-04
9.268968296605944275e-04
9.198574107939412343e-04
9.128832483667380588e-04
9.059736334457445554e-04
8.991278658710924899e-04
8.923452541351451200e-04
8.856251152633173558e-04
8.789667746965612550e-04
8.723695661756971547e-04
8.658328316274758411e-04
8.593559210523367365e-04
8.529381924139411422e-04
8.465790115302053659e-04
8.402777519661145441e-04
8.340337949280865470e-04
8.278465291599191450e-04
8.217153508402893179e-04
8.156396634817741345e-04
8.096188778314191131e-04
8.036524117727441262e-04
7.977396902292436609e-04
7.918801450692371279e-04
7.860732150122875768e-04
7.803183455368115171e-04
7.746149887892467365e-04
7.689626034944266201e-04
7.633606548673102640e-04
7.578086145260882252e-04
7.523059604064382842e-04
7.468521766771661673e-04
7.414467536569757915e-04
7.360891877325910753e-04
7.307789812779525189e-04
7.255156425746283081e-04
7.202986857334310513e-04
