1.202007400644778512e+00
2.219038590307883252e-01
2.209266913889018080e-01
2.201124762144233971e-01
2.190802011205533195e-01
2.177980212863810383e-01
2.162872811685913332e-01
2.145758910538529407e-01
2.126901494301963458e-01
2.106538495993798554e-01
2.084885670566439253e-01
2.062139748694293007e-01
2.038480399405775412e-01
2.014071315504032678e-01
1.989060861096748345e-01
1.963582581177960029e-01
1.937755739560142743e-01
1.911685959738522178e-01
1.885465986925816961e-01
1.859176557854498590e-01
1.832887349564767121e-01
1.806657973284927499e-01
1.780538980519617287e-01
1.754572852771162650e-01
1.728794952075304314e-01
1.703234415559588821e-01
1.677914982847628633e-01
1.652855749980119138e-01
1.628071847468400835e-01
1.603575043141383660e-01
1.579374272668942758e-01
1.555476102160343876e-01
1.531885128173794131e-01
1.508604320955499734e-01
1.485635316866297795e-01
1.462978665844630599e-01
1.440634039476646477e-01
1.418600404857406350e-01
1.396876168979601374e-01
1.375459297914089218e-01
1.354347414573257580e-01
1.333537878392550557e-01
1.313027849837818117e-01
1.292814342252677218e-01
1.272894263204645826e-01
1.253264447171180129e-01
1.233921681126751574e-01
1.214862724346697093e-01
1.196084323531319132e-01
1.177583224170427045e-01
1.159356178911705310e-01
1.141399953563242559e-01
1.123711331247329720e-01
1.106287115127850967e-01
1.089124130053661793e-01
1.072219223394157844e-01
1.055569265287681635e-01
1.039171148478045814e-01
1.023021787876727262e-01
1.007118119957578911e-01
9.914571020658637102e-02
9.760357117030254992e-02
9.608509458325045771e-02
9.458998202385464349e-02
9.311793689598574231e-02
9.166866438117379778e-02
9.024187140040433597e-02
8.883726658574379875e-02
8.745456026169125263e-02
8.609346443587233277e-02
8.475369279852068560e-02
8.343496073003964231e-02
8.213698531589402885e-02
8.085948536799818231e-02
7.960218145179143168e-02
7.836479591817489820e-02
7.714705293952894838e-02
7.594867854904790994e-02
7.476940068268764228e-02
7.360894922307417709e-02
7.246705604475413287e-02
7.134345506024615535e-02
7.023788226638756627e-02
6.915007579053318587e-02
6.807977593621547530e-02
6.702672522790202592e-02
6.599066845456889874e-02
6.497135271180655425e-02
6.396852744226348697e-02
6.298194447421065489e-02
6.201135805810372575e-02
6.105652490099566787e-02
6.011720419872178256e-02
5.919315766577638166e-02
5.828414956283491100e-02
5.738994672188914292e-02
5.651031856898397487e-02
5.564503714455745070e-02
5.479387712140150468e-02
5.395661582026511915e-02
5.313303322314189697e-02
5.232291198428701967e-02
5.152603743900905503e-02
5.074219761030875075e-02
4.997118321341045832e-02
4.921278765827101498e-02
4.846680705012411383e-02
4.773304018813866872e-02
4.701128856226701597e-02
4.630135634835165492e-02
4.560305040157733303e-02
4.491618024833534534e-02
4.424055807658125450e-02
4.357599872476287939e-02
4.292231966938842708e-02
4.227934101131335110e-02
4.164688546081474901e-02
4.102477832152697651e-02
4.041284747330529947e-02
3.981092335408423916e-02
3.921883894080110261e-02
3.863642972944011933e-02
3.806353371426609428e-02
3.749999136630093738e-02
3.694564561110583872e-02
3.640034180591898011e-02
3.586392771620466879e-02
3.533625349166418655e-02
3.481717164175782836e-02
3.430653701078283796e-02
3.380420675255424445e-02
3.331004030473128097e-02
3.282389936282617549e-02
3.234564785394163089e-02
3.187515191026536049e-02
3.141227984236585891e-02
3.095690211231292080e-02
3.050889130666649407e-02
3.006812210935203358e-02
2.963447127445956175e-02
2.920781759898914004e-02
2.878804189557072554e-02
2.837502696518007933e-02
2.796865756987546373e-02
2.756882040557506394e-02
2.717540407489760224e-02
2.678829906008168421e-02
2.640739769600326109e-02
2.603259414330999846e-02
2.566378436168396254e-02
2.530086608325097727e-02
2.494373878614632861e-02
2.459230366825427075e-02
2.424646362112746131e-02
2.390612320410307606e-02
2.357118861861953393e-02
2.324156768274951088e-02
2.291716980595116804e-02
2.259790596405083368e-02
2.228368867446294324e-02
2.197443197164947876e-02
2.167005138283229979e-02
2.137046390395815065e-02
2.107558797592084740e-02
2.078534346105150726e-02
2.049965161987099202e-02
2.021843508811621212e-02
1.994161785403798445e-02
1.966912523597625501e-02
1.940088386021212100e-02
1.913682163909976447e-02
1.887686774948071217e-02
1.862095261137863486e-02
1.836900786697789195e-02
1.812096635988506843e-02
1.787676211467436813e-02
1.763633031671681464e-02
1.739960729229095629e-02
1.716653048897846812e-02
1.693703845633917626e-02
1.671107082686927245e-02
1.648856829723699402e-02
1.626947260979844795e-02
1.605372653438951608e-02
1.584127385039333855e-02
1.563205932908060675e-02
1.542602871622311342e-02
1.522312871497487168e-02
1.502330696902266088e-02
1.482651204600019326e-02
1.463269342116666101e-02
1.444180146134461246e-02
1.425378740911700283e-02
1.406860336727886081e-02
1.388620228354241724e-02
1.370653793549227520e-02
1.352956491578864197e-02
1.335523861761365658e-02
1.318351522036230461e-02
1.301435167556943759e-02
1.284770569307567764e-02
1.268353572742491470e-02
1.252180096449277517e-02
1.236246130834230995e-02
1.220547736830494313e-02
1.205081044628138198e-02
1.189842252426251933e-02
1.174827625206557695e-02
1.160033493528186965e-02
1.145456252343501902e-02
1.131092359834604162e-02
1.116938336270107031e-02
1.102990762882011602e-02
1.089246280762412762e-02
1.075701589779565030e-02
1.062353447513280334e-02
1.049198668209024368e-02
1.036234121750794282e-02
1.023456732652199518e-02
1.010863479065648475e-02
9.984513918091757548e-03
9.862175534107998215e-03
9.741590971701264215e-03
9.622732062366665812e-03
9.505571127050511590e-03
9.390080967263392947e-03
9.276234856356200750e-03
9.164006530953413762e-03
9.053370182542430644e-03
8.944300449215888960e-03
8.836772407564322251e-03
8.730761564716627704e-03
8.626243850526720686e-03
8.523195609902193756e-03
8.421593595274241145e-03
8.321414959204860573e-03
8.222637247130690566e-03
8.125238390239607894e-03
8.029196698478704292e-03
7.934490853690143522e-03
7.841099902875124303e-03
7.749003251580094398e-03
7.658180657406956672e-03
7.568612223641699513e-03
7.480278393001558307e-03
7.393159941497868225e-03
7.307237972411648880e-03
7.222493910382173261e-03
7.138909495603444275e-03
7.056466778130081156e-03
6.975148112286874702e-03
6.894936151183649747e-03
6.815813841331083353e-03
6.737764417356842048e-03
6.660771396819709263e-03
6.584818575120060177e-03
6.509890020505107976e-03
6.435970069166917912e-03
6.363043320431422366e-03
6.291094632036971918e-03
6.220109115500808278e-03
6.150072131571699199e-03
6.080969285767198404e-03
6.012786423993442785e-03
5.945509628247240552e-03
5.879125212397704262e-03
5.813619718046053944e-03
5.748979910463007485e-03
5.685192774601574225e-03
5.622245511183597728e-03
5.560125532859705108e-03
5.498820460440096390e-03
5.438318119196015182e-03
5.378606535229136371e-03
5.319673931909352227e-03
5.261508726378122391e-03
5.204099526116766697e-03
5.147435125579006079e-03
5.091504502885421841e-03
5.036296816579620764e-03
4.981801402444452874e-03
4.928007770377241040e-03
4.874905601323207063e-03
4.822484744265200830e-03
4.770735213269800164e-03
4.719647184587674564e-03
4.669210993807868491e-03
4.619417133064534879e-03
4.570256248295415449e-03
4.521719136551172712e-03
4.473796743353943874e-03
4.426480160105376871e-03
4.379760621541737252e-03
4.333629503236431993e-03
4.288078319148636193e-03
4.243098719216708593e-03
4.198682486996218981e-03
4.154821537341245666e-03
4.111507914128508488e-03
4.068733788023249677e-03
4.026491454286046379e-03
3.984773330620080406e-03
3.943571955057666514e-03
3.902879983885810221e-03
3.862690189609383970e-03
3.822995458952086010e-03
3.783788790893433378e-03
3.745063294742100816e-03
3.706812188244121113e-03
3.669028795725730926e-03
3.631706546270321249e-03
3.594838971928095237e-03
3.558419705958922562e-03
3.522442481106559300e-03
3.486901127904956307e-03
3.451789573014747876e-03
3.417101837589991368e-03
3.382832035675010368e-03
3.348974372629728510e-03
3.315523143583901620e-03
3.282472731919073346e-03
3.249817607778204831e-03
3.217552326601898129e-03
3.185671527691473579e-03
3.154169932797479953e-03
3.123042344734063263e-03
3.092283646017960838e-03
3.061888797532179209e-03
3.031852837213465466e-03
3.002170878763655345e-03
2.972838110383659461e-03
2.943849793530744271e-03
2.915201261697406010e-03
2.886887919212634702e-03
2.858905240064206054e-03
2.831248766742260146e-03
2.803914109103289136e-03
2.776896943254515780e-03
2.750193010458025673e-03
2.723798116054516622e-03
2.697708128405912689e-03
2.671918977857076251e-03
2.646426655715523012e-03
2.621227213249754506e-03
2.596316760704621678e-03
2.571691466334686225e-03
2.547347555454359744e-03
2.523281309504771686e-03
2.499489065137253802e-03
2.475967213312765380e-03
2.452712198417235888e-03
2.429720517392531393e-03
2.406988718882481417e-03
2.384513402394004833e-03
2.362291217472851229e-03
2.340318862893845005e-03
2.318593085865206741e-03
2.297110681246677336e-03
2.275868490781554187e-03
2.254863402341626775e-03
2.234092349185843891e-03
2.213552309231254893e-03
2.193240304337127061e-03
2.173153399601014321e-03
2.153288702667465176e-03
2.133643363048278244e-03
2.114214571454720026e-03
2.094999559141315880e-03
2.075995597260754059e-03
2.057199996230172582e-03
2.038610105107921660e-03
2.020223310981545881e-03
2.002037038365873326e-03
1.984048748611625355e-03
1.966255939324187095e-03
1.948656143791906766e-03
1.931246930424875127e-03
1.914025902202610551e-03
1.896990696131503661e-03
1.880138982711475728e-03
1.863468465411650911e-03
1.846976880154776492e-03
1.830661994810792691e-03
1.814521608698513614e-03
1.798553552096157897e-03
1.782755685759751952e-03
1.767125900450132242e-03
1.751662116467410553e-03
1.736362283193674649e-03
1.721224378643227597e-03
1.706246409020372064e-03
1.691426408284664321e-03
1.676762437723390564e-03
1.662252585531328632e-03
1.647894966397409153e-03
1.633687721098252494e-03
1.619629016098688389e-03
1.605717043158757162e-03
1.591950018947242609e-03
1.578326184661762131e-03
1.564843805655022737e-03
1.551501171067410289e-03
1.538296593465515207e-03
1.525228408486727734e-03
1.512294974489809124e-03
1.499494672210875592e-03
1.486825904425538364e-03
1.474287095616185232e-03
1.461876691644975424e-03
1.449593159432117353e-03
1.437434986639408215e-03
1.425400681359013108e-03
1.413488771807323201e-03
1.401697806023775210e-03
1.390026351574578847e-03
1.378472995261375211e-03
1.367036342834514326e-03
1.355715018711076483e-03
1.344507665697436839e-03
1.333412944716315775e-03
1.322429534538332617e-03
1.311556131517761922e-03
1.300791449332697278e-03
1.290134218729323788e-03
1.279583187270363865e-03
1.269137119087486226e-03
1.258794794637881033e-03
1.248555010464473623e-03
1.238416578960199223e-03
1.228378328136018596e-03
1.218439101392538009e-03
1.208597757295408947e-03
1.198853169354212669e-03
1.189204225804925668e-03
1.179649829395828121e-03
1.170188897176840589e-03
1.160820360292128504e-03
1.151543163776087841e-03
1.142356266352545675e-03
1.133258640237070009e-03
1.124249270942466071e-03
1.115327157087297972e-03
1.106491310207519205e-03
1.097740754570915994e-03
1.089074526994594002e-03
1.080491676665295024e-03
1.071991264962509401e-03
1.063572365284352721e-03
1.055234062876209827e-03
1.046975454662044678e-03
1.038795649078240717e-03
1.030693765910229613e-03
1.022668936131468148e-03
1.014720301745002237e-03
1.006847015627549335e-03
9.990482413757995495e-04
9.913231531553626415e-04
9.836709355518498225e-04
9.760907834243076186e-04
9.685819017609688907e-04
9.611435055371308437e-04
9.537748195752891517e-04
9.464750784074262837e-04
9.392435261393385646e-04
9.320794163171188451e-04
9.249820117956461399e-04
9.179505846090743170e-04
9.109844158433477029e-04
9.040827955106053686e-04
8.972450224255394723e-04
8.904704040835641123e-04
8.837582565409358515e-04
8.771079042966144950e-04
8.705186801759499894e-04
8.639899252161120690e-04
8.575209885532648164e-04
8.511112273113983183e-04
8.447600064929447006e-04
8.384666988708774612e-04
8.322306848826155649e-04
8.260513525253466516e-04
8.199280972530734743e-04
8.138603218750507188e-04
8.078474364558835795e-04
8.018888582170497848e-04
7.959840114398424689e-04
7.901323273698862212e-04
7.843332441229193758e-04
7.785862065921244322e-04
7.728906663567377275e-04
7.672460815920212991e-04
7.616519169806055048e-04
7.561076436251526348e-04
7.506127389622238794e-04
7.451666866775225832e-04
7.397689766223121237e-04
7.344191047310802975e-04
7.291165729404465272e-04
7.238608891092285138e-04
7.186515669396570600e-04
