1.202007400699742545e+00
1.707313045768532322e-01
1.706558296862572266e-01
1.703452683743733320e-01
1.699003064467944912e-01
1.693875639211631923e-01
1.688241407548163597e-01
1.682121997653214240e-01
1.675503240598790744e-01
1.668367961828308710e-01
1.660704440007341465e-01
1.652507744543138257e-01
1.643779136212967784e-01
1.634525070472900021e-01
1.624756234627080242e-01
1.614486717455447529e-01
1.603733315164091455e-01
1.592514954649267844e-01
1.580852212883161745e-01
1.568766914215246333e-01
1.556281791035533379e-01
1.543420196414375944e-01
1.530205859840948479e-01
1.516662679106403067e-01
1.502814542838992462e-01
1.488685179303930461e-01
1.474298027919629384e-01
1.459676130578376196e-01
1.444842040345766521e-01
1.429817745486403890e-01
1.414624607053159289e-01
1.399283308504156165e-01
1.383813815993344964e-01
1.368235348127754825e-01
1.352566354106831681e-01
1.336824499263304933e-01
1.321026657115423886e-01
1.305188907120131969e-01
1.289326537389076099e-01
1.273454051695102895e-01
1.257585180157846927e-01
1.241732893053260345e-01
1.225909417245009264e-01
1.210126254784479050e-01
1.194394203272443750e-01
1.178723377618105250e-01
1.163123232871114826e-01
1.147602587839240129e-01
1.132169649238277259e-01
1.116832036152464597e-01
1.101596804612186842e-01
1.086470472122128272e-01
1.071459041996950801e-01
1.056568027382878971e-01
1.041802474863322836e-01
1.027166987563756378e-01
1.012665747686763568e-01
9.983025384218871534e-02
9.840807651871044670e-02
9.700034761693723806e-02
9.560733821411562805e-02
9.422928755378326415e-02
9.286640487881051009e-02
9.151887118952235778e-02
9.018684092723462664e-02
8.887044358394469157e-02
8.756978523928535263e-02
8.628495002613538467e-02
8.501600152656971221e-02
8.376298409995734662e-02
8.252592414522447184e-02
8.130483129938634312e-02
8.009969957454364520e-02
7.891050843557476102e-02
7.773722382083007865e-02
7.657979910808432322e-02
7.543817602804535338e-02
7.431228552767854545e-02
7.320204858556289551e-02
7.210737698147531849e-02
7.102817402232716737e-02
6.996433522653699999e-02
6.891574896884587742e-02
6.788229708754130176e-02
6.686385545594673852e-02
6.586029452001937456e-02
6.487147980377999668e-02
6.389727238424956768e-02
6.293752933750526579e-02
6.199210415737279462e-02
6.106084714823797888e-02
6.014360579335904095e-02
5.924022510002319858e-02
5.835054792280883890e-02
5.747441526616586804e-02
5.661166656745843240e-02
5.576213996156294955e-02
5.492567252805315159e-02
5.410210052195685987e-02
5.329125958901782117e-02
5.249298496633553884e-02
5.170711166923420282e-02
5.093347466513804822e-02
5.017190903521107082e-02
4.942225012446693766e-02
4.868433368102081243e-02
4.795799598511680389e-02
4.724307396852973212e-02
4.653940532490995208e-02
4.584682861160511991e-02
4.516518334346333874e-02
4.449431007909954855e-02
4.383405050007246895e-02
4.318424748339814989e-02
4.254474516780651361e-02
4.191538901411358958e-02
4.129602586007533743e-02
4.068650397005370983e-02
4.008667307982163863e-02
3.949638443679833605e-02
3.891549083601143766e-02
3.834384665203884740e-02
3.778130786719835488e-02
3.722773209620889451e-02
3.668297860756046525e-02
3.614690834179519474e-02
3.561938392690552208e-02
3.510026969103351852e-02
3.458943167265234042e-02
3.408673762839441873e-02
3.359205703868564652e-02
3.310526111133381411e-02
3.262622278321147817e-02
3.215481672016416714e-02
3.169091931527116129e-02
3.123440868556990463e-02
3.078516466736450422e-02
3.034306881020878630e-02
2.990800436967579190e-02
2.947985629899349536e-02
2.905851123964303326e-02
2.864385751099335353e-02
2.823578509905641867e-02
2.783418564442636384e-02
2.743895242948069663e-02
2.704998036489798807e-02
2.666716597555904636e-02
2.629040738588409032e-02
2.591960430465892543e-02
2.555465800940370444e-02
2.519547133032584707e-02
2.484194863390556604e-02
2.449399580615233690e-02
2.415152023557099598e-02
2.381443079587638317e-02
2.348263782848673820e-02
2.315605312483142927e-02
2.283458990849909775e-02
2.251816281725728050e-02
2.220668788496717519e-02
2.190008252342038469e-02
2.159826550411727761e-02
2.130115694001024143e-02
2.100867826723235021e-02
2.072075222682850937e-02
2.043730284650450632e-02
2.015825542241581059e-02
1.988353650100282630e-02
1.961307386089489180e-02
1.934679649488862258e-02
1.908463459201631407e-02
1.882651951971553439e-02
1.857238380610667927e-02
1.832216112239304015e-02
1.807578626538540803e-02
1.783319514016592708e-02
1.759432474289199244e-02
1.735911314375225556e-02
1.712749947007650986e-02
1.689942388960731512e-02
1.667482759393676406e-02
1.645365278211492754e-02
1.623584264443081113e-02
1.602134134637181115e-02
1.581009401276434884e-02
1.560204671209654628e-02
1.539714644102899675e-02
1.519534110909138633e-02
1.499657952356982411e-02
1.480081137458433976e-02
1.460798722035976799e-02
1.441805847268852990e-02
1.423097738258768605e-02
1.404669702614959326e-02
1.386517129058756001e-02
1.368635486047448113e-02
1.351020320417771307e-02
1.333667256048494051e-02
1.316571992542604069e-02
1.299730303928522263e-02
1.283138037380660533e-02
1.266791111958969623e-02
1.250685517367487731e-02
1.234817312731817558e-02
1.219182625395185543e-02
1.203777649733380438e-02
1.188598645987802918e-02
1.173641939117177693e-02
1.158903917667182017e-02
1.144381032658140299e-02
1.130069796490565555e-02
1.115966781868353748e-02
1.102068620739344966e-02
1.088372003253296368e-02
1.074873676736893581e-02
1.061570444685587013e-02
1.048459165772269719e-02
1.035536752872357087e-02
1.022800172105228084e-02
1.010246441891759009e-02
9.978726320277240755e-03
9.856758627729476224e-03
9.736533039559420316e-03
9.618021740937447717e-03
9.501197395269648030e-03
9.386033135695828061e-03
9.272502556734845899e-03
9.160579706074097051e-03
9.050239076501691987e-03
8.941455597979122011e-03
8.834204629851375931e-03
8.728461953194941239e-03
8.624203763298705916e-03
8.521406662277110355e-03
8.420047651814869388e-03
8.320104126037839928e-03
8.221553864511628451e-03
8.124375025364028238e-03
8.028546138528859510e-03
7.934046099111444900e-03
7.840854160871159675e-03
7.748949929821786174e-03
7.658313357944888933e-03
7.568924737016828955e-03
7.480764692546720482e-03
7.393814177822429813e-03
7.308054468065089751e-03
7.223467154687535259e-03
7.140034139657623104e-03
7.057737629962091731e-03
6.976560132172173953e-03
6.896484447106145110e-03
6.817493664589067796e-03
6.739571158307927287e-03
6.662700580760108973e-03
6.586865858292843823e-03
6.512051186234329644e-03
6.438241024111964958e-03
6.365420090958803095e-03
6.293573360704868974e-03
6.222686057652345414e-03
6.152743652034530115e-03
6.083731855654354870e-03
6.015636617603123577e-03
5.948444120057959014e-03
5.882140774155375333e-03
5.816713215940681400e-03
5.752148302390942478e-03
5.688433107511707554e-03
5.625554918504111802e-03
5.563501232002581419e-03
5.502259750381627290e-03
5.441818378129690062e-03
5.382165218290034005e-03
5.323288568966261930e-03
5.265176919892158858e-03
5.207818949064252009e-03
5.151203519435943942e-03
5.095319675672546622e-03
5.040156640965220633e-03
4.985703813903554979e-03
4.931950765405687664e-03
4.878887235703879312e-03
4.826503131385911048e-03
4.774788522490529437e-03
4.723733639655888078e-03
4.673328871319982342e-03
4.623564760972804014e-03
4.574432004458363170e-03
4.525921447325897268e-03
4.478024082230094849e-03
4.430731046378097795e-03
4.384033619023562298e-03
4.337923219006430652e-03
4.292391402337373055e-03
4.247429859826543780e-03
4.203030414755525891e-03
4.159185020591484386e-03
4.115885758743282295e-03
4.073124836358325493e-03
4.030894584159365988e-03
3.989187454320875133e-03
3.947996018383899929e-03
3.907312965208806568e-03
3.867131098965485327e-03
3.827443337159373588e-03
3.788242708694138788e-03
3.749522351968773495e-03
3.711275513009694611e-03
3.673495543636204341e-03
3.636175899659558827e-03
3.599310139114430141e-03
3.562891920522219969e-03
3.526915001185940493e-03
3.491373235515847148e-03
3.456260573385056510e-03
3.421571058515146709e-03
3.387298826890535169e-03
3.353438105201580772e-03
3.319983209315590343e-03
3.286928542775276272e-03
3.254268595324360819e-03
3.221997941459468860e-03
3.190111239007951266e-03
3.158603227731375702e-03
3.127468727953871229e-03
3.096702639215029220e-03
3.066299938946916506e-03
3.036255681174685524e-03
3.006564995240409380e-03
2.977223084549579339e-03
2.948225225340075223e-03
2.919566765472905723e-03
2.891243123244471858e-03
2.863249786220085132e-03
2.835582310087919004e-03
2.808236317533529397e-03
2.781207497134244311e-03
2.754491602272992733e-03
2.728084450071630550e-03
2.701981920342744724e-03
2.676179954560323031e-03
2.650674554848287106e-03
2.625461782987045800e-03
2.600537759437374519e-03
2.575898662381711623e-03
2.551540726781921248e-03
2.527460243453964923e-03
2.503653558158586839e-03
2.480117070707942104e-03
2.456847234087950697e-03
2.433840553595906144e-03
2.411093585993180632e-03
2.388602938672749424e-03
2.366365268841126059e-03
2.344377282714670170e-03
2.322635734729759215e-03
2.301137426766691405e-03
2.279879207387230065e-03
2.258857971085082537e-03
2.238070657549656207e-03
2.217514250942292844e-03
2.197185779185186795e-03
2.177082313262588501e-03
2.157200966533890426e-03
2.137538894058724215e-03
2.118093291933588994e-03
2.098861396639930578e-03
2.079840484403339389e-03
2.061027870563798998e-03
2.042420908956790130e-03
2.024016991304822960e-03
2.005813546619490944e-03
1.987808040613750840e-03
1.969997975124170454e-03
1.952380887543014214e-03
1.934954350260048410e-03
1.917715970113805868e-03
1.900663387852258258e-03
1.883794277602369310e-03
1.867106346348995378e-03
1.850597333422415378e-03
1.834265009994443928e-03
1.818107178583274700e-03
1.802121672566501251e-03
1.786306355702390377e-03
1.770659121659229514e-03
1.755177893552651918e-03
1.739860623490500522e-03
1.724705292125663925e-03
1.709709908216057494e-03
1.694872508192245709e-03
1.680191155732115721e-03
1.665663941342766709e-03
1.651288981949234269e-03
1.637064420490202694e-03
1.622988425520388578e-03
1.609059190819502267e-03
1.595274935007696092e-03
1.581633901167512615e-03
1.568134356471876864e-03
1.554774591818406868e-03
1.541552921469754953e-03
1.528467682699775117e-03
1.515517235445616208e-03
1.502699961965486787e-03
1.490014266502119643e-03
1.477458574951659486e-03
1.465031334538033662e-03
1.452731013492705291e-03
1.440556100739570069e-03
1.428505105585039028e-03
1.416576557413187342e-03
1.404769005385913660e-03
1.393081018147874052e-03
1.381511183536331296e-03
1.370058108295586861e-03
1.358720417796202258e-03
1.347496755758614221e-03
1.336385783981350588e-03
1.325386182073493230e-03
1.314496647191675752e-03
1.303715893781030519e-03
1.293042653320628172e-03
1.282475674072699069e-03
1.272013720836150108e-03
1.261655574703849378e-03
1.251400032823864021e-03
1.241245908164582143e-03
1.231192029283465069e-03
1.221237240099558091e-03
1.211380399669678178e-03
1.201620381968042514e-03
1.191956075669500055e-03
1.182386383936167911e-03
1.172910224207513548e-03
1.163526527993577258e-03
1.154234240671714188e-03
1.145032321286393578e-03
1.135919742352208993e-03
1.126895489659926692e-03
1.117958562085727197e-03
1.109107971403300698e-03
1.100342742098950029e-03
1.091661911189636394e-03
1.083064528043814088e-03
1.074549654205073524e-03
1.066116363218599494e-03
1.057763740460264477e-03
1.049490882968407085e-03
1.041296899278274825e-03
1.033180909258986108e-03
1.025142043953054024e-03
1.017179445418325704e-03
1.009292266572536139e-03
1.001479671040082222e-03
9.937408330013158299e-04
9.860749370439560787e-04
9.784811780171025902e-04
9.709587608872048692e-04
9.635069005963798477e-04
9.561248219228930638e-04
9.488117593437946909e-04
9.415669568996013492e-04
9.343896680610758480e-04
9.272791555981006306e-04
9.202346914504427183e-04
9.132555566005594490e-04
9.063410409483485140e-04
8.994904431877706304e-04
8.927030706853079835e-04
8.859782393603573203e-04
8.793152735673774980e-04
8.727135059798124149e-04
8.661722774757755518e-04
8.596909370255301696e-04
8.532688415804743796e-04
8.469053559640488289e-04
8.405998527640830146e-04
8.343517122268517090e-04
8.281603221526951308e-04
8.220250777932038358e-04
8.159453817499286469e-04
8.099206438746504259e-04
8.039502811710722095e-04
7.980337176979870537e-04
7.921703844739581227e-04
7.863597193833320219e-04
7.806011670836365476e-04
7.748941789144868884e-04
7.692382128076203718e-04
7.636327331984790181e-04
7.580772109389584791e-04
7.525711232114993274e-04
7.471139534444198654e-04
7.417051912285120303e-04
7.363443322348269936e-04
7.310308781337532388e-04
7.257643365151591076e-04
7.205442208097915038e-04
