1.202007400631162293e+00
1.583032961438144981e-01
1.589990009728911857e-01
1.591647280988404689e-01
1.590674218818959318e-01
1.588040718264962514e-01
1.584279780695746209e-01
1.579682292861568915e-01
1.574404780302402496e-01
1.568532780343787902e-01
1.562115208661827848e-01
1.555182411302419854e-01
1.547755592957878179e-01
1.539851749458755470e-01
1.531486241865255837e-01
1.522674117034790997e-01
1.513430753003003892e-01
1.503772137359524474e-01
1.493714945964909058e-01
1.483276514475074526e-01
1.472474754502640371e-01
1.461328043757109396e-01
1.449855106840180763e-01
1.438074896128476998e-01
1.426006477979789577e-01
1.413668927043779111e-01
1.401081230011186340e-01
1.388262199280088371e-01
1.375230396512971964e-01
1.362004065763433025e-01
1.348601075683419359e-01
1.335038870231627928e-01
1.321334427260841826e-01
1.307504224349445576e-01
1.293564211248158513e-01
1.279529788330385776e-01
1.265415790459992751e-01
1.251236475719800789e-01
1.237005518476123195e-01
1.222736006288835109e-01
1.208440440210147987e-01
1.194130738049633128e-01
1.179818240216379127e-01
1.165513717781226921e-01
1.151227382433787499e-01
1.136968898038066556e-01
1.122747393519195752e-01
1.108571476839849829e-01
1.094449249850215494e-01
1.080388323818084334e-01
1.066395835467533471e-01
1.052478463374061368e-01
1.038642444582513064e-01
1.024893591330676701e-01
1.011237307776617772e-01
9.976786066415642418e-02
9.842221256928421202e-02
9.708721440021596261e-02
9.576325979251398834e-02
9.445070967566800146e-02
9.314989380249449891e-02
9.186111223938683845e-02
9.058463681504237697e-02
8.932071252585294108e-02
8.806955889662418380e-02
8.683137129573281765e-02
8.560632220419413241e-02
8.439456243843056205e-02
8.319622232682800933e-02
8.201141284037551105e-02
8.084022667791702921e-02
7.968273930668183513e-02
7.853900995893083048e-02
7.740908258564396793e-02
7.629298676829453230e-02
7.519073858980272751e-02
7.410234146584745996e-02
7.302778693772576935e-02
7.196705542801887234e-02
7.092011696029319745e-02
6.988693184412453352e-02
6.886745132668815883e-02
6.786161821218976431e-02
6.686936745037544427e-02
6.589062669534460903e-02
6.492531683588344260e-02
6.397335249849155081e-02
6.303464252426309311e-02
6.210909042074064940e-02
6.119659478984575823e-02
6.029704973293678605e-02
5.941034523402308892e-02
5.853636752214076006e-02
5.767499941383280593e-02
5.682612063666864916e-02
5.598960813469218423e-02
5.516533635665125945e-02
5.435317752783788009e-02
5.355300190632280438e-02
5.276467802434681859e-02
5.198807291559539440e-02
5.122305232905018102e-02
5.046948093008307018e-02
4.972722248943367562e-02
4.899614006067501415e-02
4.827609614675118510e-02
4.756695285614272184e-02
4.686857204918697811e-02
4.618081547506710377e-02
4.550354489994026114e-02
4.483662222667963992e-02
4.417990960665270361e-02
4.353326954396807835e-02
4.289656499258148042e-02
4.226965944663596542e-02
4.165241702440724419e-02
4.104470254618890201e-02
4.044638160644472430e-02
3.985732064054499368e-02
3.927738698637306403e-02
3.870644894108843381e-02
3.814437581331277943e-02
3.759103797099160038e-02
3.704630688517008413e-02
3.651005516991889799e-02
3.598215661861636772e-02
3.546248623680683248e-02
3.495092027181777999e-02
3.444733623933334682e-02
3.395161294709272276e-02
3.346363051588403109e-02
3.298327039799470867e-02
3.251041539326539331e-02
3.204494966289150176e-02
3.158675874111320503e-02
3.113572954491142242e-02
3.069175038184581913e-02
3.025471095613778416e-02
2.982450237311678326e-02
2.940101714212916065e-02
2.898414917801024268e-02
2.857379380120985551e-02
2.816984773666609404e-02
2.777220911150127605e-02
2.738077745162854210e-02
2.699545367733911794e-02
2.661614009793854610e-02
2.624274040550924128e-02
2.587515966784853169e-02
2.551330432065514534e-02
2.515708215901267530e-02
2.480640232822728386e-02
2.446117531406912654e-02
2.412131293246415342e-02
2.378672831868683737e-02
2.345733591608848215e-02
2.313305146440746210e-02
2.281379198769807257e-02
2.249947578191128020e-02
2.219002240216604374e-02
2.188535264973707692e-02
2.158538855879519117e-02
2.129005338292288066e-02
2.099927158143758549e-02
2.071296880554058042e-02
2.043107188432317228e-02
2.015350881064465957e-02
1.988020872690864083e-02
1.961110191075487313e-02
1.934611976068259867e-02
1.908519478162865046e-02
1.882826057051013510e-02
1.857525180175051069e-02
1.832610421280172347e-02
1.808075458967583690e-02
1.783914075249963191e-02
1.760120154110047727e-02
1.736687680063846856e-02
1.713610736729141368e-02
1.690883505400325379e-02
1.668500263630483954e-02
1.646455383821368579e-02
1.624743331822231865e-02
1.603358665537937128e-02
1.582296033547195627e-02
1.561550173731361506e-02
1.541115911914371119e-02
1.520988160514455401e-02
1.501161917207646107e-02
1.481632263604054471e-02
1.462394363936825835e-02
1.443443463764352772e-02
1.424774888685894844e-02
1.406384043071002253e-02
1.388266408802933151e-02
1.370417544036186923e-02
1.352833081968486152e-02
1.335508729627237802e-02
1.318440266670705199e-02
1.301623544203864280e-02
1.285054483609269355e-02
1.268729075392754577e-02
1.252643378044120473e-02
1.236793516912937027e-02
1.221175683099366520e-02
1.205786132359978023e-02
1.190621184028705683e-02
1.175677219952800910e-02
1.160950683443801555e-02
1.146438078243414496e-02
1.132135967504335414e-02
1.118040972785913460e-02
1.104149773064556916e-02
1.090459103758803679e-02
1.076965755769010262e-02
1.063666574531581428e-02
1.050558459087448833e-02
1.037638361164978928e-02
1.024903284276969251e-02
1.012350282831726497e-02
9.999764612579644524e-03
9.877789731436934992e-03
9.757550203884721857e-03
9.639018523694952920e-03
9.522167651208260711e-03
9.406971005259209817e-03
9.293402455233001555e-03
9.181436313251035639e-03
9.071047326484326170e-03
8.962210669593278362e-03
8.854901937292807695e-03
8.749097137040216798e-03
8.644772681844574078e-03
8.541905383197158710e-03
8.440472444119013345e-03
8.340451452327920373e-03
8.241820373517727560e-03
8.144557544754052816e-03
8.048641667981025136e-03
7.954051803638964580e-03
7.860767364391252690e-03
7.768768108959026378e-03
7.678034136061068042e-03
7.588545878458757485e-03
7.500284097104180890e-03
7.413229875388583148e-03
7.327364613491609349e-03
7.242670022828260647e-03
7.159128120592702336e-03
7.076721224397871171e-03
6.995431947007649254e-03
6.915243191163151018e-03
6.836138144497699680e-03
6.758100274543472549e-03
6.681113323823992603e-03
6.605161305034849828e-03
6.530228496308551449e-03
6.456299436563422110e-03
6.383358920935021386e-03
6.311391996288363837e-03
6.240383956809938959e-03
6.170320339677876943e-03
6.101186920809634033e-03
6.032969710684615329e-03
5.965654950242080257e-03
5.899229106851890808e-03
5.833678870356833607e-03
5.768991149186617276e-03
5.705153066540145923e-03
5.642151956637270031e-03
5.579975361037014560e-03
5.518611025021828882e-03
5.458046894046824672e-03
5.398271110252758805e-03
5.339272009041358749e-03
5.281038115712413661e-03
5.223558142160892107e-03
5.166820983634025713e-03
5.110815715546032471e-03
5.055531590350543884e-03
5.000958034469146080e-03
4.947084645275026150e-03
4.893901188131258816e-03
4.841397593482068065e-03
4.789563953996606692e-03
4.738390521763978687e-03
4.687867705539022246e-03
4.637986068037496835e-03
4.588736323279950062e-03
4.540109333983439500e-03
4.492096109000367869e-03
4.444687800803114042e-03
4.397875703014249120e-03
4.351651247980922906e-03
4.306006004393115455e-03
4.260931674944715489e-03
4.216420094036532271e-03
4.172463225520716204e-03
4.129053160485803183e-03
4.086182115081437270e-03
4.043842428382404819e-03
4.002026560290521985e-03
3.960727089475073875e-03
3.919936711349368899e-03
3.879648236084160332e-03
3.839854586656518687e-03
3.800548796933608461e-03
3.761724009791035748e-03
3.723373475264747136e-03
3.685490548736159409e-03
3.648068689149598903e-03
3.611101457261827602e-03
3.574582513922782562e-03
3.538505618387137886e-03
3.502864626655833192e-03
3.467653489847476178e-03
3.432866252598751940e-03
3.398497051493159019e-03
3.364540113518001054e-03
3.330989754548705113e-03
3.297840377860479684e-03
3.265086472665811815e-03
3.232722612678578383e-03
3.200743454703400184e-03
3.169143737250163829e-03
3.137918279172955110e-03
3.107061978333364779e-03
3.076569810287219618e-03
3.046436826994935228e-03
3.016658155554470099e-03
2.987228996956462455e-03
2.958144624861893789e-03
2.929400384400928162e-03
2.900991690993109853e-03
2.872914029188398076e-03
2.845162951528415560e-03
2.817734077428063651e-03
2.790623092076497790e-03
2.763825745357698874e-03
2.737337850789690278e-03
2.711155284482707171e-03
2.685273984115450329e-03
2.659689947929155546e-03
2.634399233739604003e-03
2.609397957966121204e-03
2.584682294677563205e-03
2.560248474655143092e-03
2.536092784471534814e-03
2.512211565585859702e-03
2.488601213454596454e-03
2.465258176657989138e-03
2.442178956041476164e-03
2.419360103872102933e-03
2.396798223009715192e-03
2.374489966092217103e-03
2.352432034735155945e-03
2.330621178745183753e-03
2.309054195346884122e-03
2.287727928423141568e-03
2.266639267768699988e-03
2.245785148356066723e-03
2.225162549614895843e-03
2.204768494722902580e-03
2.184600049909595637e-03
2.164654323771616085e-03
2.144928466599874562e-03
2.125419669718343636e-03
2.106125164833997504e-03
2.087042223398047347e-03
2.068168155977738107e-03
2.049500311639378472e-03
2.031036077341381949e-03
2.012772877338002940e-03
1.994708172592955971e-03
1.976839460203186089e-03
1.959164272832247897e-03
1.941680178153452375e-03
1.924384778302389238e-03
1.907275709338586726e-03
1.890350640716399700e-03
1.873607274764825482e-03
1.857043346176081352e-03
1.840656621502641428e-03
1.824444898663064472e-03
1.808406006455728779e-03
1.792537804081016477e-03
1.776838180671416398e-03
1.761305054829497615e-03
1.745936374173565845e-03
1.730730114891069300e-03
1.715684281299176533e-03
1.700796905412994223e-03
1.686066046520806041e-03
1.671489790766388745e-03
1.657066250738219691e-03
1.642793565065693052e-03
1.628669898021853617e-03
1.614693439132670709e-03
1.600862402793045433e-03
1.587175027888857153e-03
1.573629577425345602e-03
1.560224338161746464e-03
1.546957620251804407e-03
1.533827756890205219e-03
1.520833103964868696e-03
1.507972039714926661e-03
1.495242964394302839e-03
1.482644299940768596e-03
1.470174489650528547e-03
1.457831997857920786e-03
1.445615309620537680e-03
1.433522930409341809e-03
1.421553385803922325e-03
1.409705221192611565e-03
1.397977001477546284e-03
1.386367310784498942e-03
1.374874752177321184e-03
1.363497947377174078e-03
1.352235536486119877e-03
1.341086177715294534e-03
1.330048547117385809e-03
1.319121338323510622e-03
1.308303262284188102e-03
1.297593047014630133e-03
1.286989437343964314e-03
1.276491194668604627e-03
1.266097096709483836e-03
1.255805937273171647e-03
1.245616526016935692e-03
1.235527688217293420e-03
1.225538264542473622e-03
1.215647110828485967e-03
1.205853097858539851e-03
1.196155111146242128e-03
1.186552050721991283e-03
1.177042830922972244e-03
1.167626380186246801e-03
1.158301640845279222e-03
1.149067568929598672e-03
1.139923133967617533e-03
1.130867318792622318e-03
1.121899119351676749e-03
1.113017544517650803e-03
1.104221615904123341e-03
1.095510367683271910e-03
1.086882846406428838e-03
1.078338110827688906e-03
1.069875231730017849e-03
1.061493291754251776e-03
1.053191385230690426e-03
1.044968618013287750e-03
1.036824107316448688e-03
1.028756981554327862e-03
1.020766380182669625e-03
1.012851453543006913e-03
1.005011362709379123e-03
9.972452793372830245e-04
9.895523855150477159e-04
9.819318736174625657e-04
9.743829461616955239e-04
9.669048156653177158e-04
9.594967045066223141e-04
9.521578447870005782e-04
9.448874781954970294e-04
9.376848558753055670e-04
9.305492382925082545e-04
9.234798951065785379e-04
9.164761050429896588e-04
9.095371557677912194e-04
9.026623437639899692e-04
8.958509742098335824e-04
8.891023608589915727e-04
8.824158259224725584e-04
8.757906999523707922e-04
8.692263217273647627e-04
8.627220381399028143e-04
8.562772040851547150e-04
8.498911823515338006e-04
8.435633435129721641e-04
8.372930658227246796e-04
8.310797351087838248e-04
8.249227446709180966e-04
8.188214951791250931e-04
8.127753945737346440e-04
8.067838579669027541e-04
8.008463075455936157e-04
7.949621724760680104e-04
7.891308888096592016e-04
7.833518993900813465e-04
7.776246537620000281e-04
7.719486080810500882e-04
7.663232250250908610e-04
7.607479737068510283e-04
7.552223295877821428e-04
7.497457743932553704e-04
7.443177960289278691e-04
7.389378884984316781e-04
7.336055518221391110e-04
7.283202919572646450e-04
7.230816207190008142e-04
