1.202007400556431405e+00
1.519675370974171158e-01
1.522479941165927331e-01
1.523690105341008738e-01
1.524323272378607652e-01
1.524109864942537196e-01
1.522931857961586644e-01
1.520787452795013539e-01
1.517724952015118423e-01
1.513808389090909312e-01
1.509102532127284957e-01
1.503667246014386560e-01
1.497556028181347976e-01
1.490816260435270380e-01
1.483490057762509862e-01
1.475615226857523166e-01
1.467226139811384500e-01
1.458354460739931524e-01
1.449029720235983365e-01
1.439279754712829706e-01
1.429131034092916697e-01
1.418608900924729910e-01
1.407737741103262386e-01
1.396541102829549352e-01
1.385041777078583891e-01
1.373261849942134238e-01
1.361222734829297953e-01
1.348945190605135291e-01
1.336449330253893786e-01
1.323754623493299531e-01
1.310879895871061851e-01
1.297843326188002633e-01
1.284662443566778889e-01
1.271354125085276121e-01
1.257934594590582045e-01
1.244419423081088300e-01
1.230823530873534771e-01
1.217161191645351470e-01
1.203446038351234648e-01
1.189691070946799351e-01
1.175908665807592346e-01
1.162110586701657067e-01
1.148307997156596677e-01
1.134511474052700974e-01
1.120731022272165450e-01
1.106976090236626853e-01
1.093255586171986288e-01
1.079577894947840594e-01
1.065950895349332544e-01
1.052381977650252431e-01
1.038878061368148226e-01
1.025445613093730890e-01
1.012090664298469639e-01
9.988188290354635401e-02
9.856353214592664114e-02
9.725449731001400977e-02
9.595522498377677401e-02
9.466612685277189798e-02
9.338758132420792168e-02
9.211993510923506545e-02
9.086350476095358952e-02
8.961857816620151518e-02
8.838541598965361790e-02
8.716425306927491623e-02
8.595529976252450077e-02
8.475874324307908214e-02
8.357474874814099786e-02
8.240346077664290059e-02
8.124500423891112266e-02
8.009948555849669138e-02
7.896699372708954057e-02
7.784760131351411983e-02
7.674136542794013360e-02
7.564832864250345401e-02
7.456851986962381718e-02
7.350195519932511967e-02
7.244863869690801317e-02
7.140856316235461021e-02
7.038171085284082584e-02
6.936805416972922911e-02
6.836755631143086320e-02
6.738017189348181890e-02
6.640584753716809174e-02
6.544452242803101838e-02
6.449612884551263192e-02
6.356059266500793670e-02
6.263783383354429302e-02
6.172776682025498535e-02
6.083030104280776063e-02
5.994534127088480685e-02
5.907278800779013073e-02
5.821253785120100027e-02
5.736448383407027896e-02
5.652851574661544448e-02
5.570452044032133537e-02
5.489238211482103114e-02
5.409198258850385355e-02
5.330320155364814266e-02
5.252591681685075259e-02
5.176000452548525088e-02
5.100533938089445857e-02
5.026179483898519235e-02
4.952924329886193577e-02
4.880755628011687608e-02
4.809660458934904986e-02
4.739625847647251089e-02
4.670638778133864161e-02
4.602686207117578226e-02
4.535755076932386498e-02
4.469832327571940378e-02
4.404904907956509741e-02
4.340959786459369640e-02
4.277983960731870927e-02
4.215964466864524640e-02
4.154888387919170034e-02
4.094742861866469685e-02
4.035515088960055230e-02
3.977192338577791725e-02
3.919761955559475375e-02
3.863211366067946517e-02
3.807528082999442343e-02
3.752699710968436519e-02
3.698713950890227670e-02
3.645558604183055801e-02
3.593221576611937279e-02
3.541690881792886048e-02
3.490954644377853439e-02
3.441001102937812223e-02
3.391818612561276619e-02
3.343395647184133762e-02
3.295720801667297722e-02
3.248782793635383165e-02
3.202570465091568452e-02
3.157072783820950856e-02
3.112278844595582974e-02
3.068177870192292586e-02
3.024759212235257969e-02
2.982012351873453496e-02
2.939926900303506049e-02
2.898492599146945681e-02
2.857699320691810263e-02
2.817537068006178980e-02
2.777995974932698578e-02
2.739066305971213020e-02
2.700738456057106066e-02
2.663002950242279038e-02
2.625850443285097924e-02
2.589271719155987472e-02
2.553257690463930571e-02
2.517799397810076972e-02
2.482888009073332472e-02
2.448514818632976237e-02
2.414671246533149629e-02
2.381348837593747284e-02
2.348539260471482065e-02
2.316234306675842014e-02
2.284425889542978511e-02
2.253106043171607814e-02
2.222266921324080394e-02
2.191900796295796761e-02
2.162000057756140875e-02
2.132557211563371538e-02
2.103564878556740680e-02
2.075015793327774152e-02
2.046902802973401408e-02
2.019218865833367557e-02
1.991957050213319369e-02
1.965110533096534398e-02
1.938672598845220599e-02
1.912636637893890337e-02
1.886996145436021025e-02
1.861744720105602477e-02
1.836876062655216912e-02
1.812383974631953318e-02
1.788262357052164755e-02
1.764505209076732556e-02
1.741106626687539613e-02
1.718060801366610643e-02
1.695362018778261148e-02
1.673004657456093197e-02
1.650983187494741919e-02
1.629292169247850003e-02
1.607926252032634493e-02
1.586880172841943770e-02
1.566148755064252635e-02
1.545726907212347130e-02
1.525609621661123093e-02
1.505791973395155352e-02
1.486269118766181396e-02
1.467036294261340329e-02
1.448088815282231809e-02
1.429422074935277412e-02
1.411031542833646353e-02
1.392912763911158779e-02
1.375061357248255102e-02
1.357473014910384052e-02
1.340143500798953065e-02
1.323068649515041044e-02
1.306244365236196997e-02
1.289666620606074593e-02
1.273331455637429985e-02
1.257234976628290174e-02
1.241373355091713281e-02
1.225742826698709986e-02
1.210339690234835987e-02
1.195160306570345124e-02
1.180201097643674216e-02
1.165458545458773060e-02
1.150929191095744972e-02
1.136609633735136474e-02
1.122496529695809347e-02
1.108586591486072741e-02
1.094876586868493047e-02
1.081363337937858542e-02
1.068043720212654042e-02
1.054914661739640366e-02
1.041973142211632432e-02
1.029216192098419622e-02
1.016640891790560573e-02
1.004244370756254140e-02
9.920238067107907398e-03
9.799764247989253135e-03
9.680994967896280542e-03
9.563903402834543835e-03
9.448463179322076980e-03
9.334648366708397232e-03
9.222433469614658291e-03
9.111793420493960807e-03
9.002703572309997057e-03
8.895139691332718326e-03
8.789077950050419585e-03
8.684494920196570919e-03
8.581367565889367818e-03
8.479673236883755738e-03
8.379389661933358061e-03
8.280494942262590224e-03
8.182967545145457613e-03
8.086786297591422312e-03
7.991930380136262266e-03
7.898379320736011178e-03
7.806112988763628732e-03
7.715111589106612641e-03
7.625355656362894918e-03
7.536826049136197657e-03
7.449503944427011103e-03
7.363370832119613824e-03
7.278408509561724513e-03
7.194599076238141107e-03
7.111924928534200420e-03
7.030368754589790339e-03
6.949913529241599601e-03
6.870542509051884295e-03
6.792239227424269783e-03
6.714987489802265973e-03
6.638771368952293972e-03
6.563575200328004497e-03
6.489383577514867135e-03
6.416181347754384284e-03
6.343953607546417954e-03
6.272685698327731645e-03
6.202363202226339640e-03
6.132971937890412985e-03
6.064497956389906796e-03
5.996927537190107488e-03
5.930247184195917669e-03
5.864443621865971477e-03
5.799503791394535097e-03
5.735414846961337312e-03
5.672164152047035925e-03
5.609739275813939267e-03
5.548127989550477937e-03
5.487318263178702499e-03
5.427298261823624084e-03
5.368056342442800201e-03
5.309581050516246417e-03
5.251861116794659043e-03
5.194885454105237568e-03
5.138643154214410369e-03
5.083123484746097584e-03
5.028315886154772173e-03
4.974209968752208930e-03
4.920795509787182463e-03
4.868062450576953609e-03
4.816000893689950137e-03
4.764601100178350243e-03
4.713853486859953881e-03
4.663748623648707008e-03
4.614277230932242908e-03
4.565430176996477900e-03
4.517198475496093067e-03
4.469573282969544620e-03
4.422545896399051289e-03
4.376107750813484909e-03
4.330250416934165042e-03
4.284965598862510751e-03
4.240245131808779294e-03
4.196080979861528323e-03
4.152465233796615897e-03
4.109390108924779010e-03
4.066847942978474122e-03
4.024831194035340294e-03
3.983332438479193945e-03
3.942344368997187376e-03
3.901859792612315334e-03
3.861871628751344619e-03
3.822372907346544349e-03
3.783356766971615864e-03
3.744816453010633116e-03
3.706745315859149171e-03
3.669136809157721654e-03
3.631984488056410817e-03
3.595282007510343901e-03
3.559023120605075106e-03
3.523201676912272439e-03
3.487811620873809346e-03
3.452846990215051315e-03
3.418301914385800475e-03
3.384170613029159266e-03
3.350447394477160026e-03
3.317126654273186079e-03
3.284202873720484372e-03
3.251670618456042362e-03
3.219524537049961877e-03
3.187759359629407496e-03
3.156369896526619017e-03
3.125351036951019672e-03
3.094697747684403092e-03
3.064405071799379890e-03
3.034468127400161402e-03
3.004882106385433401e-03
2.975642273232877427e-03
2.946743963805539650e-03
2.918182584178163376e-03
2.889953609485158750e-03
2.862052582787881234e-03
2.834475113962177297e-03
2.807216878605193339e-03
2.780273616961396240e-03
2.753641132867323729e-03
2.727315292714550636e-03
2.701292024430946084e-03
2.675567316479624848e-03
2.650137216875206488e-03
2.624997832217311131e-03
2.600145326740716835e-03
2.575575921382157289e-03
2.551285892863118868e-03
2.527271572788633569e-03
2.503529346761769470e-03
2.480055653513210667e-03
2.456846984045990036e-03
2.433899880795158815e-03
2.411210936801602873e-03
2.388776794900407657e-03
2.366594146923056696e-03
2.344659732913378231e-03
2.322970340356953281e-03
2.301522803423867222e-03
2.280314002224258837e-03
2.259340862076836005e-03
2.238600352789748248e-03
2.218089487953893782e-03
2.197805324248164500e-03
2.177744960756846596e-03
2.157905538298197142e-03
2.138284238764936920e-03
2.118878284475700195e-03
2.099684937537572415e-03
2.080701499219432624e-03
2.061925309336103650e-03
2.043353745642731509e-03
2.024984223239513319e-03
2.006814193986549907e-03
1.988841145928510034e-03
1.971062602729087981e-03
1.953476123114935778e-03
1.936079300328986995e-03
1.918869761593074326e-03
1.901845167579431983e-03
1.885003211891192205e-03
1.868341620551602867e-03
1.851858151501781236e-03
1.835550594106810001e-03
1.819416768670222657e-03
1.803454525956565101e-03
1.787661746721946063e-03
1.772036341252259143e-03
1.756576248909371340e-03
1.741279437684659656e-03
1.726143903760063610e-03
1.711167671076378044e-03
1.696348790908684331e-03
1.681685341448980022e-03
1.667175427395502143e-03
1.652817179549032327e-03
1.638608754415623453e-03
1.624548333816205111e-03
1.610634124502383774e-03
1.596864357778626092e-03
1.583237289130635375e-03
1.569751197859986947e-03
1.556404386724503063e-03
1.543195181584746615e-03
1.530121931056130586e-03
1.517183006166845753e-03
1.504376800021324989e-03
1.491701727469176919e-03
1.479156224779533879e-03
1.466738749320703993e-03
1.454447779245075789e-03
1.442281813178986289e-03
1.430239369917820367e-03
1.418318988125935902e-03
1.406519226041440295e-03
1.394838661185755259e-03
1.383275890077945158e-03
1.371829527953481254e-03
1.360498208487772101e-03
1.349280583523881135e-03
1.338175322804835204e-03
1.327181113710093185e-03
1.316296660996360080e-03
1.305520686542378621e-03
1.294851929098020382e-03
1.284289144037162279e-03
1.273831103114706018e-03
1.263476594227340650e-03
1.253224421178124326e-03
1.243073403444883108e-03
1.233022375952235773e-03
1.223070188847215356e-03
1.213215707278487857e-03
1.203457811179048636e-03
1.193795395052354644e-03
1.184227367761806404e-03
1.174752652323602948e-03
1.165370185702837430e-03
1.156078918612708740e-03
1.146877815317118429e-03
1.137765853436083956e-03
1.128742023754380911e-03
1.119805330033158547e-03
1.110954788824439297e-03
1.102189429288584661e-03
1.093508293014548802e-03
1.084910433842971441e-03
1.076394917692005335e-03
1.067960822385866830e-03
1.059607237486028192e-03
1.051333264125039113e-03
1.043138014842885913e-03
1.035020613425979927e-03
1.026980194748492109e-03
1.019015904616280607e-03
1.011126899613038355e-03
1.003312346949062272e-03
9.955714243121065003e-04
9.879033197206566787e-04
9.803072313794068769e-04
9.727823675369635893e-04
9.653279463457623694e-04
9.579431957240426045e-04
9.506273532199774681e-04
9.433796658779054897e-04
9.361993901065336372e-04
9.290857915491475836e-04
9.220381449558941005e-04
9.150557340578361221e-04
9.081378514430605295e-04
9.012837984345893963e-04
8.944928849700954556e-04
8.877644294836109810e-04
8.810977587887272285e-04
8.744922079638474659e-04
8.679471202389778348e-04
8.614618468842948941e-04
8.550357471003183253e-04
8.486681879098583684e-04
8.423585440513988495e-04
8.361061978742797673e-04
8.299105392351656353e-04
8.237709653964486907e-04
8.176868809257353300e-04
8.116576975971561726e-04
8.056828342939331483e-04
7.997617169125566250e-04
7.938937782682495932e-04
7.880784580018848975e-04
7.823152024882581556e-04
7.766034647457727407e-04
7.709427043473992451e-04
7.653323873328772217e-04
7.597719861224263519e-04
7.542609794314907501e-04
7.487988521868158606e-04
7.433850954438823424e-04
7.380192063052601163e-04
7.327006878404902692e-04
7.274290490068776888e-04
7.222038045715516727e-04
