1.202007367616557021e+00
1.522091487834970613e-01
1.534986989106448818e-01
1.538926821453215910e-01
1.540070001860641413e-01
1.539363523545052292e-01
1.537244336169210079e-01
1.534003509419830658e-01
1.529839684821521495e-01
1.524888354830819526e-01
1.519243221910710762e-01
1.512970896702642842e-01
1.506120597030479458e-01
1.498730446843460073e-01
1.490831550434819353e-01
1.482450624496358949e-01
1.473611692743639900e-01
1.464337167368582049e-01
1.454648527135926905e-01
1.444566729345563849e-01
1.434112446357675985e-01
1.423306187161241243e-01
1.412168344581003765e-01
1.400719195476859136e-01
1.388978872386242569e-01
1.376967319026620173e-01
1.364704237962738598e-01
1.352209035927860736e-01
1.339500770356981119e-01
1.326598099363510697e-01
1.313519236481704711e-01
1.300281910875684677e-01
1.286903333295420782e-01
1.273400167777460346e-01
1.259788508904182702e-01
1.246083864317571038e-01
1.232301142114275438e-01
1.218454642710983249e-01
1.204558054755637958e-01
1.190624454660598464e-01
1.176666309346080519e-01
1.162695481800605779e-01
1.148723239088364351e-01
1.134760262458710950e-01
1.120816659239696894e-01
1.106901976224417133e-01
1.093025214285395785e-01
1.079194843977735602e-01
1.065418821916334358e-01
1.051704607735329394e-01
1.038059181459624752e-01
1.024489061138313811e-01
1.011000320608319014e-01
9.975986072735935906e-02
9.842891598004578635e-02
9.710768256441609791e-02
9.579660783338153629e-02
9.449610344550736507e-02
9.320654702793534918e-02
9.192828379983779274e-02
9.066162815301105626e-02
8.940686518702127550e-02
8.816425219686482850e-02
8.693402011173535782e-02
8.571637488393163418e-02
8.451149882736830321e-02
8.331955190552722823e-02
8.214067296898802661e-02
8.097498094295342563e-02
7.982257596538683275e-02
7.868354047660046369e-02
7.755794026125026330e-02
7.644582544385404577e-02
7.534723143902184728e-02
7.426217985768800156e-02
7.319067937067463836e-02
7.213272653098365406e-02
7.108830655620684835e-02
7.005739407249922390e-02
6.903995382153066407e-02
6.803594133185662807e-02
6.704530355609934766e-02
6.606797947536757754e-02
6.510390067224959554e-02
6.415299187374991219e-02
6.321517146547263322e-02
6.229035197831647025e-02
6.137844054894738693e-02
6.047933935522352422e-02
5.959294602774768690e-02
5.871915403867328936e-02
5.785785306883443196e-02
5.700892935424740904e-02
5.617226601298842131e-02
5.534774335339499862e-02
5.453523916452488601e-02
5.373462898975230745e-02
5.294578638434101203e-02
5.216858315780835420e-02
5.140288960184933448e-02
5.064857470456022442e-02
4.990550635166472737e-02
4.917355151541042552e-02
4.845257643178550733e-02
4.774244676665488629e-02
4.704302777140208919e-02
4.635418442862993677e-02
4.567578158844596420e-02
4.500768409583195961e-02
4.434975690957301125e-02
4.370186521320559153e-02
4.306387451840518882e-02
4.243565076122970958e-02
4.181706039159983207e-02
4.120797045639979644e-02
4.060824867652695208e-02
4.001776351824243294e-02
3.943638425912703027e-02
3.886398104894838584e-02
3.830042496571660349e-02
3.774558806720593879e-02
3.719934343819233241e-02
3.666156523365215331e-02
3.613212871815118382e-02
3.561091030164241500e-02
3.509778757187978493e-02
3.459263932364141370e-02
3.409534558495345979e-02
3.360578764048392092e-02
3.312384805227869267e-02
3.264941067799530250e-02
3.218236068678452522e-02
3.172258457296215500e-02
3.126997016760539594e-02
3.082440664819956558e-02
3.038578454645926574e-02
2.995399575443330117e-02
2.952893352900573531e-02
2.911049249489313859e-02
2.869856864623455267e-02
2.829305934686627069e-02
2.789386332936961976e-02
2.750088069297223700e-02
2.711401290037946180e-02
2.673316277360966373e-02
2.635823448890827619e-02
2.598913357079459321e-02
2.562576688531575941e-02
2.526804263255838512e-02
2.491587033847729102e-02
2.456916084608845238e-02
2.422782630608627877e-02
2.389178016691706832e-02
2.356093716436650706e-02
2.323521331069362469e-02
2.291452588335501916e-02
2.259879341335383970e-02
2.228793567325125513e-02
2.198187366486947097e-02
2.168052960672115989e-02
2.138382692119233583e-02
2.109169022150514730e-02
2.080404529849114170e-02
2.052081910719174770e-02
2.024193975331809586e-02
1.996733647958167865e-02
1.969693965192636370e-02
1.943068074567139494e-02
1.916849233158956362e-02
1.891030806193576275e-02
1.865606265643787731e-02
1.840569188827092043e-02
1.815913257002382819e-02
1.791632253967133034e-02
1.767720064656701923e-02
1.744170673746347697e-02
1.720978164257513585e-02
1.698136716168851743e-02
1.675640605033338476e-02
1.653484200601942553e-02
1.631661965454958563e-02
1.610168453641475789e-02
1.588998309327691733e-02
1.568146265454887014e-02
1.547607142407306062e-02
1.527375846690736359e-02
1.507447369622164253e-02
1.487816786030810370e-02
1.468479252971274622e-02
1.449430008448766675e-02
1.430664370157020381e-02
1.412177734229095455e-02
1.393965574001369313e-02
1.376023438790741418e-02
1.358346952685712296e-02
1.340931813350980037e-02
1.323773790846236552e-02
1.306868726458696936e-02
1.290212531550256024e-02
1.273801186418519089e-02
1.257630739172456262e-02
1.241697304622370150e-02
1.225997063184385873e-02
1.210526259799340337e-02
1.195281202866273727e-02
1.180258263190350938e-02
1.165453872945314447e-02
1.150864524650342495e-02
1.136486770161374005e-02
1.122317219676777743e-02
1.108352540757374764e-02
1.094589457360667893e-02
1.081024748889280844e-02
1.067655249253405408e-02
1.054477845947423414e-02
1.041489479140236471e-02
1.028687140779566307e-02
1.016067873709813711e-02
1.003628770803594375e-02
9.913669741067393168e-03
9.792796739965491104e-03
9.673641083533938631e-03
9.556175617452753943e-03
9.440373646254524020e-03
9.326208925427939903e-03
9.213655653648998925e-03
9.102688465137051543e-03
8.993282422134922516e-03
8.885413007511517441e-03
8.779056117485705552e-03
8.674188054470082301e-03
8.570785520031995799e-03
8.468825607971861361e-03
8.368285797516620064e-03
8.269143946626615269e-03
8.171378285414768183e-03
8.074967409675901445e-03
7.979890274525969565e-03
7.886126188148165697e-03
7.793654805645645368e-03
7.702456122998437710e-03
7.612510471123651659e-03
7.523798510037258032e-03
7.436301223115948655e-03
7.349999911457745505e-03
7.264876188339560933e-03
7.180911973770733210e-03
7.098089489140267487e-03
7.016391251957733617e-03
6.935800070684756437e-03
6.856299039656917234e-03
6.777871534093821669e-03
6.700501205196783376e-03
6.624171975331804782e-03
6.548868033297547235e-03
6.474573829675549577e-03
6.401274072262774090e-03
6.328953721584476208e-03
6.257597986485735272e-03
6.187192319801075591e-03
6.117722414100734522e-03
6.049174197511719697e-03
5.981533829613099387e-03
5.914787697403877179e-03
5.848922411342659042e-03
5.783924801457303484e-03
5.719781913523677014e-03
5.656481005312853985e-03
5.594009542904382522e-03
5.532355197065822947e-03
5.471505839696293172e-03
5.411449540333810281e-03
5.352174562724769900e-03
5.293669361454647442e-03
5.235922578638895104e-03
5.178923040673030255e-03
5.122659755040765046e-03
5.067121907179080939e-03
5.012298857399715563e-03
4.958180137865214436e-03
4.904755449619794747e-03
4.852014659672709666e-03
4.799947798134175658e-03
4.748545055402523564e-03
4.697796779401935963e-03
4.647693472869169652e-03
4.598225790689470550e-03
4.549384537279761546e-03
4.501160664019098097e-03
4.453545266724844194e-03
4.406529583174285079e-03
4.360104990670504894e-03
4.314263003651981100e-03
4.268995271345095953e-03
4.224293575458320377e-03
4.180149827918038137e-03
4.136556068645015453e-03
4.093504463370156894e-03
4.050987301489937867e-03
4.008996993959822348e-03
3.967526071225609477e-03
3.926567181191663834e-03
3.886113087225510736e-03
3.846156666197909652e-03
3.806690906558530662e-03
3.767708906445337014e-03
3.729203871827817783e-03
3.691169114684076259e-03
3.653598051209390983e-03
3.616484200057754322e-03
3.579821180613691495e-03
3.543602711295944317e-03
3.507822607890761449e-03
3.472474781914696319e-03
3.437553239007133405e-03
3.403052077351077526e-03
3.368965486121701727e-03
3.335287743963122158e-03
3.302013217491769730e-03
3.269136359826350750e-03
3.236651709144010118e-03
3.204553887262102073e-03
3.172837598244850760e-03
3.141497627035002953e-03
3.110528838109365753e-03
3.079926174158414010e-03
3.049684654789022471e-03
3.019799375250175645e-03
2.990265505181061243e-03
2.961078287381547613e-03
2.932233036603791847e-03
2.903725138365739235e-03
2.875550047785005708e-03
2.847703288433502816e-03
2.820180451212025031e-03
2.792977193245000603e-03
2.766089236793947085e-03
2.739512368190577356e-03
2.713242436788309772e-03
2.687275353932112604e-03
2.661607091946602104e-03
2.636233683141323871e-03
2.611151218834153846e-03
2.586355848390781923e-03
2.561843778281871955e-03
2.537611271156041143e-03
2.513654644929060825e-03
2.489970271889126435e-03
2.466554577817305430e-03
2.443404041123668855e-03
2.420515191998019299e-03
2.397884611575455942e-03
2.375508931116571999e-03
2.353384831201405045e-03
2.331509040937893105e-03
2.309878337183234043e-03
2.288489543779555560e-03
2.267339530801888714e-03
2.246425213819697002e-03
2.225743553170806115e-03
2.205291553247930823e-03
2.185066261797348388e-03
2.165064769229630044e-03
2.145284207942222375e-03
2.125721751653502148e-03
2.106374614748377904e-03
2.087240051634941303e-03
2.068315356112115314e-03
2.049597860748032536e-03
2.031084936269144520e-03
2.012773990959527796e-03
1.994662470070616891e-03
1.976747855240678677e-03
1.959027663924286979e-03
1.941499448831633928e-03
1.924160797376891141e-03
1.907009331136206654e-03
1.890042705314939030e-03
1.873258608223521936e-03
1.856654760762439706e-03
1.840228915915791087e-03
1.823978858253356159e-03
1.807902403441005983e-03
1.791997397759365843e-03
1.776261717630516759e-03
1.760693269152651145e-03
1.745289987642395079e-03
1.730049837184986046e-03
1.714970810191771651e-03
1.700050926965083727e-03
1.685288235270502146e-03
1.670680809916084844e-03
1.656226752338708268e-03
1.641924190197055489e-03
1.627771276971691754e-03
1.613766191571408678e-03
1.599907137946277470e-03
1.586192344707132787e-03
1.572620064751114244e-03
1.559188574893551147e-03
1.545896175505956285e-03
1.532741190159776822e-03
1.519721965276153632e-03
1.506836869781354258e-03
1.494084294767874946e-03
1.481462653161078188e-03
1.468970379391265364e-03
1.456605929071208561e-03
1.444367778678717212e-03
1.432254425244664777e-03
1.420264386045774849e-03
1.408396198302733085e-03
1.396648418882915884e-03
1.385019624008075167e-03
1.373508408966784547e-03
1.362113387831422875e-03
1.350833193179852391e-03
1.339666475821502849e-03
1.328611904527875935e-03
1.317668165767475405e-03
1.306833963444858481e-03
1.296108018644026453e-03
1.285489069375796677e-03
1.274975870329351580e-03
1.264567192627653706e-03
1.254261823586812902e-03
1.244058566479306314e-03
1.233956240301010239e-03
1.223953679541803534e-03
1.214049733959973558e-03
1.204243268360176769e-03
1.194533162374826268e-03
1.184918310249028156e-03
1.175397620628949175e-03
1.165970016353423287e-03
1.156634434248965696e-03
1.147389824927944274e-03
1.138235152589929002e-03
1.129169394826252167e-03
1.120191542427547522e-03
1.111300599194309366e-03
1.102495581750529037e-03
1.093775519360097202e-03
1.085139453746241257e-03
1.076586438913600813e-03
1.068115540973262403e-03
1.059725837970408417e-03
1.051416419714657022e-03
1.043186387613042124e-03
1.035034854505681055e-03
1.026960944503790005e-03
1.018963792830475217e-03
1.011042545663696059e-03
1.003196359981897625e-03
9.954244034118889251e-04
9.877258540790991720e-04
9.800999004601529570e-04
9.725457412377013248e-04
9.650625851574782827e-04
9.576496508875643110e-04
9.503061668797546354e-04
9.430313712331444762e-04
9.358245115597144332e-04
9.286848448519522195e-04
9.216116373526480037e-04
9.146041644263950936e-04
9.076617104333727570e-04
9.007835686047423358e-04
8.939690409201727327e-04
8.872174379870386048e-04
8.805280789215839997e-04
8.739002912317817917e-04
8.673334107020371289e-04
8.608267812795620698e-04
8.543797549624979537e-04
8.479916916897294521e-04
8.416619592323055154e-04
8.353899330865802988e-04
8.291749963688145077e-04
8.230165397114741705e-04
8.169139611610667017e-04
8.108666660774069192e-04
8.048740670344923425e-04
7.989355837228070360e-04
7.930506428530708024e-04
7.872186780614405565e-04
7.814391298160784432e-04
7.757114453251714873e-04
7.700350784462250704e-04
7.644094895968000245e-04
7.588341456664342158e-04
7.533085199300018891e-04
7.478320919622562018e-04
7.424043475536391910e-04
7.370247786273696885e-04
7.316928831577367617e-04
7.264081650894848360e-04
7.211701342585869227e-04
7.159783063139775819e-04
7.108322026405030107e-04
