1.202007400647584268e+00
1.544787465019625272e-01
1.550376048625113912e-01
1.553748142448848346e-01
1.555171384581550131e-01
1.554990194152391925e-01
1.553531830064996677e-01
1.551017744677485322e-01
1.547591547621686159e-01
1.543350378802473555e-01
1.538364532661537776e-01
1.532688457892749656e-01
1.526366867538623828e-01
1.519438228986911832e-01
1.511936840755170597e-01
1.503894120253939648e-01
1.495339429986229651e-01
1.486300620285403440e-01
1.476804390175976700e-01
1.466876527351704818e-01
1.456542065742169600e-01
1.445825386002375923e-01
1.434750276204711239e-01
1.423339964840545369e-01
1.411617134781588123e-01
1.399603924460793014e-01
1.387321920837415457e-01
1.374792147480770055e-01
1.362035050202339004e-01
1.349070481991283821e-01
1.335917688501384037e-01
1.322595294954276857e-01
1.309121295034389176e-01
1.295513042130805315e-01
1.281787243116372932e-01
1.267959954730284167e-01
1.254046582539140864e-01
1.240061882384933950e-01
1.226019964182082783e-01
1.211934297893870888e-01
1.197817721499406657e-01
1.183682450751646215e-01
1.169540090523794318e-01
1.155401647543179700e-01
1.141277544317492315e-01
1.127177634067201839e-01
1.113111216488100186e-01
1.099087054180193368e-01
1.085113389591604166e-01
1.071197962338942405e-01
1.057348026778425626e-01
1.043570369715082352e-01
1.029871328148685705e-01
1.016256806967506948e-01
1.002732296511188032e-01
9.893028899346327509e-02
9.759733003140549923e-02
9.627478774450293209e-02
9.496306242903725103e-02
9.366252130428057154e-02
9.237350007739797420e-02
9.109630446471569942e-02
8.983121166761655341e-02
8.857847180178088364e-02
8.733830927891630957e-02
8.611092414046415955e-02
8.489649334308875528e-02
8.369517199604373237e-02
8.250709455072678666e-02
8.133237594294458195e-02
8.017111268858984063e-02
7.902338393355110013e-02
7.788925245882652448e-02
7.676876564188966912e-02
7.566195637542717789e-02
7.456884394465483623e-02
7.348943486444531326e-02
7.242372367752812623e-02
7.137169371506357773e-02
7.033331782088816930e-02
6.930855904073401907e-02
6.829737127772698979e-02
6.729969991544686170e-02
6.631548240982629294e-02
6.534464885113731858e-02
6.438712249729994230e-02
6.344282027969944115e-02
6.251165328269980836e-02
6.159352719797754616e-02
6.068834275479244311e-02
5.979599612726017172e-02
5.891637931967173142e-02
5.804938053085060418e-02
5.719488449852865031e-02
5.635277282465891296e-02
5.552292428257347978e-02
5.470521510683987870e-02
5.389951926665149939e-02
5.310570872353887611e-02
5.232365367417469298e-02
5.155322277899325456e-02
5.079428337732591614e-02
5.004670168972936983e-02
4.931034300813137705e-02
4.858507187442698966e-02
4.787075224808575585e-02
4.716724766334779578e-02
4.647442137652836591e-02
4.579213650395020513e-02
4.512025615097413345e-02
4.445864353260334245e-02
4.380716208609399670e-02
4.316567557599474553e-02
4.253404819201007242e-02
4.191214464007445711e-02
4.129983022699562634e-02
4.069697093900797452e-02
4.010343351457197614e-02
3.951908551172420014e-02
3.894379537027679167e-02
3.837743246914911838e-02
3.781986717909983919e-02
3.727097091111024330e-02
3.673061616066459339e-02
3.619867654815564495e-02
3.567502685563524872e-02
3.515954306011492142e-02
3.465210236361324081e-02
3.415258322013967063e-02
3.366086535979026517e-02
3.317682981012282095e-02
3.270035891497288100e-02
3.223133635086142951e-02
3.176964714113603844e-02
3.131517766798722763e-02
3.086781568246301996e-02
3.042745031260777472e-02
2.999397206983912476e-02
2.956727285367833150e-02
2.914724595493146247e-02
2.873378605742395175e-02
2.832678923838422014e-02
2.792615296755788720e-02
2.753177610514708634e-02
2.714355889864392135e-02
2.676140297864071718e-02
2.638521135368313009e-02
2.601488840423940921e-02
2.565033987584287162e-02
2.529147287147289966e-02
2.493819584322979829e-02
2.459041858335573108e-02
2.424805221465641328e-02
2.391100918036808548e-02
2.357920323351716391e-02
2.325254942581479398e-02
2.293096409612677827e-02
2.261436485855865958e-02
2.230267059018816236e-02
2.199580141848427386e-02
2.169367870843980778e-02
2.139622504945156919e-02
2.110336424197491179e-02
2.081502128397838200e-02
2.053112235722674012e-02
2.025159481341224851e-02
1.997636716015946737e-02
1.970536904692432242e-02
1.943853125080272429e-02
1.917578566227485723e-02
1.891706527089574708e-02
1.866230415095066278e-02
1.841143744709198074e-02
1.816440135996857247e-02
1.792113313186413301e-02
1.768157103235473704e-02
1.744565434399789061e-02
1.721332334806378872e-02
1.698451931031891640e-02
1.675918446687147192e-02
1.653726201008622054e-02
1.631869607457855573e-02
1.610343172329343694e-02
1.589141493367719760e-02
1.568259258394915506e-02
1.547691243947537688e-02
1.527432313925565673e-02
1.507477418252353707e-02
1.487821591546579537e-02
1.468459951806627868e-02
1.449387699107656559e-02
1.430600114311716617e-02
1.412092557791222273e-02
1.393860468166100222e-02
1.375899361054752981e-02
1.358204827839104220e-02
1.340772534443937514e-02
1.323598220130679619e-02
1.306677696305640415e-02
1.290006845343057672e-02
1.273581619422817744e-02
1.257398039383056040e-02
1.241452193587680788e-02
1.225740236808756795e-02
1.210258389123993090e-02
1.195002934828973302e-02
1.179970221364574565e-02
1.165156658259272615e-02
1.150558716086197940e-02
1.136172925435361379e-02
1.121995875900380808e-02
1.108024215080152287e-02
1.094254647595246585e-02
1.080683934118687600e-02
1.067308890421492414e-02
1.054126386432384203e-02
1.041133345312087594e-02
1.028326742541590608e-02
1.015703605024591283e-02
1.003261010203975248e-02
9.909960851920385574e-03
9.789060059144590736e-03
9.669879962678736354e-03
9.552393272908965560e-03
9.436573163484118787e-03
9.322393263290731230e-03
9.209827648557837934e-03
9.098850835090958530e-03
8.989437770632720259e-03
8.881563827349864271e-03
8.775204794443592499e-03
8.670336870883347050e-03
8.566936658261553594e-03
8.464981153767302605e-03
8.364447743278250261e-03
8.265314194570126671e-03
8.167558650638924791e-03
8.071159623137820482e-03
7.976095985925586718e-03
7.882346968724930278e-03
7.789892150888949422e-03
7.698711455275866929e-03
7.608785142227294900e-03
7.520093803652775667e-03
7.432618357213805621e-03
7.346340040611642336e-03
7.261240405971563193e-03
7.177301314327417907e-03
7.094504930200275922e-03
7.012833716273703111e-03
6.932270428160751570e-03
6.852798109263594922e-03
6.774400085723577408e-03
6.697059961459681833e-03
6.620761613294983555e-03
6.545489186168631547e-03
6.471227088432970551e-03
6.397959987234021900e-03
6.325672803972886594e-03
6.254350709849335228e-03
6.183979121483272265e-03
6.114543696614446744e-03
6.046030329879228081e-03
5.978425148661914261e-03
5.911714509021109322e-03
5.845884991687599203e-03
5.780923398134725152e-03
5.716816746718831298e-03
5.653552268888705629e-03
5.591117405462935411e-03
5.529499802973946235e-03
5.468687310078044692e-03
5.408667974029313617e-03
5.349430037217171689e-03
5.290961933766160155e-03
5.233252286196770145e-03
5.176289902146161311e-03
5.120063771148181987e-03
5.064563061471261465e-03
5.009777117012791797e-03
4.955695454250214245e-03
4.902307759246190069e-03
4.849603884708373475e-03
4.797573847101765758e-03
4.746207823813219581e-03
4.695496150367010901e-03
4.645429317690626808e-03
4.595997969429840325e-03
4.547192899312232570e-03
4.499005048557689485e-03
4.451425503336638168e-03
4.404445492273045999e-03
4.358056383992872131e-03
4.312249684716769164e-03
4.267017035895857152e-03
4.222350211890257658e-03
4.178241117689517059e-03
4.134681786673788037e-03
4.091664378415574982e-03
4.049181176520872359e-03
4.007224586509246754e-03
3.965787133731922369e-03
3.924861461327375581e-03
3.884440328213732523e-03
3.844516607117100162e-03
3.805083282635260584e-03
3.766133449336439652e-03
3.727660309891748375e-03
3.689657173241647856e-03
3.652117452794554752e-03
3.615034664658616382e-03
3.578402425904400781e-03
3.542214452859015605e-03
3.506464559430970667e-03
3.471146655464398944e-03
3.436254745123287855e-03
3.401782925304213355e-03
3.367725384077672676e-03
3.334076399156908534e-03
3.300830336394267733e-03
3.267981648304473137e-03
3.235524872613771211e-03
3.203454630835345443e-03
3.171765626869848132e-03
3.140452645630737415e-03
3.109510551694343646e-03
3.078934287973493326e-03
3.048718874414965956e-03
3.018859406719963737e-03
2.989351055087142214e-03
2.960189062978042709e-03
2.931368745904213129e-03
2.902885490235904403e-03
2.874734752031663822e-03
2.846912055888717753e-03
2.819412993813529607e-03
2.792233224112337930e-03
2.765368470301082186e-03
2.738814520034689361e-03
2.712567224054960712e-03
2.686622495157276781e-03
2.660976307175009180e-03
2.635624693981989970e-03
2.610563748512417619e-03
2.585789621798029094e-03
2.561298522021730577e-03
2.537086713588179027e-03
2.513150516210353562e-03
2.489486304012190378e-03
2.466090504646695301e-03
2.442959598429528777e-03
2.420090117487516419e-03
2.397478644922345324e-03
2.375121813988096114e-03
2.353016307283717443e-03
2.331158855959082968e-03
2.309546238934938669e-03
2.288175282136258298e-03
2.267042857738958781e-03
2.246145883429544535e-03
2.225481321677434329e-03
2.205046179020016695e-03
2.184837505359798950e-03
2.164852393273837203e-03
2.145087977334777726e-03
2.125541433443880936e-03
2.106209978175087316e-03
2.087090868130683438e-03
2.068181399307631764e-03
2.049478906475121071e-03
2.030980762562330493e-03
2.012684378056922400e-03
1.994587200413702483e-03
1.976686713473273585e-03
1.958980436890603912e-03
1.941465925573369541e-03
1.924140769129695444e-03
1.907002591325361596e-03
1.890049049550157579e-03
1.873277834293197259e-03
1.856686668627198934e-03
1.840273307701385981e-03
1.824035538242948801e-03
1.807971178066911924e-03
1.792078075594248426e-03
1.776354109378069056e-03
1.760797187637723861e-03
1.745405247800751710e-03
1.730176256052592260e-03
1.715108206893569461e-03
1.700199122703547521e-03
1.685447053313692944e-03
1.670850075585346341e-03
1.656406292996108302e-03
1.642113835232485337e-03
1.627970857789668791e-03
1.613975541577580873e-03
1.600126092533743364e-03
1.586420741242396517e-03
1.572857742559943860e-03
1.559435375246605998e-03
1.546151941604139877e-03
1.533005767119472156e-03
1.519995200114312170e-03
1.507118611400391685e-03
1.494374393940436398e-03
1.481760962514705026e-03
1.469276753392947683e-03
1.456920224011764870e-03
1.444689852657193418e-03
1.432584138152504611e-03
1.420601599551108481e-03
1.408740775834439784e-03
1.397000225614712047e-03
1.385378526842542075e-03
1.373874276519384619e-03
1.362486090414433745e-03
1.351212602786320063e-03
1.340052466109210036e-03
1.329004350803239271e-03
1.318066944969511827e-03
1.307238954129118225e-03
1.296519100966538832e-03
1.285906125077073336e-03
1.275398782718404050e-03
1.264995846566005326e-03
1.254696105472603330e-03
1.244498364231413174e-03
1.234401443343187020e-03
1.224404178786948037e-03
1.214505421794413688e-03
1.204704038627941358e-03
1.194998910362136003e-03
1.185388932668697591e-03
1.175873015604960489e-03
1.166450083405558800e-03
1.157119074277495252e-03
1.147878940198382870e-03
1.138728646717941662e-03
1.129667172762556645e-03
1.120693510442964669e-03
1.111806664864919969e-03
1.103005653942879232e-03
1.094289508216502111e-03
1.085657270670216780e-03
1.077107996555392785e-03
1.068640753215443400e-03
1.060254619913582547e-03
1.051948687663305021e-03
1.043722059061462284e-03
1.035573848124004539e-03
1.027503180124155749e-03
1.019509191433227383e-03
1.011591029363788146e-03
1.003747852015365958e-03
9.959788281224408579e-04
9.882831369047917133e-04
9.806599679202225323e-04
9.731085209194903583e-04
9.656280057034582727e-04
9.582176419825100440e-04
9.508766592380174954e-04
9.436042965860119485e-04
9.363998026429153250e-04
9.292624353933301483e-04
9.221914620597931444e-04
9.151861589746075826e-04
9.082458114535122556e-04
9.013697136713968907e-04
8.945571685398275279e-04
8.878074875863670124e-04
8.811199908359171979e-04
8.744940066936041870e-04
8.679288718296849581e-04
8.614239310659808739e-04
8.549785372641270122e-04
8.485920512155166462e-04
8.422638415328349490e-04
8.359932845432306017e-04
8.297797641832091150e-04
8.236226718948797768e-04
8.175214065239336378e-04
8.114753742191063105e-04
8.054839883330724591e-04
7.995466693249082607e-04
7.936628446639040248e-04
7.878319487349667947e-04
7.820534227451807685e-04
7.763267146320212368e-04
7.706512789727218947e-04
7.650265768951114648e-04
7.594520759896562778e-04
7.539272502229312899e-04
7.484515798522461006e-04
7.430245513415802529e-04
7.376456572787447666e-04
7.323143962937869256e-04
7.270302729785461633e-04
7.217927978074051721e-04
7.166014870592040363e-04
