1.202007400692886474e+00
1.620894281718374963e-01
1.618446215673156885e-01
1.615993115576689898e-01
1.613326328455248204e-01
1.610326335126269770e-01
1.606862528736817397e-01
1.602857963478310221e-01
1.598273435569648737e-01
1.593091623438672721e-01
1.587308338839700239e-01
1.580927918000268606e-01
1.573960594821830206e-01
1.566420833179861805e-01
1.558326172653925479e-01
1.549696387440435696e-01
1.540552857281917432e-01
1.530918090488091188e-01
1.520815358642169379e-01
1.510268413833943668e-01
1.499301266935214316e-01
1.487938011124402271e-01
1.476202679174653809e-01
1.464119126250960357e-01
1.451710932342310245e-01
1.439001320174609633e-01
1.426013085670043146e-01
1.412768538868606760e-01
1.399289453810875217e-01
1.385597026274701660e-01
1.371711838520738858e-01
1.357653830373267700e-01
1.343442276074053032e-01
1.329095766418484093e-01
1.314632195730048025e-01
1.300068753259229493e-01
1.285421918615818893e-01
1.270707460860135973e-01
1.255940440894411370e-01
1.241135216809937103e-01
1.226305451861124107e-01
1.211464124753278415e-01
1.196623541947765684e-01
1.181795351705949709e-01
1.166990559611305323e-01
1.152219545327606565e-01
1.137492080369824771e-01
1.122817346682607603e-01
1.108203955839524996e-01
1.093659968693798112e-01
1.079192915328019420e-01
1.064809815166641999e-01
1.050517197130127062e-01
1.036321119724276790e-01
1.022227190971030514e-01
1.008240588100089291e-01
9.943660769316520209e-02
9.806080308911127585e-02
9.669704496063914745e-02
9.534569770466490291e-02
9.400709191694889277e-02
9.268152610504593047e-02
9.136926834748998472e-02
9.007055789778055377e-02
8.878560673224185351e-02
8.751460104121629169e-02
8.625770266347003445e-02
8.501505046400111010e-02
8.378676165570647649e-02
8.257293306562155100e-02
8.137364234663722884e-02
8.018894913578926420e-02
7.901889616030632890e-02
7.786351029277781277e-02
7.672280355684536757e-02
7.559677408490680928e-02
7.448540702937400670e-02
7.338867542905730401e-02
7.230654103227272811e-02
7.123895507826200069e-02
7.018585903854419883e-02
6.914718531977458171e-02
6.812285792968608700e-02
6.711279310766504747e-02
6.611689992147250228e-02
6.513508083159921802e-02
6.416723222470220589e-02
6.321324491752781938e-02
6.227300463268220510e-02
6.134639244758107596e-02
6.043328521784500224e-02
5.953355597637380314e-02
5.864707430929542303e-02
5.777370670991435753e-02
5.691331691176793744e-02
5.606576620183707782e-02
5.523091371491393314e-02
5.440861671010005507e-02
5.359873083034689956e-02
5.280111034592883251e-02
5.201560838268085712e-02
5.124207713581174772e-02
5.048036807005195498e-02
4.973033210686782224e-02
4.899181979943839638e-02
4.826468149605043362e-02
4.754876749254722396e-02
4.684392817442269846e-02
4.615001414913060679e-02
4.546687636915644481e-02
4.479436624634937358e-02
4.413233575801839975e-02
4.348063754523866231e-02
4.283912500382083821e-02
4.220765236834643497e-02
4.158607478967453475e-02
4.097424840628319243e-02
4.037203040981119512e-02
3.977927910512240456e-02
3.919585396522611009e-02
3.862161568133910122e-02
3.805642620838726314e-02
3.750014880620808344e-02
3.695264807671736623e-02
3.641378999727239857e-02
3.588344195047105806e-02
3.536147275059613876e-02
3.484775266691182011e-02
3.434215344400932263e-02
3.384454831937788039e-02
3.335481203838328024e-02
3.287282086680938520e-02
3.239845260112434594e-02
3.193158657661283178e-02
3.147210367351634119e-02
3.101988632131089454e-02
3.057481850124229086e-02
3.013678574724268366e-02
2.970567514533224360e-02
2.928137533161287789e-02
2.886377648895178255e-02
2.845277034244555331e-02
2.804825015375642105e-02
2.765011071439968035e-02
2.725824833805969363e-02
2.687256085201116668e-02
2.649294758771260361e-02
2.611930937063565786e-02
2.575154850939781817e-02
2.538956878424700192e-02
2.503327543496280949e-02
2.468257514821822762e-02
2.433737604445257788e-02
2.399758766430389045e-02
2.366312095463893317e-02
2.333388825422320900e-02
2.300980327907134471e-02
2.269078110750956043e-02
2.237673816498304824e-02
2.206759220864764129e-02
2.176326231176281892e-02
2.146366884792281354e-02
2.116873347515148968e-02
2.087837911987983769e-02
2.059252996083131559e-02
2.031111141284083418e-02
2.003405011061906368e-02
1.976127389248702113e-02
1.949271178409602706e-02
1.922829398214903618e-02
1.896795183813884331e-02
1.871161784211698709e-02
1.845922560650684399e-02
1.821070984997304187e-02
1.796600638135723710e-02
1.772505208369349120e-02
1.748778489830869406e-02
1.725414380902179357e-02
1.702406882644638339e-02
1.679750097240527429e-02
1.657438226446638491e-02
1.635465570060048307e-02
1.613826524397508205e-02
1.592515580788048807e-02
1.571527324080199128e-02
1.550856431163341077e-02
1.530497669504548089e-02
1.510445895700351579e-02
1.490696054044427996e-02
1.471243175111155120e-02
1.452082374355369299e-02
1.433208850728638628e-02
1.414617885311857982e-02
1.396304839964881452e-02
1.378265155993010048e-02
1.360494352830240658e-02
1.342988026739878708e-02
1.325741849532102896e-02
1.308751567298822860e-02
1.292012999165612769e-02
1.275522036061005511e-02
1.259274639502921608e-02
1.243266840402178913e-02
1.227494737883293857e-02
1.211954498122306753e-02
1.196642353201503479e-02
1.181554599981268425e-02
1.166687598988670402e-02
1.152037773322743888e-02
1.137601607576593787e-02
1.123375646775839551e-02
1.109356495333595899e-02
1.095540816021600347e-02
1.081925328957648175e-02
1.068506810608848764e-02
1.055282092810855450e-02
1.042248061802721927e-02
1.029401657277330580e-02
1.016739871447143798e-02
1.004259748125224498e-02
9.919583818213085005e-03
9.798329168526869262e-03
9.678805464698051267e-03
9.560985119964154205e-03
9.444841019840794633e-03
9.330346513807664596e-03
9.217475407135312590e-03
9.106201952849396139e-03
8.996500843831200384e-03
8.888347205052851002e-03
8.781716585944796330e-03
8.676584952894179567e-03
8.572928681872218903e-03
8.470724551188637055e-03
8.369949734370978750e-03
8.270581793168228085e-03
8.172598670674817434e-03
8.075978684575978520e-03
7.980700520509483031e-03
7.886743225544829219e-03
7.794086201776784933e-03
7.702709200030555779e-03
7.612592313679431011e-03
7.523715972570299733e-03
7.436060937057564768e-03
7.349608292142254494e-03
7.264339441715434061e-03
7.180236102903666054e-03
7.097280300516416521e-03
7.015454361590298463e-03
6.934740910033077542e-03
6.855122861362403230e-03
6.776583417538106606e-03
6.699106061889149866e-03
6.622674554129710268e-03
6.547272925465483576e-03
6.472885473789190443e-03
6.399496758960467567e-03
6.327091598172850627e-03
6.255655061403273681e-03
6.185172466944042526e-03
6.115629377015468354e-03
6.047011593458409724e-03
5.979305153503491899e-03
5.912496325618862326e-03
5.846571605431190484e-03
5.781517711722154208e-03
5.717321582496870218e-03
5.653970371123693758e-03
5.591451442544344806e-03
5.529752369552806517e-03
5.468860929141711354e-03
5.408765098915399583e-03
5.349453053567857289e-03
5.290913161425084624e-03
5.233133981050206406e-03
5.176104257910378766e-03
5.119812921104121423e-03
5.064249080148688735e-03
5.009402021825466386e-03
4.955261207083179464e-03
4.901816267997155530e-03
4.849057004784008626e-03
4.796973382870954074e-03
4.745555530018083501e-03
4.694793733493241895e-03
4.644678437298266349e-03
4.595200239445746890e-03
4.546349889285269431e-03
4.498118284878240523e-03
4.450496470420771747e-03
4.403475633713019137e-03
4.357047103674733038e-03
4.311202347906078168e-03
4.265932970292413313e-03
4.221230708653145140e-03
4.177087432432599612e-03
4.133495140433389795e-03
4.090445958590521042e-03
4.047932137786171107e-03
4.005946051703865828e-03
3.964480194721558583e-03
3.923527179843132144e-03
3.883079736667007995e-03
3.843130709391789825e-03
3.803673054857840529e-03
3.764699840624258827e-03
3.726204243080783254e-03
3.688179545593693685e-03
3.650619136684968812e-03
3.613516508244747280e-03
3.576865253775600613e-03
3.540659066668694257e-03
3.504891738510915178e-03
3.469557157422496763e-03
3.434649306424400732e-03
3.400162261835397090e-03
3.366090191697491615e-03
3.332427354230001020e-03
3.299168096311028489e-03
3.266306851986548222e-03
3.233838141005833042e-03
3.201756567383271922e-03
3.170056817985958571e-03
3.138733661146480333e-03
3.107781945300352750e-03
3.077196597648020841e-03
3.046972622840465189e-03
3.017105101688470105e-03
2.987589189894750228e-03
2.958420116808651527e-03
2.929593184202844251e-03
2.901103765072091546e-03
2.872947302453034667e-03
2.845119308265078514e-03
2.817615362171618960e-03
2.790431110461599404e-03
2.763562264950942485e-03
2.737004601903086313e-03
2.710753960968806907e-03
2.684806244144688058e-03
2.659157414750012646e-03
2.633803496421479109e-03
2.608740572125895722e-03
2.583964783189800132e-03
2.559472328346775686e-03
2.535259462800610111e-03
2.511322497305801434e-03
2.487657797263326427e-03
2.464261781832988250e-03
2.441130923060542621e-03
2.418261745020737052e-03
2.395650822974691035e-03
2.373294782542493663e-03
2.351190298889858574e-03
2.329334095929082998e-03
2.307722945533667320e-03
2.286353666767044004e-03
2.265223125124076267e-03
2.244328231786106662e-03
2.223665942888801428e-03
2.203233258802573310e-03
2.183027223425517381e-03
2.163044923488495128e-03
2.143283487872087514e-03
2.123740086935750962e-03
2.104411931857752462e-03
2.085296273987197017e-03
2.066390404206715822e-03
2.047691652306132207e-03
2.029197386367169974e-03
2.010905012158115557e-03
1.992811972539441055e-03
1.974915746879084884e-03
1.957213850478048411e-03
1.939703834005453327e-03
1.922383282943494320e-03
1.905249817041620043e-03
1.888301089780197164e-03
1.871534787843008064e-03
1.854948630598789909e-03
1.838540369591639030e-03
1.822307788039900702e-03
1.806248700343619350e-03
1.790360951600158436e-03
1.774642417128025366e-03
1.759091001998876495e-03
1.743704640577088769e-03
1.728481296067295708e-03
1.713418960069430395e-03
1.698515652141124356e-03
1.683769419367623851e-03
1.669178335938685184e-03
1.654740502732691661e-03
1.640454046907612084e-03
1.626317121498718375e-03
1.612327905023195479e-03
1.598484601091067605e-03
1.584785438022771930e-03
1.571228668472957361e-03
1.557812569060549115e-03
1.544535440004928852e-03
1.531395604768108487e-03
1.518391409702824846e-03
1.505521223706418089e-03
1.492783437880398521e-03
1.480176465195612431e-03
1.467698740162922625e-03
1.455348718509230166e-03
1.443124876858876146e-03
1.431025712420229195e-03
1.419049742677322120e-03
1.407195505086628745e-03
1.395461556778764120e-03
1.383846474264886252e-03
1.372348853148111199e-03
1.360967307839405695e-03
1.349700471278265229e-03
1.338546994657726545e-03
1.327505547153997115e-03
1.316574815660350936e-03
1.305753504525353562e-03
1.295040335295305099e-03
1.284434046460843082e-03
1.273933393207552986e-03
1.263537147170697844e-03
1.253244096193780301e-03
1.243053044091010396e-03
1.232962810413596030e-03
1.222972230219686101e-03
1.213080153848119635e-03
1.203285446695653892e-03
1.193586988997827813e-03
1.183983675613220531e-03
1.174474415811241779e-03
1.165058133063210906e-03
1.155733764836761783e-03
1.146500262393514635e-03
1.137356590589950599e-03
1.128301727681401637e-03
1.119334665129169664e-03
1.110454407410615529e-03
1.101659971832313033e-03
1.092950388346086493e-03
1.084324699367958302e-03
1.075781959599902624e-03
1.067321235854455522e-03
1.058941606881940410e-03
1.050642163200552967e-03
1.042422006928922593e-03
1.034280251621476961e-03
1.026216022106126108e-03
1.018228454324695848e-03
1.010316695175708266e-03
1.002479902359630507e-03
9.947172442264764960e-04
9.870278996258719743e-04
9.794110577592764384e-04
9.718659180346637299e-04
9.643916899232513312e-04
9.569875928185955002e-04
9.496528558977230779e-04
9.423867179844865613e-04
9.351884274149668006e-04
9.280572419049633271e-04
9.209924284194032865e-04
9.139932630439318939e-04
9.070590308582843425e-04
9.001890258116962288e-04
8.933825506001384729e-04
8.866389165454626039e-04
8.799574434763273887e-04
8.733374596110000465e-04
8.667783014419015112e-04
8.602793136218227742e-04
8.538398488519571578e-04
8.474592677715916348e-04
8.411369388494372443e-04
8.348722382765859200e-04
8.286645498611359050e-04
8.225132649242805150e-04
8.164177821981134092e-04
8.103775077247852123e-04
8.043918547573278548e-04
7.984602436618299390e-04
7.925821018211366004e-04
7.867568635399853957e-04
7.809839699515359326e-04
7.752628689252496564e-04
7.695930149761891822e-04
7.639738691756606291e-04
7.584048990631409503e-04
7.528855785595035951e-04
7.474153878815753549e-04
7.419938134578933121e-04
7.366203478457527491e-04
7.312944896493968295e-04
7.260157434395021194e-04
7.207836196738043625e-04
7.155976346188156140e-04
