1.202007400644375279e+00
1.565287030532389323e-01
1.556203299253460792e-01
1.551910163990213309e-01
1.548617982176524743e-01
1.545182922982241414e-01
1.541310405024923225e-01
1.536921287082178567e-01
1.531993276178945929e-01
1.526522818156228756e-01
1.520514996376998440e-01
1.513980013795859503e-01
1.506931438303475146e-01
1.499385106852886007e-01
1.491358391160028107e-01
1.482869702321283900e-01
1.473938157367477575e-01
1.464583352377891445e-01
1.454825202908612836e-01
1.444683825300768221e-01
1.434179442031124352e-01
1.423332300992253829e-01
1.412162603036750397e-01
1.400690434905321469e-01
1.388935706307171669e-01
1.376918090827748686e-01
1.364656970783084400e-01
1.352171386309106715e-01
1.339479988989445980e-01
1.326601000262310204e-01
1.313552174750465817e-01
1.300350768555705860e-01
1.287013512462995279e-01
1.273556589917135551e-01
1.259995619568653469e-01
1.246345642135344156e-01
1.232621111290173321e-01
1.218835888263610640e-01
1.205003239836243273e-01
1.191135839394299456e-01
1.177245770724553720e-01
1.163344534233952260e-01
1.149443055292570653e-01
1.135551694414565910e-01
1.121680259009440045e-01
1.107838016455416214e-01
1.094033708265969573e-01
1.080275565140515481e-01
1.066571322709466835e-01
1.052928237802651240e-01
1.039353105088094559e-01
1.025852273944990734e-01
1.012431665450862217e-01
9.990967893774904685e-02
9.858527611039913374e-02
9.727043183680784966e-02
9.596558377878580681e-02
9.467113510971061907e-02
9.338745610461857138e-02
9.211488569294477846e-02
9.085373297071946963e-02
8.960427866974066125e-02
8.836677658179503680e-02
8.714145493655384156e-02
8.592851773221441003e-02
8.472814601835421122e-02
8.354049913082842171e-02
8.236571587880650580e-02
8.120391568432927532e-02
8.005519967496077527e-02
7.891965173030168756e-02
7.779733948326744697e-02
7.668831527716629681e-02
7.559261707970224564e-02
7.451026935511755045e-02
7.344128389570861448e-02
7.238566061406216667e-02
7.134338829730063614e-02
7.031444532470465525e-02
6.929880035006526218e-02
6.829641295010067947e-02
6.730723424028865753e-02
6.633120745942490404e-02
6.536826852420907219e-02
6.441834655513341279e-02
6.348136437490327355e-02
6.255723898061417432e-02
6.164588199084943682e-02
6.074720006883269768e-02
5.986109532275288997e-02
5.898746568430601050e-02
5.812620526648777652e-02
5.727720470162385447e-02
5.644035146058072605e-02
5.561553015407381256e-02
5.480262281694409793e-02
5.400150917623150471e-02
5.321206690386427046e-02
5.243417185471384301e-02
5.166769829075596593e-02
5.091251909203717979e-02
5.016850595511316430e-02
4.943552957959809063e-02
4.871345984343279645e-02
4.800216596744896758e-02
4.730151666978564540e-02
4.661138031068111365e-02
4.593162502814006343e-02
4.526211886495899034e-02
4.460272988755133866e-02
4.395332629701848015e-02
4.331377653286366120e-02
4.268394936974870268e-02
4.206371400765792495e-02
4.145294015582578345e-02
4.085149811075845794e-02
4.025925882867402439e-02
3.967609399265695919e-02
3.910187607481992872e-02
3.853647839373756240e-02
3.797977516742099408e-02
3.743164156207089838e-02
3.689195373684580476e-02
3.636058888486651264e-02
3.583742527066676592e-02
3.532234226428951351e-02
3.481522037221891630e-02
3.431594126532608313e-02
3.382438780400022493e-02
3.334044406062543209e-02
3.286399533956078228e-02
3.239492819476157831e-02
3.193313044518694688e-02
3.147849118812010710e-02
3.103090081052873803e-02
3.059025099858099506e-02
3.015643474542611599e-02
2.972934635735317507e-02
2.930888145841922462e-02
2.889493699364854146e-02
2.848741123088950958e-02
2.808620376141487615e-02
2.769121549934762047e-02
2.730234867998655723e-02
2.691950685710951113e-02
2.654259489931342156e-02
2.617151898546690725e-02
2.580618659932974041e-02
2.544650652339948763e-02
2.509238883204205003e-02
2.474374488395552837e-02
2.440048731402126234e-02
2.406253002458202256e-02
2.372978817619769351e-02
2.340217817791805793e-02
2.307961767711148512e-02
2.276202554888661841e-02
2.244932188514536450e-02
2.214142798329564454e-02
2.183826633466011760e-02
2.153976061260715405e-02
2.124583566043259167e-02
2.095641747902278473e-02
2.067143321431537048e-02
2.039081114459167371e-02
2.011448066761231668e-02
1.984237228762620459e-02
1.957441760226624056e-02
1.931054928935238557e-02
1.905070109361921976e-02
1.879480781338511985e-02
1.854280528717668769e-02
1.829463038032361905e-02
1.805022097153766505e-02
1.780951593948818315e-02
1.757245514938561570e-02
1.733897943958413040e-02
1.710903060821445526e-02
1.688255139985532158e-02
1.665948549225306635e-02
1.643977748309819256e-02
1.622337287686561116e-02
1.601021807172743616e-02
1.580026034654236772e-02
1.559344784793145235e-02
1.538972957744171727e-02
1.518905537880789990e-02
1.499137592531165665e-02
1.479664270724823268e-02
1.460480801949961757e-02
1.441582494922217378e-02
1.422964736364925459e-02
1.404622989801331163e-02
1.386552794358932202e-02
1.368749763586389959e-02
1.351209584282963075e-02
1.333928015340873387e-02
1.316900886600724449e-02
1.300124097720034913e-02
1.283593617055224512e-02
1.267305480556867384e-02
1.251255790678624559e-02
1.235440715299625063e-02
1.219856486660718560e-02
1.204499400314150426e-02
1.189365814087283216e-02
1.174452147059750796e-02
1.159754878554622622e-02
1.145270547143117761e-02
1.130995749663177632e-02
1.116927140251627003e-02
1.103061429390035826e-02
1.089395382964101697e-02
1.075925821336703482e-02
1.062649618434215355e-02
1.049563700846471714e-02
1.036665046939774966e-02
1.023950685983348804e-02
1.011417697288773641e-02
9.990632093625389717e-03
9.868843990714856046e-03
9.748784908210125083e-03
9.630427557461570393e-03
9.513745109150663001e-03
9.398711185450523559e-03
9.285299852309539248e-03
9.173485611857642996e-03
9.063243394932710140e-03
8.954548553727242552e-03
8.847376854552916822e-03
8.741704470722290454e-03
8.637507975545825542e-03
8.534764335443622771e-03
8.433450903168838650e-03
8.333545411143949977e-03
8.235025964905863527e-03
8.137871036659999335e-03
8.042059458941647546e-03
7.947570418382945631e-03
7.854383449584289439e-03
7.762478429088222158e-03
7.671835569455338032e-03
7.582435413440290900e-03
7.494258828265655016e-03
7.407286999993997235e-03
7.321501427995280933e-03
7.236883919508899088e-03
7.153416584298350270e-03
7.071081829398164625e-03
6.989862353950888028e-03
6.909741144133199793e-03
6.830701468168554925e-03
6.752726871428023185e-03
6.675801171613916958e-03
6.599908454028705941e-03
6.525033066925003261e-03
6.451159616937368092e-03
6.378272964593003497e-03
6.306358219901609698e-03
6.235400738022122032e-03
6.165386115004687327e-03
6.096300183608808522e-03
6.028129009193321577e-03
5.960858885679566448e-03
5.894476331585524718e-03
5.828968086129597721e-03
5.764321105403112655e-03
5.700522558610597416e-03
5.637559824376458043e-03
5.575420487116755121e-03
5.514092333475361860e-03
5.453563348823378849e-03
5.393821713820258143e-03
5.334855801036359965e-03
5.276654171635006101e-03
5.219205572113694291e-03
5.162498931103398116e-03
5.106523356224318237e-03
5.051268130997824818e-03
4.996722711813628322e-03
4.942876724950367659e-03
4.889719963649368471e-03
4.837242385241246299e-03
4.785434108322476725e-03
4.734285409983499809e-03
4.683786723085385517e-03
4.633928633585482522e-03
4.584701877910630531e-03
4.536097340377138153e-03
4.488106050657067470e-03
4.440719181289391575e-03
4.393928045235637354e-03
4.347724093479299681e-03
4.302098912667993123e-03
4.257044222797407018e-03
4.212551874937122028e-03
4.168613848996333138e-03
4.125222251530089729e-03
4.082369313583962371e-03
4.040047388577867535e-03
3.998248950226932982e-03
3.956966590499806299e-03
3.916193017613510581e-03
3.875921054063311173e-03
3.836143634688552774e-03
3.796853804772213486e-03
3.758044718174788183e-03
3.719709635501099957e-03
3.681841922299687511e-03
3.644435047294452331e-03
3.607482580647441116e-03
3.570978192252880542e-03
3.534915650061002876e-03
3.499288818431962964e-03
3.464091656519091567e-03
3.429318216680350521e-03
3.394962642918431667e-03
3.361019169348115638e-03
3.327482118691124299e-03
3.294345900797243827e-03
3.261605011192017685e-03
3.229254029649614773e-03
3.197287618791480775e-03
3.165700522709273892e-03
3.134487565612410244e-03
3.103643650499169401e-03
3.073163757851639366e-03
3.043042944353219030e-03
3.013276341628896241e-03
2.983859155007837459e-03
2.954786662307474100e-03
2.926054212639047844e-03
2.897657225234138729e-03
2.869591188291911038e-03
2.841851657846212673e-03
2.814434256653025428e-03
2.787334673096851945e-03
2.760548660116717186e-03
2.734072034150603070e-03
2.707900674098526195e-03
2.682030520303520932e-03
2.656457573550715257e-03
2.631177894083437229e-03
2.606187600636687782e-03
2.581482869487623788e-03
2.557059933521895617e-03
2.532915081317186658e-03
2.509044656241524000e-03
2.485445055568199536e-03
2.462112729605591462e-03
2.439044180841792950e-03
2.416235963104649068e-03
2.393684680735839315e-03
2.371386987779388299e-03
2.349339587184106661e-03
2.327539230019840845e-03
2.305982714707250671e-03
2.284666886260700545e-03
2.263588635544253481e-03
2.242744898540428335e-03
2.222132655631582372e-03
2.201748930893360559e-03
2.181590791400549005e-03
2.161655346544524153e-03
2.141939747362683281e-03
2.122441185878972455e-03
2.103156894455818129e-03
2.084084145157278061e-03
2.065220249122700323e-03
2.046562555951240807e-03
2.028108453096809025e-03
2.009855365273304287e-03
1.991800753869706411e-03
1.973942116375532272e-03
1.956276985815527582e-03
1.938802930194229038e-03
1.921517551949705966e-03
1.904418487416694198e-03
1.887503406298705845e-03
1.870770011148919793e-03
1.854216036859882445e-03
1.837839250161959689e-03
1.821637449129809815e-03
1.805608462697449144e-03
1.789750150181345333e-03
1.774060400811417306e-03
1.758537133269970267e-03
1.743178295238321813e-03
1.727981862950849195e-03
1.712945840756611039e-03
1.698068260688226057e-03
1.683347182037838331e-03
1.668780690940262820e-03
1.654366899962906494e-03
1.640103947702508877e-03
1.625989998388635213e-03
1.612023241493629752e-03
1.598201891349035862e-03
1.584524186768396020e-03
1.570988390676124856e-03
1.557592789742648668e-03
1.544335694025405483e-03
1.531215436615878268e-03
1.518230373292240839e-03
1.505378882177834396e-03
1.492659363405204062e-03
1.480070238785537780e-03
1.467609951483606458e-03
1.455276965697934084e-03
1.443069766346211265e-03
1.430986858755856550e-03
1.419026768359437371e-03
1.407188040395292118e-03
1.395469239612793242e-03
1.383868949982493615e-03
1.372385774410838461e-03
1.361018334459723885e-03
1.349765270070220260e-03
1.338625239291146331e-03
1.327596918011694554e-03
1.316678999698481928e-03
1.305870195136870629e-03
1.295169232176353541e-03
1.284574855479977355e-03
1.274085826277996433e-03
1.263700922125130573e-03
1.253418936662018413e-03
1.243238679380227881e-03
1.233158975391196888e-03
1.223178665198684009e-03
1.213296604474954458e-03
1.203511663840479105e-03
1.193822728647089479e-03
1.184228698764616975e-03
1.174728488370882246e-03
1.165321025744953240e-03
1.156005253063806552e-03
1.146780126201987250e-03
1.137644614534614974e-03
1.128597700743331914e-03
1.119638380625434656e-03
1.110765662905832760e-03
1.101978569052141982e-03
1.093276133092482361e-03
1.084657401436298421e-03
1.076121432697815274e-03
1.067667297522340323e-03
1.059294078415260083e-03
1.051000869573657940e-03
1.042786776720567394e-03
1.034650916941822624e-03
1.026592418525352395e-03
1.018610420803053515e-03
1.010704073995056899e-03
1.002872539056420082e-03
9.951149875261312491e-04
9.874306013784900533e-04
9.798185728768092802e-04
9.722781044292088011e-04
9.648084084467861005e-04
9.574087072039052246e-04
9.500782327005740128e-04
9.428162265269478823e-04
9.356219397299933441e-04
9.284946326820219843e-04
9.214335749513366883e-04
9.144380451748139243e-04
9.075073309324488673e-04
9.006407286237167777e-04
8.938375433459285532e-04
8.870970887743068016e-04
8.804186870439794331e-04
8.738016686336787025e-04
8.672453722512011047e-04
8.607491447206490473e-04
8.543123408713098861e-04
8.479343234282121127e-04
8.416144629043413464e-04
8.353521374944394796e-04
8.291467329704601576e-04
8.229976425784781740e-04
8.169042669372630081e-04
8.108660139382269138e-04
8.048822986470025639e-04
7.989525432063712858e-04
7.930761767406793641e-04
7.872526352617067406e-04
7.814813615758414191e-04
7.757618051927139650e-04
7.700934222351017147e-04
7.644756753502723705e-04
7.589080336225059080e-04
7.533899724869973225e-04
7.479209736449854993e-04
7.425005249801135219e-04
7.371281204760821073e-04
7.318032601354203118e-04
7.265254498995278977e-04
7.212942015697901927e-04
7.161090327299776204e-04
