1.202007400597850051e+00
1.663376171730935604e-01
1.670206963016147850e-01
1.673469339859854910e-01
1.674318964250427755e-01
1.673525149632740794e-01
1.671437607857878815e-01
1.668234753121956571e-01
1.664027233603162792e-01
1.658895491201675954e-01
1.652904232927049633e-01
1.646108762846670293e-01
1.638558199835112861e-01
1.630297338466316914e-01
1.621367820814856031e-01
1.611808908314606714e-01
1.601658000105133650e-01
1.590950982769772648e-01
1.579722465190188108e-01
1.568005934152188474e-01
1.555833854947051009e-01
1.543237733742854612e-01
1.530248153504007169e-01
1.516894791846494783e-01
1.503206426881603663e-01
1.489210935462632057e-01
1.474935287075761214e-01
1.460405535756835460e-01
1.445646811773471097e-01
1.430683314322886701e-01
1.415538306119307754e-01
1.400234110452176495e-01
1.384792111068239018e-01
1.369232755054177186e-01
1.353575558759876896e-01
1.337839116699477693e-01
1.322041113290886860e-01
1.306198337239492246e-01
1.290326698334879618e-01
1.274441246406292916e-01
1.258556192171045585e-01
1.242684929707101871e-01
1.226840060285475237e-01
1.211033417307058185e-01
1.195276092101990456e-01
1.179578460364945347e-01
1.163950209017514947e-01
1.148400363306995992e-01
1.132937313969717558e-01
1.117568844305447673e-01
1.102302157027632290e-01
1.087143900771413152e-01
1.072100196157840107e-01
1.057176661327789563e-01
1.042378436873570013e-01
1.027710210108708222e-01
1.013176238628710896e-01
9.987803731257173523e-02
9.845260794299046103e-02
9.704164597585682173e-02
9.564542731614757154e-02
9.426419551576425970e-02
9.289816365639505524e-02
9.154751615213008176e-02
9.021241047278738545e-02
8.889297878925692120e-02
8.758932954245794711e-02
8.630154893774431846e-02
8.502970236677417915e-02
8.377383575901646562e-02
8.253397686516270038e-02
8.131013647481417916e-02
8.010230957084148173e-02
7.891047642285695107e-02
7.773460362225033393e-02
7.657464506121061665e-02
7.543054285816531979e-02
7.430222823198393001e-02
7.318962232729950279e-02
7.209263699321587227e-02
7.101117551760288693e-02
6.994513331914359311e-02
6.889439859921146769e-02
6.785885295557045338e-02
6.683837195985130319e-02
6.583282570064453998e-02
6.484207929401625270e-02
6.386599336312859254e-02
6.290442448862636204e-02
6.195722563133913841e-02
6.102424652879249317e-02
6.010533406694681946e-02
5.920033262853631462e-02
5.830908441926484220e-02
5.743142977311862379e-02
5.656720743793536982e-02
5.571625484234435377e-02
5.487840834512971999e-02
5.405350346800433942e-02
5.324137511273945023e-02
5.244185776354883671e-02
5.165478567556101852e-02
5.087999305019488827e-02
5.011731419818113431e-02
4.936658369096142557e-02
4.862763650112710001e-02
4.790030813255188175e-02
4.718443474081353284e-02
4.647985324448437872e-02
4.578640142782561956e-02
4.510391803539598454e-02
4.443224285906485077e-02
4.377121681787091850e-02
4.312068203117101067e-02
4.248048188547257770e-02
4.185046109534028280e-02
4.123046575873583197e-02
4.062034340712879221e-02
4.001994305070784297e-02
3.942911521898483790e-02
3.884771199708798167e-02
3.827558705801010347e-02
3.771259569106310411e-02
3.715859482678837700e-02
3.661344305853626857e-02
3.607700066094117475e-02
3.554912960548669426e-02
3.502969357334725919e-02
3.451855796569679863e-02
3.401558991164062989e-02
3.352065827393730518e-02
3.303363365265560986e-02
3.255438838691281783e-02
3.208279655482210863e-02
3.161873397177720341e-02
3.116207818719255243e-02
3.071270847980812208e-02
3.027050585166615043e-02
2.983535302085494820e-02
2.940713441311798224e-02
2.898573615240867749e-02
2.857104605047900564e-02
2.816295359557570085e-02
2.776134994032041295e-02
2.736612788883591163e-02
2.697718188319214727e-02
2.659440798922135807e-02
2.621770388177107128e-02
2.584696882943802315e-02
2.548210367883966404e-02
2.512301083846846944e-02
2.476959426217285876e-02
2.442175943230578267e-02
2.407941334258385455e-02
2.374246448068575641e-02
2.341082281063460585e-02
2.308439975498639829e-02
2.276310817685938542e-02
2.244686236183543807e-02
2.213557799975196180e-02
2.182917216641552458e-02
2.152756330525783593e-02
2.123067120895479748e-02
2.093841700102949677e-02
2.065072311745884057e-02
2.036751328829733074e-02
2.008871251933950705e-02
1.981424707383164924e-02
1.954404445424883993e-02
1.927803338414938936e-02
1.901614379011894521e-02
1.875830678381586181e-02
1.850445464412574931e-02
1.825452079943855679e-02
1.800843981005262676e-02
1.776614735071640333e-02
1.752758019331381381e-02
1.729267618970019987e-02
1.706137425469519617e-02
1.683361434923761474e-02
1.660933746370694269e-02
1.638848560141749691e-02
1.617100176228623495e-02
1.595682992668085581e-02
1.574591503945028600e-02
1.553820299413899084e-02
1.533364061738920654e-02
1.513217565353200053e-02
1.493375674937068992e-02
1.473833343915468934e-02
1.454585612974886207e-02
1.435627608599615232e-02
1.416954541627648938e-02
1.398561705826023398e-02
1.380444476485722521e-02
1.362598309036406122e-02
1.345018737680341893e-02
1.327701374046165277e-02
1.310641905861928760e-02
1.293836095647658488e-02
1.277279779427208974e-02
1.260968865459381749e-02
1.244899332988133600e-02
1.229067231011799106e-02
1.213468677071328876e-02
1.198099856057030510e-02
1.182957019034221700e-02
1.168036482087139727e-02
1.153334625181186464e-02
1.138847891043353981e-02
1.124572784060639576e-02
1.110505869196102419e-02
1.096643770922753162e-02
1.082983172174597879e-02
1.069520813315171133e-02
1.056253491122890846e-02
1.043178057793383434e-02
1.030291419958401233e-02
1.017590537721176601e-02
1.005072423708021356e-02
9.927341421359033719e-03
9.805728078959687413e-03
9.685855856525229374e-03
9.567696889575176208e-03
9.451223793801822801e-03
9.336409656517276681e-03
9.223228028246863164e-03
9.111652914469178799e-03
9.001658767500048813e-03
8.893220478516539185e-03
8.786313369721956631e-03
8.680913186647404300e-03
8.576996090588274654e-03
8.474538651175192103e-03
8.373517839074643559e-03
8.273911018819971736e-03
8.175695941768612932e-03
8.078850739185437085e-03
7.983353915448231433e-03
7.889184341375374623e-03
7.796321247671513660e-03
7.704744218492181294e-03
7.614433185122199133e-03
7.525368419768919438e-03
7.437530529466118007e-03
7.350900450088456578e-03
7.265459440473411371e-03
7.181189076649221840e-03
7.098071246168002717e-03
7.016088142540461391e-03
6.935222259772282245e-03
6.855456386999064095e-03
6.776773603218937299e-03
6.699157272120731185e-03
6.622591037006990942e-03
6.547058815808015457e-03
6.472544796188173764e-03
6.399033430740444332e-03
6.326509432269391414e-03
6.254957769159658933e-03
6.184363660829634950e-03
6.114712573267623921e-03
6.045990214650363674e-03
5.978182531041088127e-03
5.911275702166624013e-03
5.845256137271963824e-03
5.780110471050606269e-03
5.715825559649396169e-03
5.652388476746787391e-03
5.589786509703075119e-03
5.528007155780947750e-03
5.467038118435535270e-03
5.406867303672792738e-03
5.347482816474001012e-03
5.288872957286879124e-03
5.231026218580038349e-03
5.173931281461417210e-03
5.117577012358566317e-03
5.061952459759789906e-03
5.007046851015097173e-03
4.952849589195921706e-03
4.899350250012592459e-03
4.846538578787888338e-03
4.794404487486805637e-03
4.742938051800199908e-03
4.692129508282218142e-03
4.641969251540018111e-03
4.592447831475376767e-03
4.543555950576315915e-03
4.495284461258799817e-03
4.447624363256769131e-03
4.400566801060284798e-03
4.354103061400353344e-03
4.308224570779548013e-03
4.262922893048633893e-03
4.218189727026189911e-03
4.174016904163144540e-03
4.130396386248688136e-03
4.087320263159191676e-03
4.044780750647169847e-03
4.002770188171485451e-03
3.961281036766461060e-03
3.920305876950190213e-03
3.879837406670773141e-03
3.839868439289957462e-03
3.800391901603588848e-03
3.761400831897692473e-03
3.722888378040414229e-03
3.684847795608145980e-03
3.647272446045977945e-03
3.610155794861227927e-03
3.573491409850045215e-03
3.537272959355674488e-03
3.501494210558834218e-03
3.466149027798482666e-03
3.431231370923407738e-03
3.396735293673095509e-03
3.362654942088273355e-03
3.328984552949743395e-03
3.295718452245876597e-03
3.262851053667041503e-03
3.230376857127600747e-03
3.198290447314456643e-03
3.166586492261358726e-03
3.135259741949192238e-03
3.104305026931191130e-03
3.073717256982748999e-03
3.043491419775533509e-03
3.013622579575275882e-03
2.984105875962823895e-03
2.954936522578055502e-03
2.926109805886377251e-03
2.897621083966707249e-03
2.869465785321970511e-03
2.841639407709684560e-03
2.814137516994166636e-03
2.786955746018954325e-03
2.760089793498809486e-03
2.733535422932098242e-03
2.707288461531773705e-03
2.681344799175843993e-03
2.655700387375837124e-03
2.630351238264202595e-03
2.605293423598790872e-03
2.580523073785635085e-03
2.556036376918412525e-03
2.531829577835104182e-03
2.507898977191217425e-03
2.484240930549097386e-03
2.460851847483511764e-03
2.437728190702752318e-03
2.414866475185115970e-03
2.392263267330563877e-03
2.369915184127271372e-03
2.347818892332475052e-03
2.325971107668024698e-03
2.304368594029516763e-03
2.283008162709578882e-03
2.261886671634429774e-03
2.241001024613703714e-03
2.220348170603415969e-03
2.199925102981724421e-03
2.179728858837006854e-03
2.159756518268619949e-03
2.140005203699277010e-03
2.120472079199792106e-03
2.101154349825148492e-03
2.082049260962015765e-03
2.063154097687771703e-03
2.044466184139988839e-03
2.025982882897597436e-03
2.007701594371695281e-03
1.989619756207585896e-03
1.971734842696513425e-03
1.954044364197869612e-03
1.936545866570872588e-03
1.919236930616340878e-03
1.902115171527568854e-03
1.885178238350930730e-03
1.868423813455327319e-03
1.851849612010943689e-03
1.835453381476537119e-03
1.819232901095670573e-03
1.803185981401366324e-03
1.787310463729021616e-03
1.771604219737877390e-03
1.756065150940072086e-03
1.740691188238142027e-03
1.725480291469865760e-03
1.710430448961087688e-03
1.695539677085827323e-03
1.680806019833876262e-03
1.666227548385561729e-03
1.651802360693725713e-03
1.637528581072618698e-03
1.623404359793651419e-03
1.609427872687812285e-03
1.595597320754951493e-03
1.581910929779262653e-03
1.568366949951347476e-03
1.554963655496466269e-03
1.541699344308987895e-03
1.528572337592808486e-03
1.515580979507851660e-03
1.502723636822336697e-03
1.489998698570628834e-03
1.477404575717065037e-03
1.464939700824974397e-03
1.452602527731288460e-03
1.440391531226541556e-03
1.428305206739995288e-03
1.416342070029992560e-03
1.404500656879297633e-03
1.392779522795568794e-03
1.381177242716542320e-03
1.369692410720112479e-03
1.358323639739105046e-03
1.347069561280672331e-03
1.335928825150276130e-03
1.324900099180129987e-03
1.313982068962029010e-03
1.303173437584492864e-03
1.292472925374191358e-03
1.281879269641469400e-03
1.271391224430096223e-03
1.261007560270862443e-03
1.250727063939368862e-03
1.240548538217420673e-03
1.230470801658521685e-03
1.220492688356921481e-03
1.210613047720478534e-03
1.200830744247086438e-03
1.191144657304709677e-03
1.181553680914835701e-03
1.172056723539530035e-03
1.162652707871711681e-03
1.153340570628843750e-03
1.144119262349888424e-03
1.134987747195469404e-03
1.125945002751192877e-03
1.116990019834036970e-03
1.108121802301874131e-03
1.099339366865928437e-03
1.090641742906229856e-03
1.082027972289893074e-03
1.073497109192362480e-03
1.065048219921370908e-03
1.056680382743618862e-03
1.048392687714347479e-03
1.040184236509331638e-03
1.032054142259676609e-03
1.024001529389100560e-03
1.016025533453754088e-03
1.008125300984595444e-03
1.000299989332068158e-03
9.925487665133762068e-04
9.848708110619592334e-04
9.772653118793853295e-04
9.697314680894672956e-04
9.622684888947331382e-04
9.548755934349588284e-04
9.475520106480129047e-04
9.402969791327593250e-04
9.331097470140712604e-04
9.259895718099687327e-04
9.189357203006862400e-04
9.119474683998719236e-04
9.050241010276239163e-04
8.981649119855701939e-04
8.913692038337462514e-04
8.846362877694549176e-04
8.779654835078785653e-04
8.713561191645352241e-04
8.648075311395199416e-04
8.583190640035025503e-04
8.518900703854221041e-04
8.455199108618808006e-04
8.392079538482344640e-04
8.329535754912880795e-04
8.267561595636362809e-04
8.206150973595514268e-04
8.145297875924475657e-04
8.084996362939067364e-04
8.025240567141930098e-04
7.966024692242259760e-04
7.907343012190919552e-04
7.849189870228766340e-04
7.791559677950390039e-04
7.734446914381156151e-04
7.677846125067501601e-04
7.621751921181797902e-04
7.566158978639228377e-04
7.511062037229215360e-04
7.456455899757880252e-04
7.402335431204614454e-04
7.348695557890500647e-04
7.295531266658932413e-04
7.242837604068281523e-04
7.190609675596551075e-04
7.138842644857838846e-04
