1.202007399087743345e+00
1.549225818433707380e-01
1.546947711998493402e-01
1.543197809832089762e-01
1.539828794021413372e-01
1.536495285574492331e-01
1.532900070083522970e-01
1.528888411134855518e-01
1.524388088370278449e-01
1.519368103437377937e-01
1.513818136390839286e-01
1.507738857675592903e-01
1.501137273884093626e-01
1.494024380894423132e-01
1.486413898296607694e-01
1.478321527167621996e-01
1.469764470596826578e-01
1.460761092101981740e-01
1.451330650886402951e-01
1.441493083602491954e-01
1.431268817291403983e-01
1.420678605546402129e-01
1.409743383573848763e-01
1.398484139599731613e-01
1.386921800932883753e-01
1.375077133417694497e-01
1.362970653217809580e-01
1.350622549983982179e-01
1.338052620525634062e-01
1.325280212153842618e-01
1.312324174903285734e-01
1.299202821878598368e-01
1.285933897006998616e-01
1.272534549515810243e-01
1.259021314490228194e-01
1.245410098903326906e-01
1.231716172546657995e-01
1.217954163326385036e-01
1.204138056425348574e-01
1.190281196866875973e-01
1.176396295050363278e-01
1.162495434862250848e-01
1.148590083998252825e-01
1.134691106163983748e-01
1.120808774850508976e-01
1.106952788410305727e-01
1.093132286185254931e-01
1.079355865463846598e-01
1.065631599068650320e-01
1.051967053396379165e-01
1.038369306754258758e-01
1.024844967854385835e-01
1.011400194345809522e-01
9.980407112793723834e-02
9.847718294151984464e-02
9.715984632956188582e-02
9.585251490181685707e-02
9.455560616542009467e-02
9.326950322677524108e-02
9.199455644982675040e-02
9.073108506782351368e-02
8.947937874632243271e-02
8.823969909581363957e-02
8.701228113282659382e-02
8.579733468886238668e-02
8.459504576684709343e-02
8.340557784518251583e-02
8.222907312971244886e-02
8.106565375421080633e-02
7.991542293016169751e-02
7.877846604680435738e-02
7.765485172253389079e-02
7.654463280887620347e-02
7.544784734833320794e-02
7.436451948746850005e-02
7.329466034665392538e-02
7.223826884792759750e-02
7.119533250243555156e-02
7.016582815894940872e-02
6.914972271492123013e-02
6.814697379156771373e-02
6.715753037442424855e-02
6.618133342080832759e-02
6.521831643559065916e-02
6.426840601665020913e-02
6.333152237134755114e-02
6.240757980532244537e-02
6.149648718486855348e-02
6.059814837411309218e-02
5.971246264817556965e-02
5.883932508344610901e-02
5.797862692607690799e-02
5.713025593973957567e-02
5.629409673366002342e-02
5.547003107190543597e-02
5.465793816484245532e-02
5.385769494367499688e-02
5.306917631889179060e-02
5.229225542345711936e-02
5.152680384151212684e-02
5.077269182333138398e-02
5.002978848724574240e-02
4.929796200920211896e-02
4.857707980060864406e-02
4.786700867507658053e-02
4.716761500464163731e-02
4.647876486601928286e-02
4.580032417743018502e-02
4.513215882648642652e-02
4.447413478962668199e-02
4.382611824355012176e-02
4.318797566908028768e-02
4.255957394787088927e-02
4.194078045234292396e-02
4.133146312922141713e-02
4.073149057702163400e-02
4.014073211782421408e-02
3.955905786364875137e-02
3.898633877772744033e-02
3.842244673096778529e-02
3.786725455386653200e-02
3.732063608413983130e-02
3.678246621030580032e-02
3.625262091145109444e-02
3.573097729340572043e-02
3.521741362152015775e-02
3.471180935025711817e-02
3.421404514977118699e-02
3.372400292965538338e-02
3.324156586003068625e-02
3.276661839012023208e-02
3.229904626447246269e-02
3.183873653696858708e-02
3.138557758274961723e-02
3.093945910819109399e-02
3.050027215904392228e-02
3.006790912685989789e-02
2.964226375380379225e-02
2.922323113596080393e-02
2.881070772523076570e-02
2.840459132990351757e-02
2.800478111400280662e-02
2.761117759547711617e-02
2.722368264331877577e-02
2.684219947368490095e-02
2.646663264508390331e-02
2.609688805270174092e-02
2.573287292192116826e-02
2.537449580110106781e-02
2.502166655366296066e-02
2.467429634954463116e-02
2.433229765606404957e-02
2.399558422824483311e-02
2.366407109864436878e-02
2.333767456672717136e-02
2.301631218782471816e-02
2.269990276171370697e-02
2.238836632085396128e-02
2.208162411831349550e-02
2.177959861541630890e-02
2.148221346913692029e-02
2.118939351927544290e-02
2.090106477543336727e-02
2.061715440381716238e-02
2.033759071389436290e-02
2.006230314491941336e-02
1.979122225235234803e-02
1.952427969418904855e-02
1.926140821722168231e-02
1.900254164324232872e-02
1.874761485521149115e-02
1.849656378340007110e-02
1.824932539152388997e-02
1.800583766287876600e-02
1.776603958649221326e-02
1.752987114330134197e-02
1.729727329236610892e-02
1.706818795713055045e-02
1.684255801173825326e-02
1.662032726741304034e-02
1.640144045891015617e-02
1.618584323104750242e-02
1.597348212532178138e-02
1.576430456661783580e-02
1.555825885001409919e-02
1.535529412769186079e-02
1.515536039595298708e-02
1.495840848234800471e-02
1.476439003292257489e-02
1.457325749958166689e-02
1.438496412757891800e-02
1.419946394313060037e-02
1.401671174115993318e-02
1.383666307317157201e-02
1.365927423526007954e-02
1.348450225625341670e-02
1.331230488599411885e-02
1.314264058375791411e-02
1.297546850681253160e-02
1.281074849911695290e-02
1.264844108016193250e-02
1.248850743395219995e-02
1.233090939813248632e-02
1.217560945325435115e-02
1.202257071218744075e-02
1.187175690967342059e-02
1.172313239202245859e-02
1.157666210695225233e-02
1.143231159357036182e-02
1.129004697249712426e-02
1.114983493613050727e-02
1.101164273905234220e-02
1.087543818857331611e-02
1.074118963541827176e-02
1.060886596454908501e-02
1.047843658612573371e-02
1.034987142660341239e-02
1.022314091996506281e-02
1.009821599908864061e-02
9.975068087246742946e-03
9.853669089739442236e-03
9.733991385656911785e-03
9.616007819771628384e-03
9.499691694560127506e-03
9.385016762349492059e-03
9.271957217591181993e-03
9.160487689258344987e-03
9.050583233366018415e-03
8.942219325612361241e-03
8.835371854140674705e-03
8.730017112418827357e-03
8.626131792236722828e-03
8.523692976818812717e-03
8.422678134050613774e-03
8.323065109818297835e-03
8.224832121459333539e-03
8.127957751322266444e-03
8.032420940435438042e-03
7.938200982281960055e-03
7.845277516679873692e-03
7.753630523766331592e-03
7.663240318083844836e-03
7.574087542767287892e-03
7.486153163830407305e-03
7.399418464549983171e-03
7.313865039946360579e-03
7.229474791359489713e-03
7.146229921117667853e-03
7.064112927299196626e-03
6.983106598583956916e-03
6.903194009195302155e-03
6.824358513928587174e-03
6.746583743267415070e-03
6.669853598584364260e-03
6.594152247425839192e-03
6.519464118878877217e-03
6.445773899020049505e-03
6.373066526443392499e-03
6.301327187867079328e-03
6.230541313817513673e-03
6.160694574389235373e-03
6.091772875080106973e-03
6.023762352698731545e-03
5.956649371345755853e-03
5.890420518465068131e-03
5.825062600965405686e-03
5.760562641410298459e-03
5.696907874276190692e-03
5.634085742276071819e-03
5.572083892749392885e-03
5.510890174114999387e-03
5.450492632388326091e-03
5.390879507759339245e-03
5.332039231232568038e-03
5.273960421325743671e-03
5.216631880828496298e-03
5.160042593617900596e-03
5.104181721531191734e-03
5.049038601294151239e-03
4.994602741504564243e-03
4.940863819669051582e-03
4.887811679293194329e-03
4.835436327023523093e-03
4.783727929840483027e-03
4.732676812301583533e-03
4.682273453833803688e-03
4.632508486074406011e-03
4.583372690259257358e-03
4.534856994657820821e-03
4.486952472053867130e-03
4.439650337271574231e-03
4.392941944745337550e-03
4.346818786133333466e-03
4.301272487973704928e-03
4.256294809382569523e-03
4.211877639793080649e-03
4.168012996734939829e-03
4.124693023653693176e-03
4.081909987768704388e-03
4.039656277969498957e-03
3.997924402749751006e-03
3.956706988177882342e-03
3.915996775904257224e-03
3.875786621203357405e-03
3.836069491051361576e-03
3.796838462237771793e-03
3.758086719510654507e-03
3.719807553754955840e-03
3.681994360203187221e-03
3.644640636678192144e-03
3.607739981866647880e-03
3.571286093623945741e-03
3.535272767308480536e-03
3.499693894146158491e-03
3.464543459623477782e-03
3.429815541909461002e-03
3.395504310305143270e-03
3.361604023721018013e-03
3.328109029181315019e-03
3.295013760354367858e-03
3.262312736109639240e-03
3.230000559099788400e-03
3.198071914367825626e-03
3.166521567979217310e-03
3.135344365677749778e-03
3.104535231565268977e-03
3.074089166804609956e-03
3.044001248345714825e-03
3.014266627673518016e-03
2.984880529578566848e-03
2.955838250948829120e-03
2.927135159582605790e-03
2.898766693023018849e-03
2.870728357411893826e-03
2.843015726364590823e-03
2.815624439864191156e-03
2.788550203174925118e-03
2.761788785774899405e-03
2.735336020307252945e-03
2.709187801549750238e-03
2.683340085402184227e-03
2.657788887891723590e-03
2.632530284195225192e-03
2.607560407678867747e-03
2.582875448954328242e-03
2.558471654951416548e-03
2.534345328006710248e-03
2.510492824968207914e-03
2.486910556315113496e-03
2.463594985293504711e-03
2.440542627066175432e-03
2.417750047877707201e-03
2.395213864233856557e-03
2.372930742095014003e-03
2.350897396083574589e-03
2.329110588705029725e-03
2.307567129582327025e-03
2.286263874703608340e-03
2.265197725682661575e-03
2.244365629032103217e-03
2.223764575449143667e-03
2.203391599113433200e-03
2.183243776996956435e-03
2.163318228185795791e-03
2.143612113213363198e-03
2.124122633405141260e-03
2.104847030234397419e-03
2.085782584689112231e-03
2.066926616649407064e-03
2.048276484275781285e-03
2.029829583407548755e-03
2.011583346971624123e-03
1.993535244401237801e-03
1.975682781064474688e-03
1.958023497702576776e-03
1.940554969877456059e-03
1.923274807429006458e-03
1.906180653941034510e-03
1.889270186216557984e-03
1.872541113761740181e-03
1.855991178278535141e-03
1.839618153165802419e-03
1.823419843028997473e-03
1.807394083197699092e-03
1.791538739251556309e-03
1.775851706553960904e-03
1.760330909793498839e-03
1.744974302533215324e-03
1.729779866767139915e-03
1.714745612484405799e-03
1.699869577240502696e-03
1.685149825735598756e-03
1.670584449400032293e-03
1.656171565986438174e-03
1.641909319168790128e-03
1.627795878148099833e-03
1.613829437264307012e-03
1.600008215615034493e-03
1.586330456680293136e-03
1.572794427953423321e-03
1.559398420578158055e-03
1.546140748991623598e-03
1.533019750573163349e-03
1.520033785298972396e-03
1.507181235402273644e-03
1.494460505039145676e-03
1.481870019959764025e-03
1.469408227185021185e-03
1.457073594688401523e-03
1.444864611082965176e-03
1.432779785313547391e-03
1.420817646353802945e-03
1.408976742908371691e-03
1.397255643119526625e-03
1.385652934278954352e-03
1.374167222543903801e-03
1.362797132658017610e-03
1.351541307676710872e-03
1.340398408696846788e-03
1.329367114590859723e-03
1.318446121745096020e-03
1.307634143802373448e-03
1.296929911408680348e-03
1.286332171963848817e-03
1.275839689376286491e-03
1.265451243821602350e-03
1.255165631505120042e-03
1.244981664428041705e-03
1.234898170157470478e-03
1.224913991600055105e-03
1.215027986779155817e-03
1.205239028615616697e-03
1.195546004711963480e-03
1.185947817140036321e-03
1.176443382231979898e-03
1.167031630374502612e-03
1.157711505806369515e-03
1.148481966419118367e-03
1.139341983560930496e-03
1.130290541843470640e-03
1.121326638951849943e-03
1.112449285457535377e-03
1.103657504634203207e-03
1.094950332276420487e-03
1.086326816521174113e-03
1.077786017672241123e-03
1.069327008027193184e-03
1.060948871707119174e-03
1.052650704489109220e-03
1.044431613641088859e-03
1.036290717759482966e-03
1.028227146609153467e-03
1.020240040966038887e-03
1.012328552461983118e-03
1.004491843432149577e-03
9.967290867646666497e-04
9.890394657526672701e-04
9.814221739484825947e-04
9.738764150202364233e-04
9.664014026104388901e-04
9.589963601969825292e-04
9.516605209559708591e-04
9.443931276269311274e-04
9.371934323798632605e-04
9.300606966844445324e-04
9.229941911811075182e-04
9.159931955541932101e-04
9.090569984069953079e-04
9.021848971386104647e-04
8.953761978227330488e-04
8.886302150883145174e-04
8.819462720019168554e-04
8.753236999519095922e-04
8.687618385343904822e-04
8.622600354408529446e-04
8.558176463474859857e-04
8.494340348061581039e-04
8.431085721370479898e-04
8.368406373228679191e-04
8.306296169046758267e-04
8.244749048791779429e-04
8.183759025977464189e-04
8.123320186666303355e-04
8.063426688489970604e-04
8.004072759681678554e-04
7.945252698124189621e-04
7.886960870411391334e-04
7.829191710923922914e-04
7.771939720918545191e-04
7.715199467630930782e-04
7.658965583391350853e-04
7.603232764753631431e-04
7.547995771637220968e-04
7.493249426481340264e-04
7.438988613411517221e-04
7.385208277418815444e-04
7.331903423550774389e-04
7.279069116114063234e-04
7.226700477888941708e-04
7.174792689355007471e-04
