1.202007400701390116e+00
1.602658539764768020e-01
1.606341181517167427e-01
1.609883053900267313e-01
1.610828731106215272e-01
1.609962167004668765e-01
1.607817900013154555e-01
1.604668500424907829e-01
1.600656063513435923e-01
1.595862924488140322e-01
1.590343826293228735e-01
1.584140352173280530e-01
1.577287542326620828e-01
1.569817018075476689e-01
1.561758501065149962e-01
1.553140571829193795e-01
1.543991056147435426e-01
1.534337222769583398e-01
1.524205881627116455e-01
1.513623427139683397e-01
1.502615849823479288e-01
1.491208728908407222e-01
1.479427213379378436e-01
1.467295996086731280e-01
1.454839284038040303e-01
1.442080767069869596e-01
1.429043586505524543e-01
1.415750304987176966e-01
1.402222878357030356e-01
1.388482630215334135e-01
1.374550229585378702e-01
1.360445671954013391e-01
1.346188263826723353e-01
1.331796610830585648e-01
1.317288609316312475e-01
1.302681441345064361e-01
1.287991572897616288e-01
1.273234755107344740e-01
1.258426028294173382e-01
1.243579728561345354e-01
1.228709496709111670e-01
1.213828289217598888e-01
1.198948391054639601e-01
1.184081430070900859e-01
1.169238392754858025e-01
1.154429641131718420e-01
1.139664930604076254e-01
1.124953428545934220e-01
1.110303733477102373e-01
1.095723894659058895e-01
1.081221431968766439e-01
1.066803355920890872e-01
1.052476187722765077e-01
1.038245979259606183e-01
1.024118332919965318e-01
1.010098421182809708e-01
9.961910058986155059e-02
9.824004572067508712e-02
9.687307720404340905e-02
9.551855921791006787e-02
9.417682218152653717e-02
9.284816446101369636e-02
9.153285402178731878e-02
9.023113002641494629e-02
8.894320437695169002e-02
8.766926320119453053e-02
8.640946828269992219e-02
8.516395843472127081e-02
8.393285081849437279e-02
8.271624220654008597e-02
8.151421019187093941e-02
8.032681434412790311e-02
7.915409731384753789e-02
7.799608588614684312e-02
7.685279198521648147e-02
7.572421363109220482e-02
7.461033585019467840e-02
7.351113154120744730e-02
7.242656229785243704e-02
7.135657919013868589e-02
7.030112350568057389e-02
6.926012745264117920e-02
6.823351482586292871e-02
6.722120163772125900e-02
6.622309671520003327e-02
6.523910226466400619e-02
6.426911440575960865e-02
6.331302367585163460e-02
6.237071550633861705e-02
6.144207067216968937e-02
6.052696571583221496e-02
5.962527334702694137e-02
5.873686281922732566e-02
5.786160028424235796e-02
5.699934912588558444e-02
5.614997027379114991e-02
5.531332249838857851e-02
5.448926268798676142e-02
5.367764610889994015e-02
5.287832664948220046e-02
5.209115704891896514e-02
5.131598911157547044e-02
5.055267390766263885e-02
4.980106196095163140e-02
4.906100342423277277e-02
4.833234824317560879e-02
4.761494630921830201e-02
4.690864760209142309e-02
4.621330232253536424e-02
4.552876101575423912e-02
4.485487468612456285e-02
4.419149490363759314e-02
4.353847390254272226e-02
4.289566467263056931e-02
4.226292104356853957e-02
4.164009776268894764e-02
4.102705056659671640e-02
4.042363624696144325e-02
3.982971271081731796e-02
3.924513903570268913e-02
3.866977551992949874e-02
3.810348372827621760e-02
3.754612653337172090e-02
3.699756815302639862e-02
3.645767418375110008e-02
3.592631163070066774e-02
3.540334893424691709e-02
3.488865599340028323e-02
3.438210418626250209e-02
3.388356638770232548e-02
3.339291698442378720e-02
3.291003188759277637e-02
3.243478854317719678e-02
3.196706594014579739e-02
3.150674461666815723e-02
3.105370666444400712e-02
3.060783573128375915e-02
3.016901702206457869e-02
2.973713729816300153e-02
2.931208487547590918e-02
2.889374962112452316e-02
2.848202294893650843e-02
2.807679781379030307e-02
2.767796870491023853e-02
2.728543163818410860e-02
2.689908414758304320e-02
2.651882527574593584e-02
2.614455556380390969e-02
2.577617704049388683e-02
2.541359321063209331e-02
2.505670904299224164e-02
2.470543095764483540e-02
2.435966681280876678e-02
2.401932589125260406e-02
2.368431888629618162e-02
2.335455788744960834e-02
2.302995636572855234e-02
2.271042915868213760e-02
2.239589245516291141e-02
2.208626377987856285e-02
2.178146197774620887e-02
2.148140719808281848e-02
2.118602087865411807e-02
2.089522572961051775e-02
2.060894571732879016e-02
2.032710604818299335e-02
2.004963315226377177e-02
1.977645466706572791e-02
1.950749942115960131e-02
1.924269741786547097e-02
1.898197981894214972e-02
1.872527892830687726e-02
1.847252817580019926e-02
1.822366210100375208e-02
1.797861633712869930e-02
1.773732759497870584e-02
1.749973364700239259e-02
1.726577331144144023e-02
1.703538643658336627e-02
1.680851388512650743e-02
1.658509751866533988e-02
1.636508018229944697e-02
1.614840568937672693e-02
1.593501880637203730e-02
1.572486523790738236e-02
1.551789161192004482e-02
1.531404546497968852e-02
1.511327522775950637e-02
1.491553021066460705e-02
1.472076058962032939e-02
1.452891739202328593e-02
1.433995248285587117e-02
1.415381855096821059e-02
1.397046909552756080e-02
1.378985841263745057e-02
1.361194158212636687e-02
1.343667445450945006e-02
1.326401363811988664e-02
1.309391648641405198e-02
1.292634108544928051e-02
1.276124624153323131e-02
1.259859146904678158e-02
1.243833697843869934e-02
1.228044366439244583e-02
1.212487309416394356e-02
1.197158749609032388e-02
1.182054974826905747e-02
1.167172336740460864e-02
1.152507249782490709e-02
1.138056190066392796e-02
1.123815694320997628e-02
1.109782358841892615e-02
1.095952838459085359e-02
1.082323845520797266e-02
1.068892148893391472e-02
1.055654572977144344e-02
1.042607996737788742e-02
1.029749352753647589e-02
1.017075626278189822e-02
1.004583854317850009e-02
9.922711247249799485e-03
9.801345753056805651e-03
9.681713929423945569e-03
9.563788127310747164e-03
9.447541171328018017e-03
9.332946351395293022e-03
9.219977414539597821e-03
9.108608556831591929e-03
8.998814415460205246e-03
8.890570060940067645e-03
8.783850989453853217e-03
8.678633115324798156e-03
8.574892763619031480e-03
8.472606662875099143e-03
8.371751937959569581e-03
8.272306103046720566e-03
8.174247054719625469e-03
8.077553065191984960e-03
7.982202775648677973e-03
7.888175189701911172e-03
7.795449666964115315e-03
7.704005916731616714e-03
7.613823991781653797e-03
7.524884282278202462e-03
7.437167509785110563e-03
7.350654721386533710e-03
7.265327283911241114e-03
7.181166878259427969e-03
7.098155493831247685e-03
7.016275423054097599e-03
6.935509256008395330e-03
6.855839875149168268e-03
6.777250450122416191e-03
6.699724432674220020e-03
6.623245551651402337e-03
6.547797808092656324e-03
6.473365470407162897e-03
6.399933069640638753e-03
6.327485394826904558e-03
6.256007488422637465e-03
6.185484641825647958e-03
6.115902390973588024e-03
6.047246512022027252e-03
5.979503017101973211e-03
5.912658150152792433e-03
5.846698382831648326e-03
5.781610410497188719e-03
5.717381148265364074e-03
5.653997727137973113e-03
5.591447490200573099e-03
5.529717988889985489e-03
5.468796979329691721e-03
5.408672418731709682e-03
5.349332461864056594e-03
5.290765457582513771e-03
5.232959945425282901e-03
5.175904652270157426e-03
5.119588489051884496e-03
5.064000547539975090e-03
5.009130097174796514e-03
4.954966581961446799e-03
4.901499617420025830e-03
4.848718987591876459e-03
4.796614642099680977e-03
4.745176693262101626e-03
4.694395413259809698e-03
4.644261231353987406e-03
4.594764731155273792e-03
4.545896647942112082e-03
4.497647866028347576e-03
4.450009416178533905e-03
4.402972473070187846e-03
4.356528352802469667e-03
4.310668510449708682e-03
4.265384537660217232e-03
4.220668160297655694e-03
4.176511236126362325e-03
4.132905752537846360e-03
4.089843824319196360e-03
4.047317691461498231e-03
4.005319717008388666e-03
3.963842384943460327e-03
3.922878298115981856e-03
3.882420176204232770e-03
3.842460853715538600e-03
3.802993278022968968e-03
3.764010507437040663e-03
3.725505709312516324e-03
3.687472158189670796e-03
3.649903233968482090e-03
3.612792420116546672e-03
3.576133301908702902e-03
3.539919564698964551e-03
3.504144992223053121e-03
3.468803464931841194e-03
3.433888958354718458e-03
3.399395541492365638e-03
3.365317375238448868e-03
3.331648710829704547e-03
3.298383888323723825e-03
3.265517335104094979e-03
3.233043564412507731e-03
3.200957173906962116e-03
3.169252844245692459e-03
3.137925337696876715e-03
3.106969496772584664e-03
3.076380242887504033e-03
3.046152575041732435e-03
3.016281568526583013e-03
2.986762373653855263e-03
2.957590214507546666e-03
2.928760387717927946e-03
2.900268261257154916e-03
2.872109273256405644e-03
2.844278930844257574e-03
2.816772809005110238e-03
2.789586549458305826e-03
2.762715859556983539e-03
2.736156511206118240e-03
2.709904339800157155e-03
2.683955243179006033e-03
2.658305180602546502e-03
2.632950171743417452e-03
2.607886295697189622e-03
2.583109690010255630e-03
2.558616549724549404e-03
2.534403126439246402e-03
2.510465727388846557e-03
2.486800714537255267e-03
2.463404503687996027e-03
2.440273563609874664e-03
2.417404415177695776e-03
2.394793630528380905e-03
2.372437832231483190e-03
2.350333692474315759e-03
2.328477932261226787e-03
2.306867320626669951e-03
2.285498673862136620e-03
2.264368854756405522e-03
2.243474771848945944e-03
2.222813378696277160e-03
2.202381673150978318e-03
2.182176696653262069e-03
2.162195533534621433e-03
2.142435310333554686e-03
2.122893195123160513e-03
2.103566396850195790e-03
2.084452164685420775e-03
2.065547787385392173e-03
2.046850592664827169e-03
2.028357946580031101e-03
2.010067252922623747e-03
1.991975952623884286e-03
1.974081523169086971e-03
1.956381478021849193e-03
1.938873366058330812e-03
1.921554771011087237e-03
1.904423310922316245e-03
1.887476637606389038e-03
1.870712436121596371e-03
1.854128424250682571e-03
1.837722351990342222e-03
1.821492001049260364e-03
1.805435184354578677e-03
1.789549745566833836e-03
1.773833558602906169e-03
1.758284527167079886e-03
1.742900584290154155e-03
1.727679691875790144e-03
1.712619840255093662e-03
1.697719047748251411e-03
1.682975360233576658e-03
1.668386850723899530e-03
1.653951618949815305e-03
1.639667790950072182e-03
1.625533518668671133e-03
1.611546979558712081e-03
1.597706376192858284e-03
1.584009935880063055e-03
1.570455910289066028e-03
1.557042575077617055e-03
1.543768229528217880e-03
1.530631196189715911e-03
1.517629820524854815e-03
1.504762470563571599e-03
1.492027536562115855e-03
1.479423430667671339e-03
1.466948586588530824e-03
1.454601459269671800e-03
1.442380524573603790e-03
1.430284278966571397e-03
1.418311239209726904e-03
1.406459942055419661e-03
1.394728943948420974e-03
1.383116820732114421e-03
1.371622167359226379e-03
1.360243597607518071e-03
1.348979743799921327e-03
1.337829256529287844e-03
1.326790804387557431e-03
1.315863073699299933e-03
1.305044768259620413e-03
1.294334609076222466e-03
1.283731334115601266e-03
1.273233698053490579e-03
1.262840472029037051e-03
1.252550443403237799e-03
1.242362415520978629e-03
1.232275207477029171e-03
1.222287653885780661e-03
1.212398604654537325e-03
1.202606924760606794e-03
1.192911494031804456e-03
1.183311206930452199e-03
1.173804972340908174e-03
1.164391713360391671e-03
1.155070367093090529e-03
1.145839884447660351e-03
1.136699229937778149e-03
1.127647381485922997e-03
1.118683330230246667e-03
1.109806080334482196e-03
1.101014648800832055e-03
1.092308065285756136e-03
1.083685371918807847e-03
1.075145623124075566e-03
1.066687885444621894e-03
1.058311237369573363e-03
1.050014769163901997e-03
1.041797582700868799e-03
1.033658791297178839e-03
1.025597519550502717e-03
1.017612903179718935e-03
1.009704088867492081e-03
1.001870234105388261e-03
9.941105070413558224e-04
9.864240863294852953e-04
9.788101609822233082e-04
9.712679302248245199e-04
9.637966033519431135e-04
9.563953995865499044e-04
9.490635479409895549e-04
9.418002870801411418e-04
9.346048651867028918e-04
9.274765398284748850e-04
9.204145778277972615e-04
9.134182551328341726e-04
9.064868566909658554e-04
8.996196763239371150e-04
8.928160166051150133e-04
8.860751887383904249e-04
8.793965124390904636e-04
8.727793158165880099e-04
8.662229352587757407e-04
8.597267153181601751e-04
8.532900085998338822e-04
8.469121756510234692e-04
8.405925848522739557e-04
8.343306123103998552e-04
8.281256417529838472e-04
8.219770644243142932e-04
8.158842789831919186e-04
8.098466914019300912e-04
8.038637148671116169e-04
7.979347696816833316e-04
7.920592831685633727e-04
7.862366895757290364e-04
7.804664299825701161e-04
7.747479522078189965e-04
7.690807107187184717e-04
7.634641665415442752e-04
7.578977871735080151e-04
7.523810464959307951e-04
7.469134246886890375e-04
7.414944081458983574e-04
7.361234893929297042e-04
7.308001670045390866e-04
7.255239455242522631e-04
7.202943353849073586e-04
7.151108528304323886e-04
