1.202007402127420743e+00
1.584036534885293335e-01
1.573943039130119292e-01
1.568167872883730052e-01
1.563451082769310441e-01
1.558887128933268140e-01
1.554163502975480504e-01
1.549138216133679746e-01
1.543732480084872294e-01
1.537899269655987056e-01
1.531611200903092995e-01
1.524854289737296031e-01
1.517624070872930497e-01
1.509922960873250064e-01
1.501758398985191534e-01
1.493141512899838208e-01
1.484086149026345447e-01
1.474608158489235932e-01
1.464724863445689140e-01
1.454454651236250506e-01
1.443816659881404507e-01
1.432830529614143866e-01
1.421516202912575244e-01
1.409893760871430979e-01
1.397983287447577549e-01
1.385804755644646780e-01
1.373377931426534304e-01
1.360722292322635862e-01
1.347856958484330014e-01
1.334800634493334415e-01
1.321571560591685013e-01
1.308187472255875061e-01
1.294665567214021151e-01
1.281022479129347857e-01
1.267274257264023318e-01
1.253436351506655444e-01
1.239523602200881952e-01
1.225550234257950649e-01
1.211529855075600542e-01
1.197475455820882495e-01
1.183399415667540089e-01
1.169313508609492597e-01
1.155228912501640726e-01
1.141156220007306238e-01
1.127105451159165078e-01
1.113086067265773027e-01
1.099106985921408514e-01
1.085176596899641577e-01
1.071302778733589228e-01
1.057492915806617639e-01
1.043753915796604564e-01
1.030092227335001470e-01
1.016513857758677419e-01
1.003024390848002712e-01
9.896290044587363610e-02
9.763324879680598811e-02
9.631392594670115659e-02
9.500533826420165529e-02
9.370785832978238694e-02
9.242182654826763821e-02
9.114755271840828399e-02
8.988531755705833626e-02
8.863537417606126567e-02
8.739794951050335048e-02
8.617324569743534113e-02
8.496144140459523098e-02
8.376269310897460629e-02
8.257713632540709947e-02
8.140488678557709912e-02
8.024604156811150635e-02
7.910068018053449668e-02
7.796886559408357231e-02
7.685064523244694579e-02
7.574605191563145434e-02
7.465510476021375297e-02
7.357781003728838809e-02
7.251416198949757475e-02
7.146414360851481573e-02
7.042772737439681463e-02
6.940487595821823175e-02
6.839554288938873294e-02
6.739967318906023297e-02
6.641720397099500073e-02
6.544806501124925124e-02
6.449217928801169453e-02
6.354946349287622642e-02
6.261982851483033352e-02
6.170317989817299120e-02
6.079941827556192141e-02
5.990843977733107534e-02
5.903013641820328838e-02
5.816439646245329109e-02
5.731110476857050051e-02
5.647014311440295281e-02
5.564139050373356765e-02
5.482472345521394869e-02
5.402001627451877286e-02
5.322714131057186548e-02
5.244596919663308682e-02
5.167636907702432419e-02
5.091820882022132788e-02
5.017135521901221890e-02
4.943567417838776873e-02
4.871103089180527090e-02
4.799729000642370680e-02
4.729431577789599411e-02
4.660197221526220235e-02
4.592012321647113982e-02
4.524863269502831659e-02
4.458736469823548765e-02
4.393618351748716094e-02
4.329495379103894676e-02
4.266354059966287471e-02
4.204180955556730687e-02
4.142962688496205220e-02
4.082685950460037544e-02
4.023337509264726664e-02
3.964904215417051903e-02
3.907373008156619920e-02
3.850730921019378944e-02
3.794965086949353417e-02
3.740062742983866345e-02
3.686011234536315517e-02
3.632798019299862680e-02
3.580410670793044564e-02
3.528836881568724049e-02
3.478064466105094954e-02
3.428081363398022968e-02
3.378875639271380904e-02
3.330435488423204998e-02
3.282749236221953887e-02
3.235805340269069102e-02
3.189592391741254140e-02
3.144099116526193755e-02
3.099314376164074777e-02
3.055227168607406452e-02
3.011826628809754700e-02
2.969102029155271799e-02
2.927042779737931352e-02
2.885638428501138830e-02
2.844878661246320883e-02
2.804753301519322464e-02
2.765252310382613349e-02
2.726365786081288989e-02
2.688083963610027674e-02
2.650397214187849224e-02
2.613296044647248767e-02
2.576771096744301034e-02
2.540813146394637484e-02
2.505413102841895501e-02
2.470562007763085072e-02
2.436251034316070860e-02
2.402471486133993944e-02
2.369214796270571396e-02
2.336472526100989364e-02
2.304236364181688410e-02
2.272498125073261696e-02
2.241249748129696753e-02
2.210483296257109709e-02
2.180190954645432055e-02
2.150365029475577450e-02
2.120997946605060469e-02
2.092082250234605922e-02
2.063610601558070468e-02
2.035575777398131517e-02
2.007970668829706443e-02
1.980788279793263898e-02
1.954021725699832748e-02
1.927664232029513772e-02
1.901709132925181317e-02
1.876149869782833823e-02
1.850979989840186718e-02
1.826193144764810469e-02
1.801783089243109634e-02
1.777743679571209406e-02
1.754068872249124958e-02
1.730752722579005642e-02
1.707789383268565678e-02
1.685173103040490949e-02
1.662898225248775341e-02
1.640959186502674583e-02
1.619350515298990933e-02
1.598066830663466206e-02
1.577102840801719585e-02
1.556453341760434712e-02
1.536113216099237178e-02
1.516077431573809899e-02
1.496341039830590032e-02
1.476899175113489428e-02
1.457747052983016101e-02
1.438879969048091623e-02
1.420293297710895422e-02
1.401982490924853601e-02
1.383943076966331551e-02
1.366170659219767373e-02
1.348660914976955623e-02
1.331409594250096591e-02
1.314412518599259588e-02
1.297665579973964617e-02
1.281164739569222097e-02
1.264906026695971665e-02
1.248885537666090395e-02
1.233099434691911460e-02
1.217543944800289317e-02
1.202215358761307869e-02
1.187110030031540524e-02
1.172224373711853486e-02
1.157554865519786619e-02
1.143098040776379005e-02
1.128850493407513970e-02
1.114808874959564294e-02
1.100969893629468940e-02
1.087330313308925399e-02
1.073886952642848745e-02
1.060636684101854375e-02
1.047576433068765460e-02
1.034703176938872766e-02
1.022013944234096208e-02
1.009505813730701695e-02
9.971759136005562893e-03
9.850214205658854028e-03
9.730395590671252551e-03
9.612276004441101460e-03
9.495828621301452555e-03
9.381027068590211751e-03
9.267845418847259209e-03
9.156258182138263257e-03
9.046240298501821014e-03
8.937767130520690717e-03
8.830814456014537961e-03
8.725358460852303266e-03
8.621375731883089422e-03
8.518843249985632790e-03
8.417738383231194305e-03
8.318038880162704693e-03
8.219722863184741185e-03
8.122768822065822361e-03
8.027155607549582919e-03
7.932862425074680909e-03
7.839868828600368711e-03
7.748154714537590707e-03
7.657700315783769716e-03
7.568486195859207462e-03
7.480493243144256850e-03
7.393702665215536561e-03
7.308095983279565971e-03
7.223655026702423092e-03
7.140361927634677856e-03
7.058199115728553720e-03
6.977149312947296747e-03
6.897195528465376556e-03
6.818321053656603917e-03
6.740509457170452100e-03
6.663744580094343312e-03
6.588010531200443921e-03
6.513291682276349179e-03
6.439572663537139474e-03
6.366838359118828956e-03
6.295073902650720650e-03
6.224264672905966377e-03
6.154396289528915945e-03
6.085454608838464577e-03
6.017425719704583113e-03
5.950295939498941727e-03
5.884051810117021594e-03
5.818680094070609495e-03
5.754167770649540846e-03
5.690502032152450033e-03
5.627670280183698706e-03
5.565660122016794290e-03
5.504459367022235261e-03
5.444056023159326088e-03
5.384438293530364149e-03
5.325594572996253211e-03
5.267513444852768914e-03
5.210183677566163941e-03
5.153594221566726828e-03
5.097734206100250180e-03
5.042592936135167903e-03
4.988159889325702312e-03
4.934424713028721758e-03
4.881377221374281865e-03
4.829007392388724555e-03
4.777305365168946216e-03
4.726261437107606017e-03
4.675866061167759102e-03
4.626109843206511335e-03
4.576983539346457866e-03
4.528478053394287967e-03
4.480584434305585548e-03
4.433293873695160099e-03
4.386597703391703282e-03
4.340487393036571682e-03
4.294954547725306215e-03
4.249990905691573319e-03
4.205588336032410786e-03
4.161738836474322863e-03
4.118434531179278324e-03
4.075667668590008709e-03
4.033430619313883338e-03
3.991715874044481603e-03
3.950516041520552024e-03
3.909823846521221814e-03
3.869632127897299542e-03
3.829933836637466980e-03
3.790722033969106883e-03
3.751989889493270985e-03
3.713730679352440344e-03
3.675937784431467480e-03
3.638604688590247899e-03
3.601724976927975306e-03
3.565292334078481312e-03
3.529300542535756310e-03
3.493743481009158394e-03
3.458615122808364559e-03
3.423909534256288235e-03
3.389620873130956731e-03
3.355743387134559226e-03
3.322271412389777179e-03
3.289199371962996023e-03
3.256521774413370304e-03
3.224233212367966055e-03
3.192328361121636853e-03
3.160801977262255903e-03
3.129648897319935001e-03
3.098864036439921612e-03
3.068442387079443369e-03
3.038379017727258369e-03
3.008669071645597715e-03
2.979307765634697184e-03
2.950290388818855528e-03
2.921612301453814682e-03
2.893268933755356077e-03
2.865255784748044470e-03
2.837568421134771535e-03
2.810202476185600859e-03
2.783153648646453839e-03
2.756417701666750465e-03
2.729990461745821547e-03
2.703867817697823504e-03
2.678045719634734173e-03
2.652520177966974282e-03
2.627287262421791180e-03
2.602343101078291154e-03
2.577683879419714018e-03
2.553305839401959470e-03
2.529205278538365631e-03
2.505378549000471765e-03
2.481822056734187942e-03
2.458532260591598899e-03
2.435505671477456672e-03
2.412738851510756646e-03
2.390228413200704005e-03
2.367971018636848973e-03
2.345963378693286753e-03
2.324202252246557882e-03
2.302684445407124532e-03
2.281406810763823411e-03
2.260366246641659551e-03
2.239559696372017249e-03
2.218984147575692352e-03
2.198636631458024231e-03
2.178514222116144372e-03
2.158614035858217543e-03
2.138933230534131695e-03
2.119469004877655265e-03
2.100218597860038436e-03
2.081179288054382705e-03
2.062348393010821242e-03
2.043723268642666600e-03
2.025301308622591643e-03
2.007079943789292966e-03
1.989056641564153263e-03
1.971228905377842792e-03
1.953594274106443176e-03
1.936150321517490563e-03
1.918894655724902526e-03
1.901824918653463939e-03
1.884938785512117656e-03
1.868233964276357507e-03
1.851708195179034479e-03
1.835359250210023005e-03
1.819184932623982114e-03
1.803183076456649908e-03
1.787351546049038408e-03
1.771688235579731933e-03
1.756191068604881587e-03
1.740857997605953743e-03
1.725687003545001803e-03
1.710676095427371684e-03
1.695823309871574746e-03
1.681126710686498818e-03
1.666584388455456421e-03
1.652194460127259052e-03
1.637955068613987505e-03
1.623864382395376902e-03
1.609920595130006401e-03
1.596121925272484107e-03
1.582466615697318254e-03
1.568952933328746297e-03
1.555579168776863655e-03
1.542343635979461641e-03
1.529244671850022580e-03
1.516280635931323935e-03
1.503449910054724956e-03
1.490750898005091833e-03
1.478182025191166838e-03
1.465741738321287360e-03
1.453428505084451141e-03
1.441240813836493087e-03
1.429177173291503768e-03
1.417236112218062637e-03
1.405416179140601702e-03
1.393715942045512576e-03
1.382133988091949206e-03
1.370668923327432540e-03
1.359319372408022281e-03
1.348083978322906331e-03
1.336961402123511798e-03
1.325950322656998344e-03
1.315049436303983169e-03
1.304257456720413081e-03
1.293573114583797213e-03
1.282995157343225787e-03
1.272522348973647828e-03
1.262153469733790076e-03
1.251887315928286058e-03
1.241722699673270501e-03
1.231658448665888571e-03
1.221693405957490972e-03
1.211826429730290897e-03
1.202056393077673233e-03
1.192382183787930698e-03
1.182802704131522128e-03
1.173316870651515279e-03
1.163923613957553935e-03
1.154621878522855798e-03
1.145410622484567932e-03
1.136288817447229753e-03
1.127255448289265485e-03
1.118309512972535382e-03
1.109450022354968677e-03
1.100676000005969702e-03
1.091986482024786057e-03
1.083380516861797175e-03
1.074857165142425151e-03
1.066415499493929752e-03
1.058054604374794897e-03
1.049773575906867490e-03
1.041571521709974951e-03
1.033447560739305304e-03
1.025400823124993609e-03
1.017430450014546184e-03
1.009535593417460126e-03
1.001715416052253657e-03
9.939690911960317749e-04
9.862958025361129658e-04
9.786947440241380945e-04
9.711651197323324094e-04
9.637061437119690205e-04
9.563170398540313559e-04
9.489970417520007633e-04
9.417453925666751475e-04
9.345613448931752026e-04
9.274441606298410587e-04
9.203931108492403044e-04
9.134074756710737963e-04
9.064865441369779559e-04
8.996296140873175518e-04
8.928359920398042798e-04
8.861049930698894220e-04
8.794359406930462707e-04
8.728281667488182842e-04
8.662810112865578383e-04
8.597938224529312525e-04
8.533659563811386980e-04
8.469967770817067414e-04
8.406856563350281883e-04
8.344319735853838148e-04
8.282351158367188800e-04
8.220944775498000446e-04
8.160094605410351306e-04
8.099794738827175225e-04
8.040039338047974505e-04
7.980822635981222593e-04
7.922138935190991497e-04
7.863982606957148000e-04
7.806348090350511857e-04
7.749229891321221747e-04
7.692622581799862282e-04
7.636520798813468437e-04
7.580919243612690766e-04
7.525812680813325200e-04
7.471195937549224807e-04
7.417063902638954898e-04
7.363411525763717330e-04
7.310233816657099115e-04
7.257525844307739305e-04
7.205282736172672004e-04
7.153499677402657417e-04
