1.202007400757710842e+00
1.813532953162788341e-01
1.813462704296726069e-01
1.814860656189890564e-01
1.814093059239394456e-01
1.811450167240394316e-01
1.807252779839278733e-01
1.801726129025219281e-01
1.795027693134704783e-01
1.787271381966789030e-01
1.778544330231490722e-01
1.768917733115276114e-01
1.758453438713761530e-01
1.747207778194972694e-01
1.735233700150431713e-01
1.722581902472727633e-01
1.709301387994065780e-01
1.695439698018619823e-01
1.681042972658082224e-01
1.666155924201690175e-01
1.650821772857692660e-01
1.635082172578687654e-01
1.618977142015114168e-01
1.602545008219701805e-01
1.585822366388590365e-01
1.568844056412900256e-01
1.551643155594075452e-01
1.534250986109445825e-01
1.516697135447740985e-01
1.499009487906589333e-01
1.481214265262642549e-01
1.463336074827724098e-01
1.445397963254700935e-01
1.427421474629046727e-01
1.409426711561556356e-01
1.391432398173998441e-01
1.373455944036452159e-01
1.355513508269020895e-01
1.337620063160438189e-01
1.319789456779406067e-01
1.302034474163731304e-01
1.284366896766140909e-01
1.266797559916248705e-01
1.249336408126453662e-01
1.231992548126300963e-01
1.214774299557350029e-01
1.197689243298936390e-01
1.180744267426492855e-01
1.163945610828992505e-01
1.147298904530910102e-01
1.130809210779698398e-01
1.114481059969973514e-01
1.098318485483959078e-01
1.082325056532792845e-01
1.066503909086413404e-01
1.050857774981515530e-01
1.035389009296729668e-01
1.020099616083835620e-01
1.004991272541606445e-01
9.900653517169254181e-02
9.753229438149156605e-02
9.607648761966824935e-02
9.463917321402119665e-02
9.322038684363558037e-02
9.182014318884548776e-02
9.043843747808222311e-02
8.907524693777160718e-02
8.773053215112790182e-02
8.640423833135280063e-02
8.509629651444737541e-02
8.380662467654614867e-02
8.253512878037869149e-02
8.128170375520901714e-02
8.004623441434548237e-02
7.882859631403801859e-02
7.762865655739317750e-02
7.644627454666741428e-02
7.528130268713283113e-02
7.413358704548900224e-02
7.300296796561997481e-02
7.188928064432467679e-02
7.079235566947561509e-02
6.971201952292288562e-02
6.864809505030744496e-02
6.760040189981324221e-02
6.656875693176757258e-02
6.555297460088158057e-02
6.455286731279902268e-02
6.356824575653527432e-02
6.259891921428550887e-02
6.164469584997764318e-02
6.070538297788312387e-02
5.978078731249503175e-02
5.887071520083171638e-02
5.797497283823060954e-02
5.709336646865034726e-02
5.622570257042571601e-02
5.537178802836811159e-02
5.453143029304675232e-02
5.370443752804393567e-02
5.289061874590792606e-02
5.208978393351666042e-02
5.130174416748844307e-02
5.052631172026225692e-02
4.976330015742103791e-02
4.901252442679857046e-02
4.827380093988458548e-02
4.754694764599716461e-02
4.683178409968406786e-02
4.612813152177223930e-02
4.543581285446087609e-02
4.475465281083577246e-02
4.408447791916311753e-02
4.342511656228226907e-02
4.277639901242202836e-02
4.213815746172798471e-02
4.151022604877722261e-02
4.089244088134597055e-02
4.028464005566637779e-02
3.968666367241329568e-02
3.909835384962747490e-02
3.851955473279149861e-02
3.795011250223617738e-02
3.738987537807263173e-02
3.683869362281097515e-02
3.629641954183038255e-02
3.576290748184716289e-02
3.523801382752936306e-02
3.472159699638520391e-02
3.421351743205398171e-02
3.371363759612071298e-02
3.322182195855742648e-02
3.273793698690595499e-02
3.226185113429180795e-02
3.179343482637052992e-02
3.133256044728560674e-02
3.087910232472439523e-02
3.043293671415010088e-02
2.999394178227602140e-02
2.956199758985939702e-02
2.913698607387058340e-02
2.871879102910130863e-02
2.830729808926943022e-02
2.790239470767005153e-02
2.750397013742466451e-02
2.711191541137524322e-02
2.672612332166550766e-02
2.634648839905077630e-02
2.597290689197639946e-02
2.560527674545850368e-02
2.524349757980170680e-02
2.488747066918450823e-02
2.453709892014489108e-02
2.419228684998698045e-02
2.385294056514249139e-02
2.351896773950609004e-02
2.319027759276600514e-02
2.286678086875416557e-02
2.254838981383504304e-02
2.223501815534626239e-02
2.192658108011441218e-02
2.162299521305705713e-02
2.132417859588620068e-02
2.103005066592788033e-02
2.074053223506923047e-02
2.045554546884173486e-02
2.017501386565880711e-02
1.989886223620520450e-02
1.962701668300034785e-02
1.935940458013293841e-02
1.909595455317924378e-02
1.883659645931172466e-02
1.858126136760232874e-02
1.832988153952587809e-02
1.808239040966986774e-02
1.783872256665447811e-02
1.759881373426538595e-02
1.736260075280459877e-02
1.713002156066007267e-02
1.690101517610040002e-02
1.667552167929121573e-02
1.645348219454067715e-02
1.623483887277145030e-02
1.601953487422309169e-02
1.580751435138306668e-02
1.559872243215001952e-02
1.539310520322628370e-02
1.519060969374348355e-02
1.499118385911616183e-02
1.479477656513003558e-02
1.460133757225563246e-02
1.441081752019529247e-02
1.422316791265578091e-02
1.403834110234992300e-02
1.385629027622376636e-02
1.367696944090838161e-02
1.350033340839593664e-02
1.332633778193682492e-02
1.315493894215705867e-02
1.298609403339513226e-02
1.281976095025346742e-02
1.265589832436729914e-02
1.249446551138325666e-02
1.233542257815086265e-02
1.217873029012169969e-02
1.202435009895428016e-02
1.187224413032408714e-02
1.172237517193445121e-02
1.157470666172790742e-02
1.142920267629344774e-02
1.128582791946977984e-02
1.114454771114033009e-02
1.100532797621803227e-02
1.086813523381825915e-02
1.073293658661637721e-02
1.059969971038796782e-02
1.046839284372915423e-02
1.033898477795461464e-02
1.021144484717174776e-02
1.008574291852517082e-02
9.961849382614216403e-03
9.839735144076726739e-03
9.719371612337799476e-03
9.600730692522641690e-03
9.483784776529214505e-03
9.368506734258517238e-03
9.254869905000994920e-03
9.142848088976094148e-03
9.032415539022481399e-03
8.923546952435964380e-03
8.816217462955508455e-03
8.710402632890230576e-03
8.606078445390311082e-03
8.503221296855401415e-03
8.401807989480945815e-03
8.301815723938217248e-03
8.203222092187725800e-03
8.106005070421699182e-03
8.010143012135836557e-03
7.915614641326007561e-03
7.822399045808918136e-03
7.730475670664776859e-03
7.639824311799214840e-03
7.550425109622667212e-03
7.462258542845604664e-03
7.375305422387012054e-03
7.289546885394401071e-03
7.204964389373655180e-03
7.121539706426348489e-03
7.039254917592619072e-03
6.958092407298928014e-03
6.878034857906530422e-03
6.799065244361398273e-03
6.721166828942033711e-03
6.644323156104259449e-03
6.568518047420772790e-03
6.493735596614309651e-03
6.419960164682628374e-03
6.347176375112237659e-03
6.275369109182352655e-03
6.204523501354321756e-03
6.134624934746206633e-03
6.065659036691666353e-03
5.997611674380566929e-03
5.930468950579944991e-03
5.864217199434819915e-03
5.798842982345848995e-03
5.734333083923655663e-03
5.670674508018104694e-03
5.607854473820593662e-03
5.545860412039183701e-03
5.484679961143357728e-03
5.424300963679634310e-03
5.364711462654156611e-03
5.305899697982925135e-03
5.247854103007272564e-03
5.190563301074059381e-03
5.134016102178899817e-03
5.078201499671633999e-03
5.023108667022479004e-03
4.968726954648188324e-03
4.915045886796696670e-03
4.862055158489198871e-03
4.809744632519039227e-03
4.758104336505735582e-03
4.707124460003278554e-03
4.656795351662210668e-03
4.607107516443483507e-03
4.558051612884255963e-03
4.509618450413466900e-03
4.461798986717451995e-03
4.414584325153615013e-03
4.367965712211928017e-03
4.321934535022995891e-03
4.276482318912193381e-03
4.231600724998389740e-03
4.187281547836902741e-03
4.143516713106126098e-03
4.100298275335831875e-03
4.057618415677901637e-03
4.015469439717324861e-03
3.973843775323698813e-03
3.932733970541889799e-03
3.892132691521216128e-03
3.852032720482666608e-03
3.812426953723144565e-03
3.773308399656051700e-03
3.734670176888049611e-03
3.696505512330302418e-03
3.658807739344551325e-03
3.621570295922900504e-03
3.584786722900608694e-03
3.548450662201342240e-03
3.512555855114603363e-03
3.477096140603895113e-03
3.442065453646376769e-03
3.407457823601778811e-03
3.373267372611412317e-03
3.339488314026002515e-03
3.306114950861890282e-03
3.273141674285298414e-03
3.240562962123744173e-03
3.208373377404498752e-03
3.176567566919299198e-03
3.145140259815033899e-03
3.114086266209494837e-03
3.083400475832481086e-03
3.053077856690831517e-03
3.023113453757800880e-03
2.993502387685667305e-03
2.964239853541693077e-03
2.935321119566344089e-03
2.906741525954103633e-03
2.878496483655719560e-03
2.850581473202254325e-03
2.822992043549533633e-03
2.795723810943779534e-03
2.768772457807130820e-03
2.742133731642884629e-03
2.715803443960448406e-03
2.689777469219320916e-03
2.664051743791530282e-03
2.638622264942829584e-03
2.613485089831757511e-03
2.588636334526324238e-03
2.564072173038134308e-03
2.539788836373632966e-03
2.515782611601936457e-03
2.492049840939131351e-03
2.468586920848792228e-03
2.445390301158082823e-03
2.422456484189577236e-03
2.399782023908233943e-03
2.377363525083248542e-03
2.355197642464736205e-03
2.333281079974599409e-03
2.311610589911710593e-03
2.290182972170892815e-03
2.268995073475416503e-03
2.248043786623057406e-03
2.227326049745124645e-03
2.206838845578206875e-03
2.186579200749139227e-03
2.166544185071535202e-03
2.146730910855150758e-03
2.127136532226871039e-03
2.107758244463682311e-03
2.088593283336776484e-03
2.069638924467292595e-03
2.050892482693067280e-03
2.032351311446170018e-03
2.014012802141273029e-03
1.995874383574340605e-03
1.977933521331901121e-03
1.960187717210184425e-03
1.942634508644182920e-03
1.925271468146733285e-03
1.908096202756917126e-03
1.891106353497866432e-03
1.874299594843996603e-03
1.857673634197096104e-03
1.841226211371438859e-03
1.824955098087525365e-03
1.808858097474552945e-03
1.792933043581112921e-03
1.777177800894333935e-03
1.761590263867021059e-03
1.746168356452911007e-03
1.730910031649548217e-03
1.715813271049052404e-03
1.700876084396315277e-03
1.686096509154687371e-03
1.671472610078899960e-03
1.657002478795106728e-03
1.642684233388061639e-03
1.628516017995055741e-03
1.614496002406781575e-03
1.600622381674666377e-03
1.586893375724933615e-03
1.573307228978941411e-03
1.559862209979827980e-03
1.546556611025550832e-03
1.533388747807668982e-03
1.520356959056356301e-03
1.507459606191252849e-03
1.494695072977947131e-03
1.482061765190252319e-03
1.469558110278013216e-03
1.457182557040312973e-03
1.444933575304143758e-03
1.432809655608245809e-03
1.420809308892210295e-03
1.408931066190689200e-03
1.397173478332424919e-03
1.385535115644477523e-03
1.374014567660985066e-03
1.362610442836886728e-03
1.351321368266170109e-03
1.340145989404743299e-03
1.329082969797859733e-03
1.318130990811804820e-03
1.307288751370067710e-03
1.296554967693757700e-03
1.285928373046112648e-03
1.275407717481292580e-03
1.264991767597000534e-03
1.254679306291305333e-03
1.244469132523270787e-03
1.234360061077287209e-03
1.224350922331522056e-03
1.214440562029684085e-03
1.204627841056747032e-03
1.194911635218031060e-03
1.185290835021995861e-03
1.175764345466301765e-03
1.166331085827455221e-03
1.156989989453626431e-03
1.147740003560914542e-03
1.138580089032734024e-03
1.129509220222340475e-03
1.120526384758624211e-03
1.111630583354874992e-03
1.102820829620519217e-03
1.094096149875905220e-03
1.085455582969944597e-03
1.076898180100710999e-03
1.068423004638657066e-03
1.060029131952841758e-03
1.051715649239699703e-03
1.043481655354551842e-03
1.035326260645721410e-03
1.027248586791319231e-03
1.019247766638411426e-03
1.011322944044831720e-03
1.003473273723387224e-03
9.956979210884726698e-04
9.879960621050896171e-04
9.803668831401904111e-04
9.728095808162708817e-04
9.653233618673330010e-04
9.579074429969346291e-04
9.505610507385296379e-04
9.432834213178822218e-04
9.360738005176489620e-04
9.289314435439483420e-04
9.218556148951405176e-04
9.148455882323943940e-04
9.079006462524246259e-04
9.010200805620281750e-04
8.942031915546533143e-04
8.874492882887250389e-04
8.807576883679068625e-04
8.741277178231402715e-04
8.675587109965254796e-04
8.610500104268302207e-04
8.546009667368942688e-04
8.482109385226160262e-04
8.418792922436531267e-04
8.356054021157838197e-04
8.293886500048417484e-04
8.232284253223092320e-04
8.171241249223992666e-04
8.110751530007231707e-04
8.050809209945206752e-04
7.991408474842519880e-04
7.932543580968000069e-04
7.874208854100126073e-04
7.816398688587412359e-04
7.759107546421879211e-04
7.702329956327151964e-04
7.646060512859823282e-04
7.590293875523677338e-04
7.535024767897671423e-04
7.480247976776177718e-04
7.425958351322492447e-04
7.372150802234532551e-04
7.318820300922555073e-04
7.265961878699537862e-04
7.213570625982726470e-04
7.161641691507973553e-04
