1.202007400771866852e+00
1.828619490099984979e-01
1.819859937854475251e-01
1.819114799829772977e-01
1.818234599929243744e-01
1.815866759168002220e-01
1.811894435755457278e-01
1.806448795480689318e-01
1.799692290952435714e-01
1.791769276503618058e-01
1.782799300603977455e-01
1.772880947546351116e-01
1.762097176773356200e-01
1.750519797868869964e-01
1.738212723085677536e-01
1.725234183366416429e-01
1.711638183100338828e-01
1.697475430656543993e-01
1.682793920895850892e-01
1.667639292595329281e-01
1.652055043782151567e-01
1.636082659915338300e-01
1.619761690754788763e-01
1.603129798966115849e-01
1.586222795019473497e-01
1.569074667333697770e-01
1.551717612936421853e-01
1.534182071509516965e-01
1.516496764144456000e-01
1.498688737156840811e-01
1.480783410716315640e-01
1.462804631708687908e-01
1.444774730076179292e-01
1.426714577820295815e-01
1.408643649859817326e-01
1.390580085987303260e-01
1.372540753241323075e-01
1.354541308097591823e-01
1.336596257970379953e-01
1.318719021601658103e-01
1.300921987996175311e-01
1.283216573633286506e-01
1.265613277751871379e-01
1.248121735560244472e-01
1.230750769272298539e-01
1.213508436910976374e-01
1.196402078854704593e-01
1.179438362129640733e-01
1.162623322473189946e-01
1.145962404211651881e-01
1.129460498008454938e-01
1.113121976549746872e-01
1.096950728241400802e-01
1.080950188996283035e-01
1.065123372194346912e-01
1.049472896898711316e-01
1.034001014412059272e-01
1.018709633256449226e-01
1.003600342658266947e-01
9.886744346180957599e-02
9.739329246427388953e-02
9.593765712138169199e-02
9.450058940643688010e-02
9.308211913318610586e-02
9.168225556526538034e-02
9.030098892599988658e-02
8.893829181443060894e-02
8.759412053313248014e-02
8.626841633310747270e-02
8.496110658071201471e-02
8.367210585132159317e-02
8.240131695416037794e-02
8.114863189245594133e-02
7.991393276284455838e-02
7.869709259772549037e-02
7.749797615402449769e-02
7.631644065163015189e-02
7.515233646456921657e-02
7.400550776780331907e-02
7.287579314234682304e-02
7.176302614124199786e-02
7.066703581878493179e-02
6.958764722523348711e-02
6.852468186910244674e-02
6.747795814901404177e-02
6.644729175697068613e-02
6.543249605476522679e-02
6.443338242519047743e-02
6.344976059955531600e-02
6.248143896296576988e-02
6.152822483871416004e-02
6.058992475304864761e-02
5.966634468151737342e-02
5.875729027800451199e-02
5.786256708751465888e-02
5.698198074369089511e-02
5.611533715200073269e-02
5.526244265945618600e-02
5.442310421169723605e-02
5.359712949820273631e-02
5.278432708635804466e-02
5.198450654506153734e-02
5.119747855850868140e-02
5.042305503075918127e-02
4.966104918165260840e-02
4.891127563460671845e-02
4.817355049679900719e-02
4.744769143220588931e-02
4.673351772793918335e-02
4.603085035430439648e-02
4.533951201896818661e-02
4.465932721560517821e-02
4.399012226737701592e-02
4.333172536556766791e-02
4.268396660368399542e-02
4.204667800731137078e-02
4.141969356000160113e-02
4.080284922544370751e-02
4.019598296616799793e-02
3.959893475900177345e-02
3.901154660750437431e-02
3.843366255156661221e-02
3.786512867438428936e-02
3.730579310696923584e-02
3.675550603037111563e-02
3.621411967577734675e-02
3.568148832262652004e-02
3.515746829488710506e-02
3.464191795562771015e-02
3.413469770000672476e-02
3.363566994679831335e-02
3.314469912856187611e-02
3.266165168056568702e-02
3.218639602855478954e-02
3.171880257546109971e-02
3.125874368713606882e-02
3.080609367719733607e-02
3.036072879105113087e-02
2.992252718917834051e-02
2.949136892973912988e-02
2.906713595056634181e-02
2.864971205060455953e-02
2.823898287085246581e-02
2.783483587485939895e-02
2.743716032882806410e-02
2.704584728136497085e-02
2.666078954292746758e-02
2.628188166500384712e-02
2.590901991906726515e-02
2.554210227533829092e-02
2.518102838138632296e-02
2.482569954060969211e-02
2.447601869061187194e-02
2.413189038151199520e-02
2.379322075420816154e-02
2.345991751861883565e-02
2.313188993192819357e-02
2.280904877684969759e-02
2.249130633993278935e-02
2.217857638992752969e-02
2.187077415622269705e-02
2.156781630737792874e-02
2.126962092975783619e-02
2.097610750628447693e-02
2.068719689532220324e-02
2.040281130969897466e-02
2.012287429588566212e-02
1.984731071333035654e-02
1.957604671396602491e-02
1.930900972189527470e-02
1.904612841325867278e-02
1.878733269629537586e-02
1.853255369160141178e-02
1.828172371258931020e-02
1.803477624615674318e-02
1.779164593356525464e-02
1.755226855153543819e-02
1.731658099356118627e-02
1.708452125144393693e-02
1.685602839705308692e-02
1.663104256431133590e-02
1.640950493140778607e-02
1.619135770324211035e-02
1.597654409409693041e-02
1.576500831054312643e-02
1.555669553457678621e-02
1.535155190698726628e-02
1.514952451095874682e-02
1.495056135590257414e-02
1.475461136152218106e-02
1.456162434210873761e-02
1.437155099106634561e-02
1.418434286566783512e-02
1.399995237203808043e-02
1.381833275036335046e-02
1.363943806032956972e-02
1.346322316678074879e-02
1.328964372560316291e-02
1.311865616982884307e-02
1.295021769595911323e-02
1.278428625050434704e-02
1.262082051674019711e-02
1.245977990167717285e-02
1.230112452323946746e-02
1.214481519765608919e-02
1.199081342705576175e-02
1.183908138726869064e-02
1.168958191582900909e-02
1.154227850017864113e-02
1.139713526606802273e-02
1.125411696615155784e-02
1.111318896877751608e-02
1.097431724696663717e-02
1.083746836757933443e-02
1.070260948066933948e-02
1.056970830901806345e-02
1.043873313785206002e-02
1.030965280473650734e-02
1.018243668964556072e-02
1.005705470520466133e-02
9.933477287104478665e-03
9.811675384682080198e-03
9.691620451668344835e-03
9.573284437097902624e-03
9.456639776380323936e-03
9.341659382529397468e-03
9.228316637547775286e-03
9.116585383965989178e-03
9.006439916531426906e-03
8.897854974046704585e-03
8.790805731354151345e-03
8.685267791463734816e-03
8.581217177823051781e-03
8.478630326727383884e-03
8.377484079864756447e-03
8.277755676997745546e-03
8.179422748777467542e-03
8.082463309686562652e-03
7.986855751112175231e-03
7.892578834543846275e-03
7.799611684895763931e-03
7.707933783950035242e-03
7.617524963921365119e-03
7.528365401136647740e-03
7.440435609833372620e-03
7.353716436068809259e-03
7.268189051742535156e-03
7.183834948728394509e-03
7.100635933113402624e-03
7.018574119543727861e-03
6.937631925673441204e-03
6.857792066716599834e-03
6.779037550098599395e-03
6.701351670207218204e-03
6.624718003239396524e-03
6.549120402143573071e-03
6.474542991655543936e-03
6.400970163425715419e-03
6.328386571236348235e-03
6.256777126307571865e-03
6.186126992689586906e-03
6.116421582740879347e-03
6.047646552688728389e-03
5.979787798273949843e-03
5.912831450474094128e-03
5.846763871307143236e-03
5.781571649712337856e-03
5.717241597507664516e-03
5.653760745421623594e-03
5.591116339199136802e-03
5.529295835779080535e-03
5.468286899542561252e-03
5.408077398631427196e-03
5.348655401333850604e-03
5.290009172537509484e-03
5.232127170248420008e-03
5.174998042173900754e-03
5.118610622369107639e-03
5.062953927945347543e-03
5.008017155839338853e-03
4.953789679642573232e-03
4.900261046488751590e-03
4.847420973999162427e-03
4.795259347284399655e-03
4.743766216001479678e-03
4.692931791465289153e-03
4.642746443813444875e-03
4.593200699223178897e-03
4.544285237180349483e-03
4.495990887797691321e-03
4.448308629183576543e-03
4.401229584858423402e-03
4.354745021219356277e-03
4.308846345051101263e-03
4.263525101082801631e-03
4.218772969589984663e-03
4.174581764040112553e-03
4.130943428781958492e-03
4.087850036777107045e-03
4.045293787373049725e-03
4.003267004117313718e-03
3.961762132611470165e-03
3.920771738404613474e-03
3.880288504925348894e-03
3.840305231451567134e-03
3.800814831117377626e-03
3.761810328956574200e-03
3.723284859981545493e-03
3.685231667297638337e-03
3.647644100251611499e-03
3.610515612613818953e-03
3.573839760793711979e-03
3.537610202087667407e-03
3.501820692958682295e-03
3.466465087347370393e-03
3.431537335013592083e-03
3.397031479908195657e-03
3.362941658574172561e-03
3.329262098577056607e-03
3.295987116963319460e-03
3.263111118746987900e-03
3.230628595423510555e-03
3.198534123510250043e-03
3.166822363113736254e-03
3.135488056522273050e-03
3.104526026824207599e-03
3.073931176551042248e-03
3.043698486344595302e-03
3.013823013648632247e-03
2.984299891423554483e-03
2.955124326884382788e-03
2.926291600261221940e-03
2.897797063581809655e-03
2.869636139476241382e-03
2.841804320002494413e-03
2.814297165493335508e-03
2.787110303423575956e-03
2.760239427297609457e-03
2.733680295556701993e-03
2.707428730505721890e-03
2.681480617258855548e-03
2.655831902704190468e-03
2.630478594486531079e-03
2.605416760008143380e-03
2.580642525447636101e-03
2.556152074795378128e-03
2.531941648906704638e-03
2.508007544571512482e-03
2.484346113600179734e-03
2.460953761925618617e-03
2.437826948721393688e-03
2.414962185534788586e-03
2.392356035435558130e-03
2.370005112179465051e-03
2.347906079386344151e-03
2.326055649732709958e-03
2.304450584158284666e-03
2.283087691086660171e-03
2.261963825659205583e-03
2.241075888982627020e-03
2.220420827389350035e-03
2.199995631710973190e-03
2.179797336564303148e-03
2.159823019649538024e-03
2.140069801060901725e-03
2.120534842609209710e-03
2.101215347155742982e-03
2.082108557958144146e-03
2.063211758027253071e-03
2.044522269495123706e-03
2.026037452993971824e-03
2.007754707045662952e-03
1.989671467461835014e-03
1.971785206754210745e-03
1.954093433555006629e-03
1.936593692047264888e-03
1.919283561405036968e-03
1.902160655242953174e-03
1.885222621075264551e-03
1.868467139784135613e-03
1.851891925096842920e-03
1.835494723071964297e-03
1.819273311594446583e-03
1.803225499878759359e-03
1.787349127981001807e-03
1.771642066318919028e-03
1.756102215200126436e-03
1.740727504358348344e-03
1.725515892497352013e-03
1.710465366842625710e-03
1.695573942700699319e-03
1.680839663025643447e-03
1.666260597992994018e-03
1.651834844580775353e-03
1.637560526157577937e-03
1.623435792077404212e-03
1.609458817281434395e-03
1.595627801906251324e-03
1.581940970898790396e-03
1.568396573637515206e-03
1.554992883560008194e-03
1.541728197796675545e-03
1.528600836810511260e-03
1.515609144042947285e-03
1.502751485565338458e-03
1.490026249736440059e-03
1.477431846865369901e-03
1.464966708880159271e-03
1.452629289001830266e-03
1.440418061423702446e-03
1.428331520996100343e-03
1.416368182916083853e-03
1.404526582422397762e-03
1.392805274495314931e-03
1.381202833561414331e-03
1.369717853203177710e-03
1.358348945873295160e-03
1.347094742613618020e-03
1.335953892778774920e-03
1.324925063764058504e-03
1.314006940737997859e-03
1.303198226379037681e-03
1.292497640616535387e-03
1.281903920376034319e-03
1.271415819328553269e-03
1.261032107643877140e-03
1.250751571747950232e-03
1.240573014084021299e-03
1.230495252877783236e-03
1.220517121906075034e-03
1.210637470269471019e-03
1.200855162168435169e-03
1.191169076683005383e-03
1.181578107556040215e-03
1.172081162979936352e-03
1.162677165386709083e-03
1.153365051241369600e-03
1.144143770838678938e-03
1.135012288103026809e-03
1.125969580391551110e-03
1.117014638300277592e-03
1.108146465473443167e-03
1.099364078415737255e-03
1.090666506307509708e-03
1.082052790822897416e-03
1.073521985950850284e-03
1.065073157818899590e-03
1.056705384519644004e-03
1.048417755940142786e-03
1.040209373593781617e-03
1.032079350454798627e-03
1.024026810795515725e-03
1.016050890025913542e-03
1.008150734535867652e-03
1.000325501539750745e-03
9.925743589234157019e-04
9.848964850936636675e-04
9.772910688299134806e-04
9.697573091382360793e-04
9.622944151076488154e-04
9.549016057685531279e-04
9.475781099534519693e-04
9.403231661596944723e-04
9.331360224144406293e-04
9.260159361416019303e-04
9.189621740308989055e-04
9.119740119088727255e-04
9.050507346118155140e-04
8.981916358608018442e-04
8.913960181384544173e-04
8.846631925676699771e-04
8.779924787921822987e-04
8.713832048589105310e-04
8.648347071021064486e-04
8.583463300292588699e-04
8.519174262087584942e-04
8.455473561591470835e-04
8.392354882401628418e-04
8.329811985453523587e-04
8.267838707963354183e-04
8.206428962386248804e-04
8.145576735390552998e-04
8.085276086846441028e-04
8.025521148831518160e-04
7.966306124649383518e-04
7.907625287863921442e-04
7.849472981347725437e-04
7.791843616344448688e-04
7.734731671545667714e-04
7.678131692180873531e-04
7.622038289121171482e-04
7.566446137996557433e-04
7.511349978325612426e-04
7.456744612658495076e-04
7.402624905732908605e-04
7.348985783641389128e-04
7.295822233012195243e-04
7.243129300201334555e-04
7.190902090496615077e-04
7.139135767333786584e-04
