-1.310518455564422392e-05
8.076527133560832544e-03
7.151341088812282476e-03
7.111510472207535800e-03
7.091711792315968585e-03
7.075603527834020169e-03
7.073005694605917319e-03
7.082069561652805725e-03
7.097120749431129298e-03
7.112823392757854774e-03
7.125266908319601716e-03
7.131939886108405735e-03
7.131420760823558962e-03
7.123059026684935673e-03
7.106718606811388179e-03
7.082589632016230395e-03
7.051056976445879004e-03
7.012611435348465802e-03
6.967791429493970859e-03
6.917145936028300419e-03
6.861211866730184024e-03
6.800501093830099535e-03
6.735493789087531810e-03
6.666635793620708829e-03
6.594338476554524944e-03
6.518980055072523538e-03
6.440907702274979545e-03
6.360440010292893465e-03
6.277869538744039121e-03
6.193465287177876526e-03
6.107475001711860918e-03
6.020127272302908637e-03
5.931633406361178605e-03
5.842189082197065363e-03
5.751975796040142974e-03
5.661162121621452457e-03
5.569904803434322198e-03
5.478349704953792802e-03
5.386632632002011194e-03
5.294880049861577613e-03
5.203209710723251391e-03
5.111731206028444739e-03
5.020546456294685059e-03
4.929750149129000919e-03
4.839430134486085930e-03
4.749667784691874797e-03
4.660538325477621945e-03
4.572111143103273385e-03
4.484450071731245144e-03
4.397613664333405864e-03
4.311655449789374324e-03
4.226624178235248615e-03
4.142564056263575885e-03
4.059514973190994983e-03
3.977512719339965086e-03
3.896589196968735375e-03
3.816772624383394773e-03
3.738087733532253348e-03
3.660555961341214765e-03
3.584195634912894918e-03
3.509022150702066807e-03
3.435048147697850052e-03
3.362283674653933612e-03
3.290736351360736348e-03
3.220411523987954869e-03
3.151312414492773301e-03
3.083440264119300007e-03
3.016794471021462011e-03
2.951372722040625056e-03
2.887171118704176705e-03
2.824184297509813642e-03
2.762405544579821671e-03
2.701826904783962650e-03
2.642439285441748262e-03
2.584232554719089348e-03
2.527195634870563114e-03
2.471316590432134919e-03
2.416582711554812486e-03
2.362980592603134301e-03
2.310496206188210593e-03
2.259114972799459043e-03
2.208821826205922823e-03
2.159601274769635138e-03
2.111437458877352645e-03
2.064314204625192477e-03
2.018215073933416100e-03
1.973123411263132728e-03
1.929022387079997684e-03
1.885895038236782510e-03
1.843724305426645707e-03
1.802493067852106376e-03
1.762184175259982281e-03
1.722780477492249660e-03
1.684264851670784447e-03
1.646620227172127145e-03
1.609829608501038090e-03
1.573876096195606263e-03
1.538742905876713330e-03
1.504413385560110982e-03
1.470871031330504711e-03
1.438099501486340059e-03
1.406082629252778477e-03
1.374804434155915732e-03
1.344249132140109670e-03
1.314401144523788968e-03
1.285245105865823016e-03
1.256765870816085222e-03
1.228948520030281096e-03
1.201778365207619272e-03
1.175240953319639514e-03
1.149322070087816124e-03
1.124007742768617230e-03
1.099284242296528829e-03
1.075138084841931229e-03
1.051556032813609183e-03
1.028525095376055113e-03
1.006032528496971249e-03
9.840658345844786794e-04
9.626127617315470390e-04
9.416613026213916998e-04
9.211996931066942585e-04
9.012164105053578275e-04
8.817001716352092103e-04
8.626399306138905331e-04
8.440248764460640211e-04
8.258444304269942342e-04
8.080882433733045742e-04
7.907461927091280008e-04
7.738083794197252001e-04
7.572651248924408118e-04
7.411069676586748162e-04
7.253246600517633102e-04
7.099091647940452676e-04
6.948516515230444097e-04
6.801434932733467801e-04
6.657762629180959081e-04
6.517417295824264349e-04
6.380318550401763069e-04
6.246387900952444974e-04
6.115548709621275534e-04
5.987726156481444628e-04
5.862847203441720742e-04
5.740840558272204382e-04
5.621636638865874867e-04
5.505167537713438709e-04
5.391366986639927177e-04
5.280170321884160864e-04
5.171514449529156406e-04
5.065337811270688266e-04
4.961580350630866729e-04
4.860183479599807692e-04
4.761090045660469811e-04
4.664244299390694318e-04
4.569591862441731329e-04
4.477079696064161949e-04
4.386656070123929620e-04
4.298270532644569487e-04
4.211873879860937781e-04
4.127418126793753442e-04
4.044856478383961561e-04
3.964143301129281391e-04
3.885234095294286998e-04
3.808085467605417393e-04
3.732655104554558024e-04
3.658901746173760143e-04
3.586785160398320922e-04
3.516266117911223308e-04
3.447306367559098417e-04
3.379868612273484148e-04
3.313916485502311506e-04
3.249414528183361362e-04
3.186328166195712889e-04
3.124623688336444034e-04
3.064268224781950848e-04
3.005229726046620715e-04
2.947476942418133855e-04
2.890979403864710456e-04
2.835707400425860466e-04
2.781631963044435118e-04
2.728724844866345801e-04
2.676958502980801872e-04
2.626306080581929602e-04
2.576741389594018735e-04
2.528238893682858870e-04
2.480773691694658609e-04
2.434321501505819056e-04
2.388858644254985891e-04
2.344362028978779725e-04
2.300809137609533699e-04
2.258178010364721622e-04
2.216447231494948831e-04
2.175595915379441791e-04
2.135603692976139549e-04
2.096450698625869640e-04
2.058117557167010215e-04
2.020585371392842730e-04
1.983835709820304567e-04
1.947850594781645804e-04
1.912612490791172192e-04
1.878104293250610767e-04
1.844309317407865701e-04
1.811211287619662207e-04
1.778794326879848430e-04
1.747042946628121350e-04
1.715942036808397833e-04
1.685476856194057698e-04
1.655633022962184938e-04
1.626396505504218405e-04
1.597753613485855691e-04
1.569690989134510189e-04
1.542195598747249862e-04
1.515254724427846111e-04
1.488855956036238160e-04
1.462987183349258584e-04
1.437636588417582620e-04
1.412792638135604208e-04
1.388444076990999042e-04
1.364579920016464475e-04
1.341189445917025374e-04
1.318262190375033395e-04
1.295787939543561833e-04
1.273756723692941856e-04
1.252158811035874162e-04
1.230984701704410794e-04
1.210225121897695003e-04
1.189871018165828656e-04
1.169913551857765477e-04
1.150344093702004953e-04
1.131154218546836897e-04
1.112335700215279823e-04
1.093880506509988204e-04
1.075780794347151861e-04
1.058028905014450589e-04
1.040617359549961555e-04
1.023538854246831175e-04
1.006786256275499431e-04
9.903525994179156471e-05
9.742310799099111436e-05
9.584150524019365545e-05
9.428980260080603809e-05
9.276736604819979580e-05
9.127357624659776655e-05
8.980782818578705558e-05
8.836953082646475477e-05
8.695810675421693345e-05
8.557299184365883978e-05
8.421363493057773390e-05
8.287949749278350432e-05
8.157005333896179418e-05
8.028478830573241014e-05
7.902319996270084918e-05
7.778479732514389621e-05
7.656910057380457923e-05
7.537564078217854138e-05
7.420395965022235935e-05
7.305360924635763463e-05
7.192415175455529029e-05
7.081515922851621488e-05
6.972621335268010321e-05
6.865690520832064194e-05
6.760683504645636935e-05
6.657561206642783334e-05
6.556285419956410271e-05
6.456818789967720435e-05
6.359124793714318244e-05
6.263167719954670085e-05
6.168912649734718204e-05
6.076325437332189981e-05
5.985372691857800901e-05
5.896021759166718247e-05
5.808240704324787318e-05
5.721998294486637255e-05
5.637263982200892717e-05
5.554007889151656998e-05
5.472200790314421255e-05
5.391814098472067098e-05
5.312819849179587932e-05
5.235190686056689972e-05
5.158899846473831262e-05
5.083921147615862548e-05
5.010228972837188445e-05
4.937798258406619992e-05
4.866604480590561990e-05
4.796623642999082765e-05
4.727832264325826481e-05
4.660207366327195308e-05
4.593726462128150216e-05
4.528367544843969278e-05
4.464109076414843677e-05
4.400929976789590196e-05
4.338809613340761592e-05
4.277727790540520464e-05
4.217664739911749366e-05
4.158601110167845302e-05
4.100517957713895739e-05
4.043396737238578634e-05
3.987219292635906572e-05
3.931967848114666629e-05
3.877624999531457283e-05
3.824173705920500568e-05
3.771597281252689121e-05
3.719879386380102953e-05
3.669004021182252880e-05
3.618955516921144676e-05
3.569718528707208321e-05
3.521278028259553579e-05
3.473619296780558084e-05
3.426727917954388545e-05
3.380589771243761569e-05
3.335191025182338546e-05
3.290518131007225935e-05
3.246557816279970144e-05
3.203297078772499560e-05
3.160723180465796516e-05
3.118823641663423518e-05
3.077586235270597675e-05
3.036998981240060134e-05
2.997050141083685781e-05
2.957728212564668846e-05
2.919021924499914946e-05
2.880920231677581501e-05
2.843412309908926398e-05
2.806487551201734015e-05
2.770135559005469341e-05
2.734346143646440222e-05
2.699109317778249236e-05
2.664415291998204724e-05
2.630254470571504914e-05
2.596617447218728939e-05
2.563495001010396897e-05
2.530878092392007872e-05
2.498757859256817753e-05
2.467125613132800822e-05
2.435972835447691178e-05
2.405291173921433835e-05
2.375072438947535292e-05
2.345308600170829182e-05
2.315991783076556918e-05
2.287114265654420598e-05
2.258668475190221412e-05
2.230646985065744782e-05
2.203042511694502118e-05
2.175847911470992581e-05
2.149056177849288822e-05
2.122660438427968689e-05
2.096653952133242107e-05
2.071030106480278076e-05
2.045782414863150199e-05
2.020904513927844633e-05
1.996390160990142834e-05
1.972233231537924339e-05
1.948427716755254228e-05
1.924967721123117237e-05
1.901847460084213316e-05
1.879061257718443075e-05
1.856603544542039720e-05
1.834468855256424493e-05
1.812651826650585484e-05
1.791147195481618238e-05
1.769949796428435778e-05
1.749054560082126018e-05
1.728456510987412363e-05
1.708150765732363688e-05
1.688132531063004361e-05
1.668397102055080368e-05
1.648939860320560217e-05
1.629756272254654178e-05
1.610841887310695482e-05
1.592192336348300033e-05
1.573803329963714042e-05
1.555670656907670653e-05
1.537790182490984597e-05
1.520157847074934157e-05
1.502769664565475788e-05
1.485621720918700901e-05
1.468710172732156883e-05
1.452031245833261777e-05
1.435581233887213087e-05
1.419356497066247180e-05
1.403353460732585892e-05
1.387568614139228595e-05
1.371998509177081539e-05
1.356639759142301977e-05
1.341489037520984438e-05
1.326543076815869828e-05
1.311798667380809808e-05
1.297252656297060351e-05
1.282901946271077075e-05
1.268743494522891562e-05
1.254774311759917562e-05
1.240991461118379189e-05
1.227392057147714012e-05
1.213973264818767609e-05
1.200732298553564760e-05
1.187666421259125391e-05
1.174772943406284225e-05
1.162049222111713916e-05
1.149492660239517855e-05
1.137100705521957119e-05
1.124870849723367626e-05
1.112800627766438196e-05
1.100887616933558092e-05
1.089129436052710786e-05
1.077523744712229692e-05
1.066068242482407755e-05
1.054760668166038799e-05
1.043598799056015852e-05
1.032580450201535662e-05
1.021703473711633816e-05
1.010965758039312474e-05
1.000365227325024786e-05
9.898998407055998458e-06
9.795675916717702411e-06
9.693665074242296506e-06
9.592946482504813782e-06
9.493501069007080555e-06
9.395310079916701721e-06
9.298355074137840286e-06
9.202617917564803556e-06
9.108080777350071228e-06
9.014726116403224670e-06
8.922536687923252687e-06
8.831495530111697117e-06
8.741585960827575095e-06
8.652791572634099774e-06
8.565096227628074432e-06
8.478484052663768446e-06
8.392939434380718695e-06
8.308447014605460437e-06
8.224991685700987776e-06
8.142558585908702648e-06
8.061133095062904139e-06
7.980700830177594362e-06
7.901247641087067543e-06
7.822759606379867269e-06
7.745223029225111264e-06
7.668624433318915265e-06
7.592950559046661235e-06
7.518188359487070296e-06
7.444324996665140738e-06
7.371347837875388053e-06
7.299244451964458738e-06
7.228002605827930770e-06
7.157610260768548817e-06
7.088055569271147135e-06
7.019326871417791836e-06
6.951412691682913148e-06
6.884301735701807809e-06
6.817982887074234874e-06
6.752445204149497084e-06
6.687677917179815548e-06
6.623670425057324197e-06
6.560412292597233636e-06
6.497893247498049271e-06
6.436103177584363025e-06
6.375032128037954303e-06
6.314670298591821404e-06
6.255008040922437285e-06
6.196035856047971813e-06
6.137744391668116191e-06
6.080124439717447766e-06
6.023166933845827196e-06
5.966862946999904231e-06
5.911203689091100491e-06
5.856180504495271541e-06
5.801784869987328857e-06
5.748008392258850531e-06
5.694842805911770236e-06
5.642279971093420578e-06
5.590311871559274725e-06
5.538930612415715410e-06
5.488128418181035063e-06
5.437897630695545487e-06
5.388230707228247466e-06
5.339120218451588539e-06
5.290558846604776241e-06
5.242539383628502282e-06
5.195054729212010683e-06
5.148097889146276833e-06
5.101661973532080495e-06
5.055740194882348764e-06
5.010325866670483049e-06
4.965412401458154529e-06
4.920993309353521225e-06
4.877062196361012162e-06
4.833612762790441091e-06
4.790638801782754966e-06
4.748134197646149527e-06
4.706092924496247687e-06
4.664509044694548557e-06
4.623376707448194737e-06
4.582690147360648967e-06
4.542443683066148273e-06
4.502631715866254507e-06
4.463248728334515802e-06
4.424289283037894051e-06
4.385748021287075370e-06
4.347619661752303063e-06
4.309898999273375955e-06
4.272580903691905898e-06
