1.815659811968542057e-08
7.956002530790741434e-03
9.658553320622568703e-03
1.056841708097048735e-02
1.112896438527206239e-02
1.150858761061251782e-02
1.177390226328481337e-02
1.195715198753137531e-02
1.207741097784948564e-02
1.214752235404474058e-02
1.217677165582211132e-02
1.217215056247026098e-02
1.213907037193056281e-02
1.208181414052379721e-02
1.200384142963441432e-02
1.190800009856075176e-02
1.179667596578852333e-02
1.167189980275115148e-02
1.153542464154896745e-02
1.138878225866639393e-02
1.123332494365186264e-02
1.107025678645471786e-02
1.090065743242149554e-02
1.072550037191449292e-02
1.054566722453965932e-02
1.036195905843080231e-02
1.017510549334547758e-02
9.985772131765671689e-03
9.794566717389104060e-03
9.602044316765446022e-03
9.408711744845057318e-03
9.215031400400138656e-03
9.021424636651209292e-03
8.828274762260267597e-03
8.635929745071621241e-03
8.444704673754587637e-03
8.254884019458662639e-03
8.066723729586919994e-03
7.880453178201145617e-03
7.696276991777746893e-03
7.514376764635117938e-03
7.334912675006728319e-03
7.158025010249944274e-03
6.983835607813875489e-03
6.812449217208630357e-03
6.643954787257677977e-03
6.478426682149069672e-03
6.315925829365656025e-03
6.156500802213908663e-03
6.000188839437500463e-03
5.847016804293546713e-03
5.697002085374634935e-03
5.550153441431234826e-03
5.406471792404514767e-03
5.265950958909065144e-03
5.128578352371126158e-03
4.994335618055735851e-03
4.863199233174322206e-03
4.735141062285603761e-03
4.610128872147547553e-03
4.488126808178633659e-03
4.369095834628736706e-03
4.252994140506380361e-03
4.139777513276877464e-03
4.029399682281434823e-03
3.921812633736738649e-03
3.816966899142534061e-03
3.714811818821618736e-03
3.615295782269100332e-03
3.518366446874852862e-03
3.423970936552192274e-03
3.332056021686788123e-03
3.242568281776441082e-03
3.155454252023574130e-03
3.070660555104876791e-03
2.988134019247910486e-03
2.907821783680691625e-03
2.829671392443774275e-03
2.753630877517087606e-03
2.679648832124712204e-03
2.607674475028447930e-03
2.537657706572518830e-03
2.469549157191975718e-03
2.403300229023991753e-03
2.338863131242352542e-03
2.276190909671779294e-03
2.215237471211204713e-03
2.155957603531421900e-03
2.098306990507621105e-03
2.042242223793608313e-03
1.987720810904340749e-03
1.934701180167671623e-03
1.883142682864817619e-03
1.833005592833157745e-03
1.784251103835840036e-03
1.736841324910045302e-03
1.690739273942100038e-03
1.645908869666630773e-03
1.602314922285604090e-03
1.559923122869969576e-03
1.518700031713525033e-03
1.478613065767894101e-03
1.439630485305948759e-03
1.401721379911395182e-03
1.364855653925983563e-03
1.329004011426768769e-03
1.294137940842247751e-03
1.260229699271868571e-03
1.227252296588064078e-03
1.195179479388835475e-03
1.163985714842997489e-03
1.133646174501748644e-03
1.104136718100442527e-03
1.075433877415009776e-03
1.047514840184637398e-03
1.020357434157781072e-03
9.939401112689983699e-04
9.682419319867062359e-04
9.432425498484086181e-04
9.189221961983385766e-04
8.952616651508900477e-04
8.722422987912419262e-04
8.498459726226794504e-04
8.280550812757382683e-04
8.068525244809932962e-04
7.862216933171417956e-04
7.661464567405293965e-04
7.466111483889402390e-04
7.276005536830495090e-04
7.090998972022678109e-04
6.910948303586549437e-04
6.735714193510708827e-04
6.565161334112494963e-04
6.399158333316029568e-04
6.237577602788552372e-04
6.080295248861051225e-04
5.927190966265030378e-04
5.778147934552455792e-04
5.633052717271496259e-04
5.491795163796226635e-04
5.354268313758338239e-04
5.220368304072355156e-04
5.089994278490248686e-04
4.963048299647066994e-04
4.839435263500538992e-04
4.719062816214909567e-04
4.601841273321642190e-04
4.487683541184564516e-04
4.376505040704491579e-04
4.268223633174408980e-04
4.162759548283617435e-04
4.060035314192746289e-04
3.959975689606030067e-04
3.862507597870735174e-04
3.767560062923152567e-04
3.675064147193721534e-04
3.584952891269322641e-04
3.497161255340567525e-04
3.411626062424178091e-04
3.328285943202957957e-04
3.247081282539770954e-04
3.167954167573457883e-04
3.090848337352042991e-04
3.015709133976256836e-04
2.942483455205330213e-04
2.871119708464327019e-04
2.801567766249278254e-04
2.733778922859091630e-04
2.667705852428591613e-04
2.603302568219645970e-04
2.540524383142802700e-04
2.479327871467896138e-04
2.419670831673046633e-04
2.361512250432029137e-04
2.304812267682284808e-04
2.249532142738864344e-04
2.195634221437526375e-04
2.143081904263802260e-04
2.091839615451227051e-04
2.041872773007107566e-04
1.993147759639718930e-04
1.945631894579145807e-04
1.899293406220282270e-04
1.854101405613701352e-04
1.810025860753562547e-04
1.767037571633350737e-04
1.725108146053794755e-04
1.684209976160636144e-04
1.644316215700628470e-04
1.605400757940682105e-04
1.567438214269801329e-04
1.530403893429451031e-04
1.494273781390353744e-04
1.459024521802521177e-04
1.424633397055046467e-04
1.391078309900734597e-04
1.358337765624140084e-04
1.326390854747974755e-04
1.295217236254516964e-04
1.264797121311262915e-04
1.235111257483416749e-04
1.206140913414979580e-04
1.177867863965163738e-04
1.150274375790696804e-04
1.123343193362716174e-04
1.097057525378079552e-04
1.071401031604762491e-04
1.046357810094653831e-04
1.021912384782810388e-04
9.980496934521628644e-05
9.747550760647230160e-05
9.520142634130137282e-05
9.298133661411967172e-05
9.081388640540770515e-05
8.869775957708059006e-05
8.663167486570572237e-05
8.461438490775868783e-05
8.264467529163592723e-05
8.072136363845309125e-05
7.884329870961085621e-05
7.700935953915008731e-05
7.521845459442030467e-05
7.346952095784214291e-05
7.176152353486107234e-05
7.009345428371514580e-05
6.846433146888623411e-05
6.687319893414074817e-05
6.531912539873400178e-05
6.380120377340481482e-05
6.231855049472781406e-05
6.087030488080580755e-05
5.945562850489178642e-05
5.807370458523750990e-05
5.672373739595498537e-05
5.540495169114031607e-05
5.411659214854351168e-05
5.285792282700553193e-05
5.162822664108168973e-05
5.042680484900522012e-05
4.925297655706349490e-05
4.810607823643836783e-05
4.698546325517946804e-05
4.589050142232272626e-05
4.482057854596040782e-05
4.377509600293352863e-05
4.275347032153937289e-05
4.175513277564405190e-05
4.077952898952741080e-05
3.982611855552829723e-05
3.889437466111460962e-05
3.798378372666884778e-05
3.709384505390900223e-05
3.622407048371528368e-05
3.537398406346910034e-05
3.454312172476530201e-05
3.373103096810681505e-05
3.293727055853857221e-05
3.216141022805341678e-05
3.140303038746162118e-05
3.066172184558213124e-05
2.993708553670903783e-05
2.922873225461534370e-05
2.853628239566689153e-05
2.785936570730683666e-05
2.719762104412701086e-05
2.655069613092619316e-05
2.591824733233151731e-05
2.529993942779977168e-05
2.469544539390349419e-05
2.410444619203364652e-05
2.352663056195836229e-05
2.296169482091649997e-05
2.240934266861700091e-05
2.186928499691140256e-05
2.134123970540496756e-05
2.082493152104600127e-05
2.032009182371992141e-05
1.982645847576347068e-05
1.934377565662665359e-05
1.887179370134512210e-05
1.841026894401168201e-05
1.795896356533786725e-05
1.751764544369390251e-05
1.708608801117790022e-05
1.666407011260485801e-05
1.625137586884765729e-05
1.584779454341544205e-05
1.545312041314000581e-05
1.506715264167440930e-05
1.468969515687115808e-05
1.432055653094070147e-05
1.395954986438138459e-05
1.360649267246468542e-05
1.326120677472789309e-05
1.292351818810054231e-05
1.259325702163151985e-05
1.227025737534830940e-05
1.195435724050361038e-05
1.164539840357314882e-05
1.134322635169031710e-05
1.104769018159750294e-05
1.075864251013260814e-05
1.047593938764726169e-05
1.019944021323581672e-05
9.929007652482955688e-06
9.664507557376782868e-06
9.405808887685530401e-06
9.152783635423906839e-06
8.905306750281331217e-06
8.663256067661127539e-06
8.426512238200327791e-06
8.194958659262043573e-06
7.968481407916264361e-06
7.746969176325267111e-06
7.530313207778233414e-06
7.318407235562499526e-06
7.111147422171860291e-06
6.908432300982916157e-06
6.710162718954389510e-06
6.516241781093561794e-06
6.326574795997850408e-06
6.141069222870455852e-06
5.959634620382074844e-06
5.782182595880743120e-06
5.608626756636696920e-06
5.438882662302631879e-06
5.272867778028488847e-06
5.110501429174776379e-06
4.951704757284203860e-06
4.796400676755325384e-06
4.644513832813002076e-06
4.495970560759193683e-06
4.350698845482085897e-06
4.208628283325047232e-06
4.069690043243503932e-06
3.933816830280208444e-06
3.800942849407327774e-06
3.671003769985059610e-06
3.543936691849825902e-06
3.419680111466612252e-06
3.298173889496288116e-06
3.179359218735736290e-06
3.063178593227909794e-06
2.949575777790235794e-06
2.838495778607864033e-06
2.729884814250338552e-06
2.623690287630844721e-06
2.519860758546388724e-06
2.418345916888669177e-06
2.319096556503052611e-06
2.222064549861399808e-06
2.127202823038286220e-06
2.034465331469296364e-06
1.943807036425745475e-06
1.855183881733015235e-06
1.768552771468463202e-06
1.683871547688550862e-06
1.601098969305722754e-06
1.520194690927844630e-06
1.441119242496267690e-06
1.363834009296063202e-06
1.288301212625677792e-06
1.214483890668899148e-06
1.142345880065236617e-06
1.071851797649017198e-06
1.002967023064042349e-06
9.356576812875394231e-07
8.698906258084086751e-07
8.056334225278225135e-07
7.428543331112424842e-07
6.815223000266273899e-07
6.216069307184853740e-07
5.630784830256908664e-07
5.059078503432448467e-07
4.500665477404464245e-07
3.955266976360345301e-07
3.422610166650998805e-07
2.902428021035174153e-07
2.394459192154771444e-07
1.898447883321388659e-07
1.414143728272287059e-07
9.413016677278431861e-08
4.796818343283668674e-08
2.904943648836416639e-09
-4.108253541251239599e-08
-8.401675107085385661e-08
-1.259197260428857188e-07
-1.668130186726154022e-07
-2.067177333369969511e-07
-2.456545303022425322e-07
-2.836436354727438263e-07
-3.207048499832620174e-07
-3.568575594614630401e-07
-3.921207431092018056e-07
-4.265129825559545118e-07
-4.600524704805610258e-07
-4.927570193589520350e-07
-5.246440693592316574e-07
-5.557306967012089172e-07
-5.860336214191082695e-07
-6.155692152130794067e-07
-6.443535088298725256e-07
-6.724021996256474881e-07
-6.997306586493151130e-07
-7.263539376558691818e-07
-7.522867761611729790e-07
-7.775436079750734862e-07
-8.021385678941235831e-07
-8.260854981330847927e-07
-8.493979545009351382e-07
-8.720892126769037555e-07
-8.941722740791859961e-07
-9.156598718838977172e-07
-9.365644766434182449e-07
-9.568983018964776253e-07
-9.766733096852938681e-07
-9.959012159431660294e-07
-1.014593495679223869e-06
-1.032761388100487751e-06
-1.050415901649375174e-06
-1.067567818898068902e-06
-1.084227701265340416e-06
-1.100405893812150829e-06
-1.116112529735680536e-06
-1.131357534885913019e-06
-1.146150632082923883e-06
-1.160501345444309496e-06
-1.174419004590288623e-06
-1.187912748642036750e-06
-1.200991530364885489e-06
-1.213664119962006754e-06
-1.225939108943292496e-06
-1.237824913830793721e-06
-1.249329779946519055e-06
-1.260461784804254301e-06
-1.271228841793856338e-06
-1.281638703480551266e-06
-1.291698965005889218e-06
-1.301417067377332337e-06
-1.310800300641785047e-06
-1.319855807035740289e-06
-1.328590584098308988e-06
-1.337011487609648496e-06
-1.345125234509848505e-06
-1.352938405893999099e-06
-1.360457449678939740e-06
-1.367688683438419992e-06
-1.374638297104249899e-06
-1.381312355529757108e-06
-1.387716801106429614e-06
-1.393857456351904654e-06
-1.399740026202720237e-06
-1.405370100623516923e-06
-1.410753156842516161e-06
-1.415894561703653069e-06
-1.420799573954810111e-06
-1.425473346394590967e-06
-1.429920928089758560e-06
-1.434147266511594873e-06
-1.438157209534674032e-06
-1.441955507559151419e-06
-1.445546815451089789e-06
-1.448935694458676494e-06
-1.452126614200460531e-06
-1.455123954424515039e-06
-1.457932006943201366e-06
-1.460554977341073156e-06
-1.462996986738035990e-06
-1.465262073499664453e-06
-1.467354194976801135e-06
-1.469277229036947093e-06
-1.471034975733495280e-06
-1.472631158892818086e-06
-1.474069427614792769e-06
-1.475353357774615006e-06
-1.476486453550092689e-06
-1.477472148815057047e-06
-1.478313808590313358e-06
-1.479014730368814040e-06
-1.479578145547256353e-06
-1.480007220696666550e-06
-1.480305058915422564e-06
-1.480474701047547852e-06
-1.480519126935938774e-06
-1.480441256691680107e-06
-1.480243951843065985e-06
-1.479930016519992517e-06
-1.479502198596602481e-06
-1.478963190822110943e-06
-1.478315631904966982e-06
-1.477562107621140825e-06
-1.476705151847198045e-06
-1.475747247566198203e-06
-1.474690827915595514e-06
-1.473538277190364721e-06
-1.472291931796369922e-06
-1.470954081160772948e-06
-1.469526968730768851e-06
-1.468012792843709181e-06
-1.466413707612318120e-06
