-1.025416066856086866e-08
2.315228485226654073e-02
2.417010265173646574e-02
2.489928569265120392e-02
2.530017912471557717e-02
2.549421153030049722e-02
2.554583387980097209e-02
2.549248046601984216e-02
2.535827343777156268e-02
2.515967001138008988e-02
2.490840149589753846e-02
2.461321017858872709e-02
2.428091465922818659e-02
2.391706740965078223e-02
2.352636052533708250e-02
2.311287605515746982e-02
2.268024069734096010e-02
2.223172184869734447e-02
2.177028785698337937e-02
2.129864659274800787e-02
2.081927105950111961e-02
2.033441741447546136e-02
1.984613868806974976e-02
1.935629618707586722e-02
1.886656975056263258e-02
1.837846751674359486e-02
1.789333554234375651e-02
1.741236742209649122e-02
1.693661394115419591e-02
1.646699272848845680e-02
1.600429784673241401e-02
1.554920924131150857e-02
1.510230197132322351e-02
1.466405515134778376e-02
1.423486054387595665e-02
1.381503075405691311e-02
1.340480699076858004e-02
1.300436636960380053e-02
1.261382874392050039e-02
1.223326305921564224e-02
1.186269323385934042e-02
1.150210357554130522e-02
1.115144374779702442e-02
1.081063330486045637e-02
1.047956581580828869e-02
1.015811260096683571e-02
9.846126104570350826e-03
9.543442928268456096e-03
9.249886550062079785e-03
8.965269752805990824e-03
8.689396785807781964e-03
8.422065282043889392e-03
8.163067952476578057e-03
7.912194077726225627e-03
7.669230816095744772e-03
7.433964345690643148e-03
7.206180857027472825e-03
6.985667411326728846e-03
6.772212678403804163e-03
6.565607566937783392e-03
6.365645758776917670e-03
6.172124157858290862e-03
5.984843263387937436e-03
5.803607475971808531e-03
5.628225344565785347e-03
5.458509761317515384e-03
5.294278110673190582e-03
5.135352378451915785e-03
4.981559226009718740e-03
4.832730034036958507e-03
4.688700920104992703e-03
4.549312733545154107e-03
4.414411030921064349e-03
4.283846034940205251e-03
4.157472579331720347e-03
4.035150041962153739e-03
3.916742268123356817e-03
3.802117485767649019e-03
3.691148214206131997e-03
3.583711167609677280e-03
3.479687154497387511e-03
3.378960974217489963e-03
3.281421311326373179e-03
3.186960628633550129e-03
3.095475059568838019e-03
3.006864300460822606e-03
2.921031503207450249e-03
2.837883168757519923e-03
2.757329041756419272e-03
2.679282006664728075e-03
2.603657985572906813e-03
2.530375837945916286e-03
2.459357262432634340e-03
2.390526700895772433e-03
2.323811244754616159e-03
2.259140543714296002e-03
2.196446716945311180e-03
2.135664266737938386e-03
2.076729994662256020e-03
2.019582920234310429e-03
1.964164202072303782e-03
1.910417061542045523e-03
1.858286708852009868e-03
1.807720271567719340e-03
1.758666725511859015e-03
1.711076827994779687e-03
1.664903053339167847e-03
1.620099530631792474e-03
1.576621983659048801e-03
1.534427672973916711e-03
1.493475340017990293e-03
1.453725153256147252e-03
1.415138656261174339e-03
1.377678717686172880e-03
1.341309483063412569e-03
1.305996328382420021e-03
1.271705815369533537e-03
1.238405648435277409e-03
1.206064633210546678e-03
1.174652636634431792e-03
1.144140548524856266e-03
1.114500244593181252e-03
1.085704550837791015e-03
1.057727209275751952e-03
1.030542844961769566e-03
1.004126934243510828e-03
9.784557742105006502e-04
9.535064532913419769e-04
9.292568229585280873e-04
9.056854704898166346e-04
8.827716927633733274e-04
8.604954710270823221e-04
8.388374466209531574e-04
8.177788976048275043e-04
7.973017162679331372e-04
7.773883874735945014e-04
7.580219678192854325e-04
7.391860655696952560e-04
7.208648213403352507e-04
7.030428895010519931e-04
6.857054202690603248e-04
6.688380424664269091e-04
6.524268469189077298e-04
6.364583704658987456e-04
6.209195805613194463e-04
6.057978604431977446e-04
5.910809948486986593e-04
5.767571562494115288e-04
5.628148915976947855e-04
5.492431095519612928e-04
5.360310681703443336e-04
5.231683630517574559e-04
5.106449159083817834e-04
4.984509635506329450e-04
4.865770472716805751e-04
4.750140026166892572e-04
4.637529495166542145e-04
4.527852827780787129e-04
4.421026629165325842e-04
4.316970073121703297e-04
4.215604816854838944e-04
4.116854918744933516e-04
4.020646759030782353e-04
3.926908963321554258e-04
3.835572328799000705e-04
3.746569753008316449e-04
3.659836165194703590e-04
3.575308459986401748e-04
3.492925433459748369e-04
3.412627721393951736e-04
3.334357739691313333e-04
3.258059626871899765e-04
3.183679188554606413e-04
3.111163843849156689e-04
3.040462573616313914e-04
2.971525870495174675e-04
2.904305690646386147e-04
2.838755407150917896e-04
2.774829764992747349e-04
2.712484837594167234e-04
2.651677984801267081e-04
2.592367812320790646e-04
2.534514132505902924e-04
2.478077926486323937e-04
2.423021307553914711e-04
2.369307485797854493e-04
2.316900733901367947e-04
2.265766354107306849e-04
2.215870646256366610e-04
2.167180876926793113e-04
2.119665249553063938e-04
2.073292875570944486e-04
2.028033746500026340e-04
1.983858706940863615e-04
1.940739428479728017e-04
1.898648384419366036e-04
1.857558825372917133e-04
1.817444755622219671e-04
1.778280910262585986e-04
1.740042733093621853e-04
1.702706355211059362e-04
1.666248574313160073e-04
1.630646834648926281e-04
1.595879207637566509e-04
1.561924373097119459e-04
1.528761601070842792e-04
1.496370734248832701e-04
1.464732170936389286e-04
1.433826848579759165e-04
1.403636227796416160e-04
1.374142276931492566e-04
1.345327457086858600e-04
1.317174707633191955e-04
1.289667432174105731e-04
1.262789484951979779e-04
1.236525157675248546e-04
1.210859166768792842e-04
1.185776641009484138e-04
1.161263109565041093e-04
1.137304490379742949e-04
1.113887078938782793e-04
1.090997537382945370e-04
1.068622883938252945e-04
1.046750482695624294e-04
1.025368033692705715e-04
1.004463563300323143e-04
9.840254149015163808e-05
9.640422398672015647e-05
9.445029887957785773e-05
9.253969030132436495e-05
9.067135063559617352e-05
8.884425971774204177e-05
8.705742406057563913e-05
8.530987610416426519e-05
8.360067348707600336e-05
8.192889834042677878e-05
8.029365660279589581e-05
7.869407735527592801e-05
7.712931217688637805e-05
7.559853451919255603e-05
7.410093909924058981e-05
7.263574131068182421e-05
7.120217665246868146e-05
6.979950017407262437e-05
6.842698593750978753e-05
6.708392649501098174e-05
6.576963238212378494e-05
6.448343162535970674e-05
6.322466926487958945e-05
6.199270689054097415e-05
6.078692219190216420e-05
5.960670852087186723e-05
5.845147446763863318e-05
5.732064344836135163e-05
5.621365330533449129e-05
5.512995591788363403e-05
5.406901682548528014e-05
5.303031486124541922e-05
5.201334179513841430e-05
5.101760198919817139e-05
5.004261206137178617e-05
4.908790055844878967e-05
4.815300764004968968e-05
4.723748477020360900e-05
4.634089441774930990e-05
4.546280976614201818e-05
4.460281443080180153e-05
4.376050218411447058e-05
4.293547668910534509e-05
4.212735123962358638e-05
4.133574850892770760e-05
4.056030030383879405e-05
3.980064732735383445e-05
3.905643894677564900e-05
3.832733296880742733e-05
3.761299542050321849e-05
3.691310033694067096e-05
3.622732955400241811e-05
3.555537250768518742e-05
3.489692603808140092e-05
3.425169419955610342e-05
3.361938807579512972e-05
3.299972559960754579e-05
3.239243137841708853e-05
3.179723652386705498e-05
3.121387848628289836e-05
3.064210089385704640e-05
3.008165339580706648e-05
2.953229151028106421e-05
2.899377647582305982e-05
2.846587510732967886e-05
2.794835965572300341e-05
2.744100767128386607e-05
2.694360187081563010e-05
2.645593000844924579e-05
2.597778474965101614e-05
2.550896354868855092e-05
2.504926852976008725e-05
2.459850637054311251e-05
2.415648818954708345e-05
2.372302943602905680e-05
2.329794978301704994e-05
2.288107302321834504e-05
2.247222696734384948e-05
2.207124334556622767e-05
2.167795771137185279e-05
2.129220934755845238e-05
2.091384117565298485e-05
2.054269966658193547e-05
2.017863475445064343e-05
1.982149975243226276e-05
1.947115127056283187e-05
1.912744913582830597e-05
1.879025631468315667e-05
1.845943883661954667e-05
1.813486572117155833e-05
1.781640890529147316e-05
1.750394317357255281e-05
1.719734609004779276e-05
1.689649793144602652e-05
1.660128162266844221e-05
1.631158267329329189e-05
1.602728911643487155e-05
1.574829144844781611e-05
1.547448257062931151e-05
1.520575773231322913e-05
1.494201447533162900e-05
1.468315257972887557e-05
1.442907401139174205e-05
1.417968287032895865e-05
1.393488534077006217e-05
1.369458964219405064e-05
1.345870598173420052e-05
1.322714650785484619e-05
1.299982526503282008e-05
1.277665814952916320e-05
1.255756286650578670e-05
1.234245888804907025e-05
1.213126741216842758e-05
1.192391132298030646e-05
1.172031515182544446e-05
1.152040503923992549e-05
1.132410869789902491e-05
1.113135537677845268e-05
1.094207582569526380e-05
1.075620226102451491e-05
1.057366833229440746e-05
1.039440908937184683e-05
1.021836095069856108e-05
1.004546167212810154e-05
9.875650316630406740e-06
9.708867224649919936e-06
9.545053985213083572e-06
9.384153407741249487e-06
9.226109494633740295e-06
9.070867414323900745e-06
8.918373475081495209e-06
8.768575099622573222e-06
8.621420799907149321e-06
8.476860153049599580e-06
8.334843777423616527e-06
8.195323309329876848e-06
8.058251380800656008e-06
7.923581596965657777e-06
7.791268514800264209e-06
7.661267622012050204e-06
7.533535316493279538e-06
7.408028886115001681e-06
7.284706489354431656e-06
7.163527135958892085e-06
7.044450668359695340e-06
6.927437743438587900e-06
6.812449814613359274e-06
6.699449114562112916e-06
6.588398638284674887e-06
6.479262126192592416e-06
6.372004048288168664e-06
6.266589588148478299e-06
6.162984627481480146e-06
6.061155731013792362e-06
5.961070131817180700e-06
5.862695716804089143e-06
5.766001012745775460e-06
5.670955172491067367e-06
5.577527961511654975e-06
5.485689744785408667e-06
5.395411473976615912e-06
5.306664674984553743e-06
5.219421435581452852e-06
5.133654393511599134e-06
5.049336724847741812e-06
4.966442132500107257e-06
4.884944835125990780e-06
4.804819556124227055e-06
4.726041513078384715e-06
4.648586407333636306e-06
4.572430413706181259e-06
4.497550170650014160e-06
4.423922770488684986e-06
4.351525749938729228e-06
4.280337080660663842e-06
4.210335160482235987e-06
4.141498804211507909e-06
4.073807235066706336e-06
4.007240076270474183e-06
3.941777342623502934e-06
3.877399432438631759e-06
3.814087119646452164e-06
3.751821545959756444e-06
3.690584213385389496e-06
3.630356976671668116e-06
3.571122036189781853e-06
3.512861930799723653e-06
3.455559530794397840e-06
3.399198031342263305e-06
3.343760945654129835e-06
3.289232098558691034e-06
3.235595620174350915e-06
3.182835939683768059e-06
3.130937779284586017e-06
3.079886148163140751e-06
3.029666336812101143e-06
2.980263911224070422e-06
2.931664707401297327e-06
2.883854825880082861e-06
2.836820626446073128e-06
2.790548722846986499e-06
2.745025977830875452e-06
2.700239497987630272e-06
2.656176629014144504e-06
2.612824950830993402e-06
2.570172273014874830e-06
2.528206630146070312e-06
2.486916277359009335e-06
2.446289685970567136e-06
2.406315539171114930e-06
2.366982727847469675e-06
2.328280346507373449e-06
2.290197689212547342e-06
2.252724245618290652e-06
2.215849697228673689e-06
2.179563913530698458e-06
2.143856948341538111e-06
2.108719036227034313e-06
2.074140588867183469e-06
2.040112191751816732e-06
2.006624600608454539e-06
1.973668738245738385e-06
1.941235691202979717e-06
1.909316706640716807e-06
1.877903189085779319e-06
1.846986697641009527e-06
1.816558942726095312e-06
1.786611783287494250e-06
1.757137223971986091e-06
1.728127412186541787e-06
1.699574635492477869e-06
1.671471318850343934e-06
1.643810021953367211e-06
1.616583436731913928e-06
1.589784384747753387e-06
1.563405814751217484e-06
1.537440800282262796e-06
1.511882537251069619e-06
1.486724341613331248e-06
1.461959647151095629e-06
1.437582003135841055e-06
1.413585072267067753e-06
1.389962628422482449e-06
1.366708554611889914e-06
1.343816840912271263e-06
1.321281582453150402e-06
1.299096977414181454e-06
1.277257325164253163e-06
1.255757024275150044e-06
1.234590570706625691e-06
1.213752556006573380e-06
1.193237665471704611e-06
1.173040676493660534e-06
1.153156456718744559e-06
1.133579962488443651e-06
1.114306237105363419e-06
1.095330409257042739e-06
1.076647691481199931e-06
1.058253378517574997e-06
1.040142845850434730e-06
1.022311548237302531e-06
1.004755018230424923e-06
9.874688646912720545e-07
9.704487714905941243e-07
9.536904960475624994e-07
9.371898680356813563e-07
9.209427880328882133e-07
9.049452262550399864e-07
8.891932212452161122e-07
8.736828786511349092e-07
8.584103700262836844e-07
8.433719316034537779e-07
8.285638631147950796e-07
8.139825266969157248e-07
