8.981089139808684816e-08
-3.919961189247053376e-03
-2.354934998068747374e-03
-1.441316659890392107e-03
-8.277547348707422646e-04
-3.896461775370956503e-04
-6.316605896988446124e-05
1.879636522257061720e-04
3.859517429524922166e-04
5.451994886613311352e-04
6.754670874827636709e-04
7.835940017611694227e-04
8.744962289365938550e-04
9.517780540865853831e-04
1.018125149274901617e-03
1.075566509026439728e-03
1.125653900713134183e-03
1.169587462761579417e-03
1.208305119381989767e-03
1.242547143517667681e-03
1.272903354856595856e-03
1.299848012323971420e-03
1.323765879787953828e-03
1.344971890270535821e-03
1.363726119305344250e-03
1.380245286452845164e-03
1.394711662215353601e-03
1.407280017409280951e-03
1.418083081963978460e-03
1.427235858585899214e-03
1.434839049130089139e-03
1.440981787940787736e-03
1.445743829842028412e-03
1.449197306007875231e-03
1.451408135367924070e-03
1.452437159871545255e-03
1.452341057396020667e-03
1.451173074873690844e-03
1.448983615649163635e-03
1.445820708349039368e-03
1.441730379336881359e-03
1.436756946666188335e-03
1.430943250151637093e-03
1.424330829549871631e-03
1.416960060658643350e-03
1.408870257514377444e-03
1.400099747313988605e-03
1.390685923646101455e-03
1.380665282604443857e-03
1.370073445553148710e-03
1.358945171662108431e-03
1.347314362818376752e-03
1.335214062982627292e-03
1.322676453747501655e-03
1.309732847471107046e-03
1.296413679137960661e-03
1.282748497832191708e-03
1.268765958535049551e-03
1.254493814794303830e-03
1.239958912675027123e-03
1.225187186309249039e-03
1.210203655230918324e-03
1.195032423644698484e-03
1.179696681685529682e-03
1.164218708708659100e-03
1.148619878562161635e-03
1.132920666802479919e-03
1.117140659767067341e-03
1.101298565414658573e-03
1.085412225790075664e-03
1.069498631034009875e-03
1.053573934758392791e-03
1.037653470697478967e-03
1.021751770471522299e-03
1.005882582330468612e-03
9.900588907687222790e-04
9.742929368583650579e-04
9.585962391912084338e-04
9.429796153128660197e-04
9.274532035353713491e-04
9.120264850282481682e-04
8.967083060867119329e-04
8.815069004892996628e-04
8.664299118659263494e-04
8.514844159888275942e-04
8.366769429380852083e-04
8.220134990508447216e-04
8.074995886253617111e-04
7.931402353066810537e-04
7.789400031289475061e-04
7.649030171548146153e-04
7.510329837028441183e-04
7.373332101042369153e-04
7.238066239890585726e-04
7.104557920698949432e-04
6.972829384057256533e-04
6.842899621373340312e-04
6.714784546788080425e-04
6.588497163637648370e-04
6.464047725404232884e-04
6.341443891110135978e-04
6.220690875156294512e-04
6.101791591734076091e-04
5.984746793636036653e-04
5.869555205829328883e-04
5.756213653532277165e-04
5.644717185148368042e-04
5.535059189975161413e-04
5.427231510904072763e-04
5.321224552171524916e-04
5.217027382258119421e-04
5.114627832120831503e-04
5.014012588830626168e-04
4.915167284792530504e-04
4.818076582615014088e-04
4.722724255892791307e-04
4.629093265824900101e-04
4.537165834059161376e-04
4.446923511697985936e-04
4.358347244699196715e-04
4.271417435776541163e-04
4.186114002956821747e-04
4.102416434893792858e-04
4.020303843066382141e-04
3.939755011033013992e-04
3.860748440814492440e-04
3.783262396567084961e-04
3.707274945599368975e-04
3.632763996956342250e-04
3.559707337546820635e-04
3.488082666058491986e-04
3.417867624658327773e-04
3.349039828642307601e-04
3.281576894082787106e-04
3.215456463652569571e-04
3.150656230607591342e-04
3.087153961127412824e-04
3.024927514961466327e-04
2.963954864646986260e-04
2.904214113202278945e-04
2.845683510462404878e-04
2.788341468130754166e-04
2.732166573560779448e-04
2.677137602414781043e-04
2.623233530175723841e-04
2.570433542650057707e-04
2.518717045468734533e-04
2.468063672656748168e-04
2.418453294353209817e-04
2.369866023674854652e-04
2.322282222830252788e-04
2.275682508487272208e-04
2.230047756461835205e-04
2.185359105771872814e-04
2.141597962066179510e-04
2.098746000515895019e-04
2.056785168151398289e-04
2.015697685722195602e-04
1.975466049083839310e-04
1.936073030158914226e-04
1.897501677488703815e-04
1.859735316419553158e-04
1.822757548935880953e-04
1.786552253167056174e-04
1.751103582603176208e-04
1.716395965024201183e-04
1.682414101175821650e-04
1.649142963223118217e-04
1.616567792950174721e-04
1.584674099799613831e-04
1.553447658713503023e-04
1.522874507798185298e-04
1.492940945854177154e-04
1.463633529746296625e-04
1.434939071675377749e-04
1.406844636316188790e-04
1.379337537862814899e-04
1.352405336980858465e-04
1.326035837685326092e-04
1.300217084146094656e-04
1.274937357426419754e-04
1.250185172182491475e-04
1.225949273301774490e-04
1.202218632515788757e-04
1.178982444988272733e-04
1.156230125856282868e-04
1.133951306780261201e-04
1.112135832467525784e-04
1.090773757188682075e-04
1.069855341298623079e-04
1.049371047756350963e-04
1.029311538648143164e-04
1.009667671732495509e-04
9.904304969826505513e-05
9.715912531671250154e-05
9.531413644235432498e-05
9.350724368867783631e-05
9.173762553197035779e-05
9.000447797777742158e-05
8.830701423102719789e-05
8.664446436877824517e-05
8.501607501623753929e-05
8.342110902682030001e-05
8.185884516553297845e-05
8.032857779678649786e-05
7.882961657432600616e-05
7.736128613752908298e-05
7.592292581083360462e-05
7.451388930626886675e-05
7.313354443248273147e-05
7.178127280579315607e-05
7.045646956637473366e-05
6.915854310060445072e-05
6.788691476448119799e-05
6.664101861453653548e-05
6.542030114015383617e-05
6.422422100423699255e-05
6.305224878451693230e-05
6.190386672117678278e-05
6.077856846938849183e-05
5.967585885430993684e-05
5.859525363257464992e-05
5.753627925653374272e-05
5.649847264404411502e-05
5.548138095159484037e-05
5.448456135250412147e-05
5.350758081825118893e-05
5.255001590562801436e-05
5.161145254652352738e-05
5.069148584244672435e-05
4.978971986289211521e-05
4.890576744853892291e-05
4.803925001683497214e-05
4.718979737315239452e-05
4.635704752382705386e-05
4.554064649603307318e-05
4.474024815798474349e-05
4.395551404498344091e-05
4.318611318825662870e-05
4.243172194802737550e-05
4.169202384915745110e-05
4.096670942139357858e-05
4.025547604155508614e-05
3.955802778115288988e-05
3.887407525451937309e-05
3.820333547323767663e-05
3.754553170103046061e-05
3.690039331364513051e-05
3.626765566061911051e-05
3.564705993143661673e-05
3.503835302258976350e-05
3.444128740933743635e-05
3.385562101969691670e-05
3.328111711085999949e-05
3.271754414910241020e-05
3.216467569130320109e-05
3.162229027025645627e-05
3.109017128192791314e-05
3.056810687471127959e-05
3.005588984270333961e-05
2.955331752000632357e-05
2.906019167732029642e-05
2.857631842238778398e-05
2.810150810087956786e-05
2.763557520085354661e-05
2.717833825833569522e-05
2.672961976613973649e-05
2.628924608373677403e-05
2.585704734996902143e-05
2.543285739714637363e-05
2.501651366741602174e-05
2.460785713118182995e-05
2.420673220693448315e-05
2.381298668339731074e-05
2.342647164319302592e-05
2.304704138821746337e-05
2.267455336695321886e-05
2.230886810316917365e-05
2.194984912681594176e-05
2.159736290542005349e-05
2.125127877841240682e-05
2.091146889193085738e-05
2.057780813560254463e-05
2.025017408077148660e-05
1.992844691990995406e-05
1.961250940768387977e-05
1.930224680319462708e-05
1.899754681375811322e-05
1.869829953990603843e-05
1.840439742121324667e-05
1.811573518429768188e-05
1.783220979127271387e-05
1.755372038953732585e-05
1.728016826301764870e-05
1.701145678414760272e-05
1.674749136721054177e-05
1.648817942278954488e-05
1.623343031301843528e-05
1.598315530814573435e-05
1.573726754386442823e-05
1.549568197990239385e-05
1.525831535924683092e-05
1.502508616860584471e-05
1.479591459957138915e-05
1.457072251084823469e-05
1.434943339119109645e-05
1.413197232326753202e-05
1.391826594842800653e-05
1.370824243228435073e-05
1.350183143071393097e-05
1.329896405745399824e-05
1.309957285149933926e-05
1.290359174577845591e-05
1.271095603685752272e-05
1.252160235428486688e-05
1.233546863193341942e-05
1.215249407895040233e-05
1.197261915206907168e-05
1.179578552816969693e-05
1.162193607747522525e-05
1.145101483780896270e-05
1.128296698864472538e-05
1.111773882670507563e-05
1.095527774130038456e-05
1.079553219048559669e-05
1.063845167829273302e-05
1.048398673153159211e-05
1.033208887776244139e-05
1.018271062384555660e-05
1.003580543449354802e-05
9.891327711673177634e-06
9.749232774396509953e-06
9.609476838852991940e-06
9.472016999292083691e-06
9.336811208908882566e-06
9.203818261570505425e-06
9.072997773733461568e-06
8.944310166728422810e-06
8.817716649698365981e-06
8.693179202573234407e-06
8.570660559828684229e-06
8.450124194299557528e-06
8.331534301297416559e-06
8.214855783505771119e-06
8.100054235913830671e-06
7.987095930942287306e-06
7.875947804273735248e-06
7.766577440688303001e-06
7.658953060547143729e-06
7.553043506142699212e-06
7.448818228794210487e-06
7.346247275812384783e-06
7.245301278263345598e-06
7.145951438366995748e-06
7.048169517810303041e-06
6.951927825913586780e-06
6.857199208130559811e-06
6.763957034961416859e-06
6.672175190906438163e-06
6.581828063899588877e-06
6.492890534641651055e-06
6.405337966528331059e-06
6.319146195574867871e-06
6.234291520611780045e-06
6.150750693671242498e-06
6.068500910849611021e-06
5.987519802800793736e-06
5.907785426044856186e-06
5.829276254133305067e-06
5.751971169062176527e-06
5.675849452872230658e-06
5.600890779497197046e-06
5.527075206764153359e-06
5.454383168471644633e-06
5.382795466831895426e-06
5.312293264804710171e-06
5.242858078896200662e-06
5.174471771915713294e-06
5.107116546037178260e-06
5.040774935736603893e-06
4.975429801275349067e-06
4.911064321948884360e-06
4.847661989794308800e-06
4.785206603175119686e-06
4.723682260712619621e-06
4.663073355178552315e-06
4.603364567624501032e-06
4.544540861581277374e-06
4.486587477513968319e-06
4.429489927104689137e-06
4.373233988049979979e-06
4.317805698614689799e-06
4.263191352466984591e-06
4.209377493696806865e-06
4.156350911699028386e-06
4.104098636577402818e-06
4.052607934005295802e-06
4.001866300916045703e-06
3.951861460763772759e-06
3.902581359137541583e-06
3.854014159300346108e-06
3.806148238073987626e-06
3.758972181484498313e-06
3.712474780774090306e-06
3.666645028364917084e-06
3.621472113911556454e-06
3.576945420472062070e-06
3.533054520755864124e-06
3.489789173423751136e-06
3.447139319501572261e-06
3.405095078765603809e-06
3.363646746418184642e-06
3.322784789614951810e-06
3.282499844116940715e-06
3.242782711118498815e-06
3.203624354079353601e-06
3.165015895462464253e-06
3.126948613842256664e-06
3.089413940899281089e-06
3.052403458364872399e-06
3.015908895299155917e-06
2.979922125239496181e-06
2.944435163379560437e-06
2.909440163977853527e-06
2.874929417651847842e-06
2.840895348868886656e-06
2.807330513286186850e-06
2.774227595388011279e-06
2.741579406035844931e-06
2.709378880006422514e-06
2.677619073763091178e-06
2.646293163096318922e-06
2.615394440994437996e-06
2.584916315240655204e-06
2.554852306509870515e-06
2.525196046069480667e-06
2.495941273854996123e-06
2.467081836357201235e-06
2.438611684661439417e-06
2.410524872510068900e-06
2.382815554450357429e-06
2.355477983858636460e-06
2.328506511229659676e-06
2.301895582306335607e-06
2.275639736361895683e-06
2.249733604467177382e-06
2.224171907791501123e-06
2.198949455983681982e-06
2.174061145510329778e-06
2.149501958120405766e-06
2.125266959206021182e-06
2.101351296395053039e-06
2.077750197939054931e-06
2.054458971271767888e-06
2.031473001675105746e-06
2.008787750715333268e-06
1.986398754958940908e-06
1.964301624596703313e-06
1.942492042108106995e-06
1.920965760952509937e-06
1.899718604325269266e-06
1.878746463836037817e-06
1.858045298367445468e-06
1.837611132797389119e-06
1.817440056893470462e-06
1.797528224065286169e-06
1.777871850287445407e-06
1.758467212969140417e-06
1.739310649878429706e-06
1.720398558051234413e-06
1.701727392716697018e-06
1.683293666362816125e-06
1.665093947574398784e-06
1.647124860197076663e-06
1.629383082273518856e-06
1.611865345069401163e-06
1.594568432229621944e-06
1.577489178770480924e-06
1.560624470232404847e-06
1.543971241796786241e-06
1.527526477379651813e-06
1.511287208786946136e-06
1.495250514935833510e-06
1.479413520980145969e-06
1.463773397531962762e-06
1.448327359811797013e-06
1.433072667035136350e-06
1.418006621455299692e-06
1.403126567742800123e-06
1.388429892239047869e-06
1.373914022197955759e-06
1.359576425108081408e-06
1.345414608013078945e-06
1.331426116847606545e-06
1.317608535708493758e-06
1.303959486222337810e-06
1.290476626978966894e-06
1.277157652819793150e-06
1.264000294255414206e-06
1.251002316846449450e-06
