-2.982439662224192710e-05
6.797332426055113785e-02
6.656412733397691628e-02
6.557221401758996093e-02
6.450964049574790804e-02
6.335568480248994494e-02
6.210734380927876441e-02
6.076415264779758130e-02
5.933071210871421891e-02
5.781621890555468934e-02
5.623292572053120025e-02
5.459466955468234017e-02
5.291574640693706699e-02
5.121012564950418178e-02
4.949093468682747715e-02
4.777014510464244745e-02
4.605840512983274543e-02
4.436497648025961721e-02
4.269774411817942733e-02
4.106327526848987247e-02
3.946690997777193427e-02
3.791287001301796994e-02
3.640437640103344474e-02
3.494376863720473347e-02
3.353262071290620538e-02
3.217185074577388892e-02
3.086182223991720819e-02
2.960243592990422293e-02
2.839321183648231897e-02
2.723336163634521717e-02
2.612185176788225927e-02
2.505745789605767077e-02
2.403881147283585401e-02
2.306443917871237037e-02
2.213279603484762104e-02
2.124229294890546751e-02
2.039131941165503795e-02
1.957826200426444549e-02
1.880151931360594941e-02
1.805951378922026132e-02
1.735070101346826432e-02
1.667357679767171932e-02
1.602668246284812137e-02
1.540860861435445865e-02
1.481799767563803279e-02
1.425354540717857152e-02
1.371400160241225200e-02
1.319817012248287319e-02
1.270490840578928499e-02
1.223312656607504316e-02
1.178178617366333961e-02
1.134989879825250118e-02
1.093652437786509814e-02
1.054076946687116864e-02
1.016178540621849591e-02
9.798766450706880224e-03
9.450947881285847590e-03
9.117604124550926503e-03
8.798046896898548824e-03
8.491623386750848587e-03
8.197714485098954104e-03
7.915733071846670424e-03
7.645122363298563831e-03
7.385354324345997333e-03
7.135928147439710330e-03
6.896368799339803492e-03
6.666225635668351739e-03
6.445071082603023513e-03
6.232499384465749886e-03
6.028125415583365093e-03
5.831583554415976228e-03
5.642526617794830189e-03
5.460624852896426955e-03
5.285564984527336800e-03
5.117049315231225921e-03
4.954794875707149368e-03
4.798532623067461658e-03
4.648006684495954374e-03
4.502973643911569422e-03
4.363201869344996743e-03
4.228470878774572006e-03
4.098570742311439911e-03
3.973301518631373354e-03
3.852472723753412251e-03
3.735902830247331535e-03
3.623418795130523267e-03
3.514855614758508311e-03
3.410055905124137910e-03
3.308869506058188283e-03
3.211153107921907533e-03
3.116769899433457971e-03
3.025589235394045371e-03
2.937486323103968497e-03
2.852341926358633456e-03
2.770042085986108328e-03
2.690477855922399943e-03
2.613545053908380902e-03
2.539144025936131838e-03
2.467179423625650951e-03
2.397559993767116836e-03
2.330198379309007719e-03
2.265010931115091306e-03
2.201917529862898199e-03
2.140841417475871679e-03
2.081709037549829729e-03
2.024449884236094281e-03
1.968996359095035592e-03
1.915283635465529852e-03
1.863249529903316520e-03
1.812834380304360633e-03
1.763980930308655477e-03
1.716634219644361378e-03
1.670741480070276177e-03
1.626252036604924076e-03
1.583117213733385145e-03
1.541290246336399477e-03
1.500726195059453151e-03
1.461381865888635627e-03
1.423215733694015292e-03
1.386187869533349500e-03
1.350259871501480712e-03
1.315394798939387849e-03
1.281557109821869272e-03
1.248712601150573677e-03
1.216828352195813189e-03
1.185872670431535733e-03
1.155815040028859925e-03
1.126626072764091340e-03
1.098277461225442104e-03
1.070741934190281609e-03
1.043993214065454603e-03
1.018005976287735979e-03
9.927558105751468302e-04
9.682191839433288653e-04
9.443734053960568722e-04
9.211965922010761487e-04
8.986676376782399851e-04
8.767661804219620530e-04
8.554725748825663806e-04
8.347678632518241212e-04
8.146337485728668247e-04
7.950525690289971838e-04
7.760072733439072950e-04
7.574813972455815428e-04
7.394590409442670020e-04
7.219248475657880429e-04
7.048639825113190652e-04
6.882621136816378113e-04
6.721053925423036649e-04
6.563804359761810743e-04
6.410743088984319476e-04
6.261745075872672062e-04
6.116689437089902924e-04
5.975459289968058051e-04
5.837941605578030567e-04
5.704027067769536045e-04
5.573609937967616973e-04
5.446587925376653256e-04
5.322862062443495940e-04
5.202336585274009492e-04
5.084918818826501515e-04
4.970519066666237050e-04
4.859050505042717349e-04
4.750429081168683885e-04
4.644573415443862944e-04
4.541404707530651225e-04
4.440846646026914285e-04
4.342825321669472011e-04
4.247269143870146721e-04
4.154108760411994979e-04
4.063276980281950879e-04
3.974708699371018754e-04
3.888340829019354362e-04
3.804112227256062286e-04
3.721963632601845047e-04
3.641837600385361960e-04
3.563678441377779731e-04
3.487432162766182422e-04
3.413046411260546001e-04
3.340470418324111468e-04
3.269654947408040676e-04
3.200552243104068622e-04
3.133115982168386778e-04
3.067301226302463022e-04
3.003064376662584536e-04
2.940363129987658098e-04
2.879156436311082327e-04
2.819404458195021385e-04
2.761068531395252006e-04
2.704111126945928307e-04
2.648495814570936261e-04
2.594187227390419830e-04
2.541151027865712624e-04
2.489353874949853593e-04
2.438763392363175791e-04
2.389348137988849148e-04
2.341077574321134217e-04
2.293922039950704579e-04
2.247852721998812027e-04
2.202841629540090176e-04
2.158861567902012237e-04
2.115886113856809542e-04
2.073889591652721646e-04
2.032847049858386957e-04
1.992734238990949446e-04
1.953527589892941664e-04
1.915204192841590239e-04
1.877741777353328888e-04
1.841118692663487751e-04
1.805313888858206778e-04
1.770306898625080246e-04
1.736077819612339573e-04
1.702607297371939163e-04
1.669876508861744180e-04
1.637867146479514327e-04
1.606561402635847788e-04
1.575941954813860112e-04
1.545991951125901486e-04
1.516694996328823498e-04
1.488035138297439763e-04
1.459996854934992672e-04
1.432565041493155005e-04
1.405724998313918200e-04
1.379462418952730012e-04
1.353763378680636451e-04
1.328614323354683296e-04
1.304002058639731107e-04
1.279913739569355012e-04
1.256336860440210930e-04
1.233259245022329091e-04
1.210669037066672613e-04
1.188554691123641611e-04
1.166904963642791560e-04
1.145708904347338499e-04
1.124955847871788315e-04
1.104635405668130216e-04
1.084737458156976827e-04
1.065252147121131072e-04
1.046169868326735769e-04
1.027481264381548132e-04
1.009177217797369540e-04
9.912488442794829889e-05
9.736874862062189391e-05
9.564847063147327610e-05
9.396322815723921707e-05
9.231221972350259620e-05
9.069466410860939603e-05
8.910979978458544572e-05
8.755688437469087021e-05
8.603519412747255926e-05
8.454402340630271624e-05
8.308268419421139313e-05
8.165050561319968402e-05
8.024683345801122882e-05
7.887102974303695612e-05
7.752247226385541694e-05
7.620055417002827541e-05
7.490468355160469574e-05
7.363428303726102090e-05
7.238878940432021721e-05
7.116765319929476135e-05
6.997033837113911443e-05
6.879632191322776035e-05
6.764509351714671098e-05
6.651615523541230487e-05
6.540902115457079466e-05
6.432321707754981100e-05
6.325828021469928673e-05
6.221375888392208827e-05
6.118921221960527850e-05
6.018420988942554711e-05
5.919833181923482703e-05
5.823116792607476404e-05
5.728231785814250120e-05
5.635139074275620160e-05
5.543800494081926536e-05
5.454178780834854386e-05
5.366237546509006499e-05
5.279941256873473031e-05
5.195255209643103844e-05
5.112145513149194998e-05
5.030579065637931697e-05
4.950523535184216247e-05
4.871947340060814178e-05
4.794819629734948483e-05
4.719110266368218464e-05
4.644789806792316627e-05
4.571829484999452944e-05
4.500201195129677775e-05
4.429877474884155307e-05
4.360831489408181804e-05
4.293037015631802908e-05
4.226468426990132097e-05
4.161100678582414585e-05
4.096909292754451166e-05
4.033870345009380143e-05
3.971960450357357844e-05
3.911156749992455425e-05
3.851436898335910969e-05
3.792779050439296730e-05
3.735161849696388552e-05
3.678564415906873122e-05
3.622966333637188955e-05
3.568347640915361290e-05
3.514688818177205183e-05
3.461970777544385951e-05
3.410174852416920606e-05
3.359282787214252933e-05
3.309276727536654097e-05
3.260139210467494323e-05
3.211853155212760397e-05
3.164401853915533588e-05
3.117768962732967819e-05
3.071938493192618631e-05
3.026894803695435898e-05
2.982622591267661920e-05
2.939106883567928002e-05
2.896333031025996225e-05
2.854286699239148639e-05
2.812953861528195756e-05
2.772320791731384750e-05
2.732374057098910770e-05
2.693100511474180421e-05
2.654487288559977085e-05
2.616521795399011293e-05
2.579191706011639077e-05
2.542484955184333558e-05
2.506389732432367151e-05
2.470894476102686188e-05
2.435987867613468550e-05
2.401658825874897885e-05
2.367896501808373571e-05
2.334690273020990618e-05
2.302029738621731573e-05
2.269904714156319270e-05
2.238305226638724515e-05
2.207221509784390253e-05
2.176643999275894734e-05
2.146563328185824328e-05
2.116970322520360056e-05
2.087855996844158955e-05
2.059211550056868909e-05
2.031028361191588075e-05
2.003297985436661478e-05
1.976012150127594289e-05
1.949162750923420759e-05
1.922741848052781592e-05
1.896741662622664806e-05
1.871154573074409048e-05
1.845973111649873666e-05
1.821189961019259595e-05
1.796797950938991452e-05
1.772790054996452352e-05
1.749159387473806128e-05
1.725899200204195931e-05
1.703002879613403053e-05
1.680463943714523886e-05
1.658276039279764518e-05
1.636432939001978103e-05
1.614928538757941728e-05
1.593756854946604836e-05
1.572912021852601610e-05
1.552388289115777642e-05
1.532180019218217334e-05
1.512281685067076815e-05
1.492687867616400709e-05
1.473393253528193623e-05
1.454392632927446567e-05
1.435680897181110854e-05
1.417253036729219585e-05
1.399104138982519015e-05
1.381229386245493616e-05
1.363624053716699336e-05
1.346283507512709259e-05
1.329203202734251322e-05
1.312378681604759061e-05
1.295805571624962606e-05
1.279479583776968436e-05
1.263396510771437512e-05
1.247552225338106611e-05
1.231942678552598397e-05
1.216563898194552074e-05
1.201411987154737775e-05
1.186483121863419628e-05
1.171773550779213230e-05
1.157279592873791141e-05
1.142997636199745663e-05
1.128924136444661079e-05
1.115055615532827937e-05
1.101388660288785826e-05
1.087919921074113631e-05
1.074646110506974235e-05
1.061564002175977656e-05
1.048670429402538348e-05
1.035962284019465044e-05
1.023436515174426425e-05
1.011090128186676366e-05
9.989201833774859161e-06
9.869237949840148059e-06
9.750981300624390164e-06
9.634404074146721129e-06
9.519478965542369501e-06
9.406179166865506587e-06
9.294478357137227661e-06
9.184350692578821624e-06
9.075770797090307521e-06
8.968713752938156021e-06
8.863155091554460088e-06
8.759070784742496827e-06
8.656437235821618046e-06
8.555231271162914389e-06
8.455430131776468859e-06
8.357011465141134503e-06
8.259953317273048342e-06
8.164234124775913753e-06
8.069832707269996376e-06
7.976728259820782890e-06
7.884900345647282644e-06
7.794328888953970682e-06
7.704994167809659780e-06
7.616876807393694258e-06
7.529957773133500794e-06
7.444218364203397954e-06
7.359640207000865317e-06
7.276205248880680780e-06
7.193895751951358821e-06
7.112694287028189071e-06
7.032583727645433348e-06
6.953547244380115630e-06
6.875568299041259148e-06
6.798630639130891452e-06
6.722718292470356436e-06
6.647815561789544104e-06
6.573907019522173803e-06
6.500977502710529367e-06
6.429012107940655249e-06
6.357996186518351425e-06
6.287915339614935146e-06
6.218755413530976590e-06
6.150502495130964074e-06
6.083142907334729784e-06
6.016663204644702465e-06
5.951050168900357214e-06
5.886290804899839490e-06
5.822372336396526576e-06
5.759282201885158942e-06
5.697008050710830921e-06
5.635537739129396434e-06
5.574859326469042618e-06
5.514961071351162555e-06
5.455831428122270480e-06
5.397459043054926879e-06
5.339832751024423353e-06
5.282941571938767447e-06
5.226774707348448522e-06
5.171321537147295248e-06
5.116571616336564110e-06
5.062514671766580683e-06
5.009140599096804460e-06
4.956439459659471670e-06
4.904401477486923839e-06
4.853017036339124381e-06
4.802276676865483282e-06
4.752171093745604209e-06
4.702691132861063527e-06
4.653827788711600664e-06
4.605572201593204129e-06
4.557915655113630901e-06
4.510849573532514595e-06
4.464365519315886482e-06
4.418455190640354793e-06
4.373110418965515912e-06
4.328323166698294907e-06
4.284085524848843684e-06
4.240389710770489368e-06
4.197228065896693509e-06
4.154593053584574810e-06
4.112477256923905093e-06
4.070873376699141253e-06
4.029774229243247058e-06
3.989172744449520472e-06
3.949061963812316666e-06
3.909435038413482143e-06
3.870285227057294063e-06
3.831605894397092723e-06
3.793390509054157754e-06
3.755632641852362285e-06
3.718325964020148156e-06
3.681464245494522430e-06
3.645041353116335123e-06
3.609051249129890350e-06
3.573487989357813944e-06
3.538345721707914786e-06
3.503618684563687105e-06
3.469301205226990431e-06
3.435387698360619427e-06
3.401872664623428462e-06
3.368750689036901835e-06
3.336016439640428413e-06
3.303664666120751921e-06
