1.648797182315968014e-08
3.201943849681333082e-02
3.203046013092683553e-02
3.189518784966987458e-02
3.157192568294321655e-02
3.116447901983903507e-02
3.072022459515029794e-02
3.025599680475022854e-02
2.977674668083605050e-02
2.928354433369361950e-02
2.877659097834469812e-02
2.825622725677247662e-02
2.772318688480868501e-02
2.717858580025814264e-02
2.662383344249739242e-02
2.606053425228159817e-02
2.549040168362824363e-02
2.491518975722853413e-02
2.433664113025474363e-02
2.375644894717034855e-02
2.317622962622106417e-02
2.259750413525502682e-02
2.202168580049326113e-02
2.145007312914991651e-02
2.088384647614901710e-02
2.032406765134671736e-02
1.977168176292638108e-02
1.922752074148103771e-02
1.869230810204859303e-02
1.816666458811895882e-02
1.765111441009664661e-02
1.714609184578216178e-02
1.665194801567346575e-02
1.616895768351660906e-02
1.569732596419225190e-02
1.523719484758302538e-02
1.478864946965649171e-02
1.435172408071024377e-02
1.392640767653821436e-02
1.351264927118274277e-02
1.311036280055395339e-02
1.271943165466600002e-02
1.233971284299146751e-02
1.197104080254959672e-02
1.161323086230025767e-02
1.126608238012706369e-02
1.092938157063686432e-02
1.060290404314195682e-02
1.028641706970742122e-02
9.979681603303603918e-03
9.682454065748972299e-03
9.394487924631378384e-03
9.115535077578047415e-03
8.845347061391031079e-03
8.583676102527073790e-03
8.330276024365963414e-03
8.084903025642277419e-03
7.847316343306081493e-03
7.617278812098559303e-03
7.394557332028837970e-03
7.178923254015135563e-03
6.970152693036581540e-03
6.768026777237906751e-03
6.572331840669579789e-03
6.382859566545365584e-03
6.199407087256921835e-03
6.021777046704091842e-03
5.849777629950310247e-03
5.683222564648717466e-03
5.521931098236737209e-03
5.365727954415836984e-03
5.214443272077661645e-03
5.067912529438279613e-03
4.925976455848297790e-03
4.788480933451137907e-03
4.655276890583323092e-03
4.526220188593717102e-03
4.401171503554963081e-03
4.279996204121784033e-03
4.162564226682706134e-03
4.048749948724311709e-03
3.938432061284529058e-03
3.831493441174589534e-03
3.727821023606738612e-03
3.627305675734669114e-03
3.529842071562003768e-03
3.435328568566914983e-03
3.343667086376634397e-03
3.254762987728236027e-03
3.168524961923662071e-03
3.084864910946011427e-03
3.003697838362884807e-03
2.924941741107809582e-03
2.848517504216817667e-03
2.774348798545492149e-03
2.702361981518399021e-03
2.632486000879656878e-03
2.564652301471894488e-03
2.498794734993578081e-03
2.434849472716374939e-03
2.372754921114144516e-03
2.312451640359418359e-03
2.253882265623018827e-03
2.196991431128600403e-03
2.141725696882833263e-03
2.088033478027211554e-03
2.035864976734405671e-03
1.985172116574309992e-03
1.935908479292072683e-03
1.888029243905475513e-03
1.841491128064884006e-03
1.796252331594658767e-03
1.752272482147613098e-03
1.709512582898245134e-03
1.667934962206761790e-03
1.627503225187449396e-03
1.588182207108131691e-03
1.549937928556506138e-03
1.512737552316638064e-03
1.476549341878723425e-03
1.441342621535903227e-03
1.407087737998730928e-03
1.373756023472128820e-03
1.341319760145287532e-03
1.309752146030140419e-03
1.279027262108067093e-03
1.249120040723341197e-03
1.220006235181115943e-03
1.191662390509789018e-03
1.164065815320491177e-03
1.137194554749150705e-03
1.111027364416670776e-03
1.085543685377547045e-03
1.060723620014434937e-03
1.036547908845942591e-03
1.012997908203841198e-03
9.900555687536755512e-04
9.677034148214541925e-04
9.459245244922161568e-04
9.247025104555160833e-04
9.040215015655293134e-04
8.838661250852869336e-04
8.642214895938162044e-04
8.450731685252677473e-04
8.264071843147105523e-04
8.082099931331368720e-04
7.904684701793523831e-04
7.731698955152440820e-04
7.563019404182977270e-04
7.398526542319003611e-04
7.238104516955440023e-04
7.081641007355687087e-04
6.929027106957422882e-04
6.780157209971746351e-04
6.634928902031336567e-04
6.493242854784608093e-04
6.355002724270319937e-04
6.220115052921237940e-04
6.088489175057412457e-04
5.960037125727409447e-04
5.834673552820721565e-04
5.712315632228713970e-04
5.592882986046632558e-04
5.476297603626557571e-04
5.362483765386638753e-04
5.251367969310283788e-04
5.142878859985451374e-04
5.036947160127776659e-04
4.933505604446398454e-04
4.832488875836917983e-04
4.733833543729638253e-04
4.637478004590067258e-04
4.543362424437584913e-04
4.451428683338661701e-04
4.361620321783856911e-04
4.273882488890271263e-04
4.188161892360207027e-04
4.104406750123907981e-04
4.022566743616087966e-04
3.942592972623445622e-04
3.864437911640805786e-04
3.788055367684827596e-04
3.713400439516540623e-04
3.640429478214626683e-04
3.569100049057637256e-04
3.499370894668447202e-04
3.431201899360115611e-04
3.364554054669939001e-04
3.299389426005423223e-04
3.235671120405638119e-04
3.173363255312479933e-04
3.112430928405275849e-04
3.052840188372764785e-04
2.994558006652732972e-04
2.937552250070978965e-04
2.881791654375094559e-04
2.827245798590030841e-04
2.773885080223464613e-04
2.721680691247415078e-04
2.670604594836382116e-04
2.620629502858884711e-04
2.571728854079730780e-04
2.523876793030358271e-04
2.477048149575493191e-04
2.431218419095689757e-04
2.386363743301310979e-04
2.342460891646121288e-04
2.299487243318862470e-04
2.257420769789472996e-04
2.216240017908415816e-04
2.175924093515035809e-04
2.136452645559151168e-04
2.097805850712836442e-04
2.059964398446228930e-04
2.022909476568323360e-04
1.986622757207711146e-04
1.951086383215588211e-04
1.916282954985691926e-04
1.882195517678445710e-04
1.848807548817838777e-04
1.816102946281020712e-04
1.784066016629594299e-04
1.752681463812976164e-04
1.721934378182253414e-04
1.691810225860514291e-04
1.662294838418897547e-04
1.633374402847279994e-04
1.605035451841789343e-04
1.577264854371345957e-04
1.550049806518913516e-04
1.523377822602641624e-04
1.497236726545606218e-04
1.471614643507781616e-04
1.446499991762512625e-04
1.421881474801493100e-04
1.397748073680245751e-04
1.374089039580246412e-04
1.350893886586452186e-04
1.328152384677779084e-04
1.305854552912118064e-04
1.283990652819136250e-04
1.262551181969028165e-04
1.241526867738307165e-04
1.220908661243679373e-04
1.200687731456420612e-04
1.180855459483705827e-04
1.161403433002662758e-04
1.142323440867725295e-04
1.123607467853997695e-04
1.105247689567810226e-04
1.087236467479174644e-04
1.069566344112084325e-04
1.052230038359192044e-04
1.035220440929791755e-04
1.018530609927453888e-04
1.002153766549381572e-04
9.860832909027764071e-05
9.703127179386917623e-05
9.548357335031743931e-05
9.396461704887228118e-05
9.247380051016333171e-05
9.101053532183590227e-05
8.957424668591086809e-05
8.816437307432659076e-05
8.678036589462330809e-05
8.542168916461080304e-05
8.408781919600663947e-05
8.277824428617944609e-05
8.149246441899888878e-05
8.022999097296122227e-05
7.899034643780945743e-05
7.777306413858036760e-05
7.657768796692636956e-05
7.540377211977397024e-05
7.425088084512322965e-05
7.311858819429950074e-05
7.200647778101027256e-05
7.091414254683671274e-05
6.984118453294084602e-05
6.878721465762902389e-05
6.775185249994351746e-05
6.673472608930572044e-05
6.573547169976519194e-05
6.475373365072459818e-05
6.378916411212208048e-05
6.284142291521125051e-05
6.191017736792006957e-05
6.099510207513830762e-05
6.009587876385185360e-05
5.921219611248545810e-05
5.834374958506474115e-05
5.749024126927479553e-05
5.665137971896485241e-05
5.582687980069139691e-05
5.501646254390668968e-05
5.421985499548456490e-05
5.343679007760384643e-05
5.266700644921888083e-05
5.191024837138354841e-05
5.116626557594508990e-05
5.043481313711324409e-05
4.971565134688501835e-05
4.900854559328297064e-05
4.831326624185160716e-05
4.762958851984498655e-05
4.695729240374174065e-05
4.629616250916837247e-05
4.564598798390756345e-05
4.500656240353621297e-05
4.437768366920735903e-05
4.375915390902282735e-05
4.315077938041025153e-05
4.255237037633557360e-05
4.196374113303472184e-05
4.138470973986525624e-05
4.081509805220110516e-05
4.025473160584143104e-05
3.970343953356822886e-05
3.916105448380905233e-05
3.862741254172539834e-05
3.810235315138404689e-05
3.758571904048901543e-05
3.707735614684902947e-05
3.657711354640595983e-05
3.608484338309293901e-05
3.560040080060002972e-05
3.512364387550236962e-05
3.465443355214645150e-05
3.419263357908036157e-05
3.373811044706056291e-05
3.329073332841568671e-05
3.285037401809967985e-05
3.241690687570838135e-05
3.199020876956770422e-05
3.157015902143375460e-05
3.115663935294762363e-05
3.074953383333491123e-05
3.034872882805614603e-05
2.995411294908019488e-05
2.956557700591557719e-05
2.918301395822757400e-05
2.880631886913252292e-05
2.843538885994878281e-05
2.807012306577355549e-05
2.771042259218586153e-05
2.735619047303453478e-05
2.700733162895672512e-05
2.666375282725021403e-05
2.632536264241720712e-05
2.599207141748461857e-05
2.566379122656674294e-05
2.534043583818611968e-05
2.502192067926730098e-05
2.470816280000874877e-05
2.439908083980184072e-05
2.409459499367012041e-05
2.379462697955974789e-05
2.349910000635040594e-05
2.320793874269662054e-05
2.292106928648331233e-05
2.263841913496219313e-05
2.235991715560234003e-05
2.208549355768962453e-05
2.181507986435050515e-05
2.154860888542395076e-05
2.128601469080168167e-05
2.102723258458991744e-05
2.077219907925471602e-05
2.052085187131978534e-05
2.027312981664643657e-05
2.002897290699110370e-05
1.978832224645653672e-05
1.955112002902995491e-05
1.931730951629939894e-05
1.908683501561819388e-05
1.885964185916415344e-05
1.863567638289679806e-05
1.841488590632938484e-05
1.819721871272135711e-05
1.798262402960237364e-05
1.777105200979029007e-05
1.756245371290193064e-05
1.735678108694818032e-05
1.715398695077444295e-05
1.695402497657099653e-05
1.675684967284794604e-05
1.656241636788335943e-05
1.637068119326951708e-05
1.618160106820968667e-05
1.599513368371329139e-05
1.581123748746865026e-05
1.562987166886678850e-05
1.545099614439319222e-05
1.527457154346216494e-05
1.510055919424691168e-05
1.492892111005272699e-05
1.475961997601420870e-05
1.459261913590894715e-05
1.442788257928786412e-05
1.426537492903153825e-05
1.410506142897550763e-05
1.394690793188702678e-05
1.379088088770571332e-05
1.363694733199593424e-05
1.348507487470215895e-05
1.333523168904371865e-05
1.318738650073641710e-05
1.304150857738504728e-05
1.289756771809909606e-05
1.275553424335865229e-05
1.261537898508000126e-05
1.247707327690727349e-05
1.234058894453447501e-05
1.220589829657210899e-05
1.207297411525886649e-05
1.194178964756369448e-05
1.181231859644279122e-05
1.168453511214303421e-05
1.155841378392876218e-05
1.143392963174959995e-05
1.131105809820382519e-05
1.118977504064206292e-05
1.107005672332733666e-05
1.095187980999163761e-05
1.083522135636016095e-05
1.072005880278465863e-05
1.060636996719698408e-05
1.049413303808331143e-05
1.038332656768430573e-05
1.027392946520596756e-05
1.016592099029444184e-05
1.005928074658989218e-05
9.953988675401236551e-06
9.850025049542623969e-06
9.747370467222008782e-06
9.646005846165472844e-06
9.545912417711350967e-06
9.447071721206440516e-06
9.349465598319393203e-06
9.253076187573847552e-06
9.157885919034809959e-06
9.063877509006379210e-06
8.971033954803721915e-06
8.879338529762925280e-06
8.788774778305774888e-06
8.699326510984076635e-06
8.610977799762460785e-06
8.523712973365674039e-06
8.437516612622359804e-06
8.352373546033366566e-06
8.268268845327208464e-06
8.185187821202006953e-06
8.103116018945834102e-06
8.022039214440983743e-06
7.941943409996903101e-06
7.862814830410249536e-06
7.784639918920169304e-06
7.707405333570458762e-06
7.631097943235143477e-06
7.555704824066967334e-06
7.481213255759838484e-06
7.407610718104710365e-06
7.334884887404663835e-06
7.263023633083700652e-06
7.192015014333367989e-06
7.121847276846762865e-06
7.052508849569505189e-06
6.983988341442113422e-06
6.916274538448030377e-06
6.849356400460630321e-06
6.783223058243367088e-06
6.717863810574464833e-06
6.653268121320920646e-06
6.589425616623504900e-06
6.526326082129200526e-06
6.463959460227219314e-06
6.402315847453911491e-06
6.341385491777073065e-06
6.281158790132470774e-06
6.221626285760169106e-06
6.162778665905111138e-06
6.104606759149018107e-06
6.047101533313099416e-06
5.990254092830957078e-06
5.934055676640959371e-06
5.878497655854142294e-06
5.823571531532664917e-06
5.769268932559127648e-06
5.715581613448586180e-06
5.662501452262360165e-06
5.610020448603941402e-06
5.558130721539201841e-06
5.506824507621926753e-06
5.456094158953140272e-06
5.405932141291059796e-06
5.356331032142427517e-06
5.307283518932346659e-06
5.258782397194451597e-06
5.210820568781230570e-06
5.163391040150508525e-06
