-3.162439636372180365e-08
1.589476809378319658e-02
1.604844944279082766e-02
1.611293705277572208e-02
1.600302347834341860e-02
1.582101151643687531e-02
1.561422677867608730e-02
1.540048722345504877e-02
1.518565552111699087e-02
1.497112852148411999e-02
1.475676764626021771e-02
1.454201215383035470e-02
1.432628811297793903e-02
1.410914424857964179e-02
1.389028209677914405e-02
1.366954677260569066e-02
1.344690504318587013e-02
1.322242138162176700e-02
1.299623601486099393e-02
1.276854618139388470e-02
1.253959067036618941e-02
1.230963729016440293e-02
1.207897280263990104e-02
1.184789487503382088e-02
1.161670566259606109e-02
1.138570670432979479e-02
1.115519487822258862e-02
1.092545921553719247e-02
1.069677841633281425e-02
1.046941894138381582e-02
1.024363358106041878e-02
1.001966042098029891e-02
9.797722139057057564e-03
9.578025579874612297e-03
9.360761561099906550e-03
9.146104873589846682e-03
8.934214442426851449e-03
8.725233620600885559e-03
8.519290590879208952e-03
8.316498854576449828e-03
8.116957788717646047e-03
7.920753255458934383e-03
7.727958249796023325e-03
7.538633573419985419e-03
7.352828524335917187e-03
7.170581593281376807e-03
6.991921159400497909e-03
6.816866178812665614e-03
6.645426860749438155e-03
6.477605326988806686e-03
6.313396251044642304e-03
6.152787474420399506e-03
5.995760597824036087e-03
5.842291545845171470e-03
5.692351104081312153e-03
5.545905428116925870e-03
5.402916524136223801e-03
5.263342701225304232e-03
5.127138995722425353e-03
4.994257568128062166e-03
4.864648073283960560e-03
4.738258004671869195e-03
4.615033013768081449e-03
4.494917205465330697e-03
4.377853410638058405e-03
4.263783436971587543e-03
4.152648299156990082e-03
4.044388429587740703e-03
3.938943870690673511e-03
3.836254449976277039e-03
3.736259938894593170e-03
3.638900196548010106e-03
3.544115299268050471e-03
3.451845657020183745e-03
3.362032117595339323e-03
3.274616059443043094e-03
3.189539474011680083e-03
3.106745038394398938e-03
3.026176179017999856e-03
2.947777127115540699e-03
2.871492966624023240e-03
2.797269675154539278e-03
2.725054158604607937e-03
2.654794279983112900e-03
2.586438882930536774e-03
2.519937810440275091e-03
2.455241919201274058e-03
2.392303089980328881e-03
2.331074234427001502e-03
2.271509298642757774e-03
2.213563263852753871e-03
2.157192144465501244e-03
2.102352983807891963e-03
2.049003847781998445e-03
1.997103816677613629e-03
1.946612975362288023e-03
1.897492402029815877e-03
1.849704155704577895e-03
1.803211262649881755e-03
1.757977701842298448e-03
1.713968389636829921e-03
1.671149163759591636e-03
1.629486766731080838e-03
1.588948828826633160e-03
1.549503850664793415e-03
1.511121185510487432e-03
1.473771021368210175e-03
1.437424362925778486e-03
1.402053013423668970e-03
1.367629556492976463e-03
1.334127338014881982e-03
1.301520448048857368e-03
1.269783702863813615e-03
1.238892627106181988e-03
1.208823436140885705e-03
1.179553018586841770e-03
1.151058919070843461e-03
1.123319321219973807e-03
1.096313030915459230e-03
1.070019459809358302e-03
1.044418609136528843e-03
1.019491053808913895e-03
9.952179268225812021e-04
9.715809039681635529e-04
9.485621888573425413e-04
9.261444982718229461e-04
9.043110478281085347e-04
8.830455379672848141e-04
8.623321402718918090e-04
8.421554840966408422e-04
8.225006435303414175e-04
8.033531246721017753e-04
7.846988532261970663e-04
7.665241624102994917e-04
7.488157811759110728e-04
7.315608227329768211e-04
7.147467733800149129e-04
6.983614816279389102e-04
6.823931476202273454e-04
6.668303128375879579e-04
6.516618500881279225e-04
6.368769537697974940e-04
6.224651304102138752e-04
6.084161894654774565e-04
5.947202343827817086e-04
5.813676539163966771e-04
5.683491136906537906e-04
5.556555480077980539e-04
5.432781518875781559e-04
5.312083733439366311e-04
5.194379058807574315e-04
5.079586812116890313e-04
4.967628621907454328e-04
4.858428359514894556e-04
4.751912072506329129e-04
4.648007920052106773e-04
4.546646110265062163e-04
4.447758839359065223e-04
4.351280232656788921e-04
4.257146287330135117e-04
4.165294816900217008e-04
4.075665397351594462e-04
3.988199314896039471e-04
3.902839515314704280e-04
3.819530554805101942e-04
3.738218552312699556e-04
3.658851143332835475e-04
3.581377435066172930e-04
3.505747962959957571e-04
3.431914648561900684e-04
3.359830758628820418e-04
3.289450865511245868e-04
3.220730808694142783e-04
3.153627657556136703e-04
3.088099675208441533e-04
3.024106283465032192e-04
2.961608028857024857e-04
2.900566549689665027e-04
2.840944544093939911e-04
2.782705739042514370e-04
2.725814860311961225e-04
2.670237603358038337e-04
2.615940605068259252e-04
2.562891416364323311e-04
2.511058475653892398e-04
2.460411083064275315e-04
2.410919375469622924e-04
2.362554302272205692e-04
2.315287601904375591e-04
2.269091779054680728e-04
2.223940082573197942e-04
2.179806484048413446e-04
2.136665657021853150e-04
2.094492956834404667e-04
2.053264401082180229e-04
2.012956650649242645e-04
1.973546991324168979e-04
1.935013315951330008e-04
1.897334107137035875e-04
1.860488420453102604e-04
1.824455868160652417e-04
1.789216603413308138e-04
1.754751304921657346e-04
1.721041162100201674e-04
1.688067860626643374e-04
1.655813568460961149e-04
1.624260922248149089e-04
1.593393014160435326e-04
1.563193379096467211e-04
1.533645982279684280e-04
1.504735207220455684e-04
1.476445844028299729e-04
1.448763078071870468e-04
1.421672478975313965e-04
1.395159989941469763e-04
1.369211917374483730e-04
1.343814920824425965e-04
1.318956003216603396e-04
1.294622501369260120e-04
1.270802076794129020e-04
1.247482706751708000e-04
1.224652675582324198e-04
1.202300566287961949e-04
1.180415252338867826e-04
1.158985889751237115e-04
1.138001909366341671e-04
1.117453009367545553e-04
1.097329148008114360e-04
1.077620536555248094e-04
1.058317632429605021e-04
1.039411132545191660e-04
1.020891966845704634e-04
1.002751292018884302e-04
9.849804853934961406e-05
9.675711390182774362e-05
9.505150538931464855e-05
9.338042343846336018e-05
9.174308827889906203e-05
9.013873940470747495e-05
8.856663506221290551e-05
8.702605175077454030e-05
8.551628373927489966e-05
8.403664259473923989e-05
8.258645672506005966e-05
8.116507093498493634e-05
7.977184599361287012e-05
7.840615821495080563e-05
7.706739904955654081e-05
7.575497468812059912e-05
7.446830567558410737e-05
7.320682653670564522e-05
7.196998541178076714e-05
7.075724370189773291e-05
6.956807572493404969e-05
6.840196838082302389e-05
6.725842082573849935e-05
6.613694415581490972e-05
6.503706109893494689e-05
6.395830571591491775e-05
6.290022310910003999e-05
6.186236913902786903e-05
6.084431014945444738e-05
5.984562269973575606e-05
5.886589330349194818e-05
5.790471817604354388e-05
5.696170298753093844e-05
5.603646262349672473e-05
5.512862095080630183e-05
5.423781059181420042e-05
5.336367270256828183e-05
5.250585675858767900e-05
5.166402034540010018e-05
5.083782895543400763e-05
5.002695578973774559e-05
4.923108156578054790e-05
4.844989432943704120e-05
4.768308927284221514e-05
4.693036855661656748e-05
4.619144113731042239e-05
4.546602259863451298e-05
4.475383498796579033e-05
4.405460665704025175e-05
4.336807210625873735e-05
4.269397183379692803e-05
4.203205218853180972e-05
4.138206522676696506e-05
4.074376857242282635e-05
4.011692528150624036e-05
3.950130370972851579e-05
3.889667738355419123e-05
3.830282487488799258e-05
3.771952967879801065e-05
3.714658009455546665e-05
3.658376910969597982e-05
3.603089428696951548e-05
3.548775765450402361e-05
3.495416559870386891e-05
3.442992875955765630e-05
3.391486192922093645e-05
3.340878395293843671e-05
3.291151763227688948e-05
3.242288963130115093e-05
3.194273038463199337e-05
3.147087400837479709e-05
3.100715821314691884e-05
3.055142421878979535e-05
3.010351667219310338e-05
2.966328356640374347e-05
2.923057616236069358e-05
2.880524891190894683e-05
2.838715938368911596e-05
2.797616819000976876e-05
2.757213891616199671e-05
2.717493805109156736e-05
2.678443492021502544e-05
2.640050161937937669e-05
2.602301295123355217e-05
2.565184636241632434e-05
2.528688188263353344e-05
2.492800206552723926e-05
2.457509193034403824e-05
2.422803890570556060e-05
2.388673277456288899e-05
2.355106562012661018e-05
2.322093177370929083e-05
2.289622776353409606e-05
2.257685226488973976e-05
2.226270605123439978e-05
2.195369194710214295e-05
2.164971478149515401e-05
2.135068134275012038e-05
2.105650033477261904e-05
2.076708233345706485e-05
2.048233974522242496e-05
2.020218676586639744e-05
1.992653934047567392e-05
1.965531512467768893e-05
1.938843344644054198e-05
1.912581526888306046e-05
1.886738315416934609e-05
1.861306122800931239e-05
1.836277514513903931e-05
1.811645205565655677e-05
1.787402057206588304e-05
1.763541073709688114e-05
1.740055399249982977e-05
1.716938314825913338e-05
1.694183235275492636e-05
1.671783706374057671e-05
1.649733401943568098e-05
1.628026121111240531e-05
1.606655785576025162e-05
1.585616436947076793e-05
1.564902234162603194e-05
1.544507450953302630e-05
1.524426473373998722e-05
1.504653797393357712e-05
1.485184026518544145e-05
1.466011869512769127e-05
1.447132138132986957e-05
1.428539744937215326e-05
1.410229701130536630e-05
1.392197114474719254e-05
1.374437187239481698e-05
1.356945214195561345e-05
1.339716580656406304e-05
1.322746760576740264e-05
1.306031314673677908e-05
1.289565888610551763e-05
1.273346211203710081e-05
1.257368092695770039e-05
1.241627423035741734e-05
1.226120170218664715e-05
1.210842378665449608e-05
1.195790167622428166e-05
1.180959729624136703e-05
1.166347328947749979e-05
1.151949300151715418e-05
1.137762046617291462e-05
1.123782039115960066e-05
1.110005814439167781e-05
1.096429974044423374e-05
1.083051182702017180e-05
1.069866167230791388e-05
1.056871715209712640e-05
1.044064673742496496e-05
1.031441948250174338e-05
1.019000501281760514e-05
1.006737351352003366e-05
9.946495718159840523e-06
9.827342897460182822e-06
9.709886848655674364e-06
9.594099884695409151e-06
9.479954824055353919e-06
9.367424980442071438e-06
9.256484152838429972e-06
9.147106616030889936e-06
9.039267110847806628e-06
8.932940834923977584e-06
8.828103433744449930e-06
8.724730991597593558e-06
8.622800022909171417e-06
8.522287463796082715e-06
8.423170663612030513e-06
8.325427376900652822e-06
8.229035755350673023e-06
8.133974340046569928e-06
8.040222053756640943e-06
7.947758193454970005e-06
7.856562423111350995e-06
7.766614766409340410e-06
7.677895599805867596e-06
7.590385645539484297e-06
7.504065965157810670e-06
7.418917952687465630e-06
7.334923328364120605e-06
7.252064132240623746e-06
7.170322718056456671e-06
7.089681747188624104e-06
7.010124182766304637e-06
6.931633283810810830e-06
6.854192599685020425e-06
6.777785964362011766e-06
6.702397491207104519e-06
6.628011567479288547e-06
6.554612849243554390e-06
6.482186256150072714e-06
6.410716966529106979e-06
6.340190412497083227e-06
6.270592275088469815e-06
6.201908479601100975e-06
6.134125191035585405e-06
6.067228809533917809e-06
6.001205965989354563e-06
5.936043517710247073e-06
5.871728544250359470e-06
5.808248343148284405e-06
5.745590425972632673e-06
5.683742514252748020e-06
5.622692535667963507e-06
5.562428620135533262e-06
5.502939096160162724e-06
5.444212487080599830e-06
5.386237507504977317e-06
5.329003059835022350e-06
5.272498230741142455e-06
5.216712287807331411e-06
5.161634676281520564e-06
5.107255015686578838e-06
5.053563096779195936e-06
5.000548878333841393e-06
4.948202484176019822e-06
4.896514200074427401e-06
4.845474470859422875e-06
4.795073897572083211e-06
4.745303234596887806e-06
4.696153386923488816e-06
4.647615407377619852e-06
4.599680494037705622e-06
4.552339987624720592e-06
4.505585368828593860e-06
4.459408255964562166e-06
4.413800402407883177e-06
4.368753694227017059e-06
4.324260147769560562e-06
4.280311907462047592e-06
4.236901243427273486e-06
4.194020549251250192e-06
4.151662339889998126e-06
4.109819249500874159e-06
4.068484029250308053e-06
4.027649545353209173e-06
3.987308777035824304e-06
3.947454814535043283e-06
3.908080857127532058e-06
3.869180211310521907e-06
3.830746288807677046e-06
3.792772604854441167e-06
3.755252776320090016e-06
3.718180519960573045e-06
3.681549650738896204e-06
3.645354079996407461e-06
3.609587813955713917e-06
3.574244951953515704e-06
3.539319684901263785e-06
3.504806293655867089e-06
3.470699147544013315e-06
3.436992702819553374e-06
3.403681501125965487e-06
3.370760168127261105e-06
3.338223411978023180e-06
3.306066022013157154e-06
3.274282867294544205e-06
3.242868895288320528e-06
3.211819130549624053e-06
3.181128673397791297e-06
3.150792698610702237e-06
3.120806454240182709e-06
3.091165260314011547e-06
3.061864507658333025e-06
