-4.882946241420555037e-06
3.099089574404744266e-02
2.878258188743407220e-02
2.830575704892349109e-02
2.809954432452839088e-02
2.792937243246607082e-02
2.773890151308892535e-02
2.751198874831099414e-02
2.724509610633859755e-02
2.693926119404937980e-02
2.659723645013194887e-02
2.622238473600550096e-02
2.581823694401027408e-02
2.538830743309045471e-02
2.493601109325359333e-02
2.446462143408789647e-02
2.397724648105692066e-02
2.347681370857751526e-02
2.296606065214636463e-02
2.244752977487186885e-02
2.192356681093431126e-02
2.139632201378310547e-02
2.086775380907640240e-02
2.033963439485958827e-02
1.981355687309377042e-02
1.929094354141353690e-02
1.877305502029949849e-02
1.826099993582148973e-02
1.775574492038236793e-02
1.725812473246040105e-02
1.676885233110337117e-02
1.628852877188046583e-02
1.581765281828759889e-02
1.535663018663400818e-02
1.490578236316826392e-02
1.446535495024253194e-02
1.403552551347281123e-02
1.361641091481728336e-02
1.320807412702500530e-02
1.281053053364107630e-02
1.242375372563934988e-02
1.204768081109940450e-02
1.168221725842358283e-02
1.132724129639140452e-02
1.098260789636496156e-02
1.064815236297622821e-02
1.032369356015365100e-02
1.000903679923061985e-02
9.703976415406354722e-03
9.408298058020530055e-03
9.121780719048030658e-03
8.844198523027826941e-03
8.575322300312228016e-03
8.314920964107746712e-03
8.062762710466256366e-03
7.818616058837669566e-03
7.582250749579712117e-03
7.353438513357168742e-03
7.131953726182226234e-03
6.917573962572419119e-03
6.710080458238352856e-03
6.509258492567912210e-03
6.314897700267601589e-03
6.126792320546580427e-03
5.944741391410927889e-03
5.768548895878798308e-03
5.598023866194299161e-03
5.432980451481763881e-03
5.273237953711087597e-03
5.118620836301770831e-03
4.968958709207208467e-03
4.824086293917841453e-03
4.683843371388169384e-03
4.548074715580963448e-03
4.416630014990517890e-03
4.289363784227747008e-03
4.166135267483155047e-03
4.046808335494903389e-03
3.931251377409484930e-03
3.819337188771313590e-03
3.710942856688849260e-03
3.605949643133446892e-03
3.504242867130330941e-03
3.405711786569075999e-03
3.310249480191882702e-03
3.217752730283948270e-03
3.128121906481315991e-03
3.041260851056385144e-03
2.957076765982257979e-03
2.875480102028068422e-03
2.796384450074562537e-03
2.719706434824148162e-03
2.645365611028022233e-03
2.573284362319099537e-03
2.503387802738346428e-03
2.435603680985468263e-03
2.369862287429513707e-03
2.306096363888933843e-03
2.244241016179612889e-03
2.184233629410862673e-03
2.126013786005364909e-03
2.069523186408788774e-03
2.014705572448382415e-03
1.961506653285123927e-03
1.909874033914405345e-03
1.859757146155150125e-03
1.811107182064563247e-03
1.763877029719939033e-03
1.718021211299630268e-03
1.673495823405589042e-03
1.630258479549014745e-03
1.588268254742887476e-03
1.547485632132331642e-03
1.507872451600708380e-03
1.469391860272690987e-03
1.432008264871064774e-03
1.395687285848189359e-03
1.360395713235643426e-03
1.326101464151937690e-03
1.292773541907538040e-03
1.260381996653643817e-03
1.228897887507850476e-03
1.198293246118282453e-03
1.168541041598706838e-03
1.139615146787158455e-03
1.111490305786265584e-03
1.084142102725404967e-03
1.057546931704297618e-03
1.031681967872564000e-03
1.006525139600405322e-03
9.820551017000567033e-04
9.582512096540775435e-04
9.350934948178436139e-04
9.125626405508543374e-04
8.906399592483736942e-04
8.693073702285020882e-04
8.485473784565517475e-04
8.283430540549289837e-04
8.086780125861636227e-04
7.895363960666489577e-04
7.709028546887922466e-04
7.527625292197602730e-04
7.351010340535680653e-04
7.179044408903990622e-04
7.011592630208349566e-04
6.848524401816004879e-04
6.689713239772637201e-04
6.535036638296175173e-04
6.384375934449833126e-04
6.237616177741634425e-04
6.094646004484651370e-04
5.955357516709365497e-04
5.819646165483219726e-04
5.687410638440387745e-04
5.558552751378400929e-04
5.432977343738517543e-04
5.310592177880197814e-04
5.191307841912977524e-04
5.075037656047783280e-04
4.961697582261379892e-04
4.851206137160584048e-04
4.743484307986651116e-04
4.638455471531635990e-04
4.536045315964926583e-04
4.436181765386591866e-04
4.338794907031672519e-04
4.243816921040514121e-04
4.151182012662006106e-04
4.060826346835591733e-04
3.972687985036084412e-04
3.886706824324621338e-04
3.802824538486769177e-04
3.720984521214470118e-04
3.641131831245327920e-04
3.563213139375489636e-04
3.487176677296966376e-04
3.412972188166845614e-04
3.340550878887287240e-04
3.269865373972212627e-04
3.200869671013268887e-04
3.133519097625330103e-04
3.067770269847625627e-04
3.003581051969101291e-04
2.940910517661820124e-04
2.879718912448187614e-04
2.819967617411487976e-04
2.761619114102023282e-04
2.704636950637149466e-04
2.648985708892369903e-04
2.594630972804845364e-04
2.541539297711117363e-04
2.489678180687033312e-04
2.439016031869553885e-04
2.389522146728124703e-04
2.341166679205120092e-04
2.293920615787856652e-04
2.247755750359621270e-04
2.202644659929874061e-04
2.158560681090701430e-04
2.115477887282812808e-04
2.073371066757217606e-04
2.032215701266274518e-04
1.991987945432937201e-04
1.952664606768564001e-04
1.914223126349714164e-04
1.876641560087121720e-04
1.839898560605698874e-04
1.803973359688942533e-04
1.768845751286382453e-04
1.734496075052794793e-04
1.700905200396686284e-04
1.668054511048609441e-04
1.635925890094350318e-04
1.604501705488616784e-04
1.573764796014669989e-04
1.543698457676813255e-04
1.514286430524949616e-04
1.485512885880027460e-04
1.457362413959620729e-04
1.429820011873016074e-04
1.402871072005427208e-04
1.376501370738234138e-04
1.350697057532474865e-04
1.325444644330076060e-04
1.300730995292254100e-04
1.276543316840356732e-04
1.252869148000087542e-04
1.229696351047010157e-04
1.207013102424728067e-04
1.184807883943016698e-04
1.163069474236118068e-04
1.141786940481594154e-04
1.120949630365609934e-04
1.100547164295024205e-04
1.080569427824785609e-04
1.061006564328423996e-04
1.041848967886373998e-04
1.023087276365626129e-04
1.004712364727753559e-04
9.867153385192092613e-05
9.690875275624790677e-05
9.518204798231003105e-05
9.349059554732394085e-05
9.183359211035780094e-05
9.021025441342147406e-05
8.861981873626805883e-05
8.706154036849690907e-05
8.553469309728953382e-05
8.403856870830050182e-05
8.257247650297384629e-05
8.113574282814499817e-05
7.972771062067617184e-05
7.834773896369589890e-05
7.699520265717190446e-05
7.566949179909536818e-05
7.437001137995174419e-05
7.309618088830299981e-05
7.184743392733413335e-05
7.062321784273970133e-05
6.942299336112361008e-05
6.824623423795869747e-05
6.709242691668084054e-05
6.596107019576458001e-05
6.485167490743695045e-05
6.376376360292025387e-05
6.269687024825263506e-05
6.165053992794773674e-05
6.062432855694114230e-05
5.961780260061675394e-05
5.863053880269220676e-05
5.766212392066607124e-05
5.671215446818005649e-05
5.578023646540970353e-05
5.486598519527417453e-05
5.396902496704194076e-05
5.308898888629984286e-05
5.222551863099949719e-05
5.137826423412218739e-05
5.054688387162061523e-05
4.973104365674501666e-05
4.893041743961770409e-05
4.814468661234256908e-05
4.737353991946532619e-05
4.661667327351980329e-05
4.587378957536489445e-05
4.514459853981170790e-05
4.442881652549418640e-05
4.372616636939819206e-05
4.303637722628564865e-05
4.235918441156672474e-05
4.169432924925125329e-05
4.104155892324247543e-05
4.040062633314198012e-05
3.977128995336748455e-05
3.915331369648423067e-05
3.854646678001120915e-05
3.795052359619798877e-05
3.736526358623854161e-05
3.679047111701783226e-05
3.622593536132298863e-05
3.567145018127953376e-05
3.512681401465461408e-05
3.459182976431489012e-05
3.406630469065437543e-05
3.355005030623615529e-05
3.304288227383311323e-05
3.254462030715104815e-05
3.205508807313601420e-05
3.157411309822342663e-05
3.110152667571721813e-05
3.063716377657578867e-05
3.018086296166331569e-05
2.973246629668752401e-05
2.929181926950197204e-05
2.885877070896600104e-05
2.843317270615110118e-05
2.801488053790270004e-05
2.760375259158349089e-05
2.719965029243199560e-05
2.680243803233910130e-05
2.641198310062758600e-05
2.602815561645721232e-05
2.565082846296989447e-05
2.527987722317582292e-05
2.491518011733419907e-05
2.455661794186914245e-05
2.420407401004174476e-05
2.385743409365607314e-05
2.351658636685826986e-05
2.318142135059942090e-05
2.285183185925054891e-05
2.252771294780219776e-05
2.220896186077279773e-05
2.189547798251475697e-05
2.158716278838116554e-05
2.128391979708980431e-05
2.098565452471963018e-05
2.069227443935736934e-05
2.040368891705998975e-05
2.011980919893045273e-05
1.984054834891493330e-05
1.956582121329418440e-05
1.929554438025954001e-05
1.902963614134715265e-05
1.876801645332347256e-05
1.851060690077600024e-05
1.825733066028481264e-05
1.800811246488712885e-05
1.776287856970049146e-05
1.752155671798724876e-05
1.728407610868097169e-05
1.705036736402363565e-05
1.682036249824922001e-05
1.659399488729902089e-05
1.637119923855835993e-05
1.615191156221359599e-05
1.593606914223900375e-05
1.572361050919402603e-05
1.551447541271663776e-05
1.530860479524771307e-05
1.510594076601104906e-05
1.490642657588894039e-05
1.471000659280740702e-05
1.451662627747280488e-05
1.432623216000463489e-05
1.413877181701849898e-05
1.395419384892900697e-05
1.377244785828206559e-05
1.359348442830378096e-05
1.341725510188446156e-05
1.324371236129832859e-05
1.307280960804626804e-05
1.290450114356987644e-05
1.273874215017112894e-05
1.257548867217206936e-05
1.241469759796930933e-05
1.225632664227252158e-05
1.210033432852493513e-05
1.194667997212825274e-05
1.179532366383267524e-05
1.164622625342974198e-05
1.149934933393457325e-05
1.135465522630788959e-05
1.121210696399049972e-05
1.107166827837524887e-05
1.093330358421843484e-05
1.079697796559154804e-05
1.066265716199737825e-05
1.053030755485064711e-05
1.039989615433335275e-05
1.027139058650026526e-05
1.014475908058782525e-05
1.001997045664908407e-05
9.896994113631606629e-06
9.775800017419863244e-06
9.656358689377935044e-06
9.538641195104338440e-06
9.422619133215648715e-06
9.308264624785276506e-06
9.195550302678267589e-06
9.084449301181791707e-06
8.974935245996967188e-06
8.866982244273330274e-06
8.760564875068479424e-06
8.655658179755513582e-06
8.552237652895134084e-06
8.450279233168143410e-06
8.349759294407931086e-06
8.250654637153098802e-06
8.152942479954373138e-06
8.056600451318485362e-06
7.961606581364060034e-06
7.867939294058698651e-06
7.775577399411377224e-06
7.684500085828663410e-06
7.594686912745507005e-06
7.506117803290570742e-06
7.418773037167080998e-06
7.332633243790231229e-06
7.247679395271429996e-06
7.163892799955443804e-06
7.081255095732328298e-06
6.999748243685873773e-06
6.919354521835526711e-06
6.840056519028702861e-06
6.761837128893176128e-06
6.684679544016782311e-06
6.608567250088022948e-06
6.533484020447972274e-06
6.459413910402797410e-06
6.386341251871123394e-06
6.314250648165112516e-06
6.243126968760656749e-06
6.172955344185491559e-06
6.103721161150242999e-06
6.035410057628422438e-06
5.968007918076770408e-06
5.901500868856280353e-06
5.835875273563979823e-06
5.771117728625404700e-06
5.707215058892896771e-06
5.644154313340342783e-06
5.581922760920560758e-06
5.520507886343235472e-06
5.459897386143457379e-06
5.400079164681743352e-06
5.341041330273621269e-06
5.282772191351926178e-06
5.225260252890082543e-06
5.168494212605350214e-06
5.112462957487690185e-06
5.057155560249070240e-06
5.002561275939420097e-06
4.948669538568553058e-06
4.895469957832173598e-06
4.842952315855121237e-06
4.791106564088986160e-06
4.739922820159073966e-06
4.689391364856933872e-06
4.639502639171973256e-06
4.590247241374458294e-06
4.541615924155815540e-06
4.493599591792893515e-06
4.446189297501660685e-06
4.399376240589743265e-06
4.353151764018633911e-06
4.307507351643390063e-06
4.262434625751433183e-06
4.217925344575927687e-06
4.173971399871024612e-06
4.130564814480261272e-06
4.087697740046552623e-06
4.045362454663861030e-06
4.003551360656230137e-06
3.962256982365378007e-06
3.921471964007901976e-06
3.881189067509447587e-06
3.841401170413943290e-06
3.802101263902029964e-06
3.763282450760620452e-06
3.724937943370727055e-06
3.687061061880315327e-06
3.649645232189655265e-06
3.612683984216026939e-06
3.576170950006060129e-06
3.540099861964621470e-06
3.504464551138930258e-06
3.469258945434267031e-06
3.434477068013373947e-06
3.400113035562280186e-06
3.366161056743690938e-06
3.332615430569062925e-06
3.299470544828935035e-06
3.266720874586309125e-06
3.234360980691902059e-06
3.202385508218512459e-06
3.170789185173459047e-06
3.139566820929874358e-06
3.108713304900689907e-06
3.078223605209155297e-06
