5.452636177249754028e+11
-2.600640189283831560e-02
-1.561315098541227187e-02
-9.552340680864190858e-03
-5.484309527167496867e-03
-2.580870221175146639e-03
-4.182655045603667077e-04
1.244251325027256883e-03
2.554023610804811995e-03
3.606582788377110660e-03
4.466670741211320461e-03
5.179658075594062439e-03
5.778161638700041181e-03
6.286102961771788955e-03
6.721315549697237657e-03
7.097281818270850806e-03
7.424322783616599253e-03
7.710430523311107009e-03
7.961860647337282160e-03
8.183559957981145772e-03
8.379478963418840465e-03
8.552802804014270066e-03
8.706123664206977253e-03
8.841570755349970057e-03
8.960909215061985122e-03
9.065616008260501957e-03
9.156938648589907359e-03
9.235940966161315657e-03
9.303539019497986118e-03
9.360529443484200129e-03
9.407611943980764835e-03
9.445407227838487074e-03
9.474471347804325205e-03
9.495307213002401880e-03
9.508373845722672968e-03
9.514093836719528241e-03
9.512859354500413644e-03
9.505036989478021781e-03
9.490971656834990000e-03
9.470989737146773280e-03
9.445401599117442260e-03
9.414503621100855923e-03
9.378579806190057155e-03
9.337903068205477553e-03
9.292736251460542718e-03
9.243332936421655432e-03
9.189938073156156406e-03
9.132788477645537029e-03
9.072113219442901055e-03
9.008133923953165478e-03
8.941065008425841398e-03
8.871113867491287053e-03
8.798481020657167306e-03
8.723360232249843804e-03
8.645938611885783942e-03
8.566396702227363491e-03
8.484908559136972173e-03
8.401641828322148342e-03
8.316757821591913569e-03
8.230411595038233941e-03
8.142752030948274822e-03
8.053921924476403760e-03
7.964058075937474612e-03
7.873291389050685041e-03
7.781746975416670153e-03
7.689544264986469813e-03
7.596797122389586931e-03
7.503613968723232830e-03
7.410097908419288615e-03
7.316346860476885539e-03
7.222453693800812147e-03
7.128506365734477157e-03
7.034588063493441012e-03
6.940777347722137947e-03
6.847148297607574818e-03
6.753770657147217804e-03
6.660709981870738261e-03
6.568027785603280932e-03
6.475781686803294690e-03
6.384025554022176863e-03
6.292809650114694620e-03
6.202180774808940811e-03
6.112182405325627954e-03
6.022854834783153422e-03
5.934235308051150071e-03
5.846358154973030352e-03
5.759254920566725389e-03
5.672954492229376200e-03
5.587483223647771169e-03
5.502865055438066477e-03
5.419121632281420631e-03
5.336272416662790619e-03
5.254334798956206143e-03
5.173324204001961135e-03
5.093254194080687469e-03
5.014136568281202244e-03
4.935981458308535963e-03
4.858797420718374838e-03
4.782591525654744657e-03
4.707369442125131087e-03
4.633135519847453310e-03
4.559892867727288746e-03
4.487643429109233750e-03
4.416388053716469031e-03
4.346126566579622263e-03
4.276857833791947172e-03
4.208579825372815719e-03
4.141289675194226305e-03
4.074983738140414147e-03
4.009657644551190003e-03
3.945306352021171747e-03
3.881924194690355989e-03
3.819504930073103210e-03
3.758041783548771164e-03
3.697527490550411855e-03
3.637954336636717301e-03
3.579314195367944151e-03
3.521598564264705189e-03
3.464798598777019123e-03
3.408905144419049904e-03
3.353908767124824664e-03
3.299799781919965369e-03
3.246568279959616277e-03
3.194204154003177365e-03
3.142697122431759027e-03
3.092036751835447461e-03
3.042212478268302434e-03
2.993213627182633729e-03
2.945029432190882090e-03
2.897649052604700515e-03
2.851061589917769368e-03
2.805256103199926798e-03
2.760221623505421107e-03
2.715947167304610943e-03
2.672421749056574924e-03
2.629634392878443805e-03
2.587574143447568531e-03
2.546230076064581738e-03
2.505591306071863755e-03
2.465646997519943540e-03
2.426386371195299319e-03
2.387798712046196314e-03
2.349873375993460911e-03
2.312599796226777471e-03
2.275967488942320927e-03
2.239966058616982281e-03
2.204585202803199806e-03
2.169814716483253747e-03
2.135644496033872741e-03
2.102064542774284561e-03
2.069064966172318165e-03
2.036635986691903710e-03
2.004767938323714915e-03
1.973451270820714143e-03
1.942676551629940462e-03
1.912434467583157272e-03
1.882715826315051189e-03
1.853511557464049275e-03
1.824812713645096451e-03
1.796610471223258898e-03
1.768896130890151852e-03
1.741661118070947367e-03
1.714896983160851818e-03
1.688595401604597868e-03
1.662748173840489230e-03
1.637347225102558923e-03
1.612384605101935264e-03
1.587852487607399610e-03
1.563743169885167816e-03
1.540049072078941705e-03
1.516762736485155472e-03
1.493876826736739716e-03
1.471384126927821612e-03
1.449277540647830875e-03
1.427550089978302239e-03
1.406194914411074137e-03
1.385205269722300514e-03
1.364574526795836462e-03
1.344296170409320368e-03
1.324363797979621893e-03
1.304771118268099883e-03
1.285511950069428977e-03
1.266580220856905470e-03
1.247969965416428906e-03
1.229675324466494857e-03
1.211690543237109452e-03
1.194009970062248627e-03
1.176628054945894064e-03
1.159539348118743263e-03
1.142738498595141650e-03
1.126220252721576998e-03
1.109979452718956594e-03
1.094011035236208684e-03
1.078310029887008525e-03
1.062871557811373435e-03
1.047690830211722712e-03
1.032763146928239451e-03
1.018083894995580607e-03
1.003648547213575881e-03
9.894526607339138025e-04
9.754918756501584909e-04
9.617619135970922883e-04
9.482585763671558254e-04
9.349777445351037386e-04
9.219153761026444016e-04
9.090675051359742298e-04
8.964302404441681915e-04
8.839997642611230333e-04
8.717723309299429957e-04
8.597442656288478702e-04
8.479119630864229151e-04
8.362718863219598120e-04
8.248205654233231598e-04
8.135545963019463755e-04
8.024706395008962545e-04
7.915654189836196508e-04
7.808357209866390036e-04
7.702783928436041094e-04
7.598903418490898787e-04
7.496685341457087759e-04
7.396099936045619216e-04
7.297118007487668478e-04
7.199710916743207179e-04
7.103850570031600142e-04
7.009509408413272524e-04
6.916660397642271363e-04
6.825277018049913380e-04
6.735333254803688163e-04
6.646803588141736441e-04
6.559662983853797869e-04
6.473886883899826472e-04
6.389451197299500507e-04
6.306332290979543842e-04
6.224506980998523176e-04
6.143952523671725174e-04
6.064646607253365573e-04
5.986567343323478951e-04
5.909693258612236377e-04
5.834003286864231086e-04
5.759476760940351880e-04
5.686093404939640550e-04
5.613833326620909503e-04
5.542677009768848251e-04
5.472605306986455531e-04
5.403599432245442813e-04
5.335640953996190206e-04
5.268711788037894195e-04
5.202794190781734329e-04
5.137870752480733216e-04
5.073924390783801641e-04
5.010938344127691124e-04
4.948896165508642753e-04
4.887781716291783596e-04
4.827579160089356947e-04
4.768272956867658507e-04
4.709847857016224992e-04
4.652288895701239824e-04
4.595581387241143290e-04
4.539710919515549392e-04
4.484663348711670494e-04
4.430424793973042341e-04
4.376981632139287370e-04
4.324320492818944928e-04
4.272428253289106692e-04
4.221292033697032764e-04
4.170899192199595262e-04
4.121237320366955004e-04
4.072294238521845244e-04
4.024057991294238690e-04
3.976516843171573612e-04
3.929659274186647622e-04
3.883473975714313298e-04
3.837949846281496491e-04
3.793075987537086746e-04
3.748841700261795751e-04
3.705236480451290504e-04
3.662250015514789681e-04
3.619872180504746240e-04
3.578093034513063486e-04
3.536902816962950169e-04
3.496291944196094903e-04
3.456251005959920519e-04
3.416770762043608300e-04
3.377842138980735598e-04
3.339456226778558801e-04
3.301604275756098161e-04
3.264277693415529313e-04
3.227468041411274413e-04
3.191167032567943096e-04
3.155366527882730310e-04
3.120058533745417861e-04
3.085235199087321689e-04
3.050888812612395640e-04
3.017011800134916655e-04
2.983596721903847282e-04
2.950636270024897811e-04
2.918123265940320010e-04
2.886050657915362194e-04
2.854411518624644373e-04
2.823199042745194731e-04
2.792406544647185740e-04
2.762027456073568032e-04
2.732055323919624357e-04
2.702483808019184863e-04
2.673306679006337561e-04
2.644517816190461446e-04
2.616111205486770785e-04
2.588080937402370552e-04
2.560421205062279881e-04
2.533126302206589742e-04
2.506190621378578953e-04
2.479608651972942113e-04
2.453374978421685171e-04
2.427484278475500190e-04
2.401931321318606649e-04
2.376710965967809841e-04
2.351818159502805372e-04
2.327247935465237560e-04
2.302995412215569360e-04
2.279055791323258973e-04
2.255424356076840553e-04
2.232096469867439481e-04
2.209067574792111799e-04
2.186333190123956882e-04
2.163888910862166171e-04
2.141730406417519106e-04
2.119853419133566064e-04
2.098253762965462954e-04
2.076927322200994297e-04
2.055870050108321578e-04
2.035077967683651678e-04
2.014547162407787084e-04
1.994273787002676102e-04
1.974254058274560464e-04
1.954484255890509559e-04
1.934960721263756511e-04
1.915679856414609361e-04
1.896638122844684915e-04
1.877832040486637766e-04
1.859258186600598606e-04
1.840913194777193951e-04
1.822793753893936497e-04
1.804896607078276816e-04
1.787218550781677351e-04
1.769756433807057050e-04
1.752507156322913318e-04
1.735467668977364042e-04
1.718634971961119362e-04
1.702006114161491723e-04
1.685578192236469874e-04
1.669348349804256060e-04
1.653313776555087600e-04
1.637471707494064788e-04
1.621819422055192916e-04
1.606354243375296420e-04
1.591073537490217404e-04
1.575974712562100422e-04
1.561055218157747504e-04
1.546312544493666508e-04
1.531744221749953283e-04
1.517347819319780911e-04
1.503120945156588562e-04
1.489061245081302332e-04
1.475166402113980979e-04
1.461434135812123003e-04
1.447862201684468886e-04
1.434448390480458357e-04
1.421190527637339329e-04
1.408086472658443000e-04
1.395134118515883870e-04
1.382331391064361981e-04
1.369676248481610514e-04
1.357166680713284279e-04
1.344800708904525521e-04
1.332576384889261334e-04
1.320491790621769468e-04
1.308545037692621094e-04
1.296734266804655533e-04
1.285057647295584360e-04
1.273513376600643454e-04
1.262099679824046916e-04
1.250814809223843582e-04
1.239657043785591384e-04
1.228624688738300108e-04
1.217716075132546649e-04
1.206929559383063122e-04
1.196263522846852112e-04
1.185716371394640589e-04
1.175286535024522294e-04
1.164972467406766299e-04
1.154772645539647868e-04
1.144685569318681928e-04
1.134709761156926788e-04
1.124843765631933223e-04
1.115086149074961952e-04
1.105435499277884759e-04
1.095890425033552162e-04
1.086449555878221673e-04
1.077111541698538844e-04
1.067875052414013481e-04
1.058738777619527838e-04
1.049701426303339957e-04
1.040761726480710081e-04
1.031918424909683552e-04
1.023170286775787474e-04
1.014516095383388716e-04
1.005954651862595028e-04
9.974847748805970582e-05
9.891053003507899177e-05
9.808150811574378736e-05
9.726129868559141300e-05
9.644979034395539941e-05
9.564687330487764427e-05
9.485243937001897052e-05
9.406638190512239817e-05
9.328859581514414856e-05
9.251897751516580115e-05
9.175742491063232364e-05
9.100383737292716546e-05
9.025811571206077133e-05
8.952016215779678987e-05
8.878988033567125626e-05
8.806717524256768570e-05
8.735195322784328198e-05
8.664412196979220937e-05
8.594359045677180120e-05
8.525026896255560871e-05
8.456406902945801107e-05
8.388490344768406715e-05
8.321268623312505497e-05
8.254733261114921561e-05
8.188875899528547109e-05
8.123688297190234664e-05
8.059162327533897496e-05
7.995289977746899979e-05
7.932063346394180314e-05
7.869474642108187368e-05
7.807516181590479221e-05
7.746180387990797556e-05
7.685459789263937580e-05
7.625347016704253633e-05
7.565834802991666663e-05
7.506915980992623361e-05
7.448583481961534858e-05
7.390830334141895719e-05
7.333649661234176165e-05
7.277034680885918760e-05
7.220978703359470785e-05
7.165475129977671997e-05
7.110517451902609309e-05
7.056099248492486709e-05
7.002214186346833458e-05
6.948856017596760637e-05
6.896018578683715816e-05
6.843695789426895715e-05
6.791881651246889362e-05
6.740570246255295217e-05
6.689755735966862460e-05
6.639432360078245665e-05
6.589594435268963935e-05
6.540236354157791254e-05
6.491352583926079944e-05
6.442937665496195621e-05
6.394986212177045104e-05
6.347492908842511383e-05
6.300452510554777064e-05
6.253859841720554869e-05
6.207709795003069075e-05
6.161997330367263714e-05
6.116717474013988465e-05
6.071865317314184551e-05
6.027436016187159851e-05
5.983424789612890038e-05
5.939826919254542759e-05
5.896637748215027841e-05
5.853852680060001035e-05
5.811467178262752498e-05
5.769476765005165930e-05
5.727877020511584760e-05
5.686663582205042644e-05
5.645832143730267205e-05
5.605378454154319456e-05
5.565298317367073366e-05
5.525587591082015138e-05
5.486242186147904931e-05
5.447258065549576145e-05
5.408631244252504189e-05
5.370357787715107634e-05
5.332433811622294684e-05
5.294855481108307060e-05
5.257619009890746042e-05
5.220720659671052033e-05
5.184156739490575205e-05
5.147923605108850609e-05
5.112017658093215289e-05
5.076435345241492314e-05
5.041173158226719409e-05
5.006227632642357150e-05
4.971595347513790841e-05
4.937272924632196691e-05
