2.127534901064804382e+11
1.346892043028526942e-01
1.114114211873551419e-01
1.039795912124898969e-01
1.003087124490407156e-01
9.814862096768228739e-02
9.673580301407636028e-02
9.570749837262448878e-02
9.486577227962245118e-02
9.409724342985370527e-02
9.333626935770622524e-02
9.254539158297570012e-02
9.170420419561375880e-02
9.080276643602891440e-02
8.983759860664841668e-02
8.880919770555362192e-02
8.772047118553771838e-02
8.657573792475670160e-02
8.538008630886873007e-02
8.413896068753068391e-02
8.285789569681956124e-02
8.154234721011732745e-02
8.019758683177791170e-02
7.882863832177777752e-02
7.744024170998908829e-02
7.603683565798835531e-02
7.462255178303234260e-02
7.320121675269808392e-02
7.177635935342996376e-02
7.035122066941790209e-02
6.892876613259568686e-02
6.751169862238137753e-02
6.610247207243435952e-02
6.470330522771394754e-02
6.331619531754562047e-02
6.194293149215557293e-02
6.058510792279925283e-02
5.924413650120596841e-02
5.792125909618794921e-02
5.661755934105983101e-02
5.533397393510774975e-02
5.407130344968358315e-02
5.283022263418279962e-02
5.161129022117227905e-02
5.041495823292674316e-02
4.924158079402163324e-02
4.809142245700903651e-02
4.696466605009841366e-02
4.586142005742033234e-02
4.478172554418469176e-02
4.372556264017113392e-02
4.269285659633514918e-02
4.168348343021932578e-02
4.069727517647292458e-02
3.973402475969378678e-02
3.879349050686609068e-02
3.787540031716840616e-02
3.697945550670223014e-02
3.610533434611484793e-02
3.525269530820618336e-02
3.442118004312932911e-02
3.361041609751347359e-02
3.282001939428003112e-02
3.204959648858030086e-02
3.129874661518639023e-02
3.056706354189731023e-02
2.985413724284913251e-02
2.915955540500947407e-02
2.848290478025705674e-02
2.782377239519506773e-02
2.718174662958161569e-02
2.655641817418841200e-02
2.594738087778858393e-02
2.535423249260171374e-02
2.477657532679500285e-02
2.421401681218471325e-02
2.366616999446780056e-02
2.313265395313601758e-02
2.261309415735635042e-02
2.210712276388138164e-02
2.161437886244677031e-02
2.113450867384081278e-02
2.066716570512783235e-02
2.021201086660440183e-02
1.976871255422452123e-02
1.933694670116770098e-02
1.891639680205736695e-02
1.850675391256073610e-02
1.810771662736199161e-02
1.771899103906315887e-02
1.734029068012721275e-02
1.697133645018289450e-02
1.661185653043606436e-02
1.626158628700324904e-02
1.592026816472214001e-02
1.558765157284902614e-02
1.526349276390170928e-02
1.494755470684694387e-02
1.463960695564026082e-02
1.433942551406919286e-02
1.404679269771968997e-02
1.376149699381312708e-02
1.348333291964487479e-02
1.321210088010560391e-02
1.294760702489283766e-02
1.268966310591546076e-02
1.243808633515919304e-02
1.219269924355992352e-02
1.195332954104033618e-02
1.171980997811905567e-02
1.149197820920289104e-02
1.126967665788169981e-02
1.105275238431469020e-02
1.084105695496662136e-02
1.063444631460574996e-02
1.043278066095654211e-02
1.023592432182818257e-02
1.004374563493581896e-02
9.856116830401218110e-03
9.672913915975023258e-03
9.494016565025242826e-03
9.319308007277093964e-03
9.148674922292432399e-03
8.982007335740949117e-03
8.819198518366100359e-03
8.660144887681964221e-03
8.504745912376154848e-03
8.352904019311324646e-03
8.204524503202303976e-03
8.059515438815223476e-03
7.917787595730807482e-03
7.779254355569920065e-03
7.643831631666042625e-03
7.511437791104746964e-03
7.381993579117285265e-03
7.255422045723491919e-03
7.131648474635543522e-03
7.010600314286241641e-03
6.892207111012238485e-03
6.776400444288066538e-03
6.663113863959901906e-03
6.552282829441535839e-03
6.443844650796615170e-03
6.337738431685391305e-03
6.233905014113139131e-03
6.132286924867003108e-03
6.032828323739192200e-03
5.935474953289165967e-03
5.840174090285144004e-03
5.746874498633758321e-03
5.655526383851583461e-03
5.566081348949314389e-03
5.478492351752350942e-03
5.392713663574744132e-03
5.308700829219636930e-03
5.226410628256239477e-03
5.145801037527375499e-03
5.066831194879828359e-03
4.989461364037328650e-03
4.913652900601972462e-03
4.839368219148543204e-03
4.766570761367106002e-03
4.695224965227229319e-03
4.625296235129860989e-03
4.556750913000451320e-03
4.489556250332649157e-03
4.423680381080208335e-03
4.359092295459943145e-03
4.295761814564924563e-03
4.233659565768377320e-03
4.172756958949364048e-03
4.113026163443000982e-03
4.054440085716537467e-03
3.996972347784621959e-03
3.940597266276490984e-03
3.885289832167293511e-03
3.831025691164668956e-03
3.777781124687074055e-03
3.725533031474492773e-03
3.674258909730721001e-03
3.623936839866725990e-03
3.574545467751599759e-03
3.526063988512406766e-03
3.478472130806764540e-03
3.431750141620781847e-03
3.385878771505090867e-03
3.340839260285610735e-03
3.296613323220398684e-03
3.253183137559068072e-03
3.210531329544075163e-03
3.168640961793034450e-03
3.127495521076273377e-03
3.087078906451212745e-03
3.047375417793762864e-03
3.008369744632588549e-03
2.970046955370175823e-03
2.932392486778567786e-03
2.895392133875684948e-03
2.859032040040121458e-03
2.823298687468778212e-03
2.788178887912939885e-03
2.753659773681471634e-03
2.719728788909581141e-03
2.686373681111131617e-03
2.653582492960326888e-03
2.621343554323862790e-03
2.589645474528001756e-03
2.558477134863013092e-03
2.527827681294780859e-03
2.497686517399788642e-03
2.468043297502386935e-03
2.438887920017673849e-03
2.410210520982669635e-03
2.382001467787553395e-03
2.354251353069436448e-03
2.326950988802867215e-03
2.300091400546433462e-03
2.273663821866334089e-03
2.247659688914716014e-03
2.222070635161443874e-03
2.196888486284409581e-03
2.172105255193734763e-03
2.147713137212514667e-03
2.123704505381018848e-03
2.100071905902778369e-03
2.076808053719902958e-03
2.053905828196755934e-03
2.031358268952399015e-03
2.009158571788960401e-03
1.987300084742793516e-03
1.965776304237776273e-03
1.944580871360734875e-03
1.923707568225685449e-03
1.903150314443102786e-03
1.882903163693327997e-03
1.862960300381688583e-03
1.843316036404196723e-03
1.823964807979416847e-03
1.804901172584694180e-03
1.786119805969654806e-03
1.767615499248753608e-03
1.749383156080197566e-03
1.731417789910594252e-03
1.713714521302867055e-03
1.696268575336778994e-03
1.679075279067632209e-03
1.662130059066679877e-03
1.645428439025486966e-03
1.628966037411139212e-03
1.612738565203386543e-03
1.596741823676417482e-03
1.580971702246580790e-03
1.565424176377394616e-03
1.550095305536514090e-03
1.534981231201326679e-03
1.520078174938932492e-03
1.505382436505220412e-03
1.490890392015886690e-03
1.476598492160752230e-03
1.462503260458269949e-03
1.448601291556883552e-03
1.434889249592785632e-03
1.421363866563662981e-03
1.408021940777715031e-03
1.394860335311109978e-03
1.381875976525615002e-03
1.369065852620421353e-03
1.356427012207062077e-03
1.343956562945392008e-03
1.331651670182898428e-03
1.319509555666398271e-03
1.307527496246629894e-03
1.295702822642574858e-03
1.284032918230426645e-03
1.272515217857206338e-03
1.261147206688573164e-03
1.249926419082170170e-03
1.238850437496052947e-03
1.227916891417546452e-03
1.217123456317859009e-03
1.206467852637338467e-03
1.195947844793376902e-03
1.185561240213850454e-03
1.175305888390987263e-03
1.165179679960104409e-03
1.155180545804324055e-03
1.145306456174832732e-03
1.135555419838674140e-03
1.125925483240752811e-03
1.116414729690928809e-03
1.107021278570874401e-03
1.097743284555807719e-03
1.088578936859097013e-03
1.079526458491297802e-03
1.070584105541394493e-03
1.061750166471808754e-03
1.053022961427396709e-03
1.044400841570647387e-03
1.035882188421544114e-03
1.027465413220518542e-03
1.019148956300064413e-03
1.010931286477889657e-03
1.002810900460060495e-03
9.947863222605768385e-04
9.868561026300515238e-04
9.790188184992665299e-04
9.712730724469320620e-04
9.636174921543450012e-04
9.560507299031240080e-04
9.485714620569574151e-04
9.411783885779900771e-04
9.338702325372150170e-04
9.266457396446270423e-04
9.195036777931431260e-04
9.124428365998582535e-04
9.054620269701718627e-04
8.985600806716842470e-04
8.917358499072047806e-04
8.849882069061898449e-04
8.783160435239523167e-04
8.717182708497528409e-04
8.651938188193319945e-04
8.587416358432076180e-04
8.523606884387469051e-04
8.460499608704541430e-04
8.398084548006945482e-04
8.336351889455251296e-04
8.275291987380750669e-04
8.214895360061369445e-04
8.155152686408762008e-04
8.096054802979590903e-04
8.037592700744777829e-04
7.979757522198482889e-04
7.922540558384927323e-04
7.865933246038459004e-04
7.809927164730279259e-04
7.754514034181703153e-04
7.699685711537451738e-04
7.645434188723321256e-04
7.591751589908213305e-04
7.538630168948401433e-04
7.486062306951701828e-04
7.434040509812778197e-04
7.382557405934964123e-04
7.331605743827740440e-04
7.281178389892950520e-04
7.231268326215456455e-04
7.181868648369338359e-04
7.132972563321793302e-04
7.084573387328152450e-04
7.036664543891291146e-04
6.989239561827620406e-04
6.942292073253142348e-04
6.895815811709393728e-04
6.849804610253862336e-04
6.804252399716936850e-04
6.759153206783441448e-04
6.714501152333962608e-04
6.670290449708460301e-04
6.626515402983201852e-04
6.583170405360938560e-04
6.540249937514452938e-04
6.497748566050010055e-04
6.455660941935281727e-04
6.413981798965018299e-04
6.372705952293333809e-04
6.331828296963770697e-04
6.291343806497096125e-04
6.251247531461334717e-04
6.211534598143941821e-04
6.172200207159583840e-04
6.133239632146736398e-04
6.094648218508691428e-04
6.056421382134580256e-04
6.018554608098192205e-04
5.981043449527767564e-04
5.943883526398074935e-04
5.907070524300284120e-04
5.870600193373931575e-04
5.834468347141186229e-04
5.798670861414390032e-04
5.763203673228023405e-04
5.728062779768450241e-04
5.693244237343630942e-04
5.658744160372819465e-04
5.624558720360717246e-04
5.590684144978208536e-04
5.557116717025412100e-04
5.523852773554605022e-04
5.490888704933194475e-04
5.458220953913350826e-04
5.425846014788238136e-04
5.393760432466088162e-04
5.361960801679721556e-04
5.330443766105030790e-04
5.299206017548296899e-04
5.268244295166812918e-04
5.237555384631775723e-04
5.207136117388877494e-04
5.176983369898913168e-04
5.147094062873946996e-04
5.117465160540124458e-04
5.088093669940452202e-04
5.058976640219814414e-04
5.030111161925532315e-04
5.001494366339009900e-04
4.973123424816261462e-04
4.944995548101793759e-04
4.917107985724644692e-04
4.889458025336690383e-04
4.862042992130888308e-04
4.834860248190686605e-04
4.807907191921589884e-04
4.781181257462741030e-04
4.754679914105164329e-04
4.728400665747756193e-04
4.702341050299985170e-04
4.676498639188952922e-04
4.650871036793180480e-04
4.625455879938566994e-04
4.600250837358821343e-04
4.575253609218066231e-04
4.550461926597915152e-04
4.525873551011194706e-04
4.501486273924548698e-04
4.477297916298805802e-04
4.453306328116024559e-04
4.429509387910979257e-04
4.405905002369259194e-04
4.382491105852093227e-04
4.359265659974465024e-04
4.336226653192110092e-04
4.313372100379631036e-04
4.290700042421935478e-04
4.268208545827878453e-04
4.245895702312818543e-04
4.223759628430023838e-04
4.201798465190975662e-04
4.180010377685672296e-04
4.158393554709594042e-04
4.136946208428415872e-04
4.115666573989429367e-04
4.094552909208459823e-04
4.073603494199051767e-04
4.052816631059386054e-04
4.032190643523669848e-04
4.011723876644612830e-04
3.991414696475903412e-04
3.971261489774668973e-04
3.951262663643984041e-04
3.931416645297503010e-04
3.911721881699747883e-04
3.892176839312977421e-04
3.872780003797426929e-04
3.853529879715988926e-04
3.834424990278861856e-04
3.815463877054892095e-04
3.796645099702899984e-04
3.777967235716328531e-04
3.759428880147908103e-04
3.741028645374289141e-04
3.722765160822927299e-04
3.704637072736716163e-04
3.686643043947501752e-04
3.668781753578542748e-04
3.651051896897961058e-04
3.633452184996777135e-04
3.615981344633478756e-04
3.598638117958685712e-04
3.581421262328632338e-04
3.564329550069800234e-04
3.547361768276857674e-04
3.530516718588394554e-04
3.513793217000404923e-04
3.497190093653124165e-04
3.480706192626747963e-04
3.464340371759355719e-04
3.448091502422645505e-04
3.431958469382045962e-04
3.415940170563569467e-04
3.400035516891719567e-04
3.384243432105193961e-04
3.368562852579248812e-04
3.352992727143622176e-04
3.337532016920441436e-04
3.322179695137705835e-04
3.306934746991618823e-04
3.291796169451188803e-04
3.276762971118341028e-04
3.261834172036959245e-04
3.247008803588524728e-04
3.232285908287835241e-04
3.217664539654219169e-04
3.203143762064986078e-04
3.188722650597775043e-04
3.174400290870682539e-04
3.160175778955665038e-04
3.146048221169817083e-04
3.132016733968789879e-04
3.118080443837989435e-04
