-5.849210680925475311e+10
2.048215226089937779e-01
1.903686596126354935e-01
1.872585920743157217e-01
1.859070394667114989e-01
1.847733978848480341e-01
1.834901950524696623e-01
1.819544025225399153e-01
1.801454462592095851e-01
1.780723614350505635e-01
1.757550725797156765e-01
1.732172326061802714e-01
1.704833918696326833e-01
1.675778375579981549e-01
1.645240818723237020e-01
1.613446065060331058e-01
1.580607155441802192e-01
1.546924425286526628e-01
1.512584919331514399e-01
1.477762072010975203e-01
1.442615611930770925e-01
1.407291658546783175e-01
1.371922981296411770e-01
1.336629392493344781e-01
1.301518246907109599e-01
1.266685023191032045e-01
1.232213964959312236e-01
1.198178762066079983e-01
1.164643255352109108e-01
1.131662150685412982e-01
1.099281730489720665e-01
1.067540553106369750e-01
1.036470132262441446e-01
1.006095590635469605e-01
9.764362830018757933e-02
9.475063857670207312e-02
9.193154507838752210e-02
8.918689223181042180e-02
8.651686167937722161e-02
8.392131655980161753e-02
8.139984217323181781e-02
7.895178314939599318e-02
7.657627726730575901e-02
7.427228609589908714e-02
7.203862263987392822e-02
6.987397618259283405e-02
6.777693452178401579e-02
6.574600379295136854e-02
6.377962607189191502e-02
6.187619494172569290e-02
6.003406920203868680e-02
5.825158488889847774e-02
5.652706576468435884e-02
5.485883242624067790e-02
5.324521017008776447e-02
5.168453574211806512e-02
5.017516309011549325e-02
4.871546822675698607e-02
4.730385330199737837e-02
4.593874997441149688e-02
4.461862216320477970e-02
4.334196825425840061e-02
4.210732282688778305e-02
4.091325796090194977e-02
3.975838417756571985e-02
3.864135106254162899e-02
3.756084761357358914e-02
3.651560235105177910e-02
3.550438322545246272e-02
3.452599735173045303e-02
3.357929059723563370e-02
3.266314704681527736e-02
3.177648836567037449e-02
3.091827307828820537e-02
3.008749577941549624e-02
2.928318629105186588e-02
2.850440877755477942e-02
2.775026082960696527e-02
2.701987252611770529e-02
2.631240548206648100e-02
2.562705188898339870e-02
2.496303355412443636e-02
2.431960094303886599e-02
2.369603223001193193e-02
2.309163235970168593e-02
2.250573212306705706e-02
2.193768724994393793e-02
2.138687752025703048e-02
2.085270589546661668e-02
2.033459767152612230e-02
1.983199965420734401e-02
1.934437935756871951e-02
1.887122422600073790e-02
1.841204088006564987e-02
1.796635438636573490e-02
1.753370755129268765e-02
1.711366023856619734e-02
1.670578871030592438e-02
1.630968499132223748e-02
1.592495625619827493e-02
1.555122423872568049e-02
1.518812466320085264e-02
1.483530669705968030e-02
1.449243242423658984e-02
1.415917633872676440e-02
1.383522485773380772e-02
1.352027585377890695e-02
1.321403820519173600e-02
1.291623136434649766e-02
1.262658494309443213e-02
1.234483831469823656e-02
1.207074023175036537e-02
1.180404845946969594e-02
1.154452942383255021e-02
1.129195787387304861e-02
1.104611655776777113e-02
1.080679591205058188e-02
1.057379376348310807e-02
1.034691504308327126e-02
1.012597151181471311e-02
9.910781497499465686e-03
9.701169642416740402e-03
9.496966661276307065e-03
9.298009109030669350e-03
9.104139158149227029e-03
8.915204385026020972e-03
8.731057565051436598e-03
8.551556476033894683e-03
8.376563709620032938e-03
8.205946490367210799e-03
8.039576502160139526e-03
7.877329721634795945e-03
7.719086258365592812e-03
7.564730201468305992e-03
7.414149472410036523e-03
7.267235683682038427e-03
7.123884003213731830e-03
6.983993024125778604e-03
6.847464639748723769e-03
6.714203923582573452e-03
6.584119014040545892e-03
6.457121003739851872e-03
6.333123833174303385e-03
6.212044188579124437e-03
6.093801403830090280e-03
5.978317366122087861e-03
5.865516425413330737e-03
5.755325307336134344e-03
5.647673029522737309e-03
5.542490821158319036e-03
5.439712045649081062e-03
5.339272126253513662e-03
5.241108474582256704e-03
5.145160421822891905e-03
5.051369152594409329e-03
4.959677641298343431e-03
4.870030590917950875e-03
4.782374374081799218e-03
4.696656976388435822e-03
4.612827941834041212e-03
4.530838320268681940e-03
4.450640616856516019e-03
4.372188743357208196e-03
4.295437971256088616e-03
4.220344886599614043e-03
4.146867346493054995e-03
4.074964437207340140e-03
4.004596433796248078e-03
3.935724761198411414e-03
3.868311956739312052e-03
3.802321634004623974e-03
3.737718447994531346e-03
3.674468061541702468e-03
3.612537112932967531e-03
3.551893184675858350e-03
3.492504773385141092e-03
3.434341260720064071e-03
3.377372885374096967e-03
3.321570716014576874e-03
3.266906625206456027e-03
3.213353264220231154e-03
3.160884038720057632e-03
3.109473085320502150e-03
3.059095248912235832e-03
3.009726060802409009e-03
2.961341717595100675e-03
2.913919060780312265e-03
2.867435557047937067e-03
2.821869279236111083e-03
2.777198887953691298e-03
2.733403613810914123e-03
2.690463240240248410e-03
2.648358086901669850e-03
2.607068993653705036e-03
2.566577305017858635e-03
2.526864855219690398e-03
2.487913953654441457e-03
2.449707370901332837e-03
2.412228325131771101e-03
2.375460469017376397e-03
2.339387877024368123e-03
2.303995033144712323e-03
2.269266819019399861e-03
2.235188502432539082e-03
2.201745726200021736e-03
2.168924497388591277e-03
2.136711176897954090e-03
2.105092469363745167e-03
2.074055413390452074e-03
2.043587372088762066e-03
2.013676023901123102e-03
1.984309353738167303e-03
1.955475644371151844e-03
1.927163468108394895e-03
1.899361678723954228e-03
1.872059403632109209e-03
1.845246036315417726e-03
1.818911228977704297e-03
1.793044885429306845e-03
1.767637154175494274e-03
1.742678421740251338e-03
1.718159306167921230e-03
1.694070650744006201e-03
1.670403517886054345e-03
1.647149183236162884e-03
1.624299129918682638e-03
1.601845042971117294e-03
1.579778803952436306e-03
1.558092485699047458e-03
1.536778347243972220e-03
1.515828828880128043e-03
1.495236547374378944e-03
1.474994291319919881e-03
1.455095016633434213e-03
1.435531842161275051e-03
1.416298045436636954e-03
1.397387058560184414e-03
1.378792464173717036e-03
1.360507991581494380e-03
1.342527512962599090e-03
1.324845039704092287e-03
1.307454718825873385e-03
1.290350829530106935e-03
1.273527779813710126e-03
1.256980103217841815e-03
1.240702455633568846e-03
1.224689612217222390e-03
1.208936464396792587e-03
1.193438016938275226e-03
1.178189385121930499e-03
1.163185791973830874e-03
1.148422565595330624e-03
1.133895136545159943e-03
1.119599035316776181e-03
1.105529889860790149e-03
1.091683423194433900e-03
1.078055451069870330e-03
1.064641879702232785e-03
1.051438703566054400e-03
1.038442003250983348e-03
1.025647943365459724e-03
1.013052770514777379e-03
1.000652811309121759e-03
9.884444704593153830e-04
9.764242288858859808e-04
9.645886419051841187e-04
9.529343374536924927e-04
9.414580143596307238e-04
9.301564406611895208e-04
9.190264519702839863e-04
9.080649498796056207e-04
8.972689004049794192e-04
8.866353324827880300e-04
8.761613364898224177e-04
8.658440628124264293e-04
8.556807204507244080e-04
8.456685756552673183e-04
8.358049506067555257e-04
8.260872221190762588e-04
8.165128203854177258e-04
8.070792277508065382e-04
7.977839775175077364e-04
7.886246527819551488e-04
7.795988853005475505e-04
7.707043543809799502e-04
7.619387858091020149e-04
7.532999507953164198e-04
7.447856649489548175e-04
7.363937872861825440e-04
7.281222192483394196e-04
7.199689037598044905e-04
7.119318242971850452e-04
7.040090039911461872e-04
6.961985047415630845e-04
6.884984263628712853e-04
6.809069057480687803e-04
6.734221160435982512e-04
6.660422658621989456e-04
6.587655985013096682e-04
6.515903911845644103e-04
6.445149543232719935e-04
6.375376307925506580e-04
6.306567952283348433e-04
6.238708533430337155e-04
6.171782412469628554e-04
6.105774247981976544e-04
6.040668989688580126e-04
5.976451872082844119e-04
5.913108408477363298e-04
5.850624384953206913e-04
5.788985854644490558e-04
5.728179132002964025e-04
5.668190787280202869e-04
5.609007641176333436e-04
5.550616759508741893e-04
5.493005448058418949e-04
5.436161247605042490e-04
5.380071928930973968e-04
5.324725488078385638e-04
5.270110141635253598e-04
5.216214322170120710e-04
5.163026673749016027e-04
5.110536047563396522e-04
5.058731497675772459e-04
5.007602276840827926e-04
4.957137832415359213e-04
4.907327802408101292e-04
4.858162011529554292e-04
4.809630467461634140e-04
4.761723357062930262e-04
4.714431042818212347e-04
4.667744059216882846e-04
4.621653109295742468e-04
4.576149061288337094e-04
4.531222945274304692e-04
4.486865949901996942e-04
4.443069419282075216e-04
4.399824849850020314e-04
4.357123887341884938e-04
4.314958323845541344e-04
4.273320094847488093e-04
4.232201276488378738e-04
4.191594082685323741e-04
4.151490862507323243e-04
4.111884097504070468e-04
4.072766399045857355e-04
4.034130505869981675e-04
3.995969281556099872e-04
3.958275712123704437e-04
3.921042903596294593e-04
3.884264079763166677e-04
3.847932579841284451e-04
3.812041856248171712e-04
3.776585472488047657e-04
3.741557100924719492e-04
3.706950520807605898e-04
3.672759616100140789e-04
3.638978373612378192e-04
3.605600880955961429e-04
3.572621324676727994e-04
3.540033988342905502e-04
3.507833250739889053e-04
3.476013584085002606e-04
3.444569552226717235e-04
3.413495808959332578e-04
3.382787096350980960e-04
3.352438243031663490e-04
3.322444162636717380e-04
3.292799852214756129e-04
3.263500390653373273e-04
3.234540937198104871e-04
3.205916729918101282e-04
3.177623084302805267e-04
3.149655391829764284e-04
3.122009118512458770e-04
3.094679803592459422e-04
3.067663058202718673e-04
3.040954564001996374e-04
3.014550071938071341e-04
2.988445400982087108e-04
2.962636436869559020e-04
2.937119130896892472e-04
2.911889498788955422e-04
2.886943619453408161e-04
2.862277633910448316e-04
2.837887744144840241e-04
2.813770212035660023e-04
2.789921358268276919e-04
2.766337561281861923e-04
2.743015256256864376e-04
2.719950934111370344e-04
2.697141140495240563e-04
2.674582474815334621e-04
2.652271589325128076e-04
2.630205188152157092e-04
2.608380026407619567e-04
2.586792909302637611e-04
2.565440691222331537e-04
2.544320274928679737e-04
2.523428610687883378e-04
2.502762695431037798e-04
2.482319571968094607e-04
2.462096328168517090e-04
2.442090096215210338e-04
2.422298051800719776e-04
2.402717413410027092e-04
2.383345441578921253e-04
2.364179438139046852e-04
2.345216745569533856e-04
2.326454746239825511e-04
2.307890861794614779e-04
2.289522552418876700e-04
2.271347316231686619e-04
2.253362688631188604e-04
2.235566241650666086e-04
2.217955583359021432e-04
2.200528357236830601e-04
2.183282241581263605e-04
2.166214948953193442e-04
2.149324225546589417e-04
2.132607850688916784e-04
2.116063636243836754e-04
2.099689426082740340e-04
2.083483095554061748e-04
2.067442550968134896e-04
2.051565729070947697e-04
2.035850596557864378e-04
2.020295149547379765e-04
2.004897413152573193e-04
1.989655440952642351e-04
1.974567314539932283e-04
1.959631143082507521e-04
1.944845062857858409e-04
1.930207236797709669e-04
1.915715854083899217e-04
1.901369129704288952e-04
1.887165304028659563e-04
1.873102642424573361e-04
1.859179434822166854e-04
1.845393995338895365e-04
1.831744661884293635e-04
1.818229795773618207e-04
1.804847781372576065e-04
1.791597025695423895e-04
1.778475958076342067e-04
1.765483029798620151e-04
1.752616713746046884e-04
1.739875504045418353e-04
1.727257915775659569e-04
1.714762484585907742e-04
1.702387766402413405e-04
1.690132337091032610e-04
1.677994792157466719e-04
1.665973746431959057e-04
1.654067833771755147e-04
1.642275706752460707e-04
1.630596036394926784e-04
1.619027511858828206e-04
1.607568840169548707e-04
1.596218745942845629e-04
1.584975971111735049e-04
1.573839274657817811e-04
1.562807432335944213e-04
1.551879236449948962e-04
1.541053495544009166e-04
1.530329034222788209e-04
1.519704692845014193e-04
1.509179327308096674e-04
1.498751808810538932e-04
1.488421023623232031e-04
1.478185872845205751e-04
1.468045272197127105e-04
1.457998151781492169e-04
1.448043455876124597e-04
1.438180142718792354e-04
1.428407184305147126e-04
1.418723566166679717e-04
1.409128287164218563e-04
1.399620359310294049e-04
1.390198807562637029e-04
1.380862669613236449e-04
1.371610995735128569e-04
1.362442848549250130e-04
1.353357302884550251e-04
1.344353445571488948e-04
1.335430375268842340e-04
1.326587202301610091e-04
1.317823048463395708e-04
1.309137046878738886e-04
1.300528341805495813e-04
1.291996088499391959e-04
1.283539453038606837e-04
1.275157612161681442e-04
1.266849753120968813e-04
1.258615073536084594e-04
1.250452781207389563e-04
1.242362094029392239e-04
1.234342239786467843e-04
1.226392456035174661e-04
1.218511989977688614e-04
