4.347923488548497314e+11
4.569134937264078822e-01
4.515048366588105822e-01
4.482301790415794684e-01
4.431701960368266136e-01
4.363353403477301384e-01
4.280809355593406806e-01
4.187141591895819914e-01
4.084755150572516591e-01
3.975596060813488819e-01
3.861306060985141286e-01
3.743308163721206228e-01
3.622851134553908281e-01
3.501033059615976661e-01
3.378815108310195825e-01
3.257031177563156632e-01
3.136396194150092853e-01
3.017514318103016180e-01
2.900887489235639549e-01
2.786924354039581608e-01
2.675949423916699210e-01
2.568212250066133073e-01
2.463896399331213516e-01
2.363128046118130321e-01
2.265984038961517122e-01
2.172499345499856460e-01
2.082673820793394803e-01
1.996478278410931395e-01
1.913859870790903805e-01
1.834746805357507782e-01
1.759052436596477698e-01
1.686678782818673561e-01
1.617519520762171759e-01
1.551462512485715095e-01
1.488391918058549201e-01
1.428189945051845378e-01
1.370738282362511384e-01
1.315919261865037271e-01
1.263616787121080165e-01
1.213717064107768806e-01
1.166109164802717757e-01
1.120685450592091570e-01
1.077341878905091477e-01
1.035978213245498658e-01
9.964981539052231163e-02
9.588094040813666119e-02
9.228236838789616314e-02
8.884567027221779156e-02
8.556280990051279289e-02
8.242613543612686833e-02
7.942836886770399119e-02
7.656259409209154043e-02
7.382224399504000445e-02
7.120108687030146655e-02
6.869321245309922830e-02
6.629301779042617859e-02
6.399519312535795201e-02
6.179470793505448256e-02
5.968679723120851044e-02
5.766694820563955659e-02
5.573088728268049685e-02
5.387456762271147781e-02
5.209415710692311130e-02
5.038602682198578542e-02
4.874674005401113952e-02
4.717304179404724351e-02
4.566184875126344522e-02
4.421023986572936160e-02
4.281544730901964968e-02
4.147484795845990391e-02
4.018595532885327337e-02
3.894641194419179442e-02
3.775398213117897583e-02
3.660654521571005127e-02
3.550208910351049241e-02
3.443870422604056181e-02
3.341457783318713126e-02
3.242798861453421999e-02
3.147730163153683591e-02
3.056096354371984347e-02
2.967749811228292955e-02
2.882550196554389821e-02
2.800364061110616198e-02
2.721064468049294582e-02
2.644530639265907368e-02
2.570647622337629556e-02
2.499305976839227839e-02
2.430401478870791721e-02
2.363834842719048090e-02
2.299511458607028658e-02
2.237341145579629931e-02
2.177237918597585420e-02
2.119119768993682484e-02
2.062908457478229707e-02
2.008529318934271224e-02
1.955911078297489780e-02
1.904985676840253994e-02
1.855688108247521839e-02
1.807956263884191728e-02
1.761730786704962526e-02
1.716954933291647833e-02
1.673574443529135536e-02
1.631537417464112849e-02
1.590794198924605496e-02
1.551297265489037791e-02
1.513001124442570067e-02
1.475862214359802138e-02
1.439838811982352418e-02
1.404890944091219396e-02
1.370980304070501532e-02
1.338070172901129062e-02
1.306125344321529269e-02
1.275112053918192601e-02
1.244997911921075229e-02
1.215751839490275543e-02
1.187344008300117437e-02
1.159745783226551197e-02
1.132929667970516974e-02
1.106869253449538348e-02
1.081539168799339201e-02
1.056915034850214319e-02
1.032973419928673309e-02
1.009691797866718588e-02
9.870485080924140675e-03
9.650227176881909230e-03
9.435943853155714933e-03
9.227442268955776683e-03
9.024536829593587939e-03
8.827048875784226922e-03
8.634806387812554718e-03
8.447643703924478942e-03
8.265401252075754712e-03
8.087925294363529360e-03
7.915067683521126440e-03
7.746685630781957599e-03
7.582641484608076965e-03
7.422802519609028593e-03
7.267040735273733176e-03
7.115232663867265828e-03
6.967259187138363785e-03
6.823005361338063679e-03
6.682360250143348779e-03
6.545216765102779277e-03
6.411471513213973239e-03
6.281024651264788261e-03
6.153779746673970763e-03
6.029643644410942471e-03
5.908526339784447856e-03
5.790340856764109034e-03
5.675003131600631079e-03
5.562431901457998151e-03
5.452548597838946520e-03
5.345277244575896702e-03
5.240544360149312908e-03
5.138278864172063365e-03
5.038411987771773681e-03
4.940877187790793101e-03
4.845610064513783399e-03
4.752548282850987960e-03
4.661631496769347294e-03
4.572801276830684714e-03
4.486001040701736997e-03
4.401175986508132354e-03
4.318273028871111308e-03
4.237240737554603953e-03
4.158029278553021513e-03
4.080590357562918769e-03
4.004877165687981133e-03
3.930844327301619145e-03
3.858447849979684818e-03
3.787645076375634190e-03
3.718394638013267084e-03
3.650656410842723076e-03
3.584391472548631441e-03
3.519562061489178717e-03
3.456131537214357508e-03
3.394064342511660115e-03
3.333325966867084489e-03
3.273882911346559510e-03
3.215702654767227386e-03
3.158753621176568771e-03
3.103005148516135847e-03
3.048427458479219254e-03
2.994991627466525586e-03
2.942669558632315940e-03
2.891433954944844231e-03
2.841258293241999411e-03
2.792116799231081359e-03
2.743984423394518757e-03
2.696836817772663153e-03
2.650650313577473938e-03
2.605401899612447281e-03
2.561069201461041445e-03
2.517630461416731080e-03
2.475064519125380613e-03
2.433350792911292970e-03
2.392469261757623755e-03
2.352400447910518722e-03
2.313125400110527252e-03
2.274625677376018729e-03
2.236883333377681637e-03
2.199880901335715677e-03
2.163601379427282367e-03
2.128028216711541631e-03
2.093145299526977254e-03
2.058936938335476086e-03
2.025387855030480466e-03
1.992483170670800163e-03
1.960208393603668497e-03
1.928549408008350952e-03
1.897492462818561876e-03
1.867024160991936910e-03
1.837131449153872609e-03
1.807801607575543201e-03
1.779022240476990646e-03
1.750781266655287993e-03
1.723066910399806417e-03
1.695867692723229680e-03
1.669172422858355986e-03
1.642970190046666445e-03
1.617250355564037179e-03
1.592002545020898552e-03
1.567216640913748904e-03
1.542882775373843884e-03
1.518991323202545374e-03
1.495532895072093638e-03
1.472498330971516722e-03
1.449878693844164346e-03
1.427665263432187359e-03
1.405849530300429251e-03
1.384423190056827124e-03
1.363378137737125684e-03
1.342706462376552778e-03
1.322400441739368659e-03
1.302452537210285755e-03
1.282855388833548105e-03
1.263601810520764701e-03
1.244684785384864156e-03
1.226097461225705842e-03
1.207833146139147829e-03
1.189885304275328792e-03
1.172247551699090451e-03
1.154913652398947832e-03
1.137877514391760769e-03
1.121133185956191269e-03
1.104674851976517047e-03
1.088496830375262903e-03
1.072593568680169085e-03
1.056959640657773036e-03
1.041589743080439945e-03
1.026478692545573779e-03
1.011621422426500772e-03
9.970129798817506384e-04
9.826485229642578645e-04
9.685233178067242932e-04
9.546327358944672881e-04
9.409722514033269647e-04
9.275374386250589964e-04
9.143239694586746680e-04
9.013276109717249795e-04
8.885442230337492475e-04
8.759697560074553024e-04
8.636002485229443693e-04
8.514318252834662815e-04
8.394606949599925372e-04
8.276831481308644101e-04
8.160955552780624345e-04
8.046943648376547742e-04
7.934761013144164821e-04
7.824373634255366028e-04
7.715748223220408875e-04
7.608852198304205672e-04
7.503653667708665154e-04
7.400121412879379079e-04
7.298224872609448965e-04
7.197934127265437354e-04
7.099219883586194157e-04
7.002053459903567756e-04
6.906406771673978540e-04
6.812252317411893188e-04
6.719563165049624587e-04
6.628312938576907953e-04
6.538475805102361704e-04
6.450026462168079178e-04
6.362940125490545995e-04
6.277192516950247381e-04
6.192759852923224173e-04
6.109618832890184592e-04
6.027746628347596669e-04
5.947120872058508922e-04
5.867719647432156904e-04
5.789521478376524755e-04
5.712505319235283707e-04
5.636650545046695271e-04
5.561936942084511060e-04
5.488344698576508307e-04
5.415854395698360690e-04
5.344446998738483501e-04
5.274103848560418584e-04
5.204806653240634517e-04
5.136537479879521584e-04
5.069278746696603832e-04
5.003013215203466757e-04
4.937723982727515448e-04
4.873394474955716760e-04
4.810008438789203922e-04
4.747549935282258105e-04
4.686003332829979939e-04
4.625353300464762896e-04
4.565584801299316098e-04
4.506683086262786020e-04
4.448633687765823908e-04
4.391422413758672150e-04
4.335035341702653255e-04
4.279458812903591536e-04
4.224679426805266758e-04
4.170684035509353293e-04
4.117459738428586036e-04
4.064993876982114784e-04
4.013274029566193946e-04
3.962288006471581525e-04
3.912023845056289417e-04
3.862469804960522168e-04
3.813614363457062950e-04
3.765446210883816036e-04
3.717954246245103178e-04
3.671127572857368904e-04
3.624955494083703655e-04
3.579427509246002614e-04
3.534533309554888092e-04
3.490262774126229317e-04
3.446605966237470398e-04
3.403553129384118137e-04
3.361094683758114599e-04
3.319221222546353545e-04
3.277923508444580136e-04
3.237192470229022234e-04
3.197019199374651066e-04
3.157394946775582412e-04
3.118311119543193399e-04
3.079759277855309563e-04
3.041731131889768847e-04
3.004218538813496764e-04
2.967213499893706086e-04
2.930708157558026272e-04
2.894694792638929925e-04
2.859165821631481919e-04
2.824113793971072539e-04
2.789531389482124979e-04
2.755411415713560075e-04
2.721746805509628331e-04
2.688530614545214803e-04
2.655756018890009784e-04
2.623416312679260898e-04
2.591504905813390991e-04
2.560015321713127179e-04
2.528941195139022824e-04
2.498276269988775056e-04
2.468014397252193959e-04
2.438149532895117488e-04
2.408675735894316716e-04
2.379587166212449034e-04
2.350878082926222135e-04
2.322542842270181040e-04
2.294575895858130821e-04
2.266971788806859678e-04
2.239725158001970584e-04
2.212830730350390240e-04
2.186283321086168741e-04
2.160077832122908603e-04
2.134209250383989342e-04
2.108672646250475680e-04
2.083463171969057726e-04
2.058576060148809006e-04
2.034006622262385378e-04
2.009750247156105729e-04
1.985802399639968741e-04
1.962158619075449195e-04
1.938814517981057861e-04
1.915765780711176092e-04
1.893008162134890426e-04
1.870537486314827191e-04
1.848349645259261820e-04
1.826440597676448618e-04
1.804806367768918562e-04
1.783443044003352185e-04
1.762346778020340565e-04
1.741513783395376436e-04
1.720940334588583198e-04
1.700622765816728332e-04
1.680557469976307061e-04
1.660740897611034939e-04
1.641169555834931515e-04
1.621840007373087644e-04
1.602748869542480747e-04
1.583892813235010522e-04
1.565268562060406765e-04
1.546872891335926425e-04
1.528702627178191165e-04
1.510754645634992954e-04
1.493025871779352087e-04
1.475513278861306787e-04
1.458213887446380141e-04
1.441124764578471940e-04
1.424243023016025234e-04
1.407565820357170594e-04
1.391090358331403820e-04
1.374813881978020902e-04
1.358733678913370824e-04
1.342847078606990152e-04
1.327151451626651379e-04
1.311644208961126878e-04
1.296322801287441706e-04
1.281184718340266926e-04
1.266227488176951965e-04
1.251448676571342844e-04
1.236845886349868806e-04
1.222416756752053857e-04
1.208158962826555438e-04
1.194070214807219088e-04
1.180148257535762468e-04
1.166390869851152701e-04
1.152795864023392625e-04
1.139361085198409285e-04
1.126084410842942418e-04
1.112963750184992051e-04
1.099997043703115907e-04
1.087182262586861015e-04
1.074517408228281568e-04
1.062000511722338558e-04
1.049629633362858527e-04
1.037402862169578555e-04
1.025318315401868574e-04
1.013374138094658150e-04
1.001568502594363252e-04
9.898996081192379393e-05
9.783656803064033625e-05
9.669649707833016805e-05
9.556957567369295248e-05
9.445563405008350344e-05
9.335450491421148911e-05
9.226602340484113540e-05
9.119002705504364314e-05
9.012635575111893615e-05
8.907485169640239064e-05
8.803535937218498475e-05
8.700772550196411714e-05
8.599179901525033642e-05
8.498743100959771368e-05
8.399447472084986543e-05
8.301278548206170171e-05
8.204222069707611809e-05
8.108263980100005597e-05
8.013390423178279320e-05
7.919587739801947635e-05
7.826842464453420689e-05
7.735141322462446567e-05
7.644471227030713578e-05
7.554819275878976725e-05
7.466172748871180431e-05
7.378519104506153781e-05
7.291845977697164471e-05
7.206141176641089885e-05
7.121392680220495208e-05
7.037588635250280333e-05
6.954717354057393663e-05
6.872767311660865630e-05
6.791727143262704658e-05
6.711585641916428813e-05
6.632331756084575147e-05
6.553954586885346600e-05
6.476443386094210553e-05
6.399787553701408171e-05
6.323976635647099442e-05
6.249000321489894816e-05
6.174848442297431461e-05
6.101510968359313836e-05
6.028978007277530082e-05
5.957239801523961376e-05
5.886286726708434003e-05
5.816109289447091157e-05
5.746698125164151350e-05
5.678043996515391711e-05
5.610137791078884106e-05
5.542970519800682894e-05
5.476533314796583340e-05
5.410817427864422768e-05
5.345814228374656807e-05
5.281515201738251619e-05
5.217911947519304761e-05
5.154996177747506181e-05
5.092759715297212608e-05
5.031194492222113013e-05
4.970292547978871767e-05
4.910046028094861015e-05
4.850447182391803835e-05
4.791488363409257545e-05
4.733162025027937148e-05
4.675460720937607562e-05
4.618377103082771384e-05
