-1.673906892978724060e+11
1.052181726863730127e-01
1.062207607687986055e-01
1.066234271689650015e-01
1.058747387826630693e-01
1.046498475145778428e-01
1.032601990932491276e-01
1.018228932730629310e-01
1.003764733584859847e-01
9.893021549208835808e-02
9.748338128077360665e-02
9.603251690641556593e-02
9.457412474725845897e-02
9.310554277708193993e-02
9.162513176828834816e-02
9.013220549768607981e-02
8.862687898378629470e-02
8.710990465410617389e-02
8.558252265102517242e-02
8.404633315176868180e-02
8.250319108613668462e-02
8.095512086650913375e-02
7.940424801629752949e-02
7.785274469066649772e-02
7.630278648522015317e-02
7.475651838550234629e-02
7.321602813112315644e-02
7.168332561920731649e-02
7.016032725349896637e-02
6.864884436455787053e-02
6.715057499618470871e-02
6.566709848295237961e-02
6.419987234474167082e-02
6.275023110238775459e-02
6.131938668036029938e-02
5.990843011219393333e-02
5.851833430518516010e-02
5.714995765436370334e-02
5.580404832473462307e-02
5.448124904525464274e-02
5.318210227964481618e-02
5.190705565780007191e-02
5.065646756855279875e-02
4.943061282902361242e-02
4.822968835947594179e-02
4.705381880377790260e-02
4.590306204646221744e-02
4.477741458644635131e-02
4.367681673533008180e-02
4.260115761595772987e-02
4.155027994235815925e-02
4.052398456823480544e-02
3.952203479535221220e-02
3.854416043732067365e-02
3.759006163754508023e-02
3.665941244282788780e-02
3.575186413650155437e-02
3.486704833661913305e-02
3.400457986652827280e-02
3.316405940592281887e-02
3.234507593150692806e-02
3.154720895706430994e-02
3.077003058300031846e-02
3.001310736563422843e-02
2.927600201665603308e-02
2.855827494317786375e-02
2.785948563840956460e-02
2.717919393295598063e-02
2.651696111646151266e-02
2.587235093877793268e-02
2.524493049962006630e-02
2.463427103523962991e-02
2.403994861016367501e-02
2.346154472158357152e-02
2.289864682379105787e-02
2.235084877921522661e-02
2.181775124256013498e-02
2.129896198397651652e-02
2.079409615668259548e-02
2.030277651438661124e-02
1.982463358310448953e-02
1.935930579194122814e-02
1.890643956681237192e-02
1.846568939103732099e-02
1.803671783608784551e-02
1.761919556590019198e-02
1.721280131753633036e-02
1.681722186094325444e-02
1.643215194029368220e-02
1.605729419908819011e-02
1.569235909116639682e-02
1.533706477939400514e-02
1.499113702380405755e-02
1.465430906067988204e-02
1.432632147397860933e-02
1.400692206041220800e-02
1.369586568921388192e-02
1.339291415774401806e-02
1.309783604374104016e-02
1.281040655513177029e-02
1.253040737805544147e-02
1.225762652385076201e-02
1.199185817552161915e-02
1.173290253423164842e-02
1.148056566627264630e-02
1.123465935093403978e-02
1.099500092962535369e-02
1.076141315650436248e-02
1.053372405098262909e-02
1.031176675225164985e-02
1.009537937605586855e-02
9.884404873906849076e-03
9.678690894844077519e-03
9.478089649854970489e-03
9.282457779090869110e-03
9.091656221915878078e-03
8.905550089849167961e-03
8.724008542442041048e-03
8.546904666159704789e-03
8.374115356178046810e-03
8.205521201254395436e-03
8.041006371483527815e-03
7.880458509095689124e-03
7.723768622148075025e-03
7.570830981138199078e-03
7.421543018526488567e-03
7.275805231053755762e-03
7.133521084871974338e-03
6.994596923454388104e-03
6.858941878130853098e-03
6.726467781346556762e-03
6.597089082467588739e-03
6.470722766133585324e-03
6.347288273081952426e-03
6.226707423405253294e-03
6.108904342149834577e-03
5.993805387243256177e-03
5.881339079632175171e-03
5.771436035634236461e-03
5.664028901389395187e-03
5.559052289405341796e-03
5.456442717073572979e-03
5.356138547190081312e-03
5.258079930315906481e-03
5.162208749011965025e-03
5.068468563854677811e-03
4.976804561173331365e-03
4.887163502489411115e-03
4.799493675541999238e-03
4.713744846947198752e-03
4.629868216334154241e-03
4.547816372004520602e-03
4.467543248000804823e-03
4.389004082568037646e-03
4.312155377976578663e-03
4.236954861613906331e-03
4.163361448380697993e-03
4.091335204263302217e-03
4.020837311117242407e-03
3.951830032562719808e-03
3.884276681025422562e-03
3.818141585796741566e-03
3.753390062154915441e-03
3.689988381490483249e-03
3.627903742376314966e-03
3.567104242572893824e-03
3.507558851965519864e-03
3.449237386332626443e-03
3.392110481985843862e-03
3.336149571222746246e-03
3.281326858546318448e-03
3.227615297682673301e-03
3.174988569290881912e-03
3.123421059436637393e-03
3.072887838704296826e-03
3.023364642008363745e-03
2.974827849029360038e-03
2.927254465282747020e-03
2.880622103783814225e-03
2.834908967288329862e-03
2.790093831101403410e-03
2.746156026431245678e-03
2.703075424261847104e-03
2.660832419726366638e-03
2.619407916991223217e-03
2.578783314591159836e-03
2.538940491237040575e-03
2.499861792065516397e-03
2.461530015304802532e-03
2.423928399370112174e-03
2.387040610350554815e-03
2.350850729888831481e-03
2.315343243426637443e-03
2.280503028818436917e-03
2.246315345298732780e-03
2.212765822776185942e-03
2.179840451470793639e-03
2.147525571849051573e-03
2.115807864887520040e-03
2.084674342609726949e-03
2.054112338929714454e-03
2.024109500764925684e-03
1.994653779405552996e-03
1.965733422172322165e-03
1.937336964290770069e-03
1.909453221043300175e-03
1.882071280119523848e-03
1.855180494235941779e-03
1.828770473937035845e-03
1.802831080633282568e-03
1.777352419841893294e-03
1.752324834620733185e-03
1.727738899199193767e-03
1.703585412798913623e-03
1.679855393639462235e-03
1.656540073102119592e-03
1.633630890084836196e-03
1.611119485509515670e-03
1.588997696991611974e-03
1.567257553671153048e-03
1.545891271176103032e-03
1.524891246749371376e-03
1.504250054514155721e-03
1.483960440850085050e-03
1.464015319943223759e-03
1.444407769427780153e-03
1.425131026169923487e-03
1.406178482164399668e-03
1.387543680555491932e-03
1.369220311760344089e-03
1.351202209705304469e-03
1.333483348174624439e-03
1.316057837251971563e-03
1.298919919864749417e-03
1.282063968434554724e-03
1.265484481598688760e-03
1.249176081048686271e-03
1.233133508441452975e-03
1.217351622391893429e-03
1.201825395565681021e-03
1.186549911831757953e-03
1.171520363514089169e-03
1.156732048697817206e-03
1.142180368619793995e-03
1.127860825135496015e-03
1.113769018241228537e-03
1.099900643676043899e-03
1.086251490579170920e-03
1.072817439217610413e-03
1.059594458767243452e-03
1.046578605162995501e-03
1.033766019002735348e-03
1.021152923498469534e-03
1.008735622494816297e-03
9.965104985363293366e-04
9.844740109810068418e-04
9.726226941713100871e-04
9.609531556438177802e-04
9.494620743992765455e-04
9.381461992061801425e-04
9.270023469496457835e-04
9.160274010322488891e-04
9.052183098141597384e-04
8.945720850781491151e-04
8.840858005592089341e-04
8.737565904941568817e-04
8.635816482200908695e-04
8.535582247910511455e-04
8.436836276595194306e-04
8.339552193596944107e-04
8.243704162489429166e-04
8.149266872654603588e-04
8.056215527287857725e-04
7.964525831607449646e-04
7.874173981483600926e-04
7.785136652200819185e-04
7.697390987637664495e-04
7.610914589639694583e-04
7.525685507736579183e-04
7.441682228985779801e-04
7.358883668198146211e-04
7.277269158383337100e-04
7.196818441332908378e-04
7.117511658549791065e-04
7.039329342375388876e-04
6.962252407323177295e-04
6.886262141574395201e-04
6.811340198784598954e-04
6.737468590023443227e-04
6.664629675905420214e-04
6.592806158958186558e-04
6.521981076137439715e-04
6.452137791546075363e-04
6.383259989317657812e-04
6.315331666650880749e-04
6.248337127061631691e-04
6.182260973779385438e-04
6.117088103239076702e-04
6.052803698830544477e-04
5.989393224750116929e-04
5.926842419956557251e-04
5.865137292353495013e-04
5.804264113016266435e-04
5.744209410649681047e-04
5.684959966145708421e-04
5.626502807172251153e-04
5.568825203061678053e-04
5.511914659672711991e-04
5.455758914478803234e-04
5.400345931640959662e-04
5.345663897369234974e-04
5.291701215226485289e-04
5.238446501654170362e-04
5.185888581522579699e-04
5.134016483860914803e-04
5.082819437582930533e-04
5.032286867456825519e-04
4.982408390019621436e-04
4.933173809646973496e-04
4.884573114767309931e-04
4.836596474031562565e-04
4.789234232698280636e-04
4.742476909060933110e-04
4.696315190879651880e-04
4.650739932008374211e-04
4.605742149035307875e-04
4.561313018016655008e-04
4.517443871228099539e-04
4.474126194111693877e-04
4.431351622156132208e-04
4.389111937914691453e-04
4.347399068145296752e-04
4.306205080832903320e-04
4.265522182496095382e-04
4.225342715411528616e-04
4.185659154911647306e-04
4.146464106820069162e-04
4.107750304862545221e-04
4.069510608153414921e-04
4.031737998777540355e-04
3.994425579370020074e-04
3.957566570775838954e-04
3.921154309767249657e-04
3.885182246790019889e-04
3.849643943756309028e-04
3.814533071930803487e-04
3.779843409792427167e-04
3.745568840989310644e-04
3.711703352362594188e-04
3.678241031885853829e-04
3.645176066828792472e-04
3.612502741834333619e-04
3.580215437053446692e-04
3.548308626359908402e-04
3.516776875567284577e-04
3.485614840703643580e-04
3.454817266324017311e-04
3.424378983809539534e-04
3.394294909788708736e-04
3.364560044516462511e-04
3.335169470326526664e-04
3.306118350088205204e-04
3.277401925727563281e-04
3.249015516764153233e-04
3.220954518865504212e-04
3.193214402437138943e-04
3.165790711270322078e-04
3.138679061167604090e-04
3.111875138643860339e-04
3.085374699609566562e-04
3.059173568142892208e-04
3.033267635208503066e-04
3.007652857451859063e-04
2.982325256024598303e-04
2.957280915392157539e-04
2.932515982232430929e-04
2.908026664250051851e-04
2.883809229137224150e-04
2.859860003481262680e-04
2.836175371676574741e-04
2.812751774934341142e-04
2.789585710276654140e-04
2.766673729475144228e-04
2.744012438160581269e-04
2.721598494817012437e-04
2.699428609858056660e-04
2.677499544723183078e-04
2.655808110969548608e-04
2.634351169383819524e-04
2.613125629140622408e-04
2.592128446918806617e-04
2.571356626119847277e-04
2.550807216004091771e-04
2.530477310942469416e-04
2.510364049594926428e-04
2.490464614135490251e-04
2.470776229563931281e-04
2.451296162897520503e-04
2.432021722462707203e-04
2.412950257222323813e-04
2.394079156038397826e-04
2.375405846999356640e-04
2.356927796769436867e-04
2.338642509898125610e-04
2.320547528205096910e-04
2.302640430129621052e-04
2.284918830126603240e-04
2.267380378038197364e-04
2.250022758496506015e-04
2.232843690368468970e-04
2.215840926147460976e-04
2.199012251409282470e-04
2.182355484221520925e-04
2.165868474670595845e-04
2.149549104255576992e-04
2.133395285413008935e-04
2.117404960977342654e-04
2.101576103687996522e-04
2.085906715691976387e-04
2.070394828066479675e-04
2.055038500321515471e-04
2.039835819966917541e-04
2.024784901999421294e-04
2.009883888516306172e-04
1.995130948220236178e-04
1.980524276021800034e-04
1.966062092577658404e-04
1.951742643899745389e-04
1.937564200944486004e-04
1.923525059186470543e-04
1.909623538234317408e-04
1.895857981453197283e-04
1.882226755565152843e-04
1.868728250280504710e-04
1.855360877924816521e-04
1.842123073096946229e-04
1.829013292278247604e-04
1.816030013517266894e-04
1.803171736058928332e-04
1.790436980035892134e-04
1.777824286108842244e-04
1.765332215171167007e-04
1.752959348002569584e-04
1.740704284964866844e-04
1.728565645708890486e-04
1.716542068848081470e-04
1.704632211669832031e-04
1.692834749864591259e-04
1.681148377192798193e-04
1.669571805249514540e-04
1.658103763155782673e-04
1.646742997316597013e-04
1.635488271116702919e-04
1.624338364676347624e-04
1.613292074602590276e-04
1.602348213720627967e-04
1.591505610833987561e-04
1.580763110460292609e-04
1.570119572615880088e-04
1.559573872578212672e-04
1.549124900612763867e-04
1.538771561799823218e-04
1.528512775772483678e-04
1.518347476510140126e-04
1.508274612103122081e-04
1.498293144579498914e-04
1.488402049656389892e-04
1.478600316531242242e-04
1.468886947710856816e-04
1.459260958802666153e-04
1.449721378286028539e-04
1.440267247354576341e-04
1.430897619720816749e-04
1.421611561422952974e-04
1.412408150631705439e-04
1.403286477501541896e-04
1.394245643948632818e-04
1.385284763519845086e-04
1.376402961192901842e-04
1.367599373214289926e-04
1.358873146952710442e-04
1.350223440688136378e-04
1.341649423514112982e-04
1.333150275131256279e-04
1.324725185716246756e-04
1.316373355748634566e-04
1.308093995886494554e-04
1.299886326808774584e-04
1.291749579050982533e-04
1.283682992896384434e-04
1.275685818198368793e-04
1.267757314278306069e-04
1.259896749761235668e-04
1.252103402453741410e-04
1.244376559217386102e-04
1.236715515831043888e-04
1.229119576853232587e-04
1.221588055524414074e-04
1.214120273618224388e-04
1.206715561332671882e-04
