3.137021729252153931e+11
3.960534102618273877e-02
3.513749559458023697e-02
3.574523696459763755e-02
3.589596933495675657e-02
3.555168307184342069e-02
3.496434596377984150e-02
3.428474593650010505e-02
3.358565420077619379e-02
3.289921830290420957e-02
3.223813397478370035e-02
3.160613306964599190e-02
3.100301219001089237e-02
3.042700321596214508e-02
2.987586073201065062e-02
2.934733384556853508e-02
2.883934759927697655e-02
2.835005242620525223e-02
2.787781804732869517e-02
2.742120768826650234e-02
2.697894859908966936e-02
2.654990527609957240e-02
2.613305733547344190e-02
2.572748206526886960e-02
2.533234096808900659e-02
2.494686944271418128e-02
2.457036881851903942e-02
2.420220009704143749e-02
2.384177890470740024e-02
2.348857129088166573e-02
2.314209011092893675e-02
2.280189181316538694e-02
2.246757350789208019e-02
2.213877023834598390e-02
2.181515240292597468e-02
2.149642329794154705e-02
2.118231676371085115e-02
2.087259492510895598e-02
2.056704602317083186e-02
2.026548233724989601e-02
1.996773819894404056e-02
1.967366809919957049e-02
1.938314489042802791e-02
1.909605808458314513e-02
1.881231224786517053e-02
1.853182549188958639e-02
1.825452806042227039e-02
1.798036101042388424e-02
1.770927498497520958e-02
1.744122907600043071e-02
1.717618977336288211e-02
1.691412999737540446e-02
1.665502821087150309e-02
1.639886760732078841e-02
1.614563537091107115e-02
1.589532200472043577e-02
1.564792072304754811e-02
1.540342690381391044e-02
1.516183759725153735e-02
1.492315108708330840e-02
1.468736650024693446e-02
1.445448346196265277e-02
1.422450179229239886e-02
1.399742124122882458e-02
1.377324125893863993e-02
1.355196079832032829e-02
1.333357814695990129e-02
1.311809078596515299e-02
1.290549527299611476e-02
1.269578714738983649e-02
1.248896085495432295e-02
1.228500969066370629e-02
1.208392575714456463e-02
1.188569993737997876e-02
1.169032187992269378e-02
1.149777999518164506e-02
1.130806146143248370e-02
1.112115223929310837e-02
1.093703709344673314e-02
1.075569962076849961e-02
1.057712228369678265e-02
1.040128644812066128e-02
1.022817242496953938e-02
1.005775951483078856e-02
9.890026054916845055e-03
9.724949467895038779e-03
9.562506311984630969e-03
9.402672331995987065e-03
9.245422510759659929e-03
9.090731120771966545e-03
8.938571775588544099e-03
8.788917480858415843e-03
8.641740684578014253e-03
8.497013326579150316e-03
8.354706886898544127e-03
8.214792433028472729e-03
8.077240665772755790e-03
7.942021963825540709e-03
7.809106426764023112e-03
7.678463916568567527e-03
7.550064097527009466e-03
7.423876474547785875e-03
7.299870429833710261e-03
7.178015257901515511e-03
7.058280198979138831e-03
6.940634470759432517e-03
6.825047298558928333e-03
6.711487943850125149e-03
6.599925731257449968e-03
6.490330074018890727e-03
6.382670497936393517e-03
6.276916663884968273e-03
6.173038388888496542e-03
6.071005665847950539e-03
5.970788681894045880e-03
5.872357835534636195e-03
5.775683752490934353e-03
5.680737300384874899e-03
5.587489602273620903e-03
5.495912049103823804e-03
5.405976311107396626e-03
5.317654348189648772e-03
5.230918419382613038e-03
5.145741091384659072e-03
5.062095246190612130e-03
4.979954087984683753e-03
4.899291149172757542e-03
4.820080295690143402e-03
4.742295731672285797e-03
4.665912003336991631e-03
4.590904002375939541e-03
4.517246968665844520e-03
4.444916492445827316e-03
4.373888515992740977e-03
4.304139334761147850e-03
4.235645598120285626e-03
4.168384309595873916e-03
4.102332826755983319e-03
4.037468860693671502e-03
3.973770475167226479e-03
3.911216085420665678e-03
3.849784456656957232e-03
3.789454702305405931e-03
3.730206281951753411e-03
3.672018999065107536e-03
3.614872998503493307e-03
3.558748763796915071e-03
3.503627114270768672e-03
3.449489201947431027e-03
3.396316508360808228e-03
3.344090841174374162e-03
3.292794330690407278e-03
3.242409426250647542e-03
3.192918892527263353e-03
3.144305805710567725e-03
3.096553549647662607e-03
3.049645811881829260e-03
3.003566579636629541e-03
2.958300135762925720e-03
2.913831054615734217e-03
2.870144197934187957e-03
2.827224710646225603e-03
2.785058016691488447e-03
2.743629814812464929e-03
2.702926074327649530e-03
2.662933030922687294e-03
2.623637182417537517e-03
2.585025284578934546e-03
2.547084346886663297e-03
2.509801628376662208e-03
2.473164633452151762e-03
2.437161107755825284e-03
2.401779034037598848e-03
2.367006628068324403e-03
2.332832334589918233e-03
2.299244823272150740e-03
2.266232984740934597e-03
2.233785926616604911e-03
2.201892969611929374e-03
2.170543643652544930e-03
2.139727684064673952e-03
2.109435027781714211e-03
2.079655809621439033e-03
2.050380358584957818e-03
2.021599194230061514e-03
1.993303023076986591e-03
1.965482735054369101e-03
1.938129400024690696e-03
1.911234264331040933e-03
1.884788747410937049e-03
1.858784438457883326e-03
1.833213093129559823e-03
1.808066630313076573e-03
1.783337128936413052e-03
1.759016824838477433e-03
1.735098107689125868e-03
1.711573517946485268e-03
1.688435743887328755e-03
1.665677618671201898e-03
1.643292117463168722e-03
1.621272354607627975e-03
1.599611580846982406e-03
1.578303180588047638e-03
1.557340669227080809e-03
1.536717690517885870e-03
1.516428013986548251e-03
1.496465532389246178e-03
1.476824259236231285e-03
1.457498326333350747e-03
1.438481981401285026e-03
1.419769585712327142e-03
1.401355611789556477e-03
1.383234641143094024e-03
1.365401362050100431e-03
1.347850567384734077e-03
1.330577152479417435e-03
1.313576113036729609e-03
1.296842543077270093e-03
1.280371632927712611e-03
1.264158667258152846e-03
1.248199023146323583e-03
1.232488168184886490e-03
1.217021658633354875e-03
1.201795137590000451e-03
1.186804333226820773e-03
1.172045057032722326e-03
1.157513202110882489e-03
1.143204741502756860e-03
1.129115726554941190e-03
1.115242285300688252e-03
1.101580620902042895e-03
1.088127010096862080e-03
1.074877801691132007e-03
1.061829415091031237e-03
1.048978338847872394e-03
1.036321129238348959e-03
1.023854408884750100e-03
1.011574865388276123e-03
9.994792500054305862e-04
9.875643763381791729e-04
9.758271190656309102e-04
9.642644126879318378e-04
9.528732503079062610e-04
9.416506824324599734e-04
9.305938158012949657e-04
9.196998122360522387e-04
9.089658875203188160e-04
8.983893103011730830e-04
8.879674010078275614e-04
8.776975307993595266e-04
8.675771205333138170e-04
8.576036397567321501e-04
8.477746057180546302e-04
8.380875823925659773e-04
8.285401795420366255e-04
8.191300517861321850e-04
8.098548976915864728e-04
8.007124588831349143e-04
7.917005191775405848e-04
7.828169037304988365e-04
7.740594781995291385e-04
7.654261479297375104e-04
7.569148571595629704e-04
7.485235882314089650e-04
7.402503608302524185e-04
7.320932312326888791e-04
7.240502915777380366e-04
7.161196691400917302e-04
7.082995256404434059e-04
7.005880565396083171e-04
6.929834903848242078e-04
6.854840881320711787e-04
6.780881425147988750e-04
6.707939774017734891e-04
6.635999471880094092e-04
6.565044361792615746e-04
6.495058580064938525e-04
6.426026550425678607e-04
6.357932978338087793e-04
6.290762845455599717e-04
6.224501404148430339e-04
6.159134172221136794e-04
6.094646927603530884e-04
6.031025703345793687e-04
5.968256782526992765e-04
5.906326693416730222e-04
5.845222204645672548e-04
5.784930320511527668e-04
5.725438276384942071e-04
5.666733534221979340e-04
5.608803778112125826e-04
5.551636909990609325e-04
5.495221045443976493e-04
5.439544509493465796e-04
5.384595832591543285e-04
5.330363746662847291e-04
5.276837181154014900e-04
5.224005259296671255e-04
5.171857294326009935e-04
5.120382785883670351e-04
5.069571416382867568e-04
5.019413047546716911e-04
4.969897716935456344e-04
4.921015634646863646e-04
4.872757179990028220e-04
4.825112898239058978e-04
4.778073497526680313e-04
4.731629845704521387e-04
4.685772967361057084e-04
4.640494040781817375e-04
4.595784395147184398e-04
4.551635507583640106e-04
4.508039000441499411e-04
4.464986638530454854e-04
4.422470326430616439e-04
4.380482105899030643e-04
4.339014153307285682e-04
4.298058777090218996e-04
4.257608415276781244e-04
4.217655633120820369e-04
4.178193120689677187e-04
4.139213690534937484e-04
4.100710275487529088e-04
4.062675926326253517e-04
4.025103809690566692e-04
3.987987205877896457e-04
3.951319506785289093e-04
3.915094213811087798e-04
3.879304935914262842e-04
3.843945387529412727e-04
3.809009386752659765e-04
3.774490853392098444e-04
3.740383807053770937e-04
3.706682365416380520e-04
3.673380742423848488e-04
3.640473246451225720e-04
3.607954278717073748e-04
3.575818331498226144e-04
3.544059986546610475e-04
3.512673913432795558e-04
3.481654867989458779e-04
3.450997690737089840e-04
3.420697305378528341e-04
3.390748717304603588e-04
3.361147012106435739e-04
3.331887354163232118e-04
3.302964985256728880e-04
3.274375223119019296e-04
3.246113460180222177e-04
3.218175162147396406e-04
3.190555866741107138e-04
3.163251182460857791e-04
3.136256787277247327e-04
3.109568427410724922e-04
3.083181916154753566e-04
3.057093132676769187e-04
3.031298020879091837e-04
3.005792588233191509e-04
2.980572904711653592e-04
2.955635101637987816e-04
2.930975370667443514e-04
2.906589962701211505e-04
2.882475186885002927e-04
2.858627409572100930e-04
2.835043053355246201e-04
2.811718596051893115e-04
2.788650569813810876e-04
2.765835560125662340e-04
2.743270204947911850e-04
2.720951193733167628e-04
2.698875266633482539e-04
2.677039213592191658e-04
2.655439873464615630e-04
2.634074133209818314e-04
2.612938927077923523e-04
2.592031235806313560e-04
2.571348085793623284e-04
2.550886548378095142e-04
2.530643739035998152e-04
2.510616816635558024e-04
2.490802982748618888e-04
2.471199480877928067e-04
2.451803595784340928e-04
2.432612652785159923e-04
2.413624017056914539e-04
2.394835093006975058e-04
2.376243323591875622e-04
2.357846189657841762e-04
2.339641209350151740e-04
2.321625937480309432e-04
2.303797964877674076e-04
2.286154917856553226e-04
2.268694457592257407e-04
2.251414279546004593e-04
2.234312112903147352e-04
2.217385720020281781e-04
2.200632895894560903e-04
2.184051467597480922e-04
2.167639293770839970e-04
2.151394264111594623e-04
2.135314298852275527e-04
2.119397348283591498e-04
2.103641392241506480e-04
2.088044439632064098e-04
2.072604527982857547e-04
2.057319722970074594e-04
2.042188117932219882e-04
2.027207833472655096e-04
2.012377016988864398e-04
1.997693842248349227e-04
1.983156508966743559e-04
1.968763242412574499e-04
1.954512292947629959e-04
1.940401935689450852e-04
1.926430470060580546e-04
1.912596219437734391e-04
1.898897530769882991e-04
1.885332774176351478e-04
1.871900342604870815e-04
1.858598651476306429e-04
1.845426138302741492e-04
1.832381262358850904e-04
1.819462504344393494e-04
1.806668366026720207e-04
1.793997369932132102e-04
1.781448059015033891e-04
1.769018996320426140e-04
1.756708764699688174e-04
1.744515966495274739e-04
1.732439223207649093e-04
1.720477175244372603e-04
1.708628481593699178e-04
1.696891819549239955e-04
1.685265884436848438e-04
1.673749389303758051e-04
1.662341064685435299e-04
1.651039658321362680e-04
1.639843934886364707e-04
1.628752675726374832e-04
1.617764678618627272e-04
1.606878757518526157e-04
1.596093742308735131e-04
1.585408478548266942e-04
1.574821827245997952e-04
1.564332664629741743e-04
1.553939881910881837e-04
1.543642385051224863e-04
1.533439094558719518e-04
1.523328945229884823e-04
1.513310885989938015e-04
1.503383879644104582e-04
1.493546902677778121e-04
1.483798945041137074e-04
1.474139009975949932e-04
1.464566113793530633e-04
1.455079285686000645e-04
1.445677567535330610e-04
1.436360013737925101e-04
1.427125690984798467e-04
1.417973678132788962e-04
1.408903065962530121e-04
1.399912957062987573e-04
1.391002465613855321e-04
1.382170717234565416e-04
1.373416848813313607e-04
1.364740008342746336e-04
1.356139354766749960e-04
1.347614057789492392e-04
1.339163297755519011e-04
1.330786265487660103e-04
1.322482162100513392e-04
1.314250198898303523e-04
1.306089597203907715e-04
1.297999588218967659e-04
1.289979412872899189e-04
1.282028321685224626e-04
1.274145574652330026e-04
1.266330441074270396e-04
1.258582199439306493e-04
1.250900137290678060e-04
1.243283551115581531e-04
1.235731746169754786e-04
1.228244036413084217e-04
1.220819744336409940e-04
1.213458200868267056e-04
1.206158745250540676e-04
1.198920724903018709e-04
1.191743495343455805e-04
1.184626420032142136e-04
1.177568870289746883e-04
1.170570225179634605e-04
1.163629871392402038e-04
1.156747203150398917e-04
1.149921622083382999e-04
1.143152537153024895e-04
1.136439364519681305e-04
1.129781527471340752e-04
1.123178456310380824e-04
1.116629588246986771e-04
1.110134367316994997e-04
