4.318103178887286987e+11
-1.243147312879244737e-02
-1.175473867261800365e-02
-1.076929126861880803e-02
-9.823158237823204075e-03
-9.073308894016918202e-03
-8.507568133858889325e-03
-8.084180650619110509e-03
-7.765663424676993998e-03
-7.523192122165234252e-03
-7.335250317182850921e-03
-7.185819595860731823e-03
-7.062967455795821081e-03
-6.957823914917504737e-03
-6.863834357776266160e-03
-6.776202196599356853e-03
-6.691466006498725250e-03
-6.607175711300872223e-03
-6.521643837457347104e-03
-6.433754551242287789e-03
-6.342817437498649014e-03
-6.248455930208063336e-03
-6.150522511325196007e-03
-6.049034512212614345e-03
-5.944125710938497065e-03
-5.836009996209146067e-03
-5.724954218876199263e-03
-5.611258018584308616e-03
-5.495238932143653443e-03
-5.377221491464911907e-03
-5.257529328241083988e-03
-5.136479538802252165e-03
-5.014378743704028807e-03
-4.891520414178618381e-03
-4.768183141935722347e-03
-4.644629608493655581e-03
-4.521106070083824591e-03
-4.397842219681535880e-03
-4.275051322244038943e-03
-4.152930545092470282e-03
-4.031661424979127162e-03
-3.911410428235839731e-03
-3.792329571552954803e-03
-3.674557079111018254e-03
-3.558218058581141818e-03
-3.443425182488191183e-03
-3.330279365852284457e-03
-3.218870432962539496e-03
-3.109277768502005657e-03
-3.001570949677345723e-03
-2.895810357019357184e-03
-2.792047762444793690e-03
-2.690326893623584681e-03
-2.590683974352359087e-03
-2.493148240869436094e-03
-2.397742434167238201e-03
-2.304483268764645487e-03
-2.213381878326536878e-03
-2.124444238781109107e-03
-2.037671569469434729e-03
-1.953060713062892972e-03
-1.870604494908389981e-03
-1.790292062560761011e-03
-1.712109206209344592e-03
-1.636038660662864075e-03
-1.562060389780572933e-03
-1.490151853848598051e-03
-1.420288260844060346e-03
-1.352442802063924532e-03
-1.286586873054051949e-03
-1.222690280226146342e-03
-1.160721434098288540e-03
-1.100647529564735549e-03
-1.042434714016104991e-03
-9.860482437453743643e-04
-9.314526293875413643e-04
-8.786117707915153119e-04
-8.274890820385571999e-04
-7.780476070369246600e-04
-7.302501262151928074e-04
-6.840592548424950792e-04
-6.394375334286550583e-04
-5.963475106629534395e-04
-5.547518193114164831e-04
-5.146132455164931230e-04
-4.758947918876987870e-04
-4.385597347549285985e-04
-4.025716759408215495e-04
-3.678945894891594293e-04
-3.344928634911870091e-04
-3.023313375480896070e-04
-2.713753359804282894e-04
-2.415906971959813632e-04
-2.129437994351501828e-04
-1.854015830999866665e-04
-1.589315699987992048e-04
-1.335018797012921254e-04
-1.090812431843168895e-04
-8.563901399161188976e-05
-6.314517713046363667e-05
-4.157035583807200396e-05
-2.088581642212261613e-05
-1.063471299467266817e-06
1.792411957191042404e-05
3.610374877238697877e-05
5.350156284888996083e-05
7.014306499364408864e-05
8.605311882181609917e-05
1.012559531856638273e-04
1.157751678995122546e-04
1.296337402798553029e-04
1.428540324146521101e-04
1.554577990874328464e-04
1.674661963055878999e-04
1.788997902856248601e-04
1.897785669304763445e-04
2.001219416412070018e-04
2.099487694986468256e-04
2.192773557034843890e-04
2.281254662266363198e-04
2.365103386714473288e-04
2.444486932611233954e-04
2.519567439511760654e-04
2.590502095871638488e-04
2.657443251394830952e-04
2.720538529183968990e-04
2.779930938126007334e-04
2.835758984565117657e-04
2.888156783866779875e-04
2.937254170554126631e-04
2.983176808422083326e-04
3.026046298819640157e-04
3.065980288106118223e-04
3.103092573550902955e-04
3.137493208098529607e-04
3.169288603315223440e-04
3.198581630881047744e-04
3.225471722225758953e-04
3.250054966623672215e-04
3.272424207356738890e-04
3.292669136074621861e-04
3.310876385196337424e-04
3.327129618557744806e-04
3.341509619900762118e-04
3.354094379748318033e-04
3.364959179912307974e-04
3.374176676520512785e-04
3.381816980569940512e-04
3.387947737001351101e-04
3.392634201506705693e-04
3.395939315500307032e-04
3.397923779413503098e-04
3.398646123617954373e-04
3.398162777890068043e-04
3.396528138777110684e-04
3.393794635377922475e-04
3.390012793016428105e-04
3.385231295407464813e-04
3.379497044957435747e-04
3.372855221359660760e-04
3.365349338548817570e-04
3.357021299890128319e-04
3.347911452027396706e-04
3.338058636763729936e-04
3.327500241805392278e-04
3.316272249589413690e-04
3.304409284963227833e-04
3.291944661263368488e-04
3.278910424979741833e-04
3.265337399023238163e-04
3.251255224798743626e-04
3.236692402825980253e-04
3.221676332099132622e-04
3.206233348205245193e-04
3.190388760356821507e-04
3.174166887081053545e-04
3.157591090816591617e-04
3.140683811451161489e-04
3.123466598733415367e-04
3.105960143603425649e-04
3.088184308557284652e-04
3.070158156990299148e-04
3.051899981596495337e-04
3.033427331755600420e-04
3.014757040171733848e-04
2.995905248415198230e-04
2.976887431835884001e-04
2.957718423413080444e-04
2.938412437056836524e-04
2.918983089883475657e-04
2.899443423922676288e-04
2.879805926956358064e-04
2.860082552820220059e-04
2.840284740719400958e-04
2.820423434304331067e-04
2.800509099647463529e-04
2.780551742975756468e-04
2.760560927548283416e-04
2.740545790043125152e-04
2.720515056437999846e-04
2.700477057220318500e-04
2.680439742162032957e-04
2.660410694463877235e-04
2.640397144664241580e-04
2.620405983688733897e-04
2.600443775819805126e-04
2.580516770893659384e-04
2.560630916308426208e-04
2.540791868459457703e-04
2.521005003850440573e-04
2.501275429802607420e-04
2.481607994726520161e-04
2.462007298094093244e-04
2.442477700095313509e-04
2.423023330766493899e-04
2.403648099034150221e-04
2.384355701261497984e-04
2.365149629586227320e-04
2.346033179898565635e-04
2.327009459612838782e-04
2.308081395014927040e-04
2.289251738487596555e-04
2.270523075458275031e-04
2.251897831015980955e-04
2.233378276346176250e-04
2.214966534934692532e-04
2.196664588514085636e-04
2.178474282852338462e-04
2.160397333279551191e-04
2.142435329985925563e-04
2.124589743213167736e-04
2.106861928241610116e-04
2.089253130082013854e-04
2.071764488138505556e-04
2.054397040598399116e-04
2.037151728762065517e-04
2.020029401090805976e-04
2.003030817214757064e-04
1.986156651689885422e-04
1.969407497737218904e-04
1.952783870733387772e-04
1.936286211607907148e-04
1.919914890182727873e-04
1.903670208240892947e-04
1.887552402612957536e-04
1.871561648099095976e-04
1.855698060311272712e-04
1.839961698273384627e-04
1.824352567123543878e-04
1.808870620627622827e-04
1.793515763550690423e-04
1.778287853928528506e-04
1.763186705432406853e-04
1.748212089365264177e-04
1.733363736864390603e-04
1.718641340766602355e-04
1.704044557626627210e-04
1.689573009446831975e-04
1.675226285509090474e-04
1.661003944086747453e-04
1.646905513994489922e-04
1.632930496224815897e-04
1.619078365444615031e-04
1.605348571414033643e-04
1.591740540387576175e-04
1.578253676446372822e-04
1.564887362812683591e-04
1.551640963017852926e-04
1.538513822152420829e-04
1.525505267945259646e-04
1.512614611880458426e-04
1.499841150240932564e-04
1.487184165087640508e-04
1.474642925276548056e-04
1.462216687329043197e-04
1.449904696302350970e-04
1.437706186722120805e-04
1.425620383299630589e-04
1.413646501768894836e-04
1.401783749626073217e-04
1.390031326837792847e-04
1.378388426500620767e-04
1.366854235562708908e-04
1.355427935372244264e-04
1.344108702345803152e-04
1.332895708507919608e-04
1.321788122048417335e-04
1.310785107857537213e-04
1.299885828005553634e-04
1.289089442262358887e-04
1.278395108517127454e-04
1.267801983237948349e-04
1.257309221882607631e-04
1.246915979322693602e-04
1.236621410170002378e-04
1.226424669211745311e-04
1.216324911685884302e-04
1.206321293678591644e-04
1.196412972370719530e-04
1.186599106399732761e-04
1.176878856101737369e-04
1.167251383782375029e-04
1.157715854036567293e-04
1.148271433881742354e-04
1.138917293090901950e-04
1.129652604363595714e-04
1.120476543530202207e-04
1.111388289791737094e-04
1.102387025841977675e-04
1.093471938096168827e-04
1.084642216835352002e-04
1.075897056381780459e-04
1.067235655207721123e-04
1.058657216113090271e-04
1.050160946332034939e-04
1.041746057681702808e-04
1.033411766653280495e-04
1.025157294514134065e-04
1.016981867454358479e-04
1.008884716613422938e-04
1.000865078242263451e-04
9.929221936877397070e-05
9.850553095858138875e-05
9.772636778349053088e-05
9.695465556935900509e-05
9.619032058538756758e-05
9.543328964856101493e-05
9.468349012542454091e-05
9.394084994052143145e-05
9.320529757994577835e-05
9.247676209267474690e-05
9.175517309567560176e-05
9.104046077279548399e-05
9.033255588564159666e-05
8.963138976447737605e-05
8.893689431999085571e-05
8.824900203685537292e-05
8.756764597928068383e-05
8.689275979056887422e-05
8.622427769400253794e-05
8.556213449018024164e-05
8.490626556367786293e-05
8.425660687394476156e-05
8.361309496041080536e-05
8.297566694315250402e-05
8.234426051356713572e-05
8.171881394591906655e-05
8.109926608157458361e-05
8.048555633921594676e-05
7.987762470862413977e-05
7.927541174623797815e-05
7.867885857781864445e-05
7.808790689289857312e-05
7.750249894411531670e-05
7.692257754388087676e-05
7.634808606216125781e-05
7.577896842314579828e-05
7.521516910458103666e-05
7.465663313110937338e-05
7.410330607471316000e-05
7.355513405093994095e-05
7.301206371312929377e-05
7.247404225330100758e-05
7.194101739305125420e-05
7.141293738666121271e-05
7.088975101487982045e-05
7.037140757737425645e-05
6.985785689517243213e-05
6.934904930600005457e-05
6.884493565584293151e-05
6.834546730005719439e-05
6.785059609892840626e-05
6.736027440990000059e-05
6.687445508912759351e-05
6.639309148570582408e-05
6.591613743478497156e-05
6.544354725646073234e-05
6.497527575111128328e-05
6.451127819806501407e-05
6.405151034583056457e-05
6.359592841187478029e-05
6.314448907929204324e-05
6.269714949103111223e-05
6.225386724545423078e-05
6.181460039433872566e-05
6.137930743577157955e-05
6.094794731259511877e-05
6.052047940885429966e-05
6.009686354313537038e-05
5.967705996523520184e-05
5.926102935482902012e-05
5.884873281281066681e-05
5.844013186173668828e-05
5.803518843894295287e-05
5.763386489254784806e-05
5.723612398100819121e-05
5.684192886268313316e-05
5.645124309805460427e-05
5.606403064306597628e-05
5.568025584534730399e-05
5.529988343910829940e-05
5.492287854380606404e-05
5.454920665903806309e-05
5.417883365921305483e-05
5.381172579199677841e-05
5.344784967409310639e-05
5.308717228569292956e-05
5.272966096869780017e-05
5.237528342139086135e-05
5.202400769643844569e-05
5.167580219600509395e-05
5.133063566775675213e-05
5.098847720241828085e-05
5.064929622844438484e-05
5.031306251135347907e-05
4.997974614617817224e-05
4.964931755768731136e-05
4.932174749283646520e-05
4.899700702254428109e-05
4.867506753369887917e-05
4.835590072627127256e-05
4.803947861375945649e-05
4.772577351497275799e-05
4.741475805247752362e-05
4.710640515037667342e-05
4.680068803031289804e-05
4.649758020724981122e-05
4.619705548702945919e-05
4.589908796481800834e-05
4.560365201777827338e-05
4.531072230529176181e-05
4.502027376562800498e-05
4.473228161216979970e-05
4.444672132919436081e-05
4.416356867187332114e-05
4.388279965827912577e-05
4.360439057293774567e-05
4.332831795861302737e-05
4.305455861564055908e-05
4.278308959793086785e-05
4.251388821319146416e-05
4.224693201426710232e-05
4.198219880202636034e-05
4.171966662003256943e-05
4.145931375187927870e-05
4.120111871896980915e-05
4.094506027674249538e-05
4.069111741400455173e-05
4.043926934804709106e-05
4.018949552442308004e-05
3.994177561095213491e-05
3.969608949994096747e-05
3.945241730085591314e-05
3.921073934010088635e-05
3.897103616057329134e-05
3.873328851389246097e-05
3.849747736284214739e-05
3.826358387826189755e-05
3.803158943371798273e-05
3.780147560594748768e-05
3.757322417219377542e-05
3.734681710643172892e-05
3.712223657847957270e-05
3.689946495200047138e-05
3.667848478161594983e-05
3.645927881001931325e-05
3.624182996619929042e-05
3.602612136566207823e-05
3.581213630465818198e-05
3.559985825996037079e-05
3.538927088664323151e-05
3.518035801675090113e-05
3.497310365574435309e-05
3.476749198094708504e-05
3.456350734087898502e-05
3.436113425125952858e-05
3.416035739500777879e-05
3.396116161846762793e-05
3.376353193162984212e-05
3.356745350435730302e-05
3.337291166527478481e-05
3.317989190043668657e-05
3.298837985021840780e-05
3.279836130976043762e-05
3.260982222474950731e-05
3.242274868986427805e-05
3.223712695032965314e-05
3.205294339636566292e-05
3.187018456274337552e-05
3.168883712789671847e-05
3.150888791125794341e-05
3.133032387259149232e-05
3.115313210932946220e-05
3.097729985701569433e-05
3.080281448419874835e-05
3.062966349354212525e-05
3.045783452049199980e-05
3.028731533083472982e-05
3.011809381847641021e-05
2.995015800633105130e-05
