-6.225548656553870392e+10
1.536004045798140538e-01
1.602470821249641908e-01
1.650202667222755437e-01
1.676269643258385678e-01
1.688641006740749795e-01
1.691563676981098219e-01
1.687509910692122084e-01
1.678075828699787664e-01
1.664352860034643555e-01
1.647121380653633338e-01
1.626965144976670885e-01
1.604341391009866946e-01
1.579624027210697612e-01
1.553130211343356493e-01
1.525136694175222019e-01
1.495889879122702659e-01
1.465612040019803608e-01
1.434505203937019857e-01
1.402753628503479177e-01
1.370525446501460465e-01
1.337973829490888278e-01
1.305237884685581662e-01
1.272443413409316548e-01
1.239703605739714831e-01
1.207119712433653014e-01
1.174781714520256592e-01
1.142768998366459066e-01
1.111151036661928160e-01
1.079988071721920129e-01
1.049331795571273318e-01
1.019226020648997810e-01
9.897073351426666221e-02
9.608057375846446035e-02
9.325452461969918616e-02
9.049444794078942422e-02
8.780172048984091759e-02
8.517728554091785753e-02
8.262170103219901307e-02
8.013518427049515225e-02
7.771765320813361910e-02
7.536876436440831384e-02
7.308794750027347575e-02
7.087443718297059547e-02
6.872730139680971462e-02
6.664546737046750380e-02
6.462774479823929497e-02
6.267284663660532829e-02
6.077940765691502989e-02
5.894600093138580021e-02
5.717115242470693914e-02
5.545335385586480648e-02
5.379107398686411301e-02
5.218276848576586247e-02
5.062688850201513269e-02
4.912188808262585304e-02
4.766623054777507917e-02
4.625839393540776001e-02
4.489687561499366986e-02
4.358019616215935699e-02
4.230690257765612472e-02
4.107557092618452366e-02
3.988480846372066679e-02
3.873325531501281560e-02
3.761958575688750805e-02
3.654250915721046766e-02
3.550077061424494751e-02
3.449315133628960695e-02
3.351846879726272377e-02
3.257557669973865089e-02
3.166336477382802883e-02
3.078075843650251997e-02
2.992671833362425815e-02
2.910023978399456368e-02
2.830035214246207076e-02
2.752611809730876047e-02
2.677663291476450880e-02
2.605102364236255852e-02
2.534844828103954839e-02
2.466809493464894310e-02
2.400918094448001305e-02
2.337095201513039733e-02
2.275268133739705156e-02
2.215366871290491702e-02
2.157323968443147777e-02
2.101074467543595503e-02
2.046555814156691966e-02
1.993707773651176574e-02
1.942472349411650256e-02
1.892793702841655268e-02
1.844618075264392587e-02
1.797893711837739161e-02
1.752570787532903296e-02
1.708601335243375985e-02
1.665939176048536474e-02
1.624539851645323552e-02
1.584360558956854348e-02
1.545360086901115260e-02
1.507498755309621963e-02
1.470738355966316746e-02
1.435042095727023792e-02
1.400374541692883668e-02
1.366701568384898202e-02
1.333990306875176834e-02
1.302209095829898189e-02
1.271327434404501133e-02
1.241315936947273713e-02
1.212146289446014435e-02
1.183791207671380796e-02
1.156224396965166434e-02
1.129420513604739718e-02
1.103355127701433069e-02
1.078004687576417098e-02
1.053346485558948054e-02
1.029358625153098394e-02
1.006019989530870795e-02
9.833102112867031508e-03
9.612096434229888686e-03
9.396993315018420390e-03
9.187609869311552657e-03
8.983769613289727118e-03
8.785302219339152785e-03
8.592043280094330271e-03
8.403834082087335844e-03
8.220521388599744128e-03
8.041957231312846233e-03
7.867998710419543684e-03
7.698507802843312930e-03
7.533351178248715030e-03
7.372400022444658418e-03
7.215529868012993120e-03
7.062620431696586820e-03
6.913555458395004294e-03
6.768222571399196141e-03
6.626513128696442934e-03
6.488322084985620464e-03
6.353547859265562536e-03
6.222092207671892083e-03
6.093860101403780760e-03
5.968759609513263342e-03
5.846701786331953699e-03
5.727600563353751895e-03
5.611372645409451465e-03
5.497937410907205447e-03
5.387216815998074892e-03
5.279135302508342065e-03
5.173619709470500538e-03
5.070599188066626795e-03
4.970005119937503935e-03
4.871771038609029603e-03
4.775832553975734029e-03
4.682127279688863553e-03
4.590594763339783668e-03
4.501176419302366227e-03
4.413815464150205869e-03
4.328456854547857446e-03
4.245047227465326145e-03
4.163534842667182545e-03
4.083869527398809041e-03
4.006002623099025328e-03
3.929886934153081768e-03
3.855476678542357760e-03
3.782727440323929713e-03
3.711596123891602872e-03
3.642040909917376723e-03
3.574021212905176270e-03
3.507497640343748557e-03
3.442431953296409830e-03
3.378787028487595379e-03
3.316526821728338348e-03
3.255616332682231828e-03
3.196021570909035603e-03
3.137709523124865285e-03
3.080648121629003811e-03
3.024806213879127625e-03
2.970153533138342183e-03
2.916660670165827085e-03
2.864299045913121233e-03
2.813040885176087968e-03
2.762859191192346131e-03
2.713727721101566459e-03
2.665620962289949603e-03
2.618514109534508805e-03
2.572383042961812194e-03
2.527204306748798146e-03
2.482955088578098213e-03
2.439613199774592900e-03
2.397157056148513377e-03
2.355565659461600347e-03
2.314818579563615586e-03
2.274895937086185427e-03
2.235778386760145509e-03
2.197447101277782977e-03
2.159883755690206186e-03
2.123070512347835503e-03
2.086990006309852319e-03
2.051625331277673325e-03
2.016960025958303149e-03
1.982978060895312922e-03
1.949663825736358547e-03
1.917002116900157205e-03
1.884978125670677684e-03
1.853577426649488658e-03
1.822785966611339958e-03
1.792590053704801178e-03
1.762976346996181221e-03
1.733931846365166507e-03
1.705443882707546877e-03
1.677500108467899764e-03
1.650088488451384450e-03
1.623197290949951466e-03
1.596815079130342596e-03
1.570930702705641835e-03
1.545533289863287862e-03
1.520612239446439418e-03
1.496157213373372485e-03
1.472158129305789487e-03
1.448605153528736977e-03
1.425488694072551965e-03
1.402799394016218670e-03
1.380528125018543051e-03
1.358665981050721783e-03
1.337204272293668339e-03
1.316134519250944379e-03
1.295448447025115968e-03
1.275137979767304586e-03
1.255195235291495237e-03
1.235612519865592063e-03
1.216382323144138411e-03
1.197497313244255679e-03
1.178950331999661927e-03
1.160734390323270304e-03
1.142842663718335317e-03
1.125268487930819461e-03
1.108005354714558521e-03
1.091046907732318161e-03
1.074386938572535755e-03
1.058019382877084524e-03
1.041938316588053581e-03
1.026137952303107781e-03
1.010612635732099918e-03
9.953568422578218389e-04
9.803651735971197212e-04
9.656323545523815000e-04
9.511532298616121039e-04
9.369227611353281304e-04
9.229360238813821837e-04
9.091882046092791825e-04
8.956745980248648209e-04
8.823906042956242146e-04
8.693317263985811394e-04
8.564935675359208744e-04
8.438718286307711480e-04
8.314623058849335280e-04
8.192608884121099777e-04
8.072635559246421622e-04
7.954663764986324992e-04
7.838655043934661393e-04
7.724571779197386689e-04
7.612377173908946304e-04
7.502035231130577131e-04
7.393510734214903124e-04
7.286769227963230122e-04
7.181777000082600892e-04
7.078501063151332318e-04
6.976909137208497924e-04
6.876969632709784008e-04
6.778651633887466943e-04
6.681924882696588242e-04
6.586759763036464932e-04
6.493127285562838580e-04
6.400999072670998657e-04
6.310347344122835267e-04
6.221144902878172900e-04
6.133365121376854745e-04
6.046981928116146321e-04
5.961969794681110102e-04
5.878303722988142965e-04
5.795959232988145970e-04
5.714912350547329822e-04
5.635139595769889098e-04
5.556617971564925540e-04
5.479324952453179520e-04
5.403238473784544027e-04
5.328336921122112102e-04
5.254599119930425388e-04
5.182004325561262448e-04
5.110532213425944548e-04
5.040162869498487908e-04
4.970876780963084940e-04
4.902654827176888830e-04
4.835478270830417813e-04
4.769328749307799598e-04
4.704188266289044407e-04
4.640039183574362625e-04
4.576864213066134113e-04
4.514646408964040347e-04
4.453369160222209189e-04
4.393016183059650359e-04
4.333571513779332918e-04
4.275019501687182810e-04
4.217344802217581901e-04
4.160532370236502686e-04
4.104567453446783531e-04
4.049435586035432522e-04
3.995122582438614955e-04
3.941614531186576897e-04
3.888897789072753852e-04
3.836958975256266058e-04
3.785784965648630873e-04
3.735362887409277022e-04
3.685680113518774448e-04
3.636724257509715841e-04
3.588483168390776967e-04
3.540944925508604513e-04
3.494097833809384213e-04
3.447930418922773299e-04
3.402431422547813611e-04
3.357589797905458084e-04
3.313394705239947058e-04
3.269835507524465612e-04
3.226901766144596451e-04
3.184583236826021846e-04
3.142869865515596217e-04
3.101751784448936178e-04
3.061219308291285301e-04
3.021262930351653608e-04
2.981873318852468202e-04
2.943041313394623160e-04
2.904757921367018270e-04
2.867014314542615239e-04
2.829801825685596128e-04
2.793111945265103202e-04
2.756936318260017060e-04
2.721266741003702805e-04
2.686095158090928692e-04
2.651413659404688872e-04
2.617214477176332821e-04
2.583489983096765030e-04
2.550232685527564769e-04
2.517435226763176104e-04
2.485090380330845505e-04
2.453191048357172832e-04
2.421730259059007295e-04
2.390701164181052718e-04
2.360097036555597327e-04
2.329911267724416035e-04
2.300137365562893166e-04
2.270768952010726593e-04
2.241799760813734110e-04
2.213223635338934514e-04
2.185034526418494494e-04
2.157226490246966222e-04
2.129793686325154312e-04
2.102730375468375712e-04
2.076030917814719601e-04
2.049689770897700214e-04
2.023701487801066179e-04
1.998060715255878250e-04
1.972762191895238715e-04
1.947800746457950538e-04
1.923171296027703647e-04
1.898868844445456006e-04
1.874888480528635881e-04
1.851225376525711397e-04
1.827874786517469374e-04
1.804832044867143992e-04
1.782092564668324997e-04
1.759651836310549555e-04
1.737505425973839834e-04
1.715648974225381096e-04
1.694078194625081579e-04
1.672788872333352828e-04
1.651776862801046519e-04
1.631038090470493529e-04
1.610568547412150053e-04
1.590364292161083881e-04
1.570421448437997469e-04
1.550736203945746183e-04
1.531304809183620108e-04
1.512123576308255224e-04
1.493188877974560569e-04
1.474497146247699675e-04
1.456044871506190219e-04
1.437828601369428583e-04
1.419844939654080207e-04
1.402090545350453965e-04
1.384562131638844562e-04
1.367256464874788691e-04
1.350170363640934568e-04
1.333300697814454594e-04
1.316644387623355783e-04
1.300198402758301341e-04
1.283959761457786897e-04
1.267925529664370998e-04
1.252092820169803389e-04
1.236458791749051045e-04
1.221020648372039830e-04
1.205775638388750792e-04
1.190721053749843605e-04
1.175854229191752864e-04
1.161172541563892935e-04
1.146673409002652022e-04
1.132354290234172112e-04
1.118212683883790248e-04
1.104246127741070893e-04
1.090452198087010771e-04
1.076828509032345949e-04
1.063372711835874895e-04
1.050082494284954038e-04
1.036955580022702605e-04
1.023989727964025320e-04
1.011182731673887503e-04
9.985324187344879476e-05
9.860366502234541031e-05
9.736933200810149458e-05
9.615003545637712534e-05
9.494557116962454302e-05
9.375573807224313327e-05
9.258033815795485566e-05
9.141917643495922619e-05
9.027206087841577187e-05
8.913880237648719174e-05
8.801921468304385598e-05
8.691311436814785907e-05
8.582032077164569728e-05
8.474065595409641105e-05
8.367394465502719925e-05
8.262001424275133843e-05
8.157869467462219859e-05
8.054981845040387611e-05
7.953322057296929870e-05
7.852873850411334899e-05
7.753621212436279109e-05
7.655548369300824163e-05
7.558639780791409635e-05
7.462880136732685799e-05
7.368254353279368729e-05
7.274747569030459715e-05
7.182345141276691436e-05
7.091032642736472269e-05
7.000795857714514625e-05
6.911620778748961413e-05
6.823493603302921429e-05
6.736400730100733369e-05
6.650328756352408277e-05
6.565264473934462330e-05
6.481194866747586047e-05
6.398107107274952909e-05
6.315988553762252877e-05
6.234826746753796556e-05
6.154609407005295907e-05
6.075324431686901505e-05
5.996959891985120805e-05
5.919504030438282882e-05
5.842945257739096121e-05
5.767272150514202167e-05
5.692473448459800522e-05
5.618538051632704367e-05
5.545455018185485585e-05
5.473213561590917209e-05
5.401803048288300602e-05
5.331212995351997108e-05
5.261433067960119558e-05
5.192453077063063915e-05
5.124262977296289989e-05
5.056852864360195099e-05
4.990212973243757233e-05
4.924333675671022093e-05
4.859205478147110568e-05
4.794819019826590534e-05
4.731165070448462018e-05
4.668234528204528999e-05
4.606018418007451487e-05
4.544507889203686091e-05
4.483694213797129180e-05
4.423568784628351125e-05
4.364123113309581470e-05
4.305348828737010081e-05
4.247237674825932174e-05
4.189781509178480690e-05
4.132972301018611461e-05
4.076802129615586523e-05
4.021263182774070799e-05
3.966347754813526194e-05
3.912048245169330585e-05
3.858357156860670045e-05
3.805267094847408771e-05
3.752770764275936699e-05
3.700860969346742024e-05
3.649530611493645438e-05
3.598772688118145879e-05
3.548580291035108303e-05
3.498946605162700507e-05
3.449864906968080902e-05
3.401328563179539799e-05
3.353331029520845163e-05
3.305865849267952683e-05
3.258926651916738138e-05
3.212507152117183296e-05
