8.727227349606195068e+10
2.119582235613810539e-01
2.120017796741153759e-01
2.110586187726646301e-01
2.088773655222611048e-01
2.061409268243754589e-01
2.031593720808961834e-01
2.000425758496917616e-01
1.968229040725320012e-01
1.935076134806466008e-01
1.900984997221781825e-01
1.865984289548805464e-01
1.830129419539123781e-01
1.793501390490970238e-01
1.756200651901398402e-01
1.718340386612822179e-01
1.680040677023910689e-01
1.641423867498117417e-01
1.602611047074136152e-01
1.563719466846067441e-01
1.524860700618435594e-01
1.486139384474567393e-01
1.447652403569597013e-01
1.409488423499425380e-01
1.371727686783454914e-01
1.334442012693255464e-01
1.297694951954695419e-01
1.261542057840063791e-01
1.226031242790357467e-01
1.191203195626502342e-01
1.157091839123292054e-01
1.123724811548618696e-01
1.091123958941335736e-01
1.059305827557288637e-01
1.028282148159815890e-01
9.980603057244641363e-02
9.686437897414990061e-02
9.400326216402410395e-02
9.122237569915903066e-02
8.852114610697903174e-02
8.589876571139143380e-02
8.335422472342601807e-02
8.088634063890687287e-02
7.849378502194870322e-02
7.617510778084901624e-02
7.392875906183582480e-02
7.175310889938879555e-02
6.964646476935376640e-02
6.760708719411212542e-02
6.563320354947355106e-02
6.372302021979470155e-02
6.187473324358450100e-02
6.008653758541315781e-02
5.835663516321787370e-02
5.668324175214234373e-02
5.506459287812326409e-02
5.349894880631422822e-02
5.198459872109362223e-02
5.051986418697085313e-02
4.910310197153577860e-02
4.773270630465731301e-02
4.640711064130775831e-02
4.512478898870142530e-02
4.388425685277375088e-02
4.268407185314582186e-02
4.152283405095191782e-02
4.039918602892855759e-02
3.931181275911566075e-02
3.825944128941394240e-02
3.724084027695706567e-02
3.625481939277830357e-02
3.530022861965242953e-02
3.437595746212385173e-02
3.348093408559860151e-02
3.261412439925792661e-02
3.177453109556305222e-02
3.096119265756724914e-02
3.017318234380250708e-02
2.940960715896756561e-02
2.866960681787222853e-02
2.795235270850726650e-02
2.725704685980279152e-02
2.658292091827596515e-02
2.592923513747313891e-02
2.529527738321712960e-02
2.468036215732127836e-02
2.408382964169786256e-02
2.350504476470494097e-02
2.294339629091268762e-02
2.239829593528974705e-02
2.186917750254280257e-02
2.135549605207365254e-02
2.085672708879315884e-02
2.037236577995482634e-02
1.990192619782327199e-02
1.944494058820533944e-02
1.900095866429563074e-02
1.856954692572987398e-02
1.815028800220175320e-02
1.774278002124685116e-02
1.734663599959729297e-02
1.696148325755886255e-02
1.658696285573157958e-02
1.622272905352728500e-02
1.586844878872528675e-02
1.552380117750584709e-02
1.518847703424475171e-02
1.486217841037906773e-02
1.454461815179453055e-02
1.423551947393386641e-02
1.393461555410291375e-02
1.364164914027865549e-02
1.335637217582630321e-02
1.307854543949593662e-02
1.280793820012382511e-02
1.254432788548220934e-02
1.228749976467380378e-02
1.203724664354277607e-02
1.179336857263635352e-02
1.155567256709910673e-02
1.132397233812443282e-02
1.109808803540990318e-02
1.087784600017793757e-02
1.066307852837011794e-02
1.045362364350843620e-02
1.024932487891017097e-02
1.005003106877500052e-02
9.855596147819722930e-03
9.665878959153717531e-03
9.480743069870012363e-03
9.300056594254479947e-03
9.123692024111562660e-03
8.951526065987813752e-03
8.783439484970623212e-03
8.619316954819877807e-03
8.459046914099044301e-03
8.302521428118270208e-03
8.149636056409947926e-03
8.000289725480724812e-03
7.854384606662323520e-03
7.711825998821142392e-03
7.572522215700816517e-03
7.436384477750523914e-03
7.303326808208332466e-03
7.173265933255512650e-03
7.046121186125686719e-03
6.921814414922344838e-03
6.800269894061461429e-03
6.681414239144478628e-03
6.565176325125099410e-03
6.451487207645101307e-03
6.340280047401947172e-03
6.231490037396536508e-03
6.125054333000479190e-03
6.020911984656374116e-03
5.919003873149808470e-03
5.819272647335838045e-03
5.721662664213145177e-03
5.626119931249951023e-03
5.532592050861762090e-03
5.441028167000983018e-03
5.351378913681648086e-03
5.263596365461475912e-03
5.177633989732921549e-03
5.093446600761941667e-03
5.010990315440277953e-03
4.930222510636683708e-03
4.851101782120226247e-03
4.773587904947085292e-03
4.697641795321949587e-03
4.623225473793457496e-03
4.550302029805664006e-03
4.478835587499396809e-03
4.408791272744849721e-03
4.340135181339466186e-03
4.272834348336473909e-03
4.206856718458107380e-03
4.142171117543336223e-03
4.078747225001455590e-03
4.016555547229350154e-03
3.955567391950243206e-03
3.895754843441956439e-03
3.837090738624926445e-03
3.779548643969565802e-03
3.723102833198987938e-03
3.667728265757119743e-03
3.613400565996904845e-03
3.560096003092594330e-03
3.507791471613064260e-03
3.456464472777032171e-03
3.406093096294471323e-03
3.356656002867275390e-03
3.308132407230379712e-03
3.260502061780856664e-03
3.213745240736365361e-03
3.167842724832725665e-03
3.122775786495113337e-03
3.078526175527507291e-03
3.035076105253331491e-03
2.992408239098409695e-03
2.950505677625780976e-03
2.909351945987737054e-03
2.868930981759110210e-03
2.829227123195998672e-03
2.790225097840659529e-03
2.751910011501434994e-03
2.714267337582842998e-03
2.677282906751843328e-03
2.640942896923847982e-03
2.605233823577357555e-03
2.570142530355923327e-03
2.535656179972090030e-03
2.501762245396221829e-03
2.468448501308451171e-03
2.435703015824186579e-03
2.403514142472307213e-03
2.371870512413609688e-03
2.340761026901505559e-03
2.310174849978086087e-03
2.280101401375356218e-03
2.250530349653834250e-03
2.221451605523894202e-03
2.192855315394703908e-03
2.164731855081702960e-03
2.137071823737235476e-03
2.109866037947938366e-03
2.083105525991557627e-03
2.056781522287831621e-03
2.030885462002363084e-03
2.005408975803923965e-03
1.980343884788293707e-03
1.955682195534214074e-03
1.931416095314997250e-03
1.907537947448689764e-03
1.884040286771249129e-03
1.860915815254049477e-03
1.838157397739736965e-03
1.815758057799765623e-03
1.793710973715612056e-03
1.772009474563907006e-03
1.750647036428132353e-03
1.729617278698691862e-03
1.708913960494440332e-03
1.688530977170810132e-03
1.668462356935851432e-03
1.648702257559975237e-03
1.629244963163634097e-03
1.610084881115803057e-03
1.591216538995077201e-03
1.572634581661125353e-03
1.554333768376325864e-03
1.536308970032207455e-03
1.518555166436730275e-03
1.501067443678616442e-03
1.483840991566953704e-03
1.466871101138078615e-03
1.450153162225964465e-03
1.433682661100110778e-03
1.417455178173820940e-03
1.401466385760885558e-03
1.385712045906650758e-03
1.370188008256389978e-03
1.354890208006054308e-03
1.339814663884997259e-03
1.324957476202870410e-03
1.310314824945812973e-03
1.295882967924377738e-03
1.281658238962313234e-03
1.267637046144187707e-03
1.253815870095875695e-03
1.240191262319223497e-03
1.226759843566460617e-03
1.213518302254357195e-03
1.200463392921014005e-03
1.187591934724618881e-03
1.174900809975065741e-03
1.162386962706207783e-03
1.150047397284748030e-03
1.137879177054212931e-03
1.125879423010012204e-03
1.114045312510247854e-03
1.102374078024492832e-03
1.090863005898556892e-03
1.079509435167658182e-03
1.068310756386470217e-03
1.057264410496472351e-03
1.046367887715282663e-03
1.035618726455300731e-03
1.025014512271882339e-03
1.014552876831720241e-03
1.004231496913199351e-03
9.940480934245154998e-04
9.840004304502159016e-04
9.740863143206102137e-04
9.643035926985010775e-04
9.546501536965568135e-04
9.451239250095611055e-04
9.357228730666466987e-04
9.264450022095083170e-04
9.172883538892673272e-04
9.082510058742165882e-04
8.993310714870972333e-04
8.905266988543658613e-04
8.818360701765559639e-04
8.732574010104077189e-04
8.647889395754226882e-04
8.564289660690782569e-04
8.481757920040244869e-04
8.400277595599359159e-04
8.319832409418026486e-04
8.240406377726383624e-04
8.161983804730876813e-04
8.084549276818897567e-04
8.008087656745654925e-04
7.932584077923188204e-04
7.858023938995817304e-04
7.784392898420033902e-04
7.711676869175398963e-04
7.639862013606446567e-04
7.568934738466648326e-04
7.498881689909087100e-04
7.429689748719159326e-04
7.361346025636095192e-04
7.293837856734430858e-04
7.227152798925384758e-04
7.161278625600342451e-04
7.096203322314309503e-04
7.031915082593709343e-04
6.968402303832998967e-04
6.905653583291204711e-04
6.843657714150630511e-04
6.782403681711013377e-04
6.721880659574797079e-04
6.662078006058891333e-04
6.602985260535376710e-04
6.544592139943183895e-04
6.486888535370827213e-04
6.429864508652460842e-04
6.373510289123807127e-04
6.317816270360321340e-04
6.262773007077448995e-04
6.208371212004237805e-04
6.154601752901278644e-04
6.101455649591969177e-04
6.048924071075933995e-04
5.996998332720160363e-04
5.945669893454574861e-04
5.894930353111949017e-04
5.844771449767804938e-04
5.795185057104745852e-04
5.746163181910013407e-04
5.697697961601910777e-04
5.649781661769548435e-04
5.602406673774762425e-04
5.555565512458393584e-04
5.509250813835464555e-04
5.463455332856970159e-04
5.418171941211635811e-04
5.373393625196509760e-04
5.329113483609759783e-04
5.285324725683437919e-04
5.242020669067315453e-04
5.199194737874890393e-04
5.156840460718292718e-04
5.114951468834227910e-04
5.073521494214361383e-04
5.032544367826741194e-04
4.992014017730639353e-04
4.951924467462287538e-04
4.912269834222993126e-04
4.873044327278197585e-04
4.834242246236630791e-04
4.795857979500439683e-04
4.757886002668687553e-04
4.720320876960837353e-04
4.683157247773461762e-04
4.646389843125930952e-04
4.610013472223783992e-04
4.574023024044304719e-04
4.538413465924318047e-04
4.503179842192395199e-04
4.468317272847688315e-04
4.433820952183253894e-04
4.399686147549264348e-04
4.365908198060708401e-04
4.332482513351720854e-04
4.299404572380982614e-04
4.266669922192711795e-04
4.234274176804220247e-04
4.202213016000211354e-04
4.170482184238100132e-04
4.139077489528908416e-04
4.107994802351466745e-04
4.077230054622127398e-04
4.046779238602304929e-04
4.016638405890393670e-04
3.986803666442551020e-04
3.957271187566835380e-04
3.928037192946209899e-04
3.899097961721498251e-04
3.870449827538813281e-04
3.842089177639174125e-04
3.814012451968107342e-04
3.786216142291909392e-04
3.758696791347215793e-04
3.731450991979468057e-04
3.704475386323569097e-04
3.677766664984538636e-04
3.651321566233711735e-04
3.625136875229362232e-04
3.599209423248428408e-04
3.573536086938222667e-04
3.548113787532614083e-04
3.522939490181453692e-04
3.498010203193402390e-04
3.473322977349813101e-04
3.448874905223053844e-04
3.424663120468185440e-04
3.400684797199016174e-04
3.376937149308645303e-04
3.353417429838856378e-04
3.330122930353951460e-04
3.307050980294601317e-04
3.284198946413852127e-04
3.261564232168723265e-04
3.239144277109584635e-04
3.216936556331706498e-04
3.194938579900163944e-04
3.173147892310268503e-04
3.151562071919133956e-04
3.130178730426091960e-04
3.108995512346446333e-04
3.088010094491888680e-04
3.067220185470898031e-04
3.046623525175817804e-04
3.026217884314341688e-04
3.006001063903251946e-04
2.985970894828771094e-04
2.966125237353622879e-04
2.946461980666281733e-04
2.926979042452426683e-04
2.907674368444190804e-04
2.888545931967190228e-04
2.869591733538623402e-04
2.850809800458709020e-04
2.832198186371037707e-04
2.813754970876214401e-04
2.795478259143280297e-04
2.777366181496709885e-04
2.759416893054478237e-04
2.741628573339482955e-04
2.723999425930934137e-04
2.706527678053571861e-04
2.689211580273465074e-04
2.672049406116094872e-04
2.655039451739948930e-04
2.638180035554604785e-04
2.621469497956496753e-04
2.604906200931456084e-04
2.588488527781596105e-04
2.572214882770040845e-04
2.556083690847810175e-04
2.540093397314091561e-04
2.524242467525361633e-04
2.508529386600066857e-04
2.492952659136626892e-04
2.477510808920335705e-04
2.462202378610278686e-04
2.447025929517288034e-04
2.431980041295300765e-04
2.417063311670464287e-04
2.402274356199107785e-04
2.387611807992406909e-04
2.373074317465473371e-04
2.358660552088664986e-04
2.344369196125573040e-04
2.330198950417639026e-04
2.316148532111039771e-04
2.302216674461288193e-04
2.288402126551236648e-04
2.274703653128984371e-04
2.261120034297015025e-04
2.247650065398953956e-04
2.234292556697603516e-04
2.221046333232834513e-04
2.207910234583998488e-04
2.194883114661205781e-04
2.181963841518808067e-04
2.169151297135574197e-04
2.156444377221511388e-04
2.143841991044670436e-04
2.131343061217982893e-04
2.118946523514964042e-04
2.106651326687636328e-04
2.094456432293334558e-04
2.082360814503747548e-04
2.070363459933943773e-04
2.058463367469176575e-04
2.046659548089468927e-04
2.034951024714182211e-04
