5.918284219723239136e+10
-1.954422850009729373e-02
-1.618284298648386965e-02
-1.290130277758727573e-02
-1.025365268509359495e-02
-8.189508318240168450e-03
-6.590283307483346675e-03
-5.354835924721967899e-03
-4.403467056982357519e-03
-3.673322577394166899e-03
-3.114727200279610031e-03
-2.688512357680750142e-03
-2.363911651713568318e-03
-2.116845261065591899e-03
-1.928522962424850107e-03
-1.784319578443493981e-03
-1.672879646169356249e-03
-1.585410198428505169e-03
-1.515124869713169176e-03
-1.456808099682849189e-03
-1.406473853759582227e-03
-1.361098371516433758e-03
-1.318410754267418383e-03
-1.276728705411400711e-03
-1.234829527127168092e-03
-1.191848671778572566e-03
-1.147199858953396046e-03
-1.100512100402184501e-03
-1.051580006953489743e-03
-1.000324550903375354e-03
-9.467620764396222910e-04
-8.909798306286909053e-04
-8.331166598569694770e-04
-7.733478061733300990e-04
-7.118729635617881968e-04
-6.489069301718330962e-04
-5.846723302149747781e-04
-5.193939877097264457e-04
-4.532946188264830312e-04
-3.865915772420791541e-04
-3.194944395641385881e-04
-2.522032604566071257e-04
-1.849073602535611371e-04
-1.177845351052475564e-04
-5.100060050811094925e-05
1.529080298623419765e-05
8.094819996795621364e-05
1.458421128002207467e-04
2.098547741633538521e-04
2.728797500661794828e-04
3.348214975065211263e-04
3.955948765932415512e-04
4.551246326280899979e-04
5.133448608414248326e-04
5.701984636483636848e-04
6.256366081951458824e-04
6.796181904469289492e-04
7.321093103143105907e-04
7.830827616763791355e-04
8.325175396703965447e-04
8.803983672116544312e-04
9.267152422458568850e-04
9.714630061874451883e-04
1.014640934255517379e-03
1.056252347566122296e-03
1.096304247030666090e-03
1.134806968570600816e-03
1.171773859237612569e-03
1.207220973599154590e-03
1.241166789667680348e-03
1.273631943722097759e-03
1.304638983144368325e-03
1.334212136496093493e-03
1.362377099963119065e-03
1.389160839446290652e-03
1.414591407385312749e-03
1.438697773531227853e-03
1.461509668937877038e-03
1.483057442319468677e-03
1.503371928113228506e-03
1.522484325507278413e-03
1.540426087770718766e-03
1.557228821140510533e-03
1.572924192831726131e-03
1.587543847373140693e-03
1.601119330831624055e-03
1.613682022369777869e-03
1.625263072581706325e-03
1.635893348185479823e-03
1.645603382592231156e-03
1.654423331953092102e-03
1.662382936208572914e-03
1.669511484882146846e-03
1.675837787154410563e-03
1.681390145943595371e-03
1.686196335682454972e-03
1.690283583434482040e-03
1.693678553191135805e-03
1.696407332981042515e-03
1.698495424606427662e-03
1.699967735796281687e-03
1.700848574531566015e-03
1.701161645366600084e-03
1.700930047582538407e-03
1.700176274957998501e-03
1.698922217053810968e-03
1.697189161850243266e-03
1.694997799558395357e-03
1.692368227560026028e-03
1.689319956290624702e-03
1.685871915998005122e-03
1.682042464267841098e-03
1.677849394215114032e-03
1.673309943265977040e-03
1.668440802440107618e-03
1.663258126118005720e-03
1.657777542130034476e-03
1.652014162169868072e-03
1.645982592495931485e-03
1.639696944813140433e-03
1.633170847324949548e-03
1.626417455896422837e-03
1.619449465319000581e-03
1.612279120598580917e-03
1.604918228268470415e-03
1.597378167691676509e-03
1.589669902301027449e-03
1.581803990798880122e-03
1.573790598292879039e-03
1.565639507234317662e-03
1.557360128368268093e-03
1.548961511443236461e-03
1.540452355827115483e-03
1.531841020935953424e-03
1.523135536520170419e-03
1.514343612751378743e-03
1.505472650129346945e-03
1.496529749205777193e-03
1.487521720107354284e-03
1.478455091842967306e-03
1.469336121448394650e-03
1.460170802868088202e-03
1.450964875685967215e-03
1.441723833613295369e-03
1.432452932762950937e-03
1.423157199752500546e-03
1.413841439546370538e-03
1.404510243151246840e-03
1.395167995040802467e-03
1.385818880435651934e-03
1.376466892342165238e-03
1.367115838408539119e-03
1.357769347575477070e-03
1.348430876553230462e-03
1.339103716078593465e-03
1.329790997006696784e-03
1.320495696213175307e-03
1.311220642308041917e-03
1.301968521187246708e-03
1.292741881388392855e-03
1.283543139316112303e-03
1.274374584246729114e-03
1.265238383223454832e-03
1.256136585768174996e-03
1.247071128423593578e-03
1.238043839190794415e-03
1.229056441768516805e-03
1.220110559697618058e-03
1.211207720313911551e-03
1.202349358622623043e-03
1.193536820998541970e-03
1.184771368776482703e-03
1.176054181707408830e-03
1.167386361318634158e-03
1.158768934121701122e-03
1.150202854729887036e-03
1.141689008858470800e-03
1.133228216229742458e-03
1.124821233342343518e-03
1.116468756181321353e-03
1.108171422800285910e-03
1.099929815822964230e-03
1.091744464851496232e-03
1.083615848781693813e-03
1.075544398039918192e-03
1.067530496734914180e-03
1.059574484717940024e-03
1.051676659595157659e-03
1.043837278621451148e-03
1.036056560566267493e-03
1.028334687478649201e-03
1.020671806402972948e-03
1.013068031010755377e-03
1.005523443191158606e-03
9.980380945662226111e-04
9.906120079543612178e-04
9.832451787661344866e-04
9.759375763547240012e-04
9.686891453231094573e-04
9.614998067553059968e-04
9.543694594189577884e-04
9.472979809093118320e-04
9.402852287578866708e-04
9.333310414867401761e-04
9.264352396236574805e-04
9.195976266842542657e-04
9.128179900927957391e-04
9.060961020992408521e-04
8.994317206212354421e-04
8.928245900776676791e-04
8.862744421902490899e-04
8.797809967198144676e-04
8.733439622143901460e-04
8.669630366888725348e-04
8.606379083078152803e-04
8.543682560153698091e-04
8.481537501465741258e-04
8.419940530202119078e-04
8.358888194874847244e-04
8.298376974877896828e-04
8.238403285401041387e-04
8.178963482530221540e-04
8.120053867854970520e-04
8.061670692904865376e-04
8.003810163563773727e-04
7.946468444086640659e-04
7.889641661014135110e-04
7.833325906934085481e-04
7.777517244089704462e-04
7.722211707676951420e-04
7.667405309184083251e-04
7.613094039466972163e-04
7.559273871673433121e-04
7.505940764120921926e-04
7.453090662883354867e-04
7.400719504413455496e-04
7.348823217956379494e-04
7.297397727834553649e-04
7.246438955683665029e-04
7.195942822506573577e-04
7.145905250660611330e-04
7.096322165793811365e-04
7.047189498525785467e-04
6.998503186215199179e-04
6.950259174538508944e-04
6.902453419082021924e-04
6.855081886631975152e-04
6.808140556691100187e-04
6.761625422644357286e-04
6.715532493060116792e-04
6.669857792767075466e-04
6.624597363960038621e-04
6.579747267263513777e-04
6.535303582582141502e-04
6.491262410057707655e-04
6.447619870968424038e-04
6.404372108397282659e-04
6.361515288026975412e-04
6.319045598870420832e-04
6.276959253854741405e-04
6.235252490434106676e-04
6.193921571111538071e-04
6.152962784062854240e-04
6.112372443485281082e-04
6.072146890085949877e-04
6.032282491503782040e-04
5.992775642658099144e-04
5.953622766070587602e-04
5.914820312220570031e-04
5.876364759747065847e-04
5.838252615772976384e-04
5.800480416036091214e-04
5.763044725208832375e-04
5.725942136913797498e-04
5.689169274025740464e-04
5.652722788687114530e-04
5.616599362447960431e-04
5.580795706354724217e-04
5.545308561021311533e-04
5.510134696644630736e-04
5.475270913068985834e-04
5.440714039783856038e-04
5.406460935910573085e-04
5.372508490204541687e-04
5.338853621010830608e-04
5.305493276213102405e-04
5.272424433206968075e-04
5.239644098791185201e-04
5.207149309098824119e-04
5.174937129552859005e-04
5.143004654661886832e-04
5.111349008009025141e-04
5.079967342096480820e-04
5.048856838210102893e-04
5.018014706281714865e-04
4.987438184740344838e-04
4.957124540394541867e-04
4.927071068256960729e-04
4.897275091331199093e-04
4.867733960545184146e-04
4.838445054480278174e-04
4.809405779251374469e-04
4.780613568289293625e-04
4.752065882169809186e-04
4.723760208436011965e-04
4.695694061345179193e-04
4.667864981715563744e-04
4.640270536735435769e-04
4.612908319718833638e-04
4.585775949903503346e-04
4.558871072275483272e-04
4.532191357315973335e-04
4.505734500799274400e-04
4.479498223595168582e-04
4.453480271418008840e-04
4.427678414622437941e-04
4.402090447999107425e-04
4.376714190543751215e-04
4.351547485195172982e-04
4.326588198686476261e-04
4.301834221269729142e-04
4.277283466485037877e-04
4.252933870985131648e-04
4.228783394275570373e-04
4.204830018486038767e-04
4.181071748174947089e-04
4.157506610085182075e-04
4.134132652902078320e-04
4.110947947102427946e-04
4.087950584654720387e-04
4.065138678794877336e-04
4.042510363935214457e-04
4.020063795224793068e-04
3.997797148549420143e-04
3.975708620178597386e-04
3.953796426579003764e-04
3.932058804221316706e-04
3.910494009340403920e-04
3.889100317748805935e-04
3.867876024585825689e-04
3.846819444142113298e-04
3.825928909624298768e-04
3.805202772968474534e-04
3.784639404620371295e-04
3.764237193322195196e-04
3.743994545928330808e-04
3.723909887189957857e-04
3.703981659535227067e-04
3.684208322942694736e-04
3.664588354632680733e-04
3.645120248951805308e-04
3.625802517182030726e-04
3.606633687289750867e-04
3.587612303774800893e-04
3.568736927475057996e-04
3.550006135368821703e-04
3.531418520403839523e-04
3.512972691304128148e-04
3.494667272374574196e-04
3.476500903354384775e-04
3.458472239195042874e-04
3.440579949911537483e-04
3.422822720386964335e-04
3.405199250234858255e-04
3.387708253577148554e-04
3.370348458902050481e-04
3.353118608906413556e-04
3.336017460291440528e-04
3.319043783620578836e-04
3.302196363159648484e-04
3.285473996714749489e-04
3.268875495454626190e-04
3.252399683764117810e-04
3.236045399088727237e-04
3.219811491765867117e-04
3.203696824913837560e-04
3.187700274205340634e-04
3.171820727794205652e-04
3.156057086113328580e-04
3.140408261745886165e-04
3.124873179289888725e-04
3.109450775227173835e-04
3.094139997719125290e-04
3.078939806533398382e-04
3.063849172870725113e-04
3.048867079249450995e-04
3.033992519345662942e-04
3.019224497868844281e-04
3.004562030444191123e-04
2.990004143466062914e-04
2.975549873966976122e-04
2.961198269495479707e-04
2.946948387989589691e-04
2.932799297656885074e-04
2.918750076861265086e-04
2.904799813936431718e-04
2.890947607172567047e-04
2.877192564616493087e-04
2.863533803973972169e-04
2.849970452494243744e-04
2.836501646881206540e-04
2.823126533140207783e-04
2.809844266498107146e-04
2.796654011258947747e-04
2.783554940728460991e-04
2.770546237094162478e-04
2.757627091318770596e-04
2.744796703026963769e-04
2.732054280403239943e-04
2.719399040118641864e-04
2.706830207177546299e-04
2.694347014868814227e-04
2.681948704619241397e-04
2.669634525951369852e-04
2.657403736325836263e-04
2.645255601099183451e-04
2.633189393392854072e-04
2.621204394026577233e-04
2.609299891405125749e-04
2.597475181445041414e-04
2.585729567472494494e-04
2.574062360154449891e-04
2.562472877372101721e-04
2.550960444185346176e-04
2.539524392708436551e-04
2.528164062052251637e-04
2.516878798217714319e-04
2.505667954031398637e-04
2.494530889063373280e-04
2.483466969538383751e-04
2.472475568264798085e-04
2.461556064552450351e-04
2.450707844141586378e-04
2.439930299125148139e-04
2.429222827862176359e-04
2.418584834917858473e-04
2.408015730999135684e-04
2.397514932850342007e-04
2.387081863217677125e-04
2.376715950755947659e-04
2.366416629966394680e-04
2.356183341134521214e-04
2.346015530245715297e-04
2.335912648936400160e-04
2.325874154425200402e-04
2.315899509433005932e-04
2.305988182131901709e-04
2.296139646091877040e-04
2.286353380183125950e-04
2.276628868560504060e-04
2.266965600552506288e-04
2.257363070659046400e-04
2.247820778427112032e-04
2.238338228455205581e-04
2.228914930273440120e-04
2.219550398345759845e-04
2.210244151965579107e-04
2.200995715238018846e-04
2.191804616986647858e-04
2.182670390735719224e-04
2.173592574623572915e-04
2.164570711387092672e-04
2.155604348264006376e-04
2.146693036981783820e-04
2.137836333679921097e-04
2.129033798872193017e-04
2.120284997406685079e-04
2.111589498376975627e-04
2.102946875117694958e-04
2.094356705146793729e-04
2.085818570081166001e-04
2.077332055654412812e-04
2.068896751608040319e-04
2.060512251691459795e-04
2.052178153588712917e-04
2.043894058889605958e-04
2.035659573029757752e-04
2.027474305275056565e-04
2.019337868641724043e-04
2.011249879894094761e-04
2.003209959460239276e-04
1.995217731427523233e-04
1.987272823491537110e-04
1.979374866902805508e-04
1.971523496429039568e-04
1.963718350335152962e-04
1.955959070329971183e-04
1.948245301530704410e-04
1.940576692416318139e-04
1.932952894803108279e-04
1.925373563813614908e-04
1.917838357807788441e-04
1.910346938389650973e-04
1.902898970340682894e-04
1.895494121588736647e-04
1.888132063208036726e-04
1.880812469317039159e-04
1.873535017113958645e-04
1.866299386803493832e-04
1.859105261574622858e-04
