-3.572621336585186157e+11
4.492416058840467130e-01
4.402566714970839179e-01
4.337972821185007710e-01
4.267968242872086648e-01
4.191445828073643298e-01
4.108341717994123954e-01
4.018722597979103028e-01
3.922965647830620739e-01
3.821734588635306018e-01
3.715883024130008927e-01
3.606360623000881560e-01
3.494140963355305551e-01
3.380171025592728640e-01
3.265338052627173582e-01
3.150449429765309617e-01
3.036222060525859412e-01
2.923278541819387399e-01
2.812148100662539285e-01
2.703270754194466718e-01
2.597003534124002755e-01
2.493627908876989707e-01
2.393357764390504627e-01
2.296347482862284295e-01
2.202699798123024522e-01
2.112473214206658234e-01
2.025688856022496154e-01
1.942336682618113208e-01
1.862381038442553205e-01
1.785765549707343247e-01
1.712417394345564503e-01
1.642250987576994170e-01
1.575171132715467159e-01
1.511075690184915388e-01
1.449857818003974508e-01
1.391407835248745783e-01
1.335614756925855851e-01
1.282367544857478947e-01
1.231556114974479144e-01
1.183072137130678492e-01
1.136809659367719050e-01
1.092665584600966966e-01
1.050540024039694487e-01
1.010336548325900807e-01
9.719623543941047217e-02
9.353283634085096665e-02
9.003492628121967378e-02
8.669435034942396534e-02
8.350332613261457482e-02
8.045443708110155967e-02
7.754062372890979660e-02
7.475517330432634999e-02
7.209170817079901816e-02
6.954417345911245718e-02
6.710682418509938962e-02
6.477421209061340335e-02
6.254117239870815581e-02
6.040281063435815057e-02
5.835448962983758037e-02
5.639181680621296877e-02
5.451063180075332859e-02
5.270699449113669388e-02
5.097717345268004685e-02
4.931763487254525735e-02
4.772503193483346173e-02
4.619619468293523212e-02
4.472812035888273918e-02
4.331796421472633440e-02
4.196303078694563204e-02
4.066076562230835911e-02
3.940874744097788707e-02
3.820468072160498885e-02
3.704638869167120596e-02
3.593180670598972171e-02
3.485897599584442119e-02
3.382603777110126941e-02
3.283122765790036368e-02
3.187287045477171787e-02
3.094937519033269524e-02
3.005923046643843577e-02
2.920100007093617833e-02
2.837331884517579894e-02
2.757488879148839445e-02
2.680447540725894306e-02
2.606090423210027929e-02
2.534305759588240115e-02
2.464987155568265642e-02
2.398033301049684596e-02
2.333347698310084262e-02
2.270838405913799818e-02
2.210417797386909911e-02
2.152002333789493349e-02
2.095512349333183977e-02
2.040871849262337889e-02
1.988008319267819957e-02
1.936852545726375219e-02
1.887338446120723212e-02
1.839402909026377486e-02
1.792985643088607084e-02
1.748029034451348274e-02
1.704478012131671605e-02
1.662279920863540816e-02
1.621384400969838602e-02
1.581743274834868096e-02
1.543310439598877259e-02
1.506041765696375379e-02
1.469895000896870307e-02
1.434829679529214808e-02
1.400807036575280051e-02
1.367789926364659792e-02
1.335742745585677405e-02
1.304631360375263505e-02
1.274423037247895962e-02
1.245086377645732156e-02
1.216591255892973678e-02
1.188908760377538343e-02
1.162011137761398416e-02
1.135871740057736723e-02
1.110464974407432415e-02
1.085766255411324543e-02
1.061751959867951456e-02
1.038399383787869112e-02
1.015686701558737859e-02
9.935929271405630203e-03
9.720978771828425735e-03
9.511821359552863342e-03
9.308270219997361039e-03
9.110145564025229348e-03
8.917274326084800862e-03
8.729489876870832887e-03
8.546631749771993469e-03
8.368545380399883271e-03
8.195081858435981914e-03
8.026097691218092578e-03
7.861454578440563168e-03
7.701019197352776402e-03
7.544662997965634332e-03
7.392262007728911399e-03
7.243696645157671199e-03
7.098851542054696040e-03
6.957615373759384880e-03
6.819880697137792325e-03
6.685543795837967096e-03
6.554504532497507086e-03
6.426666207570486122e-03
6.301935424356752691e-03
6.180221960071508036e-03
6.061438642500638352e-03
5.945501232118566293e-03
5.832328309278933531e-03
5.721841166336671947e-03
5.613963704363067464e-03
5.508622334337021087e-03
5.405745882521406642e-03
5.305265499864431078e-03
5.207114575211946317e-03
5.111228652203037015e-03
5.017545349594643156e-03
4.926004284941054578e-03
4.836547001407565105e-03
4.749116897613259169e-03
4.663659160359712175e-03
4.580120700077960905e-03
4.498450088934013991e-03
4.418597501402610206e-03
4.340514657272143140e-03
4.264154766887129355e-03
4.189472478612232820e-03
4.116423828374182747e-03
4.044966191159682367e-03
3.975058234489736719e-03
3.906659873651463499e-03
3.839732228705150519e-03
3.774237583159534282e-03
3.710139344223151170e-03
3.647402004620659000e-03
3.585991105815589108e-03
3.525873202695040121e-03
3.467015829544672911e-03
3.409387467336211230e-03
3.352957512239074234e-03
3.297696245299297502e-03
3.243574803267978979e-03
3.190565150491098123e-03
3.138640051860042135e-03
3.087773046735797777e-03
3.037938423837704960e-03
2.989111197058580416e-03
2.941267082134491062e-03
2.894382474182499720e-03
2.848434426031110078e-03
2.803400627332752748e-03
2.759259384419898709e-03
2.715989600891477451e-03
2.673570758863208496e-03
2.631982900896945310e-03
2.591206612555296829e-03
2.551223005584191128e-03
2.512013701644111308e-03
2.473560816652842220e-03
2.435846945632702543e-03
2.398855148096901146e-03
2.362568933932163162e-03
2.326972249764303058e-03
2.292049465788981166e-03
2.257785363043218751e-03
2.224165121113674815e-03
2.191174306253484971e-03
2.158798859898336531e-03
2.127025087568901185e-03
2.095839648133646094e-03
2.065229543432911541e-03
2.035182108247823862e-03
2.005685000596946210e-03
1.976726192339572918e-03
1.948293960106095568e-03
1.920376876503704366e-03
1.892963801620739517e-03
1.866043874793499313e-03
1.839606506645274919e-03
1.813641371381846668e-03
1.788138399319016969e-03
1.763087769667048832e-03
1.738479903530709691e-03
1.714305457130915755e-03
1.690555315243091883e-03
1.667220584839590458e-03
1.644292588928619736e-03
1.621762860590569844e-03
1.599623137197081491e-03
1.577865354796204045e-03
1.556481642688734013e-03
1.535464318164425634e-03
1.514805881396519283e-03
1.494499010485927926e-03
1.474536556668848419e-03
1.454911539663150677e-03
1.435617143156209252e-03
1.416646710420410571e-03
1.397993740074987556e-03
1.379651881955545889e-03
1.361614933127697213e-03
1.343876834000168330e-03
1.326431664564475810e-03
1.309273640738073397e-03
1.292397110817633532e-03
1.275796552039132337e-03
1.259466567234301948e-03
1.243401881582784085e-03
1.227597339462649373e-03
1.212047901389290416e-03
1.196748641044242945e-03
1.181694742386385499e-03
1.166881496849292432e-03
1.152304300609419130e-03
1.137958651950876643e-03
1.123840148681276574e-03
1.109944485637948119e-03
1.096267452257881914e-03
1.082804930218284056e-03
1.069552891130864936e-03
1.056507394325834071e-03
1.043664584669201645e-03
1.031020690462680633e-03
1.018572021385777404e-03
1.006314966504939790e-03
9.942459923355517759e-04
9.823616409507796021e-04
9.706585281461510561e-04
9.591333416580916094e-04
9.477828394246490262e-04
9.366038478939575640e-04
9.255932603837724315e-04
9.147480354758652510e-04
9.040651954641543142e-04
8.935418248350313064e-04
8.831750687909867281e-04
8.729621318201985503e-04
8.629002762901016865e-04
8.529868210944702156e-04
8.432191403218158854e-04
8.335946619646428246e-04
8.241108666695584617e-04
8.147652865035936998e-04
8.055555037669304141e-04
7.964791498333845254e-04
7.875339040155360237e-04
7.787174924627215944e-04
7.700276870905575777e-04
7.614623045315571659e-04
7.530192051157236222e-04
7.446962918806754317e-04
7.364915095993129768e-04
7.284028438365730551e-04
7.204283200341610183e-04
7.125660026079394527e-04
7.048139940786235513e-04
6.971704342175755187e-04
6.896334992156916144e-04
6.822014008756038805e-04
6.748723858192029468e-04
6.676447347193636972e-04
6.605167615472140596e-04
6.534868128427184786e-04
6.465532669945872613e-04
6.397145335452769643e-04
6.329690525190834194e-04
6.263152937435734202e-04
6.197517562156473758e-04
6.132769674613847144e-04
6.068894829271975766e-04
6.005878853727608657e-04
5.943707842830381338e-04
5.882368153036221514e-04
5.821846396749652541e-04
5.762129436857055254e-04
5.703204381473092610e-04
5.645058578669370775e-04
5.587679611436247029e-04
5.531055292695707948e-04
5.475173660525189945e-04
5.420022973330329563e-04
5.365591705339678441e-04
5.311868542030584450e-04
5.258842375748251641e-04
5.206502301411397582e-04
5.154837612297846761e-04
5.103837795963350743e-04
5.053492530231462609e-04
5.003791679252245217e-04
4.954725289727512916e-04
4.906283587138293711e-04
4.858456972096636406e-04
4.811236016799558257e-04
4.764611461542944681e-04
4.718574211253212525e-04
4.673115332263222399e-04
4.628226048981609608e-04
4.583897740721987191e-04
4.540121938620966802e-04
4.496890322565061382e-04
4.454194718281900833e-04
4.412027094320425391e-04
4.370379559359705013e-04
4.329244359302375500e-04
4.288613874621205468e-04
4.248480617714545104e-04
4.208837230257334028e-04
4.169676480738626623e-04
4.130991261885874621e-04
4.092774588315695183e-04
4.055019594122466486e-04
4.017719530533536698e-04
3.980867763708761942e-04
3.944457772400156159e-04
3.908483145913521639e-04
3.872937581845814492e-04
3.837814884113388558e-04
3.803108960844792108e-04
3.768813822397909519e-04
3.734923579443716335e-04
3.701432441003404961e-04
3.668334712629839345e-04
3.635624794529057624e-04
3.603297179808340189e-04
3.571346452719836861e-04
3.539767286901973620e-04
3.508554443751865648e-04
3.477702770764423690e-04
3.447207199906987540e-04
3.417062746067234258e-04
3.387264505476661469e-04
3.357807654238431638e-04
3.328687446830791430e-04
3.299899214632695532e-04
3.271438364549350553e-04
3.243300377600011331e-04
3.215480807552406617e-04
3.187975279590471445e-04
3.160779489017606636e-04
3.133889199979922324e-04
3.107300244198363259e-04
3.081008519756345265e-04
3.055009989874069021e-04
3.029300681771651682e-04
3.003876685456763340e-04
2.978734152663253809e-04
2.953869295692079788e-04
2.929278386314404514e-04
2.904957754776837930e-04
2.880903788677890986e-04
2.857112932004302053e-04
2.833581684096309061e-04
2.810306598686196367e-04
2.787284282925739376e-04
2.764511396426971856e-04
2.741984650393991529e-04
2.719700806632641132e-04
2.697656676735604719e-04
2.675849121189788349e-04
2.654275048499243894e-04
2.632931414368044898e-04
2.611815220876501087e-04
2.590923515679577349e-04
2.570253391211974048e-04
2.549801983917632242e-04
2.529566473494782031e-04
2.509544082129888665e-04
2.489732073804873380e-04
2.470127753546602634e-04
2.450728466747431611e-04
2.431531598461322830e-04
2.412534572731050986e-04
2.393734851946494047e-04
2.375129936160735866e-04
2.356717362479443523e-04
2.338494704414717518e-04
2.320459571285571343e-04
2.302609607620631493e-04
2.284942492540853465e-04
2.267455939217732919e-04
2.250147694267123910e-04
2.233015537218552282e-04
2.216057279946781478e-04
2.199270766150007717e-04
2.182653870816952946e-04
2.166204499711721354e-04
2.149920588847553660e-04
2.133800104027194777e-04
2.117841040314427659e-04
2.102041421561118284e-04
2.086399299958685560e-04
2.070912755551823636e-04
2.055579895789971800e-04
2.040398855087666163e-04
2.025367794369348218e-04
2.010484900665243657e-04
1.995748386673934505e-04
1.981156490338253917e-04
1.966707474452267235e-04
1.952399626263812138e-04
1.938231257065936575e-04
1.924200701839406946e-04
1.910306318830823358e-04
1.896546489230654942e-04
1.882919616762457338e-04
1.869424127356467125e-04
1.856058468787669113e-04
1.842821110327186318e-04
1.829710542393669925e-04
1.816725276255759525e-04
1.803863843639064157e-04
1.791124796473031466e-04
1.778506706537896775e-04
1.766008165153820642e-04
1.753627782883349084e-04
1.741364189238314708e-04
1.729216032362312916e-04
1.717181978770909723e-04
1.705260713042999754e-04
1.693450937552132274e-04
1.681751372182294091e-04
1.670160754074778708e-04
1.658677837352851014e-04
1.647301392841971079e-04
1.636030207861072228e-04
1.624863085916139482e-04
1.613798846498148976e-04
1.602836324805512191e-04
1.591974371528692700e-04
1.581211852603736645e-04
1.570547648976905464e-04
1.559980656389292619e-04
1.549509785145897212e-04
1.539133959902461157e-04
1.528852119438983692e-04
1.518663216459881227e-04
1.508566217369722295e-04
1.498560102093371427e-04
1.488643863845062754e-04
1.478816508944102992e-04
1.469077056630574418e-04
1.459424538849951603e-04
1.449858000082127063e-04
1.440376497157114244e-04
1.430979099057427817e-04
1.421664886753770674e-04
1.412432953018516457e-04
1.403282402268057893e-04
1.394212350354084862e-04
1.385221924461443876e-04
1.376310262872770807e-04
1.367476514850807234e-04
1.358719840467426110e-04
1.350039410443759635e-04
1.341434405981445366e-04
1.332904018660485690e-04
1.324447450223864564e-04
1.316063912466525210e-04
1.307752627106584242e-04
