-5.263485735963914185e+11
5.326779244870882835e-02
5.177776470354400473e-02
5.200442857611164982e-02
5.293593252082162692e-02
5.388639610833845239e-02
5.466446224256582553e-02
5.523587703719545772e-02
5.561183948271741784e-02
5.581569143204934136e-02
5.587241740346016172e-02
5.580517108020055517e-02
5.563422072266810403e-02
5.537681031486663130e-02
5.504737849522456372e-02
5.465790445886042903e-02
5.421827882828100797e-02
5.373665401531013686e-02
5.321975538360979030e-02
5.267314773623832380e-02
5.210145815749855913e-02
5.150855924436292810e-02
5.089771790217767489e-02
5.027171503091842908e-02
4.963294108296167906e-02
4.898347190680807373e-02
4.832512866029547993e-02
4.765952496087155765e-02
4.698810388206231536e-02
4.631216691873607516e-02
4.563289663208491831e-02
4.495137434326901271e-02
4.426859396471716224e-02
4.358547283133828998e-02
4.290286021130906846e-02
4.222154403036437742e-02
4.154225622749097013e-02
4.086567706785171339e-02
4.019243866600907822e-02
3.952312791521883639e-02
3.885828897334731025e-02
3.819842542056806067e-02
3.754400217624631608e-02
3.689544724063331671e-02
3.625315331047196388e-02
3.561747930392322736e-02
3.498875182089022928e-02
3.436726655659461116e-02
3.375328968025037568e-02
3.314705918708615862e-02
3.254878622752355177e-02
3.195865641604811458e-02
3.137683111971734107e-02
3.080344872586149307e-02
3.023862588699910425e-02
2.968245874132979800e-02
2.913502410632373696e-02
2.859638064320879636e-02
2.806656999028711574e-02
2.754561786297138326e-02
2.703353511875539184e-02
2.653031878570200064e-02
2.603595305319106323e-02
2.555041022396031813e-02
2.507365162676866710e-02
2.460562848939717995e-02
2.414628277166874781e-02
2.369554795880701725e-02
2.325334981520610356e-02
2.281960709927166597e-02
2.239423223988645795e-02
2.197713197542006114e-02
2.156820795600489227e-02
2.116735731032082235e-02
2.077447317786118575e-02
2.038944520786323267e-02
2.001216002617223211e-02
1.964250167131331715e-02
1.928035200089284196e-02
1.892559106990532314e-02
1.857809748195449195e-02
1.823774871489369787e-02
1.790442142199655251e-02
1.757799171009066797e-02
1.725833539568744079e-02
1.694532824050631881e-02
1.663884616738076083e-02
1.633876545782508849e-02
1.604496293224233483e-02
1.575731611388597742e-02
1.547570337759807124e-02
1.520000408419641680e-02
1.493009870156791763e-02
1.466586891324617170e-02
1.440719771533127691e-02
1.415396950263270170e-02
1.390607014464806390e-02
1.366338705222536198e-02
1.342580923551239813e-02
1.319322735387062906e-02
1.296553375831654975e-02
1.274262252710522958e-02
1.252438949497558518e-02
1.231073227653611823e-02
1.210155028427029045e-02
1.189674474165447471e-02
1.169621869174219952e-02
1.149987700159349480e-02
1.130762636297921730e-02
1.111937528963635735e-02
1.093503411140694936e-02
1.075451496557278119e-02
1.057773178562082528e-02
1.040460028773271262e-02
1.023503795518543313e-02
1.006896402096435494e-02
9.906299448671163077e-03
9.746966912031140851e-03
9.590890773096161226e-03
9.437997059323244287e-03
9.288213439721859643e-03
9.141469200114826776e-03
8.997695217713097549e-03
8.856823935122104530e-03
8.718789333782339668e-03
8.583526907118832483e-03
8.450973633307157229e-03
8.321067947835603107e-03
8.193749715969200764e-03
8.068960205033892663e-03
7.946642056793074005e-03
7.826739259772619306e-03
7.709197121711586220e-03
7.593962242145479991e-03
7.480982485140508231e-03
7.370206952265867528e-03
7.261585955770755163e-03
7.155070992077572356e-03
7.050614715525371778e-03
6.948170912475903904e-03
6.847694475729415586e-03
6.749141379302603383e-03
6.652468653601806281e-03
6.557634360953912278e-03
6.464597571539609788e-03
6.373318339754741046e-03
6.283757680940693646e-03
6.195877548595740691e-03
6.109640811937877558e-03
6.025011233966370838e-03
5.941953449881021143e-03
5.860432945990368125e-03
5.780416039026459174e-03
5.701869855869068360e-03
5.624762313732656338e-03
5.549062100758561655e-03
5.474738657025524091e-03
5.401762155992306802e-03
5.330103486342441244e-03
5.259734234246193907e-03
5.190626666027764458e-03
5.122753711224170559e-03
5.056088946049808186e-03
4.990606577250478182e-03
4.926281426313572354e-03
4.863088914096813653e-03
4.801005045785844416e-03
4.740006396260154631e-03
4.680070095762101090e-03
4.621173815964940701e-03
4.563295756355945088e-03
4.506414630969457491e-03
4.450509655435919143e-03
4.395560534379283624e-03
4.341547449102423073e-03
4.288451045596275435e-03
4.236252422856967570e-03
4.184933121492928620e-03
4.134475112617108650e-03
4.084860787024746642e-03
4.036072944661572848e-03
3.988094784336260190e-03
3.940909893727528868e-03
3.894502239615738048e-03
3.848856158390923099e-03
3.803956346802417343e-03
3.759787852932738872e-03
3.716336067424386158e-03
3.673586714916687868e-03
3.631525845724237200e-03
3.590139827710503440e-03
3.549415338391925800e-03
3.509339357229857015e-03
3.469899158139000406e-03
3.431082302183474653e-03
3.392876630458729892e-03
3.355270257168418979e-03
3.318251562878238303e-03
3.281809187941853168e-03
3.245932026100906143e-03
3.210609218256665898e-03
3.175830146395330900e-03
3.141584427677424074e-03
3.107861908681508467e-03
3.074652659799115284e-03
3.041946969758235753e-03
3.009735340324892761e-03
2.978008481108407324e-03
2.946757304512770403e-03
2.915972920831233495e-03
2.885646633452143561e-03
2.855769934193563842e-03
2.826334498769789150e-03
2.797332182351564001e-03
2.768755015270629727e-03
2.740595198809980815e-03
2.712845101118244173e-03
2.685497253225310743e-03
2.658544345151003796e-03
2.631979222135205632e-03
2.605794880945255798e-03
2.579984466284601652e-03
2.554541267301813079e-03
2.529458714169541267e-03
2.504730374773389556e-03
2.480349951471394476e-03
2.456311277938105775e-03
2.432608316092599310e-03
2.409235153103317373e-03
2.386185998467960090e-03
2.363455181167983810e-03
2.341037146893709675e-03
2.318926455345371451e-03
2.297117777592116994e-03
2.275605893510057598e-03
2.254385689271609650e-03
2.233452154915438470e-03
2.212800381948154538e-03
2.192425561047484095e-03
2.172322979782981278e-03
2.152488020415788128e-03
2.132916157751907349e-03
2.113602957040106034e-03
2.094544071928883255e-03
2.075735242472731557e-03
2.057172293187026213e-03
2.038851131153762708e-03
2.020767744163265434e-03
2.002918198922065685e-03
1.985298639286092737e-03
1.967905284537829758e-03
1.950734427726086295e-03
1.933782434021091845e-03
1.917045739123102166e-03
1.900520847705422511e-03
1.884204331905614538e-03
1.868092829834466784e-03
1.852183044133148826e-03
1.836471740570333466e-03
1.820955746660857244e-03
1.805631950324571022e-03
1.790497298572724105e-03
1.775548796234316384e-03
1.760783504704654945e-03
1.746198540726329185e-03
1.731791075202382402e-03
1.717558332032798063e-03
1.703497586980073919e-03
1.689606166568768941e-03
1.675881446994598178e-03
1.662320853078602667e-03
1.648921857229312948e-03
1.635681978447101059e-03
1.622598781329420703e-03
1.609669875121344518e-03
1.596892912770764283e-03
1.584265590021560755e-03
1.571785644510548252e-03
1.559450854904831374e-03
1.547259040037607392e-03
1.535208058083492588e-03
1.523295805741620157e-03
1.511520217441830738e-03
1.499879264562853365e-03
1.488370954680240388e-03
1.476993330820519645e-03
1.465744470737107008e-03
1.454622486202206133e-03
1.443625522313363163e-03
1.432751756821337707e-03
1.421999399463302893e-03
1.411366691318249877e-03
1.400851904180377971e-03
1.390453339934927257e-03
1.380169329956881796e-03
1.369998234523883696e-03
1.359938442235142375e-03
1.349988369448773540e-03
1.340146459731572648e-03
1.330411183321222879e-03
1.320781036593610125e-03
1.311254541552786534e-03
1.301830245322932456e-03
1.292506719661412617e-03
1.283282560467391420e-03
1.274156387316205397e-03
1.265126842998842704e-03
1.256192593066529639e-03
1.247352325392414585e-03
1.238604749739247168e-03
1.229948597334162841e-03
1.221382620460786939e-03
1.212905592051116699e-03
1.204516305288283462e-03
1.196213573224413906e-03
1.187996228395160614e-03
1.179863122457325275e-03
1.171813125820708734e-03
1.163845127288842818e-03
1.155958033724147072e-03
1.148150769694433748e-03
1.140422277147168373e-03
1.132771515084174396e-03
1.125197459237448072e-03
1.117699101761404634e-03
1.110275450926678786e-03
1.102925530818588129e-03
1.095648381043812236e-03
1.088443056449728275e-03
1.081308626833532571e-03
1.074244176672012330e-03
1.067248804859088906e-03
1.060321624427595921e-03
1.053461762301255433e-03
1.046668359039992779e-03
1.039940568588582082e-03
1.033277558037504207e-03
1.026678507383360639e-03
1.020142609295504599e-03
1.013669068888889413e-03
1.007257103501357776e-03
1.000905942471597143e-03
9.946148269264210029e-04
9.883830095716028552e-04
9.822097544829322402e-04
9.760943369074848164e-04
9.700360430633381270e-04
9.640341699450605262e-04
9.580880251394141567e-04
9.521969266295116086e-04
9.463602026213990825e-04
9.405771913613136803e-04
9.348472409598240773e-04
9.291697092193018648e-04
9.235439634693864974e-04
9.179693803966770815e-04
9.124453458861925270e-04
9.069712548628316995e-04
9.015465111326115277e-04
8.961705272345632523e-04
8.908427242859673356e-04
8.855625318395787815e-04
8.803293877379658738e-04
8.751427379740661650e-04
8.700020365506322406e-04
8.649067453445624665e-04
8.598563339763387603e-04
8.548502796767998291e-04
8.498880671599096104e-04
8.449691884986343382e-04
8.400931430001534750e-04
8.352594370844013127e-04
8.304675841672715109e-04
8.257171045429334555e-04
8.210075252694792880e-04
8.163383800599000040e-04
8.117092091675104371e-04
8.071195592822544285e-04
8.025689834232352382e-04
7.980570408325782239e-04
7.935832968790634823e-04
7.891473229542089740e-04
7.847486963730165854e-04
7.803870002818236173e-04
7.760618235608252036e-04
7.717727607317037553e-04
7.675194118674788513e-04
7.633013825010248610e-04
7.591182835418042174e-04
7.549697311839409508e-04
7.508553468256184971e-04
7.467747569858129708e-04
7.427275932194721264e-04
7.387134920417981476e-04
7.347320948480895453e-04
7.307830478338050995e-04
7.268660019237316305e-04
7.229806126942683875e-04
7.191265403001523282e-04
7.153034494045140690e-04
7.115110091071574772e-04
7.077488928772801557e-04
7.040167784817530361e-04
7.003143479209494870e-04
6.966412873632421565e-04
6.929972870803879914e-04
6.893820413835793914e-04
6.857952485608276305e-04
6.822366108167887688e-04
6.787058342134777433e-04
6.752026286094281460e-04
6.717267076035149387e-04
6.682777884754464992e-04
6.648555921346943620e-04
6.614598430592089073e-04
6.580902692459034142e-04
6.547466021580294893e-04
6.514285766681116030e-04
6.481359310117618122e-04
6.448684067354992777e-04
6.416257486465681836e-04
6.384077047656422366e-04
6.352140262759764511e-04
6.320444674809966301e-04
6.288987857554495520e-04
6.257767414996617816e-04
6.226780980940205268e-04
6.196026218587835643e-04
6.165500820076719179e-04
6.135202506059034278e-04
6.105129025288924538e-04
6.075278154225038918e-04
6.045647696604206089e-04
6.016235483048415489e-04
5.987039370694002827e-04
5.958057242787528907e-04
5.929287008312744689e-04
5.900726601641981262e-04
5.872373982132028658e-04
5.844227133791068951e-04
5.816284064927845776e-04
5.788542807787511180e-04
5.761001418227440496e-04
5.733657975364181425e-04
5.706510581271473370e-04
5.679557360613873840e-04
5.652796460362541353e-04
5.626226049475491209e-04
5.599844318555646794e-04
5.573649479599929180e-04
5.547639765646206200e-04
5.521813430537925171e-04
5.496168748555518846e-04
5.470704014218785716e-04
5.445417541924957305e-04
5.420307665751078474e-04
5.395372739096515602e-04
5.370611134505320905e-04
5.346021243326504191e-04
5.321601475507531376e-04
5.297350259299005160e-04
5.273266041045943098e-04
5.249347284899119614e-04
5.225592472604123628e-04
5.202000103241566364e-04
5.178568693005036749e-04
5.155296774965734130e-04
5.132182898828219209e-04
5.109225630735014789e-04
5.086423553024577160e-04
5.063775264013692379e-04
5.041279377793195238e-04
5.018934524008145104e-04
4.996739347666867559e-04
4.974692508910028010e-04
4.952792682826334669e-04
4.931038559250477959e-04
4.909428842569951712e-04
4.887962251522992574e-04
4.866637519023164771e-04
4.845453391970622192e-04
4.824408631043386464e-04
4.803502010566340630e-04
4.782732318284743656e-04
4.762098355208799205e-04
4.741598935447122187e-04
4.721232886018000841e-04
4.700999046705067741e-04
4.680896269873002780e-04
4.660923420307661047e-04
4.641079375062862056e-04
4.621363023307178963e-04
4.601773266152964226e-04
4.582309016500918375e-04
4.562969198917965485e-04
4.543752749461837936e-04
4.524658615530086081e-04
4.505685755742394605e-04
4.486833139778489965e-04
4.468099748247134073e-04
