-9.980810267466745377e+09
2.256170791094185724e+00
2.266744097125319435e+00
2.270237408103741750e+00
2.271178026948865725e+00
2.270724294356209150e+00
2.269347516024598832e+00
2.267272106629032002e+00
2.264618592557444909e+00
2.261459637784287047e+00
2.257843859668425601e+00
2.253806836198007701e+00
2.249376641827492307e+00
2.244576839515185718e+00
2.239428186697552725e+00
2.233949643351098580e+00
2.228158980374957743e+00
2.222073150040087874e+00
2.215708510831650990e+00
2.209080961415571309e+00
2.202206017121419279e+00
2.195098849800620311e+00
2.187774304363155231e+00
2.180246900640708585e+00
2.172530826296585005e+00
2.164639924622101752e+00
2.156587679825019421e+00
2.148387201586044348e+00
2.140051210089762623e+00
2.131592022335677683e+00
2.123021540249418138e+00
2.114351240906097829e+00
2.105592169026244243e+00
2.096754931793480381e+00
2.087849695962018082e+00
2.078886187163813126e+00
2.069873691284675576e+00
2.060821057751446972e+00
2.051736704555962021e+00
2.042628624832885542e+00
2.033504394806551208e+00
2.024371182924479484e+00
2.015235760001233611e+00
2.006104510205033442e+00
1.996983442729947988e+00
1.987878204007768268e+00
1.978794090326089883e+00
1.969736060731182237e+00
1.960708750106539444e+00
1.951716482330035252e+00
1.942763283423718512e+00
1.933852894621538088e+00
1.924988785289926785e+00
1.916174165646002070e+00
1.907411999226392041e+00
1.898705015067924773e+00
1.890055719568189740e+00
1.881466408000704638e+00
1.872939175664955602e+00
1.864475928656738279e+00
1.856078394248650953e+00
1.847748130874556693e+00
1.839486537715219416e+00
1.831294863885213786e+00
1.823174217223837434e+00
1.815125572694623379e+00
1.807149780400163053e+00
1.799247573220180474e+00
1.791419574081969612e+00
1.783666302873530896e+00
1.775988183010132504e+00
1.768385547665847213e+00
1.760858645681836476e+00
1.753407647163522043e+00
1.746032648778881313e+00
1.738733678770017166e+00
1.731510701690308185e+00
1.724363622879161451e+00
1.717292292686241950e+00
1.710296510456776664e+00
1.703376028289352195e+00
1.696530554577182937e+00
1.689759757343608504e+00
1.683063267382098882e+00
1.676440681210821015e+00
1.669891563851325422e+00
1.663415451440574344e+00
1.657011853685205871e+00
1.650680256166421112e+00
1.644420122503655435e+00
1.638230896384720747e+00
1.632112003469788686e+00
1.626062853176216016e+00
1.620082840350900444e+00
1.614171346836488219e+00
1.608327742937450955e+00
1.602551388791768172e+00
1.596841635653587499e+00
1.591197827092027950e+00
1.585619300110979957e+00
1.580105386194483597e+00
1.574655412282041533e+00
1.569268701677982492e+00
1.563944574898793682e+00
1.558682350462011978e+00
1.553481345620225218e+00
1.548340877043426378e+00
1.543260261452782389e+00
1.538238816208798543e+00
1.533275859856534806e+00
1.528370712630588102e+00
1.523522696922148700e+00
1.518731137710558787e+00
1.513995362961459090e+00
1.509314703993597906e+00
1.504688495816264293e+00
1.500116077439090478e+00
1.495596792156004939e+00
1.491129987804882484e+00
1.486715017004469175e+00
1.482351237369963659e+00
1.478038011708622257e+00
1.473774708196621930e+00
1.469560700538434128e+00
1.465395368109754459e+00
1.461278096085092404e+00
1.457208275551002075e+00
1.453185303605871059e+00
1.449208583447155752e+00
1.445277524446918260e+00
1.441391542216364119e+00
1.437550058660211905e+00
1.433752502021471198e+00
1.429998306917396933e+00
1.426286914367113079e+00
1.422617771811551135e+00
1.418990333126191494e+00
1.415404058627169670e+00
1.411858415071154838e+00
1.408352875649485636e+00
1.404886919976999105e+00
1.401460034075875605e+00
1.398071710354950259e+00
1.394721447584777341e+00
1.391408750868817545e+00
1.388133131611018811e+00
1.384894107480093783e+00
1.381691202370756599e+00
1.378523946362197217e+00
1.375391875673986908e+00
1.372294532619655394e+00
1.369231465558192973e+00
1.366202228843572897e+00
1.363206382772591763e+00
1.360243493531105630e+00
1.357313133138892347e+00
1.354414879393225135e+00
1.351548315811375023e+00
1.348713031572087662e+00
1.345908621456242127e+00
1.343134685786737448e+00
1.340390830367768071e+00
1.337676666423528449e+00
1.334991810536537260e+00
1.332335884585536423e+00
1.329708515683179382e+00
1.327109336113488691e+00
1.324537983269202357e+00
1.321994099589063776e+00
1.319477332495104349e+00
1.316987334329994708e+00
1.314523762294504072e+00
1.312086278385124150e+00
1.309674549331901527e+00
1.307288246536506326e+00
1.304927046010606606e+00
1.302590628314553189e+00
1.300278678496421758e+00
1.297990886031448632e+00
1.295726944761867117e+00
1.293486552837202375e+00
1.291269412655006388e+00
1.289075230802092742e+00
1.286903717996267238e+00
1.284754589028586080e+00
1.282627562706131874e+00
1.280522361795358499e+00
1.278438712965993096e+00
1.276376346735503819e+00
1.274334997414156234e+00
1.272314403050661902e+00
1.270314305378429376e+00
1.268334449762411165e+00
1.266374585146569087e+00
1.264434464001952030e+00
1.262513842275393205e+00
1.260612479338833580e+00
1.258730137939261695e+00
1.256866584149275434e+00
1.255021587318284837e+00
1.253194920024320425e+00
1.251386358026481682e+00
1.249595680218001270e+00
1.247822668579935845e+00
1.246067108135464618e+00
1.244328786904827400e+00
1.242607495860853284e+00
1.240903028885118164e+00
1.239215182724691999e+00
1.237543756949519125e+00
1.235888553910358567e+00
1.234249378697351407e+00
1.232626039099165238e+00
1.231018345562723271e+00
1.229426111153515855e+00
1.227849151516491988e+00
1.226287284837505265e+00
1.224740331805347360e+00
1.223208115574309751e+00
1.221690461727331645e+00
1.220187198239664372e+00
1.218698155443094455e+00
1.217223165990696687e+00
1.215762064822109245e+00
1.214314689129344815e+00
1.212880878323099543e+00
1.211460473999588450e+00
1.210053319907872238e+00
1.208659261917688799e+00
1.207278147987767891e+00
1.205909828134638317e+00
1.204554154401907828e+00
1.203210980830011323e+00
1.201880163426434667e+00
1.200561560136390149e+00
1.199255030813942025e+00
1.197960437193583250e+00
1.196677642862256086e+00
1.195406513231795032e+00
1.194146915511808960e+00
1.192898718682975812e+00
1.191661793470762065e+00
1.190436012319542769e+00
1.189221249367131916e+00
1.188017380419703839e+00
1.186824282927115615e+00
1.185641835958602508e+00
1.184469920178867097e+00
1.183308417824533443e+00
1.182157212680973180e+00
1.181016190059491544e+00
1.179885236774879997e+00
1.178764241123309464e+00
1.177653092860576178e+00
1.176551683180690810e+00
1.175459904694795776e+00
1.174377651410423606e+00
1.173304818711072173e+00
1.172241303336106544e+00
1.171187003360971701e+00
1.170141818177717452e+00
1.169105648475831316e+00
1.168078396223368953e+00
1.167059964648383019e+00
1.166050258220638902e+00
1.165049182633624669e+00
1.164056644786836792e+00
1.163072552768344314e+00
1.162096815837631247e+00
1.161129344408698083e+00
1.160170050033438649e+00
1.159218845385269203e+00
1.158275644243017988e+00
1.157340361475063473e+00
1.156412913023720845e+00
1.155493215889878744e+00
1.154581188117864254e+00
1.153676748780552819e+00
1.152779817964707521e+00
1.151890316756546184e+00
1.151008167227533185e+00
1.150133292420394193e+00
1.149265616335345408e+00
1.148405063916539071e+00
1.147551561038717471e+00
1.146705034494074127e+00
1.145865411979323012e+00
1.145032622082957197e+00
1.144206594272720645e+00
1.143387258883255653e+00
1.142574547103956562e+00
1.141768390967000224e+00
1.140968723335566093e+00
1.140175477892238387e+00
1.139388589127581675e+00
1.138607992328900753e+00
1.137833623569158181e+00
1.137065419696082547e+00
1.136303318321424172e+00
1.135547257810387123e+00
1.134797177271218649e+00
1.134053016544958714e+00
1.133314716195344740e+00
1.132582217498870225e+00
1.131855462434998572e+00
1.131134393676520578e+00
1.130418954580060920e+00
1.129709089176728964e+00
1.129004742162910357e+00
1.128305858891198499e+00
1.127612385361465686e+00
1.126924268212063041e+00
1.126241454711159884e+00
1.125563892748207895e+00
1.124891530825540498e+00
1.124224318050092375e+00
1.123562204125245323e+00
1.122905139342798009e+00
1.122253074575056075e+00
1.121605961267036600e+00
1.120963751428793120e+00
1.120326397627856352e+00
1.119693852981782367e+00
1.119066071150815356e+00
1.118443006330662071e+00
1.117824613245364862e+00
1.117210847140292174e+00
1.116601663775221409e+00
1.115997019417533487e+00
1.115396870835503096e+00
1.114801175291686430e+00
1.114209890536415060e+00
1.113622974801371068e+00
1.113040386793272329e+00
1.112462085687639046e+00
1.111888031122658882e+00
1.111318183193134690e+00
1.110752502444532608e+00
1.110190949867099430e+00
1.109633486890083676e+00
1.109080075376031260e+00
1.108530677615164439e+00
1.107985256319844236e+00
1.107443774619114141e+00
1.106906196053321967e+00
1.106372484568814762e+00
1.105842604512723870e+00
1.105316520627806165e+00
1.104794198047374776e+00
1.104275602290300418e+00
1.103760699256073341e+00
1.103249455219954100e+00
1.102741836828177169e+00
1.102237811093234710e+00
1.101737345389221856e+00
1.101240407447248826e+00
1.100746965350921647e+00
1.100256987531883501e+00
1.099770442765423351e+00
1.099287300166140291e+00
1.098807529183679410e+00
1.098331099598517602e+00
1.097857981517814885e+00
1.097388145371324120e+00
1.096921561907356235e+00
1.096458202188804298e+00
1.095998037589219321e+00
1.095541039788947790e+00
1.095087180771319835e+00
1.094636432818886895e+00
1.094188768509718912e+00
1.093744160713747915e+00
1.093302582589168903e+00
1.092864007578880470e+00
1.092428409406984935e+00
1.091995762075331777e+00
1.091566039860111470e+00
1.091139217308493947e+00
1.090715269235314366e+00
1.090294170719805500e+00
1.089875897102376312e+00
1.089460423981430282e+00
1.089047727210231908e+00
1.088637782893815853e+00
1.088230567385933822e+00
1.087826057286049641e+00
1.087424229436370959e+00
1.087025060918922037e+00
1.086628529052660053e+00
1.086234611390623606e+00
1.085843285717126072e+00
1.085454530044986265e+00
1.085068322612793734e+00
1.084684641882212031e+00
1.084303466535320171e+00
1.083924775471988289e+00
1.083548547807288598e+00
1.083174762868942986e+00
1.082803400194800814e+00
1.082434439530357118e+00
1.082067860826296135e+00
1.081703644236073902e+00
1.081341770113530609e+00
1.080982219010532930e+00
1.080624971674654100e+00
1.080270009046875535e+00
1.079917312259327966e+00
1.079566862633056123e+00
1.079218641675814716e+00
1.078872631079897948e+00
1.078528812719987906e+00
1.078187168651044026e+00
1.077847681106207212e+00
1.077510332494742151e+00
1.077175105400000277e+00
1.076841982577411372e+00
1.076510946952502490e+00
1.076181981618941297e+00
1.075855069836603839e+00
1.075530195029671843e+00
1.075207340784748888e+00
1.074886490849006560e+00
1.074567629128350132e+00
1.074250739685610467e+00
1.073935806738760323e+00
1.073622814659148883e+00
1.073311747969766916e+00
1.073002591343524159e+00
1.072695329601558889e+00
1.072389947711561931e+00
1.072086430786126865e+00
1.071784764081118002e+00
1.071484932994058781e+00
1.071186923062546370e+00
1.070890719962680260e+00
1.070596309507512833e+00
1.070303677645521923e+00
1.070012810459097130e+00
1.069723694163053018e+00
1.069436315103154955e+00
1.069150659754664723e+00
1.068866714720908329e+00
1.068584466731856253e+00
1.068303902642724790e+00
1.068025009432596040e+00
1.067747774203051225e+00
1.067472184176824213e+00
1.067198226696472796e+00
1.066925889223062196e+00
1.066655159334869651e+00
1.066386024726102555e+00
1.066118473205631911e+00
1.065852492695746001e+00
1.065588071230912037e+00
1.065325196956560250e+00
1.065063858127878627e+00
1.064804043108625420e+00
1.064545740369954085e+00
1.064288938489251990e+00
1.064033626148997769e+00
1.063779792135627567e+00
1.063527425338418375e+00
1.063276514748383805e+00
1.063027049457182738e+00
1.062779018656045293e+00
1.062532411634704133e+00
1.062287217780347737e+00
1.062043426576578575e+00
1.061801027602390146e+00
1.061560010531152010e+00
1.061320365129609256e+00
1.061082081256894183e+00
1.060845148863547749e+00
1.060609557990556562e+00
1.060375298768396535e+00
1.060142361416093415e+00
1.059910736240289975e+00
1.059680413634327634e+00
1.059451384077337188e+00
1.059223638133340417e+00
1.058997166450363903e+00
1.058771959759562176e+00
1.058548008874350632e+00
1.058325304689551993e+00
1.058103838180548095e+00
1.057883600402445001e+00
1.057664582489248772e+00
1.057446775653046789e+00
1.057230171183204170e+00
1.057014760445563528e+00
1.056800534881660925e+00
1.056587486007944943e+00
1.056375605415009300e+00
1.056164884766831902e+00
1.055955315800022332e+00
1.055746890323082887e+00
1.055539600215670726e+00
1.055333437427875332e+00
1.055128393979500867e+00
1.054924461959357407e+00
