-6.361794543948900604e+10
2.716257849817540482e+00
2.720289465241259919e+00
2.716587895254161111e+00
2.709780914116307837e+00
2.700993153075182285e+00
2.690631608282291864e+00
2.678925908229145669e+00
2.666052908990422132e+00
2.652168840949251205e+00
2.637418056316472192e+00
2.621935146863492161e+00
2.605845089987649743e+00
2.589262896853442797e+00
2.572293277256992639e+00
2.555030500020684325e+00
2.537558492388988896e+00
2.519951162795592836e+00
2.502272906395999641e+00
2.484579244880456450e+00
2.466917553119033713e+00
2.449327830690041452e+00
2.431843483727106126e+00
2.414492090274943159e+00
2.397296129618513127e+00
2.380273662407072166e+00
2.363438953664017461e+00
2.346803034947188671e+00
2.330374205087695216e+00
2.314158471220361335e+00
2.298159933374247732e+00
2.282381116863585468e+00
2.266823257240884182e+00
2.251486542760377851e+00
2.236370319247121152e+00
2.221473262051195441e+00
2.206793519448067009e+00
2.192328831469735562e+00
2.178076627750234806e+00
2.164034107566710219e+00
2.150198304869301857e+00
2.136566140729364349e+00
2.123134465302209506e+00
2.109900091099659036e+00
2.096859819100246991e+00
2.084010458989271619e+00
2.071348844616000662e+00
2.058871845577732618e+00
2.046576375688351490e+00
2.034459398959262977e+00
2.022517933610107121e+00
2.010749054534414881e+00
1.999149894566612407e+00
1.987717644832350361e+00
1.976449554409133613e+00
1.965342929480031087e+00
1.954395132125479773e+00
1.943603578868137838e+00
1.932965739060711563e+00
1.922479133186298927e+00
1.912141331124505683e+00
1.901949950423102331e+00
1.891902654604684209e+00
1.881997151529093859e+00
1.872231191825831864e+00
1.862602567405431397e+00
1.853109110054741437e+00
1.843748690117957612e+00
1.834519215263014313e+00
1.825418629331148512e+00
1.816444911266260842e+00
1.807596074119960372e+00
1.798870164127575944e+00
1.790265259850122082e+00
1.781779471377222368e+00
1.773410939585822188e+00
1.765157835449839174e+00
1.757018359396048002e+00
1.748990740701613866e+00
1.741073236929186363e+00
1.733264133395534312e+00
1.725561742670223220e+00
1.717964404100936981e+00
1.710470483362481531e+00
1.703078372026748166e+00
1.695786487151098587e+00
1.688593270883091524e+00
1.681497190079481729e+00
1.674496735937757830e+00
1.667590423638707797e+00
1.660776791998613833e+00
1.654054403129920470e+00
1.647421842109261236e+00
1.640877716652048957e+00
1.634420656792735960e+00
1.628049314570177319e+00
1.621762363717446309e+00
1.615558499355692401e+00
1.609436437691569965e+00
1.603394915717980762e+00
1.597432690917766518e+00
1.591548540970233461e+00
1.585741263460233252e+00
1.580009675589749474e+00
1.574352613891824237e+00
1.568768933946805166e+00
1.563257510100818148e+00
1.557817235186488958e+00
1.552447020245853126e+00
1.547145794255514906e+00
1.541912503854026451e+00
1.536746113071529862e+00
1.531645603061715377e+00
1.526609971836117463e+00
1.521638234000771916e+00
1.516729420495343872e+00
1.511882578334685867e+00
1.507096770352972070e+00
1.502371074950364704e+00
1.497704585842342562e+00
1.493096411811657420e+00
1.488545676463032930e+00
1.484051517980610191e+00
1.479613088888173333e+00
1.475229555812206161e+00
1.470900099247834492e+00
1.466623913327613993e+00
1.462400205593262115e+00
1.458228196770324780e+00
1.454107120545801379e+00
1.450036223348730946e+00
1.446014764133776831e+00
1.442042014167805863e+00
1.438117256819474221e+00
1.434239787351800022e+00
1.430408912717771930e+00
1.426623951358946041e+00
1.422884233007036814e+00
1.419189098488526923e+00
1.415537899532224309e+00
1.411929998579829926e+00
1.408364768599429828e+00
1.404841592901955316e+00
1.401359864960541657e+00
1.397918988232806692e+00
1.394518375986017356e+00
1.391157451125097255e+00
1.387835646023476421e+00
1.384552402356764800e+00
1.381307170939177986e+00
1.378099411562750731e+00
1.374928592839259167e+00
1.371794192044828442e+00
1.368695694967229759e+00
1.365632595755797318e+00
1.362604396773940740e+00
1.359610608454240532e+00
1.356650749156072422e+00
1.353724345025729470e+00
1.350830929859033080e+00
1.347970044966342762e+00
1.345141239040009040e+00
1.342344068024148962e+00
1.339578094986789480e+00
1.336842889994282357e+00
1.334138029987997465e+00
1.331463098663224320e+00
1.328817686350279192e+00
1.326201389897770255e+00
1.323613812557976166e+00
1.321054563874320964e+00
1.318523259570897554e+00
1.316019521444012019e+00
1.313542977255723221e+00
1.311093260629320856e+00
1.308670010946735074e+00
1.306272873247829924e+00
1.303901498131545322e+00
1.301555541658866666e+00
1.299234665257584798e+00
1.296938535628813671e+00
1.294666824655229531e+00
1.292419209311018058e+00
1.290195371573471084e+00
1.287994998336240871e+00
1.285817781324176456e+00
1.283663417009756946e+00
1.281531606531059131e+00
1.279422055611253439e+00
1.277334474479588255e+00
1.275268577793832847e+00
1.273224084564169356e+00
1.271200718078482339e+00
1.269198205829038084e+00
1.267216279440519955e+00
1.265254674599398221e+00
1.263313130984601962e+00
1.261391392199478823e+00
1.259489205705005777e+00
1.257606322754246442e+00
1.255742498328000334e+00
1.253897491071660042e+00
1.252071063233214154e+00
1.250262980602413032e+00
1.248473012451037034e+00
1.246700931474272966e+00
1.244946513733171223e+00
1.243209538598154751e+00
1.241489788693564744e+00
1.239787049843235511e+00
1.238101111017045231e+00
1.236431764278473233e+00
1.234778804733090762e+00
1.233142030478006523e+00
1.231521242552237494e+00
1.229916244887975019e+00
1.228326844262751294e+00
1.226752850252456950e+00
1.225194075185243037e+00
1.223650334096223702e+00
1.222121444683031743e+00
1.220607227262161976e+00
1.219107504726105740e+00
1.217622102501272341e+00
1.216150848506649229e+00
1.214693573113226677e+00
1.213250109104142993e+00
1.211820291635548053e+00
1.210403958198173147e+00
1.209000948579581625e+00
1.207611104827105430e+00
1.206234271211433562e+00
1.204870294190866664e+00
1.203519022376190017e+00
1.202180306496186679e+00
1.200853999363755475e+00
1.199539955842640948e+00
1.198238032814735066e+00
1.196948089147979566e+00
1.195669985664819857e+00
1.194403585111226462e+00
1.193148752126251377e+00
1.191905353212129093e+00
1.190673256704904537e+00
1.189452332745566832e+00
1.188242453251702857e+00
1.187043491889626878e+00
1.185855324047021542e+00
1.184677826806035839e+00
1.183510878916862907e+00
1.182354360771772361e+00
1.181208154379596698e+00
1.180072143340655133e+00
1.178946212822120199e+00
1.177830249533799334e+00
1.176724141704341475e+00
1.175627779057853761e+00
1.174541052790916806e+00
1.173463855549994328e+00
1.172396081409238455e+00
1.171337625848659414e+00
1.170288385732685565e+00
1.169248259289078051e+00
1.168217146088208036e+00
1.167194947022686113e+00
1.166181564287334771e+00
1.165176901359512796e+00
1.164180862979752540e+00
1.163193355132738027e+00
1.162214285028605687e+00
1.161243561084551290e+00
1.160281092906749745e+00
1.159326791272579760e+00
1.158380568113146714e+00
1.157442336496097068e+00
1.156512010608715668e+00
1.155589505741312806e+00
1.154674738270882406e+00
1.153767625645033323e+00
1.152868086366186873e+00
1.151976039976037702e+00
1.151091407040269354e+00
1.150214109133523399e+00
1.149344068824617260e+00
1.148481209662002289e+00
1.147625456159465429e+00
1.146776733782061131e+00
1.145934968932274867e+00
1.145100088936414240e+00
1.144272022031220137e+00
1.143450697350697487e+00
1.142636044913158511e+00
1.141827995608481139e+00
1.141026481185565933e+00
1.140231434240003505e+00
1.139442788201936008e+00
1.138660477324116460e+00
1.137884436670164590e+00
1.137114602103001193e+00
1.136350910273476567e+00
1.135593298609182566e+00
1.134841705303432979e+00
1.134096069304430632e+00
1.133356330304603476e+00
1.132622428730107877e+00
1.131894305730501982e+00
1.131171903168581849e+00
1.130455163610378788e+00
1.129744030315312342e+00
1.129038447226504482e+00
1.128338358961236132e+00
1.127643710801567778e+00
1.126954448685096422e+00
1.126270519195858189e+00
1.125591869555380597e+00
1.124918447613866279e+00
1.124250201841521246e+00
1.123587081320010617e+00
1.122929035734055114e+00
1.122276015363151691e+00
1.121627971073425822e+00
1.120984854309609036e+00
1.120346617087139673e+00
1.119713211984384893e+00
1.119084592134986789e+00
1.118460711220315762e+00
1.117841523462055564e+00
1.117226983614885594e+00
1.116617046959284876e+00
1.116011669294442843e+00
1.115410806931278920e+00
1.114814416685568244e+00
1.114222455871167305e+00
1.113634882293354167e+00
1.113051654242253941e+00
1.112472730486373962e+00
1.111898070266236438e+00
1.111327633288099470e+00
1.110761379717779773e+00
1.110199270174567321e+00
1.109641265725225034e+00
1.109087327878087947e+00
1.108537418577239420e+00
1.107991500196783496e+00
1.107449535535200091e+00
1.106911487809779215e+00
1.106377320651142915e+00
1.105846998097848477e+00
1.105320484591067132e+00
1.104797744969345352e+00
1.104278744463443429e+00
1.103763448691244431e+00
1.103251823652745101e+00
1.102743835725117583e+00
1.102239451657841096e+00
1.101738638567906881e+00
1.101241363935093975e+00
1.100747595597311612e+00
1.100257301746011107e+00
1.099770450921663478e+00
1.099287012009302122e+00
1.098806954234131661e+00
1.098330247157199180e+00
1.097856860671127421e+00
1.097386764995910369e+00
1.096919930674769672e+00
1.096456328570065919e+00
1.095995929859278739e+00
1.095538706031033316e+00
1.095084628881190403e+00
1.094633670508987411e+00
1.094185803313241889e+00
1.093740999988598084e+00
1.093299233521839442e+00
1.092860477188241530e+00
1.092424704547983350e+00
1.091991889442609720e+00
1.091562005991538964e+00
1.091135028588622990e+00
1.090710931898756453e+00
1.090289690854530980e+00
1.089871280652936258e+00
1.089455676752112634e+00
1.089042854868140120e+00
1.088632790971878261e+00
1.088225461285850404e+00
1.087820842281168154e+00
1.087418910674499140e+00
1.087019643425079396e+00
1.086623017731763730e+00
1.086229011030116931e+00
1.085837600989550511e+00
1.085448765510489633e+00
1.085062482721588673e+00
1.084678730976977645e+00
1.084297488853548597e+00
1.083918735148282186e+00
1.083542448875605135e+00
1.083168609264789861e+00
1.082797195757383646e+00
1.082428188004676217e+00
1.082061565865202413e+00
1.081697309402275264e+00
1.081335398881555054e+00
1.080975814768652343e+00
1.080618537726756534e+00
1.080263548614307512e+00
1.079910828482687490e+00
1.079560358573952605e+00
1.079212120318587154e+00
1.078866095333294917e+00
1.078522265418814241e+00
1.078180612557767759e+00
1.077841118912535645e+00
1.077503766823158404e+00
1.077168538805271414e+00
1.076835417548061669e+00
1.076504385912253836e+00
1.076175426928123180e+00
1.075848523793534905e+00
1.075523659872006821e+00
1.075200818690801308e+00
1.074879983939039496e+00
1.074561139465840975e+00
1.074244269278488595e+00
1.073929357540615248e+00
1.073616388570417746e+00
1.073305346838889340e+00
1.072996216968079342e+00
1.072688983729374046e+00
1.072383632041798096e+00
1.072080146970340930e+00
1.071778513724302329e+00
1.071478717655660828e+00
1.071180744257462791e+00
1.070884579162230787e+00
1.070590208140396404e+00
1.070297617098746601e+00
1.070006792078897151e+00
1.069717719255780297e+00
1.069430384936156608e+00
1.069144775557137494e+00
1.068860877684736810e+00
1.068578678012434668e+00
1.068298163359759467e+00
1.068019320670891004e+00
1.067742137013277803e+00
1.067466599576274877e+00
1.067192695669797464e+00
1.066920412722989875e+00
1.066649738282915871e+00
1.066380660013257931e+00
1.066113165693043596e+00
1.065847243215374940e+00
1.065582880586185777e+00
1.065320065923005544e+00
1.065058787453743827e+00
1.064799033515488880e+00
1.064540792553319015e+00
1.064284053119131546e+00
1.064028803870483264e+00
1.063775033569449358e+00
1.063522731081491868e+00
1.063271885374346137e+00
1.063022485516916360e+00
1.062774520678191559e+00
1.062527980126166227e+00
1.062282853226782287e+00
1.062039129442878593e+00
1.061796798333155101e+00
1.061555849551151232e+00
1.061316272844232911e+00
1.061078058052596695e+00
1.060841195108281232e+00
1.060605674034194479e+00
1.060371484943150477e+00
1.060138618036919222e+00
1.059907063605286304e+00
1.059676812025125425e+00
1.059447853759481806e+00
1.059220179356666236e+00
1.058993779449359351e+00
1.058768644753729005e+00
1.058544766068554965e+00
1.058322134274367166e+00
1.058100740332591272e+00
1.057880575284708025e+00
1.057661630251419016e+00
1.057443896431823793e+00
1.057227365102608285e+00
1.057012027617240335e+00
1.056797875405175446e+00
1.056584899971074298e+00
1.056373092894025367e+00
1.056162445826779317e+00
1.055952950494993603e+00
1.055744598696481962e+00
1.055537382300476335e+00
1.055331293246895896e+00
1.055126323545625411e+00
