4.273545404955426636e+11
2.287944717692411700e+00
2.281927291241466094e+00
2.279084532356877801e+00
2.276905077070159766e+00
2.274631501774386777e+00
2.272068949781245628e+00
2.269165266998922625e+00
2.265905970319812113e+00
2.262289007411263597e+00
2.258318061727491610e+00
2.254000216041117888e+00
2.249344783513883783e+00
2.244362575301998675e+00
2.239065408013292124e+00
2.233465769825496494e+00
2.227576594302671964e+00
2.221411105259135432e+00
2.214982706711109195e+00
2.208304900444105101e+00
2.201391220077038913e+00
2.194255174950040743e+00
2.186910200097516910e+00
2.179369610400615720e+00
2.171646558092905188e+00
2.163753993382277585e+00
2.155704628236415843e+00
2.147510903483087930e+00
2.139184959380354911e+00
2.130738609765690406e+00
2.122183319826416614e+00
2.113530187464746746e+00
2.104789928167267732e+00
2.095972863235501915e+00
2.087088911192710228e+00
2.078147582151769424e+00
2.069157974908867992e+00
2.060128776516661375e+00
2.051068264086525872e+00
2.041984308571644480e+00
2.032884380289330828e+00
2.023775555950974692e+00
2.014664526980634029e+00
2.005557608917616363e+00
1.996460751713468484e+00
1.987379550749818424e+00
1.978319258419071414e+00
1.969284796125707615e+00
1.960280766580853262e+00
1.951311466277197093e+00
1.942380898044880233e+00
1.933492783601564735e+00
1.924650576021743387e+00
1.915857472060968680e+00
1.907116424280567379e+00
1.898430152927365278e+00
1.889801157530860198e+00
1.881231728187577001e+00
1.872723956508601351e+00
1.864279746212101241e+00
1.855900823347405248e+00
1.847588746141819893e+00
1.839344914464863034e+00
1.831170578908046132e+00
1.823066849481037366e+00
1.815034703927367321e+00
1.807074995664957662e+00
1.799188461358178337e+00
1.791375728129711353e+00
1.783637320421432637e+00
1.775973666514480964e+00
1.768385104719230050e+00
1.760871889246463429e+00
1.753434195771289561e+00
1.746072126701663896e+00
1.738785716163172790e+00
1.731574934712241109e+00
1.724439693789233452e+00
1.717379849923213353e+00
1.710395208699767799e+00
1.703485528502952207e+00
1.696650524042316199e+00
1.689889869675491596e+00
1.683203202536571297e+00
1.676590125480170279e+00
1.670050209850573397e+00
1.663582998085213926e+00
1.657188006161167459e+00
1.650864725893021578e+00
1.644612627090265455e+00
1.638431159581728469e+00
1.632319755114441051e+00
1.626277829133882413e+00
1.620304782452203662e+00
1.614400002810768342e+00
1.608562866342975628e+00
1.602792738942987683e+00
1.597088977545870758e+00
1.591450931324134288e+00
1.585877942805559160e+00
1.580369348916887517e+00
1.574924481957687306e+00
1.569542670508500493e+00
1.564223240277142324e+00
1.558965514886788029e+00
1.553768816609333747e+00
1.548632467047267092e+00
1.543555787767120435e+00
1.538538100887456128e+00
1.533578729624032411e+00
1.528676998794844089e+00
1.523832235287374992e+00
1.519043768490426771e+00
1.514310930692646551e+00
1.509633057449815574e+00
1.505009487922790434e+00
1.500439565187950297e+00
1.495922636521809235e+00
1.491458053661439687e+00
1.487045173042159663e+00
1.482683356013981602e+00
1.478371969038099865e+00
1.474110383864706275e+00
1.469897977693310764e+00
1.465734133316688226e+00
1.461618239249497186e+00
1.457549689842567053e+00
1.453527885383770535e+00
1.449552232186366529e+00
1.445622142665623056e+00
1.441737035404531353e+00
1.437896335209275289e+00
1.434099473155199922e+00
1.430345886623885621e+00
1.426635019331961018e+00
1.422966321352205021e+00
1.419339249127452796e+00
1.415753265477871503e+00
1.412207839602004578e+00
1.408702447072083697e+00
1.405236569823996140e+00
1.401809696142304329e+00
1.398421320640695020e+00
1.395070944238185007e+00
1.391758074131452583e+00
1.388482223763519485e+00
1.385242912789159231e+00
1.382039667037239905e+00
1.378872018470268968e+00
1.375739505141390540e+00
1.372641671149033460e+00
1.369578066589455467e+00
1.366548247507320513e+00
1.363551775844545899e+00
1.360588219387569575e+00
1.357657151713196120e+00
1.354758152133163751e+00
1.351890805637606441e+00
1.349054702837493736e+00
1.346249439906218370e+00
1.343474618520414055e+00
1.340729845800116893e+00
1.338014734248407223e+00
1.335328901690548742e+00
1.332671971212809670e+00
1.330043571100947952e+00
1.327443334778525497e+00
1.324870900745063196e+00
1.322325912514123791e+00
1.319808018551381412e+00
1.317316872212744627e+00
1.314852131682567649e+00
1.312413459912009417e+00
1.310000524557586310e+00
1.307612997919959996e+00
1.305250556882996626e+00
1.302912882853130672e+00
1.300599661699080034e+00
1.298310583691924425e+00
1.296045343445585418e+00
1.293803639857735943e+00
1.291585176051151640e+00
1.289389659315544057e+00
1.287216801049865467e+00
1.285066316705142375e+00
1.282937925727806627e+00
1.280831351503592064e+00
1.278746321301952094e+00
1.276682566221064796e+00
1.274639821133385809e+00
1.272617824631799621e+00
1.270616318976347969e+00
1.268635050041556411e+00
1.266673767264354211e+00
1.264732223592612614e+00
1.262810175434275761e+00
1.260907382607109772e+00
1.259023608289067342e+00
1.257158618969258290e+00
1.255312184399549169e+00
1.253484077546761721e+00
1.251674074545501503e+00
1.249881954651585358e+00
1.248107500196104169e+00
1.246350496540065356e+00
1.244610732029679090e+00
1.242887997952215162e+00
1.241182088492491786e+00
1.239492800689942387e+00
1.237819934396293675e+00
1.236163292233824595e+00
1.234522679554218572e+00
1.232897904397990185e+00
1.231288777454505823e+00
1.229695112022552994e+00
1.228116723971508062e+00
1.226553431703035102e+00
1.225005056113368074e+00
1.223471420556127454e+00
1.221952350805692644e+00
1.220447675021111067e+00
1.218957223710534388e+00
1.217480829696204081e+00
1.216018328079935262e+00
1.214569556209130985e+00
1.213134353643302132e+00
1.211712562121097125e+00
1.210304025527820349e+00
1.208908589863449734e+00
1.207526103211136403e+00
1.206156415706185925e+00
1.204799379505508972e+00
1.203454848757546936e+00
1.202122679572643626e+00
1.200802729993889262e+00
1.199494859968399219e+00
1.198198931319039540e+00
1.196914807716589646e+00
1.195642354652334038e+00
1.194381439411078549e+00
1.193131931044579375e+00
1.191893700345390661e+00
1.190666619821118655e+00
1.189450563669065097e+00
1.188245407751277405e+00
1.187051029569980987e+00
1.185867308243395923e+00
1.184694124481925348e+00
1.183531360564722856e+00
1.182378900316622516e+00
1.181236629085431478e+00
1.180104433719562751e+00
1.178982202546044800e+00
1.177869825348845101e+00
1.176767193347556972e+00
1.175674199176402368e+00
1.174590736863575291e+00
1.173516701810897178e+00
1.172451990773800912e+00
1.171396501841624360e+00
1.170350134418202348e+00
1.169312789202784364e+00
1.168284368171226495e+00
1.167264774557491780e+00
1.166253912835438555e+00
1.165251688700889465e+00
1.164258009053981358e+00
1.163272781981793624e+00
1.162295916741247437e+00
1.161327323742268547e+00
1.160366914531215432e+00
1.159414601774567899e+00
1.158470299242864820e+00
1.157533921794899001e+00
1.156605385362150962e+00
1.155684606933468972e+00
1.154771504539990667e+00
1.153865997240291152e+00
1.152968005105766913e+00
1.152077449206251103e+00
1.151194251595842655e+00
1.150318335298957217e+00
1.149449624296606132e+00
1.148588043512867474e+00
1.147733518801586916e+00
1.146885976933269546e+00
1.146045345582181962e+00
1.145211553313651098e+00
1.144384529571557341e+00
1.143564204666025708e+00
1.142750509761301103e+00
1.141943376863811199e+00
1.141142738810416057e+00
1.140348529256836718e+00
1.139560682666256541e+00
1.138779134298107731e+00
1.138003820197016847e+00
1.137234677181932607e+00
1.136471642835406692e+00
1.135714655493051950e+00
1.134963654233148489e+00
1.134218578866416083e+00
1.133479369925944447e+00
1.132745968657264513e+00
1.132018317008586239e+00
1.131296357621171644e+00
1.130580033819862829e+00
1.129869289603748772e+00
1.129164069636972245e+00
1.128464319239680602e+00
1.127769984379107360e+00
1.127081011660795662e+00
1.126397348319944536e+00
1.125718942212891260e+00
1.125045741808724520e+00
1.124377696181014352e+00
1.123714754999675325e+00
1.123056868522944063e+00
1.122403987589483787e+00
1.121756063610599652e+00
1.121113048562577763e+00
1.120474894979128999e+00
1.119841555943956068e+00
1.119212985083422041e+00
1.118589136559333674e+00
1.117969965061825999e+00
1.117355425802360358e+00
1.116745474506817493e+00
1.116140067408696313e+00
1.115539161242416588e+00
1.114942713236714233e+00
1.114350681108136509e+00
1.113763023054632484e+00
1.113179697749240527e+00
1.112600664333860845e+00
1.112025882413129496e+00
1.111455312048371002e+00
1.110888913751648888e+00
1.110326648479896372e+00
1.109768477629136330e+00
1.109214363028781625e+00
1.108664266936024712e+00
1.108118152030300285e+00
1.107575981407832533e+00
1.107037718576266094e+00
1.106503327449360086e+00
1.105972772341780264e+00
1.105446017963941374e+00
1.104923029416945202e+00
1.104403772187581678e+00
1.103888212143396164e+00
1.103376315527841101e+00
1.102868048955486513e+00
1.102363379407302668e+00
1.101862274226008909e+00
1.101364701111489763e+00
1.100870628116277228e+00
1.100380023641094551e+00
1.099892856430464638e+00
1.099409095568381067e+00
1.098928710474041948e+00
1.098451670897638399e+00
1.097977946916209646e+00
1.097507508929550069e+00
1.097040327656181091e+00
1.096576374129371922e+00
1.096115619693219356e+00
1.095658035998786861e+00
1.095203595000290075e+00
1.094752268951340257e+00
1.094304030401239691e+00
1.093858852191329056e+00
1.093416707451380532e+00
1.092977569596051746e+00
1.092541412321377248e+00
1.092108209601316604e+00
1.091677935684344902e+00
1.091250565090095215e+00
1.090826072606045472e+00
1.090404433284248409e+00
1.089985622438108592e+00
1.089569615639208289e+00
1.089156388714166868e+00
1.088745917741551494e+00
1.088338179048827570e+00
1.087933149209349359e+00
1.087530805039393922e+00
1.087131123595235671e+00
1.086734082170256910e+00
1.086339658292101662e+00
1.085947829719867253e+00
1.085558574441331636e+00
1.085171870670222249e+00
1.084787696843518168e+00
1.084406031618789124e+00
1.084026853871572937e+00
1.083650142692785368e+00
1.083275877386165931e+00
1.082904037465759028e+00
1.082534602653425493e+00
1.082167552876391436e+00
1.081802868264826412e+00
1.081440529149457541e+00
1.081080516059210739e+00
1.080722809718887234e+00
1.080367391046870074e+00
1.080014241152858823e+00
1.079663341335637128e+00
1.079314673080867815e+00
1.078968218058918183e+00
1.078623958122714832e+00
1.078281875305622028e+00
1.077941951819355149e+00
1.077604170051915888e+00
1.077268512565557224e+00
1.076934962094771908e+00
1.076603501544314057e+00
1.076274113987236047e+00
1.075946782662962731e+00
1.075621490975381400e+00
1.075298222490960409e+00
1.074976960936893322e+00
1.074657690199265048e+00
1.074340394321240177e+00
1.074025057501281522e+00
1.073711664091381524e+00
1.073400198595326316e+00
1.073090645666974430e+00
1.072782990108563483e+00
1.072477216869033745e+00
1.072173311042376342e+00
1.071871257866002125e+00
1.071571042719129618e+00
1.071272651121195629e+00
1.070976068730285169e+00
1.070681281341579805e+00
1.070388274885830437e+00
1.070097035427842735e+00
1.069807549164988103e+00
1.069519802425728416e+00
1.069233781668164074e+00
1.068949473478594703e+00
1.068666864570104291e+00
1.068385941781158310e+00
1.068106692074223707e+00
1.067829102534401331e+00
1.067553160368078569e+00
1.067278852901598407e+00
1.067006167579944043e+00
1.066735091965440585e+00
1.066465613736473639e+00
1.066197720686221428e+00
1.065931400721405353e+00
1.065666641861054753e+00
1.065403432235287440e+00
1.065141760084103772e+00
1.064881613756197387e+00
1.064622981707781690e+00
1.064365852501425680e+00
1.064110214804909749e+00
1.063856057390093479e+00
1.063603369131795873e+00
1.063352139006690011e+00
1.063102356092214373e+00
1.062854009565491920e+00
1.062607088702266056e+00
1.062361582875848809e+00
1.062117481556082321e+00
1.061874774308310343e+00
1.061633450792366151e+00
1.061393500761568687e+00
1.061154914061734456e+00
1.060917680630198756e+00
1.060681790494848897e+00
1.060447233773171183e+00
1.060214000671307222e+00
1.059982081483122007e+00
1.059751466589283542e+00
1.059522146456352676e+00
1.059294111635886049e+00
1.059067352763545911e+00
1.058841860558225045e+00
1.058617625821177244e+00
1.058394639435163098e+00
1.058172892363601791e+00
1.057952375649734877e+00
1.057733080415800941e+00
1.057514997862216921e+00
1.057298119266772307e+00
1.057082435983829782e+00
1.056867939443539406e+00
1.056654621151057238e+00
1.056442472685776623e+00
1.056231485700567019e+00
1.056021651921021043e+00
1.055812963144713068e+00
1.055605411240462921e+00
1.055398988147611350e+00
1.055193685875300380e+00
1.054989496501766988e+00
