-1.632302491872380981e+11
2.382525610041913211e+00
2.382020270743635315e+00
2.379941250236179862e+00
2.376963423077155468e+00
2.373533327509134594e+00
2.369765835576450819e+00
2.365675845012735756e+00
2.361254347955998867e+00
2.356490378148309084e+00
2.351376660435696486e+00
2.345910492144751558e+00
2.340093328309741594e+00
2.333930101531526358e+00
2.327428565161328677e+00
2.320598725916608096e+00
2.313452368650089408e+00
2.306002660678951877e+00
2.298263821598042433e+00
2.290250846469218615e+00
2.281979272691139649e+00
2.273464982942989820e+00
2.264724038245131688e+00
2.255772536442041343e+00
2.246626492369629524e+00
2.237301736691647669e+00
2.227813830938094597e+00
2.218177996695023246e+00
2.208409057214708593e+00
2.198521389962218908e+00
2.188528888808447537e+00
2.178444934734021565e+00
2.168282374034549598e+00
2.158053503122202788e+00
2.147770059107674268e+00
2.137443215424175591e+00
2.127083581824088743e+00
2.116701208140964852e+00
2.106305591266611543e+00
2.095905684845509320e+00
2.085509911237642733e+00
2.075126175346135415e+00
2.064761879948609824e+00
2.054423942210320320e+00
2.044118811093900590e+00
2.033852485414239020e+00
2.023630532318221320e+00
2.013458105997748326e+00
2.003339966470452094e+00
1.993280498286474689e+00
1.983283729040998811e+00
1.973353347591683793e+00
1.963492721897516002e+00
1.953704916410884174e+00
1.943992708968576899e+00
1.934358607139277542e+00
1.924804863995799975e+00
1.915333493289483213e+00
1.905946284012141501e+00
1.896644814337742568e+00
1.887430464941911579e+00
1.878304431702172206e+00
1.869267737786128869e+00
1.860321245137925406e+00
1.851465665376413439e+00
1.842701570120483634e+00
1.834029400758821593e+00
1.825449477682569821e+00
1.816962009000668843e+00
1.808567098757827951e+00
1.800264754675851009e+00
1.792054895439036732e+00
1.783937357544391755e+00
1.775911901737103005e+00
1.767978219051699273e+00
1.760135936478503638e+00
1.752384622274819392e+00
1.744723790939592067e+00
1.737152907869620400e+00
1.729671393714876881e+00
1.722278628449686044e+00
1.714973955175929099e+00
1.707756683673622433e+00
1.700626093713702103e+00
1.693581438146867679e+00
1.686621945782020626e+00
1.679746824066846056e+00
1.672955261582568243e+00
1.666246430364337616e+00
1.659619488057915593e+00
1.653073579922967440e+00
1.646607840692467573e+00
1.640221396297372181e+00
1.633913365465058831e+00
1.627682861199632569e+00
1.621528992151656912e+00
1.615450863884468014e+00
1.609447580043758208e+00
1.603518243436752089e+00
1.597661957026917712e+00
1.591877824849700973e+00
1.586164952854614674e+00
1.580522449678469998e+00
1.574949427354410236e+00
1.569445001961020880e+00
1.564008294215564199e+00
1.558638430015109266e+00
1.553334540929093954e+00
1.548095764646649330e+00
1.542921245381775996e+00
1.537810134239271598e+00
1.532761589544153757e+00
1.527774777137096640e+00
1.522848870638259688e+00
1.517983051681763396e+00
1.513176510122846041e+00
1.508428444219698239e+00
1.503738060791742992e+00
1.499104575356116076e+00
1.494527212243863534e+00
1.490005204697436580e+00
1.485537794950755108e+00
1.481124234293256459e+00
1.476763783119023454e+00
1.472455710962222275e+00
1.468199296519828723e+00
1.463993827662677383e+00
1.459838601435717198e+00
1.455732924048362520e+00
1.451676110855713464e+00
1.447667486331406739e+00
1.443706384032789947e+00
1.439792146559070174e+00
1.435924125503031279e+00
1.432101681396910298e+00
1.428324183652907475e+00
1.424591010498903687e+00
1.420901548909730527e+00
1.417255194534533302e+00
1.413651351620523355e+00
1.410089432933561593e+00
1.406568859675857652e+00
1.403089061401159965e+00
1.399649475927659426e+00
1.396249549248969046e+00
1.392888735443350345e+00
1.389566496581487787e+00
1.386282302632991570e+00
1.383035631371836160e+00
1.379825968280954163e+00
1.376652806456113654e+00
1.373515646509282817e+00
1.370413996471602669e+00
1.367347371696109093e+00
1.364315294760352959e+00
1.361317295369003144e+00
1.358352910256573676e+00
1.355421683090341167e+00
1.352523164373572451e+00
1.349656911349124577e+00
1.346822487903515775e+00
1.344019464471508662e+00
1.341247417941289433e+00
1.338505931560306728e+00
1.335794594841810401e+00
1.333113003472121916e+00
1.330460759218733635e+00
1.327837469839201257e+00
1.325242748990942188e+00
1.322676216141904559e+00
1.320137496482172157e+00
1.317626220836529694e+00
1.315142025577979989e+00
1.312684552542281446e+00
1.310253448943458965e+00
1.307848367290369129e+00
1.305468965304269036e+00
1.303114905837450710e+00
1.300785856792909811e+00
1.298481491045076375e+00
1.296201486361598487e+00
1.293945525326201329e+00
1.291713295262593375e+00
1.289504488159443074e+00
1.287318800596421120e+00
1.285155933671287443e+00
1.283015592928056225e+00
1.280897488286191876e+00
1.278801333970862153e+00
1.276726848444223794e+00
1.274673754337753540e+00
1.272641778385594558e+00
1.270630651358927388e+00
1.268640108001345634e+00
1.266669886965241076e+00
1.264719730749166215e+00
1.262789385636202022e+00
1.260878601633268481e+00
1.258987132411425902e+00
1.257114735247102821e+00
1.255261170964282469e+00
1.253426203877606948e+00
1.251609601736402233e+00
1.249811135669616213e+00
1.248030580131633593e+00
1.246267712849005171e+00
1.244522314768008231e+00
1.242794170003107102e+00
1.241083065786233508e+00
1.239388792416912466e+00
1.237711143213214626e+00
1.236049914463522414e+00
1.234404905379085315e+00
1.232775918047378738e+00
1.231162757386234263e+00
1.229565231098726175e+00
1.227983149628827597e+00
1.226416326117796274e+00
1.224864576361297974e+00
1.223327718767246663e+00
1.221805574314348775e+00
1.220297966511350918e+00
1.218804721356971932e+00
1.217325667300499292e+00
1.215860635203065421e+00
1.214409458299561706e+00
1.212971972161204670e+00
1.211548014658727412e+00
1.210137425926195887e+00
1.208740048325436245e+00
1.207355726411052155e+00
1.205984306896052072e+00
1.204625638618040284e+00
1.203279572505979722e+00
1.201945961547532526e+00
1.200624660756926865e+00
1.199315527143385740e+00
1.198018419680083380e+00
1.196733199273615211e+00
1.195459728733999638e+00
1.194197872745168976e+00
1.192947497835975756e+00
1.191708472351666659e+00
1.190480666425849821e+00
1.189263951952935550e+00
1.188058202561027343e+00
1.186863293585287416e+00
1.185679102041729438e+00
1.184505506601468694e+00
1.183342387565385900e+00
1.182189626839239116e+00
1.181047107909170890e+00
1.179914715817632853e+00
1.178792337139716651e+00
1.177679859959880115e+00
1.176577173849049363e+00
1.175484169842124560e+00
1.174400740415838307e+00
1.173326779466999481e+00
1.172262182291088806e+00
1.171206845561208132e+00
1.170160667307396540e+00
1.169123546896267518e+00
1.168095385010991638e+00
1.167076083631618078e+00
1.166065546015710774e+00
1.165063676679310323e+00
1.164070381378201624e+00
1.163085567089505723e+00
1.162109141993558303e+00
1.161141015456092829e+00
1.160181098010719447e+00
1.159229301341682561e+00
1.158285538266910386e+00
1.157349722721333629e+00
1.156421769740481276e+00
1.155501595444342611e+00
1.154589117021490363e+00
1.153684252713468306e+00
1.152786921799423769e+00
1.151897044580994400e+00
1.151014542367444715e+00
1.150139337461030697e+00
1.149271353142611751e+00
1.148410513657492915e+00
1.147556744201493562e+00
1.146709970907236587e+00
1.145870120830667194e+00
1.145037121937781954e+00
1.144210903091567921e+00
1.143391394039161346e+00
1.142578525399200018e+00
1.141772228649384324e+00
1.140972436114236377e+00
1.140179080953050095e+00
1.139392097148037131e+00
1.138611419492660204e+00
1.137836983580147621e+00
1.137068725792194979e+00
1.136306583287843397e+00
1.135550493992530718e+00
1.134800396587319238e+00
1.134056230498290629e+00
1.133317935886107408e+00
1.132585453635743589e+00
1.131858725346363448e+00
1.131137693321375037e+00
1.130422300558625359e+00
1.129712490740758524e+00
1.129008208225715126e+00
1.128309398037387501e+00
1.127616005856416193e+00
1.126927978011127429e+00
1.126245261468614700e+00
1.125567803825957336e+00
1.124895553301570983e+00
1.124228458726697744e+00
1.123566469537021550e+00
1.122909535764416100e+00
1.122257608028817355e+00
1.121610637530219945e+00
1.120968576040799913e+00
1.120331375897154258e+00
1.119698989992657934e+00
1.119071371769941425e+00
1.118448475213479343e+00
1.117830254842292259e+00
1.117216665702759570e+00
1.116607663361540936e+00
1.116003203898605189e+00
1.115403243900362718e+00
1.114807740452904206e+00
1.114216651135338410e+00
1.113629934013230072e+00
1.113047547632139755e+00
1.112469451011254495e+00
1.111895603637118812e+00
1.111325965457457876e+00
1.110760496875089709e+00
1.110199158741934422e+00
1.109641912353104054e+00
1.109088719441088333e+00
1.108539542170019931e+00
1.107994343130028980e+00
1.107453085331677300e+00
1.106915732200480340e+00
1.106382247571501276e+00
1.105852595684032824e+00
1.105326741176352323e+00
1.104804649080554091e+00
1.104286284817459052e+00
1.103771614191597417e+00
1.103260603386264416e+00
1.102753218958649528e+00
1.102249427835033879e+00
1.101749197306060468e+00
1.101252495022070121e+00
1.100759288988505169e+00
1.100269547561383510e+00
1.099783239442831073e+00
1.099300333676685781e+00
1.098820799644158352e+00
1.098344607059559497e+00
1.097871725966088619e+00
1.097402126731678695e+00
1.096935780044904662e+00
1.096472656910948196e+00
1.096012728647620893e+00
1.095555966881442522e+00
1.095102343543775891e+00
1.094651830867018338e+00
1.094204401380842961e+00
1.093760027908496024e+00
1.093318683563146543e+00
1.092880341744286277e+00
1.092444976134179901e+00
1.092012560694366252e+00
1.091583069662208194e+00
1.091156477547492454e+00
1.090732759129070750e+00
1.090311889451556437e+00
1.089893843822062447e+00
1.089478597806982751e+00
1.089066127228823788e+00
1.088656408163075628e+00
1.088249416935127556e+00
1.087845130117226722e+00
1.087443524525480543e+00
1.087044577216894403e+00
1.086648265486458875e+00
1.086254566864268023e+00
1.085863459112684559e+00
1.085474920223538975e+00
1.085088928415370413e+00
1.084705462130701292e+00
1.084324500033352789e+00
1.083946021005795624e+00
1.083570004146535926e+00
1.083196428767536412e+00
1.082825274391676196e+00
1.082456520750238793e+00
1.082090147780438771e+00
1.081726135622981699e+00
1.081364464619653409e+00
1.081005115310945008e+00
1.080648068433707865e+00
1.080293304918842123e+00
1.079940805889013422e+00
1.079590552656401581e+00
1.079242526720480599e+00
1.078896709765825745e+00
1.078553083659950618e+00
1.078211630451173519e+00
1.077872332366512920e+00
1.077535171809608006e+00
1.077200131358670099e+00
1.076867193764457165e+00
1.076536341948279851e+00
1.076207559000029068e+00
1.075880828176233317e+00
1.075556132898137340e+00
1.075233456749812078e+00
1.074912783476281053e+00
1.074594096981680513e+00
1.074277381327434444e+00
1.073962620730461337e+00
1.073649799561398499e+00
1.073338902342851675e+00
1.073029913747668873e+00
1.072722818597233285e+00
1.072417601859779746e+00
1.072114248648734947e+00
1.071812744221074976e+00
1.071513073975707053e+00
1.071215223451871035e+00
1.070919178327563115e+00
1.070624924417973967e+00
1.070332447673954857e+00
1.070041734180497972e+00
1.069752770155238286e+00
1.069465541946971854e+00
1.069180036034197867e+00
1.068896239023674033e+00
1.068614137648992601e+00
1.068333718769175267e+00
1.068054969367284279e+00
1.067777876549050875e+00
1.067502427541523247e+00
1.067228609691728725e+00
1.066956410465353944e+00
1.066685817445442552e+00
1.066416818331107796e+00
1.066149400936261982e+00
1.065883553188359478e+00
1.065619263127160821e+00
1.065356518903506133e+00
1.065095308778108762e+00
1.064835621120357123e+00
1.064577444407141638e+00
1.064320767221686559e+00
1.064065578252400668e+00
1.063811866291741737e+00
1.063559620235095649e+00
1.063308829079667062e+00
1.063059481923384952e+00
1.062811567963823478e+00
1.062565076497132166e+00
1.062319996916981868e+00
1.062076318713523815e+00
1.061834031472360218e+00
1.061593124873526195e+00
1.061353588690487237e+00
1.061115412789146895e+00
1.060878587126866224e+00
1.060643101751495454e+00
1.060408946800419860e+00
1.060176112499610301e+00
1.059944589162694406e+00
1.059714367190031536e+00
1.059485437067802405e+00
1.059257789367108682e+00
1.059031414743083488e+00
1.058806303934012094e+00
1.058582447760464840e+00
1.058359837124438041e+00
1.058138463008505559e+00
1.057918316474983023e+00
1.057699388665099161e+00
1.057481670798176232e+00
1.057265154170825561e+00
1.057049830156144177e+00
1.056835690202929223e+00
1.056622725834896359e+00
1.056410928649909486e+00
1.056200290319218693e+00
1.055990802586707744e+00
1.055782457268149122e+00
1.055575246250471055e+00
1.055369161491028551e+00
1.055164195016886186e+00
