-1.567871891588389587e+11
2.312738401521508003e+00
2.315184979566635270e+00
2.317538626313230932e+00
2.318167146494825914e+00
2.317591205223683115e+00
2.316166218756039896e+00
2.314073649911550845e+00
2.311408308808149847e+00
2.308225330941449105e+00
2.304561547219211803e+00
2.300445067099796237e+00
2.295899666431319375e+00
2.290946853893340851e+00
2.285606870970931404e+00
2.279899186910251174e+00
2.273842746979220841e+00
2.267456096138852129e+00
2.260757437419855798e+00
2.253764654689892843e+00
2.246495315258354886e+00
2.238966660772346629e+00
2.231195591327179262e+00
2.223198645860412270e+00
2.214991980867481836e+00
2.206591348858532697e+00
2.198012077572597534e+00
2.189269050679734097e+00
2.180376690487150881e+00
2.171348942997046727e+00
2.162199265530087899e+00
2.152940617020287384e+00
2.143585451001672304e+00
2.134145711238875087e+00
2.124632829902256326e+00
2.115057728148522997e+00
2.105430818940399185e+00
2.095762011919908296e+00
2.086060720138929625e+00
2.076335868445988275e+00
2.066595903328455996e+00
2.056848804013453158e+00
2.047102094638181491e+00
2.037362857309618747e+00
2.027637745884823595e+00
2.017933000314947822e+00
2.008254461408962133e+00
1.998607585885720184e+00
1.988997461596252680e+00
1.979428822810208599e+00
1.969906065472904144e+00
1.960433262350697037e+00
1.951014177993277254e+00
1.941652283451584582e+00
1.932350770699438947e+00
1.923112566715400096e+00
1.913940347189312829e+00
1.904836549825002834e+00
1.895803387216842495e+00
1.886842859283719642e+00
1.877956765248750770e+00
1.869146715157748773e+00
1.860414140932995730e+00
1.851760306962454639e+00
1.843186320227415465e+00
1.834693139973810450e+00
1.826281586934728418e+00
1.817952352113284764e+00
1.809706005136389351e+00
1.801543002191084542e+00
1.793463693556125671e+00
1.785468330741952769e+00
1.777557073252913789e+00
1.769729994985735466e+00
1.761987090278520407e+00
1.754328279624653320e+00
1.746753415065751103e+00
1.739262285277959563e+00
1.731854620365459230e+00
1.724530096374834010e+00
1.717288339543776132e+00
1.710128930297032390e+00
1.703051407002266870e+00
1.696055269498090823e+00
1.689139982406013374e+00
1.682304978237699977e+00
1.675549660308425892e+00
1.668873405467269144e+00
1.662275566653975023e+00
1.655755475292147949e+00
1.649312443527912286e+00
1.642945766322711165e+00
1.636654723408656587e+00
1.630438581114220131e+00
1.624296594067847543e+00
1.618228006786578632e+00
1.612232055156484378e+00
1.606307967811250847e+00
1.600454967415062990e+00
1.594672271855441803e+00
1.588959095351521356e+00
1.583314649482886693e+00
1.577738144143788768e+00
1.572228788427331825e+00
1.566785791443959797e+00
1.561408363078288453e+00
1.556095714688114029e+00
1.550847059749272727e+00
1.545661614449686638e+00
1.540538598235829504e+00
1.535477234314668760e+00
1.530476750113868523e+00
1.525536377702963353e+00
1.520655354178016783e+00
1.515832922012107620e+00
1.511068329373902674e+00
1.506360830416357377e+00
1.501709685537577998e+00
1.497114161615598960e+00
1.492573532218905097e+00
1.488087077794242097e+00
1.483654085833298719e+00
1.479273851019676123e+00
1.474945675357486330e+00
1.470668868282831721e+00
1.466442746759406113e+00
1.462266635359233291e+00
1.458139866329694279e+00
1.454061779647725761e+00
1.450031723062172206e+00
1.446049052125118140e+00
1.442113130213014571e+00
1.438223328538356771e+00
1.434379026152604597e+00
1.430579609941038832e+00
1.426824474610149718e+00
1.423113022668122341e+00
1.419444664399022837e+00
1.415818817831115961e+00
1.412234908699852465e+00
1.408692370405939087e+00
1.405190643968926567e+00
1.401729177976673846e+00
1.398307428531101237e+00
1.394924859190519673e+00
1.391580940908904385e+00
1.388275151972350407e+00
1.385006977933071592e+00
1.381775911541093915e+00
1.378581452673992125e+00
1.375423108264810512e+00
1.372300392228417376e+00
1.369212825386512122e+00
1.366159935391395797e+00
1.363141256648737976e+00
1.360156330239471689e+00
1.357204703840968030e+00
1.354285931647632113e+00
1.351399574291012096e+00
1.348545198759608210e+00
1.345722378318414014e+00
1.342930692428343953e+00
1.340169726665603189e+00
1.337439072641127602e+00
1.334738327920134360e+00
1.332067095941875223e+00
1.329424985939654524e+00
1.326811612861180212e+00
1.324226597289301699e+00
1.321669565363184473e+00
1.319140148699968984e+00
1.316637984316960219e+00
1.314162714554399924e+00
1.311713986998819470e+00
1.309291454407064847e+00
1.306894774630960265e+00
1.304523610542688283e+00
1.302177629960882932e+00
1.299856505577463350e+00
1.297559914885227927e+00
1.295287540106235369e+00
1.293039068120955370e+00
1.290814190398252848e+00
1.288612602926169526e+00
1.286434006143528652e+00
1.284278104872388804e+00
1.282144608251323259e+00
1.280033229669545802e+00
1.277943686701885628e+00
1.275875701044613564e+00
1.273828998452122940e+00
1.271803308674452015e+00
1.269798365395667927e+00
1.267813906173095306e+00
1.265849672377397539e+00
1.263905409133492697e+00
1.261980865262330997e+00
1.260075793223484952e+00
1.258189949058587942e+00
1.256323092335600577e+00
1.254474986093887301e+00
1.252645396790119436e+00
1.250834094244981820e+00
1.249040851590683676e+00
1.247265445219260638e+00
1.245507654731666802e+00
1.243767262887651714e+00
1.242044055556391857e+00
1.240337821667904628e+00
1.238648353165208382e+00
1.236975444957225667e+00
1.235318894872429407e+00
1.233678503613218291e+00
1.232054074711004699e+00
1.230445414482023159e+00
1.228852331983834478e+00
1.227274638972523979e+00
1.225712149860584077e+00
1.224164681675470101e+00
1.222632054018820691e+00
1.221114089026338778e+00
1.219610611328314276e+00
1.218121448010784702e+00
1.216646428577325079e+00
1.215185384911463107e+00
1.213738151239693419e+00
1.212304564095104897e+00
1.210884462281585305e+00
1.209477686838631660e+00
1.208084081006708166e+00
1.206703490193193451e+00
1.205335761938871597e+00
1.203980745884976056e+00
1.202638293740769804e+00
1.201308259251660404e+00
1.199990498167840869e+00
1.198684868213436117e+00
1.197391229056161910e+00
1.196109442277486279e+00
1.194839371343265455e+00
1.193580881574888952e+00
1.192333840120866073e+00
1.191098115928907131e+00
1.189873579718452312e+00
1.188660103953645075e+00
1.187457562816764511e+00
1.186265832182087365e+00
1.185084789590175269e+00
1.183914314222593189e+00
1.182754286877033767e+00
1.181604589942859329e+00
1.180465107377040246e+00
1.179335724680490305e+00
1.178216328874787333e+00
1.177106808479275513e+00
1.176007053488552279e+00
1.174916955350310266e+00
1.173836406943550292e+00
1.172765302557152278e+00
1.171703537868786116e+00
1.170651009924181807e+00
1.169607617116729337e+00
1.168573259167407175e+00
1.167547837105055386e+00
1.166531253246948063e+00
1.165523411179696600e+00
1.164524215740463609e+00
1.163533572998471044e+00
1.162551390236825188e+00
1.161577575934621187e+00
1.160612039749345570e+00
1.159654692499564321e+00
1.158705446147887619e+00
1.157764213784212570e+00
1.156830909609236624e+00
1.155905448918232992e+00
1.154987748085095633e+00
1.154077724546630934e+00
1.153175296787111836e+00
1.152280384323074447e+00
1.151392907688360445e+00
1.150512788419396859e+00
1.149639949040718090e+00
1.148774313050708429e+00
1.147915804907589044e+00
1.147064350015609246e+00
1.146219874711472020e+00
1.145382306250972704e+00
1.144551572795844407e+00
1.143727603400819914e+00
1.142910328000895426e+00
1.142099677398794810e+00
1.141295583252636581e+00
1.140497978063787832e+00
1.139706795164924014e+00
1.138921968708258126e+00
1.138143433653973968e+00
1.137371125758826818e+00
1.136604981564933503e+00
1.135844938388729908e+00
1.135090934310108324e+00
1.134342908161721120e+00
1.133600799518452718e+00
1.132864548687055661e+00
1.132134096695945225e+00
1.131409385285160996e+00
1.130690356896475235e+00
1.129976954663658439e+00
1.129269122402901004e+00
1.128566804603370555e+00
1.127869946417929370e+00
1.127178493653983926e+00
1.126492392764485206e+00
1.125811590839058240e+00
1.125136035595273531e+00
1.124465675370051487e+00
1.123800459111198080e+00
1.123140336369070180e+00
1.122485257288369453e+00
1.121835172600058828e+00
1.121190033613403303e+00
1.120549792208134887e+00
1.119914400826732992e+00
1.119283812466820294e+00
1.118657980673682495e+00
1.118036859532889338e+00
1.117420403663034634e+00
1.116808568208588426e+00
1.116201308832847294e+00
1.115598581710998793e+00
1.115000343523286475e+00
1.114406551448280602e+00
1.113817163156244350e+00
1.113232136802602135e+00
1.112651431021510540e+00
1.112075004919513832e+00
1.111502818069303622e+00
1.110934830503569337e+00
1.110371002708933741e+00
1.109811295619988591e+00
1.109255670613410016e+00
1.108704089502163370e+00
1.108156514529797798e+00
1.107612908364817406e+00
1.107073234095142134e+00
1.106537455222644351e+00
1.106005535657770267e+00
1.105477439714238397e+00
1.104953132103812186e+00
1.104432577931155013e+00
1.103915742688757806e+00
1.103402592251935488e+00
1.102893092873905134e+00
1.102387211180928528e+00
1.101884914167528651e+00
1.101386169191774789e+00
1.100890943970632918e+00
1.100399206575387367e+00
1.099910925427126651e+00
1.099426069292293473e+00
1.098944607278299568e+00
1.098466508829202493e+00
1.097991743721446811e+00
1.097520282059662344e+00
1.097052094272524370e+00
1.096587151108674441e+00
1.096125423632697160e+00
1.095666883221152021e+00
1.095211501558668754e+00
1.094759250634088854e+00
1.094310102736669288e+00
1.093864030452333713e+00
1.093421006659982320e+00
1.092981004527850075e+00
1.092543997509915599e+00
1.092109959342362435e+00
1.091678864040089847e+00
1.091250685893271344e+00
1.090825399463960954e+00
1.090402979582749454e+00
1.089983401345463010e+00
1.089566640109911999e+00
1.089152671492682689e+00
1.088741471365972435e+00
1.088333015854471952e+00
1.087927281332286888e+00
1.087524244419903807e+00
1.087123881981202356e+00
1.086726171120495632e+00
1.086331089179627174e+00
1.085938613735097480e+00
1.085548722595231608e+00
1.085161393797389184e+00
1.084776605605207056e+00
1.084394336505884349e+00
1.084014565207501724e+00
1.083637270636377936e+00
1.083262431934463699e+00
1.082890028456764853e+00
1.082520039768811948e+00
1.082152445644150252e+00
1.081787226061873941e+00
1.081424361204189166e+00
1.081063831454010860e+00
1.080705617392590412e+00
1.080349699797177987e+00
1.079996059638713479e+00
1.079644678079549669e+00
1.079295536471205352e+00
1.078948616352147338e+00
1.078603899445605530e+00
1.078261367657412872e+00
1.077921003073875728e+00
1.077582787959672217e+00
1.077246704755781215e+00
1.076912736077431765e+00
1.076580864712087138e+00
1.076251073617450649e+00
1.075923345919499674e+00
1.075597664910544760e+00
1.075274014047313820e+00
1.074952376949063204e+00
1.074632737395711635e+00
1.074315079325997457e+00
1.073999386835665204e+00
1.073685644175667253e+00
1.073373835750398353e+00
1.073063946115945022e+00
1.072755959978361817e+00
1.072449862191970249e+00
1.072145637757675685e+00
1.071843271821311561e+00
1.071542749672000916e+00
1.071244056740538797e+00
1.070947178597798644e+00
1.070652100953156660e+00
1.070358809652935284e+00
1.070067290678870853e+00
1.069777530146595934e+00
1.069489514304143629e+00
1.069203229530470756e+00
1.068918662333999459e+00
1.068635799351177251e+00
1.068354627345053709e+00
1.068075133203880478e+00
1.067797303939721276e+00
1.067521126687085875e+00
1.067246588701578514e+00
1.066973677358562744e+00
1.066702380151843377e+00
1.066432684692368404e+00
1.066164578706940480e+00
1.065898050036951039e+00
1.065633086637125526e+00
1.065369676574287494e+00
1.065107808026136915e+00
1.064847469280041148e+00
1.064588648731845444e+00
1.064331334884696556e+00
1.064075516347877892e+00
1.063821181835662655e+00
1.063568320166180525e+00
1.063316920260297227e+00
1.063066971140508743e+00
1.062818461929847080e+00
1.062571381850803576e+00
1.062325720224260639e+00
1.062081466468441260e+00
1.061838610097865621e+00
1.061597140722327692e+00
1.061357048045876494e+00
1.061118321865816005e+00
1.060880952071713290e+00
1.060644928644421947e+00
1.060410241655112662e+00
1.060176881264321302e+00
1.059944837721004562e+00
1.059714101361605820e+00
1.059484662609136985e+00
1.059256511972269443e+00
1.059029640044430343e+00
1.058804037502921291e+00
1.058579695108035290e+00
1.058356603702193199e+00
1.058134754209085315e+00
1.057914137632825158e+00
1.057694745057115027e+00
1.057476567644415999e+00
1.057259596635134802e+00
1.057043823346815570e+00
1.056829239173341373e+00
1.056615835584147511e+00
1.056403604123442808e+00
1.056192536409439775e+00
1.055982624133593006e+00
1.055773859059849995e+00
1.055566233023906619e+00
1.055359737932473507e+00
1.055154365762549951e+00
1.054950108560709143e+00
