5.408078403317893677e+11
2.274369788928365832e+00
2.278068878928671825e+00
2.280301482944632419e+00
2.281243925780815474e+00
2.281123940447228549e+00
2.280158252410544151e+00
2.278493698974568993e+00
2.276225657355293919e+00
2.273418782321805942e+00
2.270119982785885782e+00
2.266365693712572682e+00
2.262185912608379645e+00
2.257606502178687968e+00
2.252650557920765628e+00
2.247339253840366702e+00
2.241692383092787288e+00
2.235728711493747412e+00
2.229466211195903824e+00
2.222922214953328535e+00
2.216113516477956402e+00
2.209056433684263077e+00
2.201766846273049083e+00
2.194260215668178304e+00
2.186551593018905670e+00
2.178655619386747233e+00
2.170586521103881950e+00
2.162358102467833554e+00
2.153983737331996551e+00
2.145476360700639518e+00
2.136848461098638463e+00
2.128112074231387485e+00
2.119278778258776086e+00
2.110359690862682935e+00
2.101365468180368623e+00
2.092306305596982607e+00
2.083191940333452230e+00
2.074031655725820933e+00
2.064834287065604901e+00
2.055608228853883723e+00
2.046361443313427397e+00
2.037101470000311387e+00
2.027835436358377041e+00
2.018570069064932859e+00
2.009311706023510169e+00
2.000066308868728271e+00
1.990839475858079854e+00
1.981636455036315692e+00
1.972462157568798169e+00
1.963321171150827604e+00
1.954217773410325432e+00
1.945155945231500816e+00
1.936139383936024139e+00
1.927171516267570883e+00
1.918255511133322599e+00
1.909394292063759879e+00
1.900590549358761816e+00
1.891846751894225687e+00
1.883165158568974373e+00
1.874547829376608910e+00
1.865996636091416416e+00
1.857513272561204687e+00
1.849099264603361270e+00
1.840755979503306161e+00
1.832484635117116900e+00
1.824286308582134364e+00
1.816161944641195847e+00
1.808112363587745630e+00
1.800138268840194566e+00
1.792240254154963575e+00
1.784418810488507923e+00
1.776674332519062816e+00
1.769007124839521605e+00
1.761417407833027804e+00
1.753905323243016845e+00
1.746470939449707549e+00
1.739114256464903363e+00
1.731835210656875290e+00
1.724633679217053572e+00
1.717509484380005169e+00
1.710462397407909396e+00
1.703492142350553795e+00
1.696598399591480177e+00
1.689780809190665867e+00
1.683038974033737922e+00
1.676372462797434126e+00
1.669780812740535580e+00
1.663263532329337657e+00
1.656820103706158509e+00
1.650449985009194709e+00
1.644152612551557979e+00
1.637927402867084270e+00
1.631773754630034601e+00
1.625691050455640774e+00
1.619678658587949016e+00
1.613735934481255629e+00
1.607862222280997511e+00
1.602056856209773450e+00
1.596319161863780645e+00
1.590648457424814755e+00
1.585044054792573043e+00
1.579505260641836717e+00
1.574031377408909194e+00
1.568621704211286882e+00
1.563275537704595264e+00
1.557992172880276804e+00
1.552770903807646263e+00
1.547611024323492845e+00
1.542511828672410878e+00
1.537472612100684088e+00
1.532492671406585405e+00
1.527571305449650696e+00
1.522707815621412442e+00
1.517901506279889734e+00
1.513151685150080361e+00
1.508457663692496675e+00
1.503818757441677034e+00
1.499234286316575293e+00
1.494703574904513221e+00
1.490225952720352076e+00
1.485800754442434979e+00
1.481427320126758707e+00
1.477104995400714715e+00
1.472833131637726778e+00
1.468611086113980502e+00
1.464438222148414237e+00
1.460313909227022755e+00
1.456237523112496657e+00
1.452208445940170733e+00
1.448226066301172343e+00
1.444289779313606914e+00
1.440398986682593252e+00
1.436553096749894731e+00
1.432751524533835141e+00
1.428993691760207740e+00
1.425279026884751943e+00
1.421606965107812259e+00
1.417976948381713509e+00
1.414388425411414074e+00
1.410840851648867966e+00
1.407333689281583977e+00
1.403866407215830892e+00
1.400438481054832707e+00
1.397049393072421708e+00
1.393698632182420072e+00
1.390385693904145237e+00
1.387110080324310379e+00
1.383871300055666165e+00
1.380668868192602705e+00
1.377502306264014154e+00
1.374371142183655747e+00
1.371274910198206021e+00
1.368213150833282432e+00
1.365185410837577606e+00
1.362191243125321805e+00
1.359230206717241485e+00
1.356301866680177159e+00
1.353405794065529744e+00
1.350541565846643088e+00
1.347708764855305663e+00
1.344906979717449325e+00
1.342135804788198827e+00
1.339394840086365335e+00
1.336683691228476967e+00
1.334001969362469620e+00
1.331349291101091570e+00
1.328725278455131109e+00
1.326129558766544259e+00
1.323561764641510985e+00
1.321021533883558030e+00
1.318508509426749908e+00
1.316022339269021790e+00
1.313562676405727325e+00
1.311129178763413616e+00
1.308721509133902616e+00
1.306339335108699595e+00
1.303982329013771313e+00
1.301650167844730754e+00
1.299342533202460404e+00
1.297059111229204698e+00
1.294799592545148315e+00
1.292563672185522039e+00
1.290351049538241313e+00
1.288161428282106336e+00
1.285994516325591697e+00
1.283850025746202217e+00
1.281727672730470724e+00
1.279627177514556680e+00
1.277548264325477856e+00
1.275490661322992603e+00
1.273454100542128931e+00
1.271438317836371290e+00
1.269443052821510598e+00
1.267468048820169280e+00
1.265513052806993555e+00
1.263577815354522738e+00
1.261662090579740436e+00
1.259765636091308094e+00
1.257888212937467554e+00
1.256029585554639283e+00
1.254189521716689848e+00
1.252367792484882392e+00
1.250564172158506127e+00
1.248778438226172849e+00
1.247010371317799127e+00
1.245259755157233084e+00
1.243526376515569964e+00
1.241810025165122067e+00
1.240110493834026384e+00
1.238427578161537479e+00
1.236761076653930758e+00
1.235110790641067879e+00
1.233476524233604099e+00
1.231858084280798238e+00
1.230255280328977241e+00
1.228667924580588267e+00
1.227095831853895591e+00
1.225538819543253055e+00
1.223996707579986687e+00
1.222469318393877069e+00
1.220956476875214136e+00
1.219458010337434395e+00
1.217973748480332574e+00
1.216503523353836824e+00
1.215047169322337695e+00
1.213604523029572890e+00
1.212175423364050708e+00
1.210759711425015483e+00
1.209357230488935953e+00
1.207967825976523191e+00
1.206591345420254591e+00
1.205227638432414761e+00
1.203876556673636689e+00
1.202537953821929628e+00
1.201211685542196594e+00
1.199897609456248349e+00
1.198595585113262807e+00
1.197305473960729394e+00
1.196027139315851473e+00
1.194760446337398863e+00
1.193505261998000000e+00
1.192261455056891961e+00
1.191028896033077267e+00
1.189807457178939654e+00
1.188597012454240653e+00
1.187397437500570696e+00
1.186208609616168586e+00
1.185030407731176183e+00
1.183862712383258575e+00
1.182705405693638134e+00
1.181558371343489178e+00
1.180421494550720762e+00
1.179294662047130737e+00
1.178177762055917510e+00
1.177070684269557299e+00
1.175973319828027330e+00
1.174885561297382752e+00
1.173807302648676609e+00
1.172738439237201558e+00
1.171678867782086853e+00
1.170628486346200203e+00
1.169587194316375811e+00
1.168554892383963928e+00
1.167531482525679287e+00
1.166516867984769501e+00
1.165510953252464788e+00
1.164513644049736785e+00
1.163524847309344024e+00
1.162544471158161619e+00
1.161572424899791178e+00
1.160608618997446051e+00
1.159652965057115237e+00
1.158705375810984206e+00
1.157765765101125055e+00
1.156834047863444237e+00
1.155910140111883866e+00
1.154993958922869934e+00
1.154085422420011664e+00
1.153184449759041330e+00
1.152290961112984791e+00
1.151404877657578485e+00
1.150526121556903147e+00
1.149654615949254222e+00
1.148790284933228323e+00
1.147933053554030192e+00
1.147082847789994364e+00
1.146239594539318674e+00
1.145403221607006472e+00
1.144573657692013580e+00
1.143750832374587745e+00
1.142934676103823932e+00
1.142125120185396137e+00
1.141322096769489036e+00
1.140525538838917941e+00
1.139735380197429926e+00
1.138951555458189047e+00
1.138174000032442290e+00
1.137402650118356284e+00
1.136637442690032085e+00
1.135878315486686496e+00
1.135125207002003034e+00
1.134378056473645202e+00
1.133636803872932752e+00
1.132901389894678257e+00
1.132171755947177783e+00
1.131447844142354331e+00
1.130729597286058485e+00
1.130016958868509835e+00
1.129309873054894275e+00
1.128608284676091644e+00
1.127912139219561682e+00
1.127221382820354778e+00
1.126535962252265932e+00
1.125855824919127501e+00
1.125180918846223177e+00
1.124511192671842963e+00
1.123846595638960277e+00
1.123187077587039173e+00
1.122532588943959908e+00
1.121883080718070635e+00
1.121238504490361221e+00
1.120598812406746969e+00
1.119963957170476698e+00
1.119333892034650946e+00
1.118708570794850532e+00
1.118087947781882363e+00
1.117471977854625154e+00
1.116860616392988614e+00
1.116253819290975891e+00
1.115651542949847475e+00
1.115053744271389924e+00
1.114460380651281612e+00
1.113871409972559956e+00
1.113286790599182341e+00
1.112706481369685418e+00
1.112130441590935881e+00
1.111558631031975608e+00
1.110991009917954075e+00
1.110427538924154467e+00
1.109868179170102387e+00
1.109312892213769164e+00
1.108761640045850427e+00
1.108214385084134168e+00
1.107671090167950290e+00
1.107131718552703648e+00
1.106596233904478810e+00
1.106064600294732081e+00
1.105536782195055912e+00
1.105012744472022135e+00
1.104492452382096701e+00
1.103975871566630351e+00
1.103462968046918791e+00
1.102953708219343021e+00
1.102448058850564072e+00
1.101945987072802557e+00
1.101447460379176624e+00
1.100952446619110292e+00
1.100460913993805745e+00
1.099972831051782896e+00
1.099488166684481349e+00
1.099006890121922986e+00
1.098528970928440929e+00
1.098054378998464475e+00
1.097583084552368415e+00
1.097115058132375642e+00
1.096650270598525490e+00
1.096188693124690028e+00
1.095730297194655423e+00
1.095275054598249920e+00
1.094822937427536003e+00
1.094373918073046070e+00
1.093927969220078289e+00
1.093485063845041960e+00
1.093045175211853071e+00
1.092608276868380468e+00
1.092174342642943996e+00
1.091743346640857704e+00
1.091315263241024569e+00
1.090890067092576965e+00
1.090467733111562643e+00
1.090048236477679122e+00
1.089631552631051381e+00
1.089217657269054396e+00
1.088806526343179870e+00
1.088398136055946486e+00
1.087992462857851894e+00
1.087589483444366012e+00
1.087189174752966281e+00
1.086791513960216227e+00
1.086396478478877103e+00
1.086004045955066388e+00
1.085614194265450694e+00
1.085226901514476205e+00
1.084842146031642418e+00
1.084459906368804072e+00
1.084080161297519718e+00
1.083702889806426040e+00
1.083328071098655698e+00
1.082955684589285816e+00
1.082585709902821547e+00
1.082218126870714281e+00
1.081852915528912940e+00
1.081490056115446574e+00
1.081129529068042494e+00
1.080771315021772816e+00
1.080415394806734319e+00
1.080061749445759389e+00
1.079710360152156490e+00
1.079361208327481503e+00
1.079014275559337488e+00
1.078669543619204418e+00
1.078326994460298227e+00
1.077986610215457608e+00
1.077648373195057463e+00
1.077312265884950993e+00
1.076978270944440874e+00
1.076646371204271535e+00
1.076316549664653843e+00
1.075988789493313114e+00
1.075663074023559762e+00
1.075339386752391935e+00
1.075017711338615234e+00
1.074698031600992643e+00
1.074380331516415543e+00
1.074064595218100937e+00
1.073750806993807982e+00
1.073438951284081622e+00
1.073129012680516858e+00
1.072820975924046349e+00
1.072514825903249092e+00
1.072210547652682200e+00
1.071908126351231783e+00
1.071607547320489351e+00
1.071308796023141774e+00
1.071011858061390765e+00
1.070716719175385467e+00
1.070423365241678582e+00
1.070131782271700027e+00
1.069841956410252370e+00
1.069553873934023125e+00
1.069267521250117925e+00
1.068982884894610352e+00
1.068699951531112191e+00
1.068418707949357893e+00
1.068139141063813247e+00
1.067861237912294703e+00
1.067584985654610685e+00
1.067310371571217997e+00
1.067037383061895772e+00
1.066766007644435188e+00
1.066496232953347612e+00
1.066228046738584956e+00
1.065961436864280465e+00
1.065696391307501489e+00
1.065432898157021135e+00
1.065170945612102349e+00
1.064910521981297098e+00
1.064651615681263097e+00
1.064394215235592744e+00
1.064138309273656491e+00
1.063883886529462863e+00
1.063630935840528702e+00
1.063379446146766494e+00
1.063129406489384143e+00
1.062880806009798729e+00
1.062633633948561585e+00
1.062387879644299815e+00
1.062143532532666690e+00
1.061900582145309357e+00
1.061659018108846331e+00
1.061418830143855185e+00
1.061180008063879576e+00
1.060942541774439141e+00
1.060706421272060496e+00
1.060471636643312454e+00
1.060238178063856562e+00
1.060006035797509627e+00
1.059775200195315126e+00
1.059545661694626162e+00
1.059317410818203742e+00
1.059090438173317938e+00
1.058864734450866152e+00
1.058640290424500696e+00
1.058417096949764158e+00
1.058195144963238521e+00
1.057974425481700509e+00
1.057754929601293137e+00
1.057536648496697707e+00
1.057319573420325787e+00
1.057103695701512969e+00
1.056889006745727055e+00
1.056675498033781357e+00
1.056463161121062200e+00
1.056251987636761092e+00
1.056041969283117776e+00
1.055833097834671941e+00
1.055625365137524696e+00
1.055418763108606939e+00
1.055213283734957042e+00
1.055008919073006979e+00
