3.178626130358497314e+11
2.316912778381722937e+00
2.310937005569416947e+00
2.309063060031812498e+00
2.306984653629449156e+00
2.304435163066400172e+00
2.301469982446981533e+00
2.298137697676172930e+00
2.294463528798289076e+00
2.290459380959124935e+00
2.286131413129706580e+00
2.281484108307981984e+00
2.276522215752494027e+00
2.271251561970406563e+00
2.265679294125050980e+00
2.259813854264490551e+00
2.253664837265580090e+00
2.247242808451050955e+00
2.240559116994345956e+00
2.233625721005716436e+00
2.226455030204092633e+00
2.219059767352580259e+00
2.211452847564307600e+00
2.203647273816643715e+00
2.195656046852498378e+00
2.187492087748859504e+00
2.179168171625490480e+00
2.170696871172857367e+00
2.162090508865917027e+00
2.153361116888542703e+00
2.144520403923191765e+00
2.135579728064234573e+00
2.126550075197700007e+00
2.117442042258161017e+00
2.108265824830239943e+00
2.099031208609923205e+00
2.089747564282614434e+00
2.080423845411710104e+00
2.071068588965047752e+00
2.061689918137504574e+00
2.052295547156941957e+00
2.042892787787534914e+00
2.033488557270485053e+00
2.024089387465879852e+00
2.014701434982289818e+00
2.005330492102350703e+00
1.995981998332181373e+00
1.986661052421725859e+00
1.977372424720097221e+00
1.968120569746517390e+00
1.958909638872003534e+00
1.949743493020824392e+00
1.940625715313035293e+00
1.931559623580884288e+00
1.922548282701942890e+00
1.913594516701170090e+00
1.904700920582345969e+00
1.895869871856677991e+00
1.887103541742864765e+00
1.878403906018903058e+00
1.869772755510651585e+00
1.861211706207070549e+00
1.852722208995420949e+00
1.844305559013520002e+00
1.835962904618696045e+00
1.827695255975626099e+00
1.819503493267371930e+00
1.811388374535578993e+00
1.803350543157203445e+00
1.795390534966439855e+00
1.787508785031185266e+00
1.779705634094460809e+00
1.771981334691372645e+00
1.764336056952899412e+00
1.756769894107830909e+00
1.749282867694470056e+00
1.741874932493691741e+00
1.734545981194908659e+00
1.727295848806384537e+00
1.720124316821258770e+00
1.713031117150278337e+00
1.706015935832108532e+00
1.699078416531779601e+00
1.692218163837495570e+00
1.685434746365696679e+00
1.678727699684015473e+00
1.672096529061294357e+00
1.665540712053620975e+00
1.659059700934803594e+00
1.652652924979599369e+00
1.646319792607389587e+00
1.640059693393931983e+00
1.633871999958146137e+00
1.627756069730958099e+00
1.621711246612552504e+00
1.615736862524273176e+00
1.609832238861026887e+00
1.603996687849839731e+00
1.598229513819775072e+00
1.592530014388354509e+00
1.586897481569172541e+00
1.581331202805311698e+00
1.575830461932782089e+00
1.570394540078080103e+00
1.565022716493727373e+00
1.559714269335389591e+00
1.554468476384042841e+00
1.549284615716439717e+00
1.544161966326924151e+00
1.539099808703543237e+00
1.534097425361152123e+00
1.529154101334131877e+00
1.524269124631141059e+00
1.519441786654252668e+00
1.514671382584566572e+00
1.509957211736464799e+00
1.505298577882340005e+00
1.500694789549685826e+00
1.496145160292229992e+00
1.491649008936789311e+00
1.487205659807289582e+00
1.482814442927461229e+00
1.478474694203543383e+00
1.474185755588260038e+00
1.469946975227274688e+00
1.465757707589286918e+00
1.461617313580796385e+00
1.457525160646535367e+00
1.453480622856580418e+00
1.449483080980919603e+00
1.445531922552436122e+00
1.441626541918988202e+00
1.437766340285382416e+00
1.433950725745942067e+00
1.430179113308266192e+00
1.426450924908877926e+00
1.422765589421256305e+00
1.419122542656854336e+00
1.415521227359592737e+00
1.411961093194301187e+00
1.408441596729576917e+00
1.404962201415441037e+00
1.401522377556275289e+00
1.398121602279295272e+00
1.394759359499022189e+00
1.391435139877999161e+00
1.388148440784111370e+00
1.384898766244772927e+00
1.381685626898241592e+00
1.378508539942367772e+00
1.375367029080953873e+00
1.372260624467968704e+00
1.369188862649852512e+00
1.366151286506068319e+00
1.363147445188086948e+00
1.360176894057036900e+00
1.357239194620074807e+00
1.354333914465714495e+00
1.351460627198218134e+00
1.348618912371177592e+00
1.345808355420424540e+00
1.343028547596358147e+00
1.340279085895826006e+00
1.337559572993628709e+00
1.334869617173761736e+00
1.332208832260471709e+00
1.329576837549185653e+00
1.326973257737447565e+00
1.324397722855843007e+00
1.321849868199058475e+00
1.319329334257077990e+00
1.316835766646602845e+00
1.314368816042726706e+00
1.311928138110913133e+00
1.309513393439344586e+00
1.307124247471632916e+00
1.304760370439980610e+00
1.302421437298784568e+00
1.300107127658737927e+00
1.297817125721440590e+00
1.295551120214561758e+00
1.293308804327551798e+00
1.291089875647952967e+00
1.288894036098301665e+00
1.286720991873659958e+00
1.284570453379773269e+00
1.282442135171873554e+00
1.280335755894151051e+00
1.278251038219888391e+00
1.276187708792264619e+00
1.274145498165860868e+00
1.272124140748835286e+00
1.270123374745813827e+00
1.268142942101463611e+00
1.266182588444780821e+00
1.264242063034079155e+00
1.262321118702677714e+00
1.260419511805306758e+00
1.258537002165209584e+00
1.256673353021956263e+00
1.254828330979960382e+00
1.253001705957689005e+00
1.251193251137584728e+00
1.249402742916670972e+00
1.247629960857860709e+00
1.245874687641948420e+00
1.244136709020277953e+00
1.242415813768107391e+00
1.240711793638629823e+00
1.239024443317680468e+00
1.237353560379085060e+00
1.235698945240691238e+00
1.234060401121029216e+00
1.232437733996629925e+00
1.230830752559979535e+00
1.229239268178103472e+00
1.227663094851779491e+00
1.226102049175364028e+00
1.224555950297234075e+00
1.223024619880833663e+00
1.221507882066318995e+00
1.220005563432786433e+00
1.218517492961091131e+00
1.217043501997239208e+00
1.215583424216349018e+00
1.214137095587166648e+00
1.212704354337145629e+00
1.211285040918065770e+00
1.209878997972195336e+00
1.208486070298976589e+00
1.207106104822248893e+00
1.205738950557974309e+00
1.204384458582479445e+00
1.203042482001206004e+00
1.201712875917945844e+00
1.200395497404566525e+00
1.199090205471221804e+00
1.197796861037030203e+00
1.196515326901228748e+00
1.195245467714772136e+00
1.193987149952402849e+00
1.192740241885149599e+00
1.191504613553276748e+00
1.190280136739662487e+00
1.189066684943601349e+00
1.187864133355022167e+00
1.186672358829131690e+00
1.185491239861451440e+00
1.184320656563258911e+00
1.183160490637418016e+00
1.182010625354609434e+00
1.180870945529924887e+00
1.179741337499852438e+00
1.178621689099614400e+00
1.177511889640885823e+00
1.176411829889854488e+00
1.175321402045644836e+00
1.174240499719077624e+00
1.173169017911777745e+00
1.172106852995613124e+00
1.171053902692458015e+00
1.170010066054294029e+00
1.168975243443612921e+00
1.167949336514144898e+00
1.166932248191889121e+00
1.165923882656449306e+00
1.164924145322667970e+00
1.163932942822550665e+00
1.162950182987486647e+00
1.161975774830738217e+00
1.161009628530228710e+00
1.160051655411586058e+00
1.159101767931468574e+00
1.158159879661151415e+00
1.157225905270373278e+00
1.156299760511440455e+00
1.155381362203585338e+00
1.154470628217568962e+00
1.153567477460528456e+00
1.152671829861070751e+00
1.151783606354589429e+00
1.150902728868828495e+00
1.150029120309657760e+00
1.149162704547091352e+00
1.148303406401508076e+00
1.147451151630102917e+00
1.146605866913543714e+00
1.145767479842839887e+00
1.144935918906418104e+00
1.144111113477399577e+00
1.143292993801076740e+00
1.142481490982585335e+00
1.141676536974774114e+00
1.140878064566253958e+00
1.140086007369644161e+00
1.139300299809997252e+00
1.138520877113397667e+00
1.137747675295753380e+00
1.136980631151744525e+00
1.136219682243956752e+00
1.135464766892173349e+00
1.134715824162838560e+00
1.133972793858682548e+00
1.133235616508507126e+00
1.132504233357128021e+00
1.131778586355470129e+00
1.131058618150821538e+00
1.130344272077228540e+00
1.129635492146046749e+00
1.128932223036629212e+00
1.128234410087165296e+00
1.127541999285651908e+00
1.126854937261006162e+00
1.126173171274315488e+00
1.125496649210214306e+00
1.124825319568402593e+00
1.124159131455282790e+00
1.123498034575728610e+00
1.122841979224979081e+00
1.122190916280652706e+00
1.121544797194885756e+00
1.120903573986583579e+00
1.120267199233796918e+00
1.119635626066202594e+00
1.119008808157709645e+00
1.118386699719163602e+00
1.117769255491169123e+00
1.117156430737017869e+00
1.116548181235721193e+00
1.115944463275142517e+00
1.115345233645246514e+00
1.114750449631428886e+00
1.114160069007960496e+00
1.113574050031522100e+00
1.112992351434840987e+00
1.112414932420408453e+00
1.111841752654308513e+00
1.111272772260121444e+00
1.110707951812929029e+00
1.110147252333399948e+00
1.109590635281965998e+00
1.109038062553084458e+00
1.108489496469581059e+00
1.107944899777080439e+00
1.107404235638512313e+00
1.106867467628703583e+00
1.106334559729047706e+00
1.105805476322245795e+00
1.105280182187134086e+00
1.104758642493580245e+00
1.104240822797450283e+00
1.103726689035660069e+00
1.103216207521286796e+00
1.102709344938754610e+00
1.102206068339092626e+00
1.101706345135257781e+00
1.101210143097525629e+00
1.100717430348947534e+00
1.100228175360875804e+00
1.099742346948543226e+00
1.099259914266719873e+00
1.098780846805419653e+00
1.098305114385675241e+00
1.097832687155369413e+00
1.097363535585127670e+00
1.096897630464266138e+00
1.096434942896802545e+00
1.095975444297516699e+00
1.095519106388072927e+00
1.095065901193188251e+00
1.094615801036867397e+00
1.094168778538681330e+00
1.093724806610097300e+00
1.093283858450865065e+00
1.092845907545454853e+00
1.092410927659537290e+00
1.091978892836520609e+00
1.091549777394132281e+00
1.091123555921047927e+00
1.090700203273566649e+00
1.090279694572337865e+00
1.089862005199122574e+00
1.089447110793613671e+00
1.089034987250286246e+00
1.088625610715299619e+00
1.088218957583442448e+00
1.087815004495113591e+00
1.087413728333349372e+00
1.087015106220891036e+00
1.086619115517292844e+00
1.086225733816063910e+00
1.085834938941858230e+00
1.085446708947697791e+00
1.085061022112230766e+00
1.084677856937032114e+00
1.084297192143941269e+00
1.083919006672428686e+00
1.083543279677005922e+00
1.083169990524667226e+00
1.082799118792365123e+00
1.082430644264520181e+00
1.082064546930567195e+00
1.081700806982528906e+00
1.081339404812626803e+00
1.080980321010922784e+00
1.080623536362991910e+00
1.080269031847622685e+00
1.079916788634556868e+00
1.079566788082250817e+00
1.079219011735668587e+00
1.078873441324107674e+00
1.078530058759050947e+00
1.078188846132046130e+00
1.077849785712614805e+00
1.077512859946188506e+00
1.077178051452072571e+00
1.076845343021436419e+00
1.076514717615328687e+00
1.076186158362720358e+00
1.075859648558574300e+00
1.075535171661935463e+00
1.075212711294051271e+00
1.074892251236515550e+00
1.074573775429431555e+00
1.074257267969605634e+00
1.073942713108760660e+00
1.073630095251772776e+00
1.073319398954931669e+00
1.073010608924223952e+00
1.072703710013635403e+00
1.072398687223480751e+00
1.072095525698748997e+00
1.071794210727473384e+00
1.071494727739122688e+00
1.071197062303008929e+00
1.070901200126721964e+00
1.070607127054578278e+00
1.070314829066091766e+00
1.070024292274464717e+00
1.069735502925096560e+00
1.069448447394112822e+00
1.069163112186911624e+00
1.068879483936728603e+00
1.068597549403220714e+00
1.068317295471067352e+00
1.068038709148590559e+00
1.067761777566389014e+00
1.067486487975992659e+00
1.067212827748532433e+00
1.066940784373427986e+00
1.066670345457091384e+00
1.066401498721643915e+00
1.066134232003654425e+00
1.065868533252889439e+00
1.065604390531079915e+00
1.065341792010702671e+00
1.065080725973778897e+00
1.064821180810684886e+00
1.064563145018978529e+00
1.064306607202242017e+00
1.064051556068935644e+00
1.063797980431268053e+00
1.063545869204079786e+00
1.063295211403739504e+00
1.063045996147055972e+00
1.062798212650199803e+00
1.062551850227643202e+00
1.062306898291107693e+00
1.062063346348528281e+00
1.061821184003028717e+00
1.061580400951907643e+00
1.061340986985641610e+00
1.061102931986895204e+00
1.060866225929545825e+00
1.060630858877719573e+00
1.060396820984838229e+00
1.060164102492680671e+00
1.059932693730449849e+00
1.059702585113856177e+00
1.059473767144210044e+00
1.059246230407524969e+00
1.059019965573631650e+00
1.058794963395301991e+00
1.058571214707385355e+00
1.058348710425953243e+00
1.058127441547455749e+00
1.057907399147884675e+00
1.057688574381952629e+00
1.057470958482274348e+00
1.057254542758564897e+00
1.057039318596842303e+00
1.056825277458640633e+00
1.056612410880235275e+00
1.056400710471872451e+00
1.056190167917012257e+00
1.055980774971576608e+00
1.055772523463210932e+00
1.055565405290549652e+00
1.055359412422491427e+00
1.055154536897484618e+00
