-1.969332801476257324e+11
2.324859550674475805e+00
2.323231436576174147e+00
2.321600258463809130e+00
2.319827310909620355e+00
2.317833236675797881e+00
2.315531389093653303e+00
2.312870873555785245e+00
2.309825947983781269e+00
2.306385467162134884e+00
2.302547056238951839e+00
2.298314036616309952e+00
2.293693669293568327e+00
2.288696035805292794e+00
2.283333260766025052e+00
2.277618943142776686e+00
2.271567729173558092e+00
2.265194987208135391e+00
2.258516557680454007e+00
2.251548558870572592e+00
2.244307234194225842e+00
2.236808830524692926e+00
2.229069499900681706e+00
2.221105219108974627e+00
2.212931723201330581e+00
2.204564450137980192e+00
2.196018494552090417e+00
2.187308569187423224e+00
2.178448972943678896e+00
2.169453564721917971e+00
2.160335742434699391e+00
2.151108426659176232e+00
2.141784048486282899e+00
2.132374541168915005e+00
2.122891335206299246e+00
2.113345356525824226e+00
2.103747027443460205e+00
2.094106270100017042e+00
2.084432512086336509e+00
2.074734693985556433e+00
2.065021278576399055e+00
2.055300261457223332e+00
2.045579182866933632e+00
2.035865140495504377e+00
2.026164803093402522e+00
2.016484424705693002e+00
2.006829859372869507e+00
1.997206576156016045e+00
1.987619674359114352e+00
1.978073898835637667e+00
1.968573655280027701e+00
1.959123025417437880e+00
1.949725782016805242e+00
1.940385403663391184e+00
1.931105089236484051e+00
1.921887772047495613e+00
1.912736133601543820e+00
1.903652616953084076e+00
1.894639439632916700e+00
1.885698606129406096e+00
1.876831919912258950e+00
1.868040994991577275e+00
1.859327267008837214e+00
1.850692003859897294e+00
1.842136315853177164e+00
1.833661165408359883e+00
1.825267376303330025e+00
1.816955642478709221e+00
1.808726536410672603e+00
1.800580517063985697e+00
1.792517937438017128e+00
1.784539051719293834e+00
1.776644022054326477e+00
1.768832924957163932e+00
1.761105757365998725e+00
1.753462442363296958e+00
1.745902834573906270e+00
1.738426725255413086e+00
1.731033847094837430e+00
1.723723878725384573e+00
1.716496448976840616e+00
1.709351140872628960e+00
1.702287495386267224e+00
1.695305014969551216e+00
1.688403166864287375e+00
1.681581386209022311e+00
1.674839078951749993e+00
1.668175624579103955e+00
1.661590378672074264e+00
1.655082675297946393e+00
1.648651829247576694e+00
1.642297138126764811e+00
1.636017884310124071e+00
1.629813336765263632e+00
1.623682752754895153e+00
1.617625379423976995e+00
1.611640455278635420e+00
1.605727211563344747e+00
1.599884873542371633e+00
1.594112661691289512e+00
1.588409792803940679e+00
1.582775481020027186e+00
1.577208938778146052e+00
1.571709377698855548e+00
1.566276009402107317e+00
1.560908046263074445e+00
1.555604702110263915e+00
1.550365192869485931e+00
1.545188737157090042e+00
1.540074556825740792e+00
1.535021877465631457e+00
1.530029928864108602e+00
1.525097945426258317e+00
1.520225166559078023e+00
1.515410837021498702e+00
1.510654207242562608e+00
1.505954533609767942e+00
1.501311078729623105e+00
1.496723111662157768e+00
1.492189908131230647e+00
1.487710750712149199e+00
1.483284928998215513e+00
1.478911739747569731e+00
1.474590487011729234e+00
1.470320482247012617e+00
1.466101044410113019e+00
1.461931500038869958e+00
1.457811183319301707e+00
1.453739436139893648e+00
1.449715608134003464e+00
1.445739056711313530e+00
1.441809147079061937e+00
1.437925252253865027e+00
1.434086753064791608e+00
1.430293038148384710e+00
1.426543503936233748e+00
1.422837554635652646e+00
1.419174602204064772e+00
1.415554066317547877e+00
1.411975374334040634e+00
1.408437961251653325e+00
1.404941269662477010e+00
1.401484749702320842e+00
1.398067858996707491e+00
1.394690062603463510e+00
1.391350832952251260e+00
1.388049649781317285e+00
1.384786000071720702e+00
1.381559377979352909e+00
1.378369284764905833e+00
1.375215228722103111e+00
1.372096725104338111e+00
1.369013296049932160e+00
1.365964470506221717e+00
1.362949784152598820e+00
1.359968779322683785e+00
1.357021004925796248e+00
1.354106016367827348e+00
1.351223375471633181e+00
1.348372650397137384e+00
1.345553415561141941e+00
1.342765251557025863e+00
1.340007745074425660e+00
1.337280488818932911e+00
1.334583081431910623e+00
1.331915127410543631e+00
1.329276237028114815e+00
1.326666026254629482e+00
1.324084116677819889e+00
1.321530135424585417e+00
1.319003715082916584e+00
1.316504493624345073e+00
1.314032114326964873e+00
1.311586225699059138e+00
1.309166481403353899e+00
1.306772540181956543e+00
1.304404065781962663e+00
1.302060726881804520e+00
1.299742197018324497e+00
1.297448154514603935e+00
1.295178282408587345e+00
1.292932268382457117e+00
1.290709804692858897e+00
1.288510588101891452e+00
1.286334319808965176e+00
1.284180705383442644e+00
1.282049454698165780e+00
1.279940281863778839e+00
1.277852905163924468e+00
1.275787046991276430e+00
1.273742433784422534e+00
1.271718795965607773e+00
1.269715867879296134e+00
1.267733387731610151e+00
1.265771097530612010e+00
1.263828743027402002e+00
1.261906073658086491e+00
1.260002842486560137e+00
1.258118806148130098e+00
1.256253724793950477e+00
1.254407362036292550e+00
1.252579484894620121e+00
1.250769863742460908e+00
1.248978272255095501e+00
1.247204487358031022e+00
1.245448289176247503e+00
1.243709460984242510e+00
1.241987789156831834e+00
1.240283063120704687e+00
1.238595075306751836e+00
1.236923621103116266e+00
1.235268498808993698e+00
1.233629509589145190e+00
1.232006457429146939e+00
1.230399149091327970e+00
1.228807394071422587e+00
1.227231004555905391e+00
1.225669795380010862e+00
1.224123583986420183e+00
1.222592190384616861e+00
1.221075437110897610e+00
1.219573149189021377e+00
1.218085154091494315e+00
1.216611281701486691e+00
1.215151364275366630e+00
1.213705236405833165e+00
1.212272734985661238e+00
1.210853699172028675e+00
1.209447970351425594e+00
1.208055392105139791e+00
1.206675810175302122e+00
1.205309072431488993e+00
1.203955028837871977e+00
1.202613531420905879e+00
1.201284434237540610e+00
1.199967593343966188e+00
1.198662866764853785e+00
1.197370114463121915e+00
1.196089198310177792e+00
1.194819982056662733e+00
1.193562331303678059e+00
1.192316113474468642e+00
1.191081197786592494e+00
1.189857455224530902e+00
1.188644758512759969e+00
1.187442982089257804e+00
1.186252002079450474e+00
1.185071696270580510e+00
1.183901944086514391e+00
1.182742626562932164e+00
1.181593626322956503e+00
1.180454827553166997e+00
1.179326115979997480e+00
1.178207378846549025e+00
1.177098504889755093e+00
1.175999384317929497e+00
1.174909908788698720e+00
1.173829971387264193e+00
1.172759466605048928e+00
1.171698290318677671e+00
1.170646339769304323e+00
1.169603513542275319e+00
1.168569711547133627e+00
1.167544834997928493e+00
1.166528786393875361e+00
1.165521469500299778e+00
1.164522789329914598e+00
1.163532652124390721e+00
1.162550965336227371e+00
1.161577637610919700e+00
1.160612578769414371e+00
1.159655699790847372e+00
1.158706912795564481e+00
1.157766131028411305e+00
1.156833268842298645e+00
1.155908241682030324e+00
1.154990966068392133e+00
1.154081359582493249e+00
1.153179340850366774e+00
1.152284829527810306e+00
1.151397746285476531e+00
1.150518012794196743e+00
1.149645551710541058e+00
1.148780286662614003e+00
1.147922142236070364e+00
1.147071043960358416e+00
1.146226918295180752e+00
1.145389692617171828e+00
1.144559295206786231e+00
1.143735655235393667e+00
1.142918702752584670e+00
1.142108368673669494e+00
1.141304584767379282e+00
1.140507283643762637e+00
1.139716398742267600e+00
1.138931864320021026e+00
1.138153615440280486e+00
1.137381587961078466e+00
1.136615718524037311e+00
1.135855944543365137e+00
1.135102204195020059e+00
1.134354436406044275e+00
1.133612580844068685e+00
1.132876577906975601e+00
1.132146368712726892e+00
1.131421895089347984e+00
1.130703099565066871e+00
1.129989925358609648e+00
1.129282316369644379e+00
1.128580217169368627e+00
1.127883572991250860e+00
1.127192329721907083e+00
1.126506433892122239e+00
1.125825832668008619e+00
1.125150473842300380e+00
1.124480305825779070e+00
1.123815277638836818e+00
1.123155338903160549e+00
1.122500439833550079e+00
1.121850531229854786e+00
1.121205564469040628e+00
1.120565491497370614e+00
1.119930264822707411e+00
1.119299837506933626e+00
1.118674163158485779e+00
1.118053195924998855e+00
1.117436890486066536e+00
1.116825202046105581e+00
1.116218086327332548e+00
1.115615499562843338e+00
1.115017398489797307e+00
1.114423740342700198e+00
1.113834482846794982e+00
1.113249584211545073e+00
1.112669003124218570e+00
1.112092698743563757e+00
1.111520630693582312e+00
1.110952759057397321e+00
1.110389044371205225e+00
1.109829447618322584e+00
1.109273930223319438e+00
1.108722454046240813e+00
1.108174981376909507e+00
1.107631474929318793e+00
1.107091897836098404e+00
1.106556213643076214e+00
1.106024386303900320e+00
1.105496380174760374e+00
1.104972160009167537e+00
1.104451690952827470e+00
1.103934938538571719e+00
1.103421868681377704e+00
1.102912447673447760e+00
1.102406642179371232e+00
1.101904419231348964e+00
1.101405746224490612e+00
1.100910590912174580e+00
1.100418921401485894e+00
1.099930706148705806e+00
1.099445913954876008e+00
1.098964513961423917e+00
1.098486475645849225e+00
1.098011768817473977e+00
1.097540363613252357e+00
1.097072230493637779e+00
1.096607340238519246e+00
1.096145663943197679e+00
1.095687173014437299e+00
1.095231839166562082e+00
1.094779634417608838e+00
1.094330531085542013e+00
1.093884501784508689e+00
1.093441519421160857e+00
1.093001557191017881e+00
1.092564588574888473e+00
1.092130587335335079e+00
1.091699527513194656e+00
1.091271383424143204e+00
1.090846129655313801e+00
1.090423741061955054e+00
1.090004192764139068e+00
1.089587460143517372e+00
1.089173518840118815e+00
1.088762344749194311e+00
1.088353914018101998e+00
1.087948203043236584e+00
1.087545188467005319e+00
1.087144847174838169e+00
1.086747156292245053e+00
1.086352093181911727e+00
1.085959635440832738e+00
1.085569760897489022e+00
1.085182447609058576e+00
1.084797673858669542e+00
1.084415418152688382e+00
1.084035659218043346e+00
1.083658375999590140e+00
1.083283547657506229e+00
1.082911153564726003e+00
1.082541173304407245e+00
1.082173586667433129e+00
1.081808373649947974e+00
1.081445514450925405e+00
1.081084989469770274e+00
1.080726779303952112e+00
1.080370864746670101e+00
1.080017226784549589e+00
1.079665846595369905e+00
1.079316705545820598e+00
1.078969785189290098e+00
1.078625067263682791e+00
1.078282533689263190e+00
1.077942166566531856e+00
1.077603948174128856e+00
1.077267860966760527e+00
1.076933887573160664e+00
1.076602010794072362e+00
1.076272213600261818e+00
1.075944479130552578e+00
1.075618790689890414e+00
1.075295131747430855e+00
1.074973485934652473e+00
1.074653837043494820e+00
1.074336169024521226e+00
1.074020465985103368e+00
1.073706712187632917e+00
1.073394892047753402e+00
1.073084990132616046e+00
1.072776991159158921e+00
1.072470879992405868e+00
1.072166641643791385e+00
1.071864261269503293e+00
1.071563724168849374e+00
1.071265015782642216e+00
1.070968121691608266e+00
1.070673027614814421e+00
1.070379719408115715e+00
1.070088183062622988e+00
1.069798404703190320e+00
1.069510370586920889e+00
1.069224067101693043e+00
1.068939480764703021e+00
1.068656598221028542e+00
1.068375406242209058e+00
1.068095891724844648e+00
1.067818041689211794e+00
1.067541843277898472e+00
1.067267283754452789e+00
1.066994350502053379e+00
1.066723031022191348e+00
1.066453312933374864e+00
1.066185183969842187e+00
1.065918631980298237e+00
1.065653644926662702e+00
1.065390210882835031e+00
1.065128318033472965e+00
1.064867954672790384e+00
1.064609109203364490e+00
1.064351770134963848e+00
1.064095926083384658e+00
1.063841565769306996e+00
1.063588678017160616e+00
1.063337251754008062e+00
1.063087276008439996e+00
1.062838739909484964e+00
1.062591632685528920e+00
1.062345943663254522e+00
1.062101662266587310e+00
1.061858778015658533e+00
1.061617280525778417e+00
1.061377159506423196e+00
1.061138404760233023e+00
1.060901006182024320e+00
1.060664953757813223e+00
1.060430237563848133e+00
1.060196847765657591e+00
1.059964774617108585e+00
1.059734008459475518e+00
1.059504539720520055e+00
1.059276358913584293e+00
1.059049456636690589e+00
1.058823823571658052e+00
1.058599450483223015e+00
1.058376328218176177e+00
1.058154447704505063e+00
1.057933799950549369e+00
1.057714376044166293e+00
1.057496167151905420e+00
1.057279164518191816e+00
1.057063359464520902e+00
1.056848743388662859e+00
1.056635307763875042e+00
1.056423044138123712e+00
1.056211944133316649e+00
1.056001999444542871e+00
1.055793201839323014e+00
1.055585543156865702e+00
1.055379015307336132e+00
1.055173610271131990e+00
1.054969320098164687e+00
