4.160440110634319782e+09
2.277307437355540198e+00
2.275799509974836710e+00
2.273317823067214860e+00
2.271088684294492399e+00
2.268883479994556751e+00
2.266505636483201691e+00
2.263852951739672825e+00
2.260877874597512882e+00
2.257560162656220726e+00
2.253893279154922880e+00
2.249877975238335992e+00
2.245519203562483135e+00
2.240824558754444418e+00
2.235803433393040329e+00
2.230466520418922016e+00
2.224825489666303113e+00
2.218892756024845703e+00
2.212681298947017261e+00
2.206204513317449933e+00
2.199476081605002964e+00
2.192509862076480687e+00
2.185319790228834158e+00
2.177919791751374845e+00
2.170323705884409371e+00
2.162545218306145323e+00
2.154597802806971441e+00
2.146494671075815930e+00
2.138248729961209627e+00
2.129872545597661038e+00
2.121378313812262828e+00
2.112777836251069186e+00
2.104082501689807927e+00
2.095303272019815033e+00
2.086450672427313968e+00
2.077534785311981658e+00
2.068565247518903583e+00
2.059551250486601148e+00
2.050501542941876920e+00
2.041424435800254678e+00
2.032327808957997917e+00
2.023219119688335343e+00
2.014105412380057025e+00
2.004993329381296707e+00
1.995889122734424648e+00
1.986798666610461117e+00
1.977727470271759103e+00
1.968680691411301975e+00
1.959663149735122012e+00
1.950679340670516959e+00
1.941733449098640651e+00
1.932829363023448987e+00
1.923970687102163790e+00
1.915160755973563500e+00
1.906402647331031819e+00
1.897699194696449654e+00
1.889052999859298421e+00
1.880466444952864080e+00
1.871941704145613228e+00
1.863480754931819749e+00
1.855085389010404651e+00
1.846757222745107896e+00
1.838497707203128551e+00
1.830308137772291177e+00
1.822189663359757406e+00
1.814143295177305770e+00
1.806169915120412028e+00
1.798270283749613840e+00
1.790445047884207330e+00
1.782694747819050018e+00
1.775019824176230943e+00
1.767420624403797103e+00
1.759897408934228080e+00
1.752450357015519433e+00
1.745079572227908216e+00
1.737785087699288411e+00
1.730566871032259257e+00
1.723424828955615551e+00
1.716358811712937804e+00
1.709368617200490270e+00
1.702453994866581555e+00
1.695614649383987871e+00
1.688850244106810061e+00
1.682160404322664782e+00
1.675544720310779834e+00
1.669002750216120434e+00
1.662534022749309726e+00
1.656138039721624988e+00
1.649814278424043934e+00
1.643562193858827403e+00
1.637381220831801043e+00
1.631270775913073567e+00
1.625230259273568123e+00
1.619259056404378949e+00
1.613356539725653960e+00
1.607522070091244704e+00
1.601754998195254132e+00
1.596054665886014190e+00
1.590420407393011049e+00
1.584851550471785941e+00
1.579347417471645532e+00
1.573907326330763912e+00
1.568530591502948379e+00
1.563216524820178588e+00
1.557964436294748234e+00
1.552773634864630159e+00
1.547643429085483913e+00
1.542573127772589592e+00
1.537562040595666701e+00
1.532609478629524347e+00
1.527714754863215729e+00
1.522877184670246908e+00
1.518096086242252563e+00
1.513370780988404718e+00
1.508700593902672527e+00
1.504084853900930163e+00
1.499522894129849071e+00
1.495014052249300951e+00
1.490557670689956371e+00
1.486153096887685487e+00
1.481799683496182185e+00
1.477496788579271580e+00
1.473243775784160770e+00
1.469040014496875379e+00
1.464884879981084076e+00
1.460777753501302234e+00
1.456718022431623627e+00
1.452705080350845224e+00
1.448738327124908132e+00
1.444817168977582611e+00
1.440941018550060182e+00
1.437109294950322358e+00
1.433321423792936589e+00
1.429576837229949327e+00
1.425874973973505044e+00
1.422215279310757641e+00
1.418597205111660431e+00
1.415020209830098352e+00
1.411483758498899066e+00
1.407987322719133960e+00
1.404530380644156251e+00
1.401112416958784079e+00
1.397732922853969884e+00
1.394391395997343519e+00
1.391087340499957081e+00
1.387820266879495668e+00
1.384589692020314455e+00
1.381395139130502159e+00
1.378236137696294161e+00
1.375112223434006964e+00
1.372022938239779499e+00
1.368967830137278296e+00
1.365946453223601864e+00
1.362958367613541055e+00
1.360003139382376380e+00
1.357080340507389238e+00
1.354189548808192978e+00
1.351330347886077865e+00
1.348502327062455208e+00
1.345705081316561857e+00
1.342938211222490352e+00
1.340201322885711921e+00
1.337494027879134517e+00
1.334815943178816244e+00
1.332166691099434086e+00
1.329545899229549022e+00
1.326953200366768115e+00
1.324388232452868630e+00
1.321850638508956344e+00
1.319340066570681813e+00
1.316856169623625838e+00
1.314398605538847020e+00
1.311967037008689108e+00
1.309561131482844809e+00
1.307180561104754668e+00
1.304825002648360766e+00
1.302494137455239676e+00
1.300187651372167963e+00
1.297905234689125997e+00
1.295646582077788045e+00
1.293411392530497084e+00
1.291199369299770083e+00
1.289010219838331528e+00
1.286843655739716707e+00
1.284699392679429897e+00
1.282577150356696283e+00
1.280476652436819185e+00
1.278397626494126360e+00
1.276339803955557350e+00
1.274302920044853682e+00
1.272286713727402985e+00
1.270290927655705726e+00
1.268315308115500750e+00
1.266359604972527197e+00
1.264423571619942344e+00
1.262506964926390030e+00
1.260609545184731228e+00
1.258731076061419429e+00
1.256871324546538382e+00
1.255030060904493094e+00
1.253207058625352754e+00
1.251402094376842022e+00
1.249614947956996680e+00
1.247845402247443891e+00
1.246093243167342823e+00
1.244358259627961871e+00
1.242640243487888707e+00
1.240938989508871160e+00
1.239254295312296472e+00
1.237585961336279183e+00
1.235933790793372733e+00
1.234297589628901681e+00
1.232677166479886122e+00
1.231072332634579825e+00
1.229482901992594801e+00
1.227908691025624055e+00
1.226349518738742761e+00
1.224805206632286758e+00
1.223275578664306362e+00
1.221760461213575510e+00
1.220259683043172672e+00
1.218773075264601546e+00
1.217300471302457776e+00
1.215841706859649207e+00
1.214396619883122197e+00
1.212965050530133926e+00
1.211546841135034747e+00
1.210141836176563013e+00
1.208749882245640395e+00
1.207370828013675901e+00
1.206004524201346850e+00
1.204650823547877447e+00
1.203309580780788313e+00
1.201980652586114973e+00
1.200663897579097972e+00
1.199359176275328176e+00
1.198066351062337054e+00
1.196785286171641927e+00
1.195515847651223318e+00
1.194257903338433957e+00
1.193011322833337218e+00
1.191775977472461667e+00
1.190551740302968842e+00
1.189338486057230027e+00
1.188136091127800054e+00
1.186944433542786115e+00
1.185763392941611372e+00
1.184592850551150267e+00
1.183432689162251084e+00
1.182282793106618657e+00
1.181143048234076121e+00
1.180013341890168155e+00
1.178893562894134384e+00
1.177783601517221834e+00
1.176683349461343786e+00
1.175592699838068356e+00
1.174511547147953250e+00
1.173439787260194489e+00
1.172377317392600204e+00
1.171324036091882625e+00
1.170279843214258486e+00
1.169244639906364291e+00
1.168218328586453358e+00
1.167200812925913489e+00
1.166191997831058869e+00
1.165191789425216617e+00
1.164200095031090232e+00
1.163216823153410573e+00
1.162241883461846204e+00
1.161275186774198609e+00
1.160316645039843886e+00
1.159366171323453987e+00
1.158423679788953775e+00
1.157489085683749641e+00
1.156562305323185269e+00
1.155643256075261194e+00
1.154731856345578844e+00
1.153828025562526394e+00
1.152931684162694648e+00
1.152042753576525191e+00
1.151161156214174586e+00
1.150286815451606381e+00
1.149419655616897407e+00
1.148559601976756772e+00
1.147706580723255376e+00
1.146860518960761244e+00
1.146021344693079147e+00
1.145188986810788734e+00
1.144363375078779610e+00
1.143544440123977379e+00
1.142732113423265528e+00
1.141926327291586274e+00
1.141127014870229717e+00
1.140334110115304611e+00
1.139547547786385007e+00
1.138767263435330968e+00
1.137993193395282265e+00
1.137225274769823713e+00
1.136463445422311924e+00
1.135707643965368385e+00
1.134957809750535063e+00
1.134213882858083888e+00
1.133475804086989003e+00
1.132743514945042440e+00
1.132016957639129018e+00
1.131296075065646223e+00
1.130580810801068870e+00
1.129871109092658088e+00
1.129166914849310643e+00
1.128468173632551030e+00
1.127774831647650577e+00
1.127086835734893544e+00
1.126404133360962012e+00
1.125726672610462442e+00
1.125054402177571244e+00
1.124387271357812690e+00
1.123725230039952061e+00
1.123068228698019588e+00
1.122416218383451403e+00
1.121769150717340624e+00
1.121126977882816789e+00
1.120489652617530085e+00
1.119857128206248165e+00
1.119229358473569969e+00
1.118606297776740588e+00
1.117987900998575812e+00
1.117374123540490594e+00
1.116764921315636760e+00
1.116160250742129767e+00
1.115560068736389576e+00
1.114964332706571248e+00
1.114373000546089676e+00
1.113786030627255119e+00
1.113203381794980462e+00
1.112625013360598603e+00
1.112050885095763331e+00
1.111480957226436805e+00
1.110915190426971622e+00
1.110353545814274367e+00
1.109795984942056668e+00
1.109242469795167052e+00
1.108692962784010749e+00
1.108147426739043206e+00
1.107605824905349978e+00
1.107068120937301670e+00
1.106534278893287260e+00
1.106004263230522033e+00
1.105478038799933893e+00
1.104955570841116064e+00
1.104436824977365506e+00
1.103921767210776173e+00
1.103410363917413983e+00
1.102902581842559071e+00
1.102398388096013537e+00
1.101897750147477151e+00
1.101400635821990104e+00
1.100907013295437720e+00
1.100416851090124215e+00
1.099930118070404639e+00
1.099446783438379427e+00
1.098966816729653129e+00
1.098490187809149532e+00
1.098016866866986740e+00
1.097546824414412203e+00
1.097080031279792145e+00
1.096616458604660949e+00
1.096156077839821164e+00
1.095698860741504133e+00
1.095244779367578136e+00
1.094793806073814935e+00
1.094345913510204049e+00
1.093901074617322111e+00
1.093459262622750838e+00
1.093020451037544083e+00
1.092584613652747061e+00
1.092151724535956658e+00
1.091721758027941247e+00
1.091294688739294472e+00
1.090870491547144328e+00
1.090449141591903093e+00
1.090030614274063003e+00
1.089614885251034782e+00
1.089201930434035237e+00
1.088791725985007730e+00
1.088384248313593927e+00
1.087979474074141750e+00
1.087577380162754404e+00
1.087177943714383588e+00
1.086781142099956021e+00
1.086386952923544813e+00
1.085995354019576142e+00
1.085606323450072574e+00
1.085219839501938566e+00
1.084835880684276166e+00
1.084454425725741800e+00
1.084075453571939240e+00
1.083698943382839230e+00
1.083324874530246174e+00
1.082953226595290142e+00
1.082583979365953963e+00
1.082217112834634953e+00
1.081852607195738836e+00
1.081490442843304756e+00
1.081130600368663597e+00
1.080773060558124499e+00
1.080417804390694902e+00
1.080064813035829463e+00
1.079714067851209602e+00
1.079365550380551930e+00
1.079019242351443753e+00
1.078675125673210999e+00
1.078333182434809689e+00
1.077993394902751367e+00
1.077655745519045860e+00
1.077320216899182448e+00
1.076986791830128798e+00
1.076655453268359430e+00
1.076326184337911052e+00
1.075998968328459870e+00
1.075673788693426669e+00
1.075350629048105189e+00
1.075029473167815386e+00
1.074710304986081111e+00
1.074393108592828883e+00
1.074077868232612420e+00
1.073764568302859157e+00
1.073453193352140733e+00
1.073143728078461701e+00
1.072836157327574425e+00
1.072530466091314638e+00
1.072226639505956314e+00
1.071924662850589627e+00
1.071624521545518460e+00
1.071326201150679003e+00
1.071029687364078553e+00
1.070734966020253420e+00
1.070442023088746142e+00
1.070150844672603130e+00
1.069861417006892079e+00
1.069573726457234697e+00
1.069287759518360970e+00
1.069003502812680750e+00
1.068720943088873776e+00
1.068440067220496115e+00
1.068160862204604378e+00
1.067883315160399471e+00
1.067607413327883892e+00
1.067333144066536788e+00
1.067060494854009445e+00
1.066789453284828992e+00
1.066520007069126974e+00
1.066252144031376137e+00
1.065985852109150311e+00
1.065721119351891844e+00
1.065457933919700562e+00
1.065196284082134071e+00
1.064936158217025364e+00
1.064677544809311094e+00
1.064420432449880050e+00
1.064164809834428738e+00
1.063910665762339391e+00
1.063657989135561754e+00
1.063406768957518400e+00
1.063156994332016048e+00
1.062908654462174640e+00
1.062661738649365528e+00
1.062416236292166527e+00
1.062172136885328744e+00
1.061929430018752729e+00
1.061688105376479951e+00
1.061448152735697592e+00
1.061209561965751780e+00
1.060972323027174813e+00
1.060736425970723928e+00
1.060501860936432283e+00
1.060268618152669706e+00
1.060036687935215438e+00
1.059806060686342422e+00
1.059576726893912246e+00
1.059348677130480976e+00
1.059121902052413411e+00
1.058896392399014674e+00
1.058672138991660683e+00
1.058449132732951714e+00
1.058227364605866416e+00
1.058006825672930695e+00
1.057787507075394373e+00
1.057569400032418283e+00
1.057352495840271134e+00
1.057136785871535922e+00
1.056922261574324340e+00
1.056708914471501393e+00
1.056496736159920236e+00
1.056285718309664112e+00
1.056075852663296955e+00
1.055867131035124640e+00
1.055659545310463798e+00
1.055453087444918614e+00
1.055247749463666729e+00
1.055043523460752919e+00
