-5.829418556869439697e+10
2.464181454577664798e+00
2.458254504486134806e+00
2.457750554479365412e+00
2.457155306109461534e+00
2.455554267176880856e+00
2.452869153905731014e+00
2.449189790485735152e+00
2.444627365834901589e+00
2.439280914563059177e+00
2.433232712981407531e+00
2.426550837395339943e+00
2.419292747572481694e+00
2.411508291022295580e+00
2.403241883475342622e+00
2.394533990842796278e+00
2.385422098955640280e+00
2.375941331637443810e+00
2.366124836418377342e+00
2.356004021029908024e+00
2.345608696681829031e+00
2.334967165050888749e+00
2.324106272929366224e+00
2.313051449795546333e+00
2.301826737812661783e+00
2.290454819974707235e+00
2.278957049644398936e+00
2.267353483129087799e+00
2.255662915925386258e+00
2.243902922635974573e+00
2.232089900193970244e+00
2.220239113832972677e+00
2.208364745155744657e+00
2.196479941640975042e+00
2.184596866958174566e+00
2.172726751517374488e+00
2.160879942749434957e+00
2.149065954687245927e+00
2.137293516491403089e+00
2.125570619633363023e+00
2.113904563512702950e+00
2.102301999341320560e+00
2.090768972177161178e+00
2.079310961031645810e+00
2.067932917011176208e+00
2.056639299481879846e+00
2.045434110271149297e+00
2.034320925938303493e+00
2.023302928161841763e+00
2.012382932301981953e+00
2.001563414205497438e+00
1.990846535325758948e+00
1.980234166234554394e+00
1.969727908604129052e+00
1.959329115738975613e+00
1.949038911735844426e+00
1.938858209349761719e+00
1.928787726641565836e+00
1.918828002480130746e+00
1.908979410969757318e+00
1.899242174870179767e+00
1.889616378073486924e+00
1.880101977199043706e+00
1.870698812364332664e+00
1.861406617186323498e+00
1.852225028064969914e+00
1.843153592797279305e+00
1.834191778567435094e+00
1.825338979355780822e+00
1.816594522806539658e+00
1.807957676591736895e+00
1.799427654306317459e+00
1.791003620927062334e+00
1.782684697865804413e+00
1.774469967645427637e+00
1.766358478225090956e+00
1.758349246999379556e+00
1.750441264494407623e+00
1.742633497782304808e+00
1.734924893634004039e+00
1.727314381428857626e+00
1.719800875838417120e+00
1.712383279300377259e+00
1.705060484297654444e+00
1.697831375456455572e+00
1.690694831476352800e+00
1.683649726904217214e+00
1.676694933763376749e+00
1.669829323048207304e+00
1.663051766093937012e+00
1.656361135830585418e+00
1.649756307929391319e+00
1.643236161849508825e+00
1.636799581792155678e+00
1.630445457568952872e+00
1.624172685390662396e+00
1.617980168582156431e+00
1.611866818228957055e+00
1.605831553760419528e+00
1.599873303474161901e+00
1.593991005006104800e+00
1.588183605750148608e+00
1.582450063231216397e+00
1.576789345435162470e+00
1.571200431098771055e+00
1.565682309962864727e+00
1.560233982991308110e+00
1.554854462558530770e+00
1.549542772607954699e+00
1.544297948783623475e+00
1.539119038537084094e+00
1.534005101211465716e+00
1.528955208104595842e+00
1.523968442512807275e+00
1.519043899757000826e+00
1.514180687192410613e+00
1.509377924203448185e+00
1.504634742184830731e+00
1.499950284510214393e+00
1.495323706489346094e+00
1.490754175314833008e+00
1.486240869999333469e+00
1.481782981304184066e+00
1.477379711660146366e+00
1.473030275081053997e+00
1.468733897071118566e+00
1.464489814526428013e+00
1.460297275631320169e+00
1.456155539750132011e+00
1.452063877314865525e+00
1.448021569709238454e+00
1.444027909149534272e+00
1.440082198562711469e+00
1.436183751462086988e+00
1.432331891820991743e+00
1.428525953944664861e+00
1.424765282340772155e+00
1.421049231588698225e+00
1.417377166207997474e+00
1.413748460526133455e+00
1.410162498545776355e+00
1.406618673811832476e+00
1.403116389278401765e+00
1.399655057175815287e+00
1.396234098877928265e+00
1.392852944769766843e+00
1.389511034115705312e+00
1.386207814928251958e+00
1.382942743837574762e+00
1.379715285961854221e+00
1.376524914778523900e+00
1.373371111996554150e+00
1.370253367429745239e+00
1.367171178871190662e+00
1.364124051968908624e+00
1.361111500102703653e+00
1.358133044262339606e+00
1.355188212927005642e+00
1.352276541946164201e+00
1.349397574421782320e+00
1.346550860591964494e+00
1.343735957716057250e+00
1.340952429961187242e+00
1.338199848290277716e+00
1.335477790351573990e+00
1.332785840369620445e+00
1.330123589037802923e+00
1.327490633412343080e+00
1.324886576807838390e+00
1.322311028694310497e+00
1.319763604595751261e+00
1.317243925990185804e+00
1.314751620211241923e+00
1.312286320351203628e+00
1.309847665165569275e+00
1.307435298979075622e+00
1.305048871593200932e+00
1.302688038195132458e+00
1.300352459268164562e+00
1.298041800503553667e+00
1.295755732713782304e+00
1.293493931747228709e+00
1.291256078404249052e+00
1.289041858354613712e+00
1.286850962056324210e+00
1.284683084675776854e+00
1.282537926009245099e+00
1.280415190405692849e+00
1.278314586690871835e+00
1.276235828092710634e+00
1.274178632167964675e+00
1.272142720730105037e+00
1.270127819778449574e+00
1.268133659428497761e+00
1.266159973843449027e+00
1.264206501166931451e+00
1.262272983456846465e+00
1.260359166620388383e+00
1.258464800350169721e+00
1.256589638061463177e+00
1.254733436830520743e+00
1.252895957333976851e+00
1.251076963789307328e+00
1.249276223896303328e+00
1.247493508779602411e+00
1.245728592932188405e+00
1.243981254159904459e+00
1.242251273526917776e+00
1.240538435302154907e+00
1.238842526906667185e+00
1.237163338861912321e+00
1.235500664738961030e+00
1.233854301108576301e+00
1.232224047492174623e+00
1.230609706313660290e+00
1.229011082852077941e+00
1.227427985195126414e+00
1.225860224193465076e+00
1.224307613415837936e+00
1.222769969104972265e+00
1.221247110134263458e+00
1.219738857965210199e+00
1.218245036605603016e+00
1.216765472568438700e+00
1.215299994831561481e+00
1.213848434798008968e+00
1.212410626257046875e+00
1.210986405345897632e+00
1.209575610512124699e+00
1.208178082476684567e+00
1.206793664197621352e+00
1.205422200834389113e+00
1.204063539712802555e+00
1.202717530290607462e+00
1.201384024123624883e+00
1.200062874832510174e+00
1.198753938070084013e+00
1.197457071489214764e+00
1.196172134711280588e+00
1.194898989295164915e+00
1.193637498706795030e+00
1.192387528289198029e+00
1.191148945233096557e+00
1.189921618547976845e+00
1.188705419033698085e+00
1.187500219252553446e+00
1.186305893501834685e+00
1.185122317786865498e+00
1.183949369794486506e+00
1.182786928867011644e+00
1.181634875976614207e+00
1.180493093700166973e+00
1.179361466194497554e+00
1.178239879172082505e+00
1.177128219877140225e+00
1.176026377062138417e+00
1.174934240964703447e+00
1.173851703284917614e+00
1.172778657163001892e+00
1.171714997157381255e+00
1.170660619223113486e+00
1.169615420690693686e+00
1.168579300245196295e+00
1.167552157905800581e+00
1.166533895005627430e+00
1.165524414171936307e+00
1.164523619306645053e+00
1.163531415567183203e+00
1.162547709347656388e+00
1.161572408260335587e+00
1.160605421117448355e+00
1.159646657913272483e+00
1.158696029806539407e+00
1.157753449103113397e+00
1.156818829238968283e+00
1.155892084763446404e+00
1.154973131322789337e+00
1.154061885643946406e+00
1.153158265518645420e+00
1.152262189787726765e+00
1.151373578325740610e+00
1.150492352025788145e+00
1.149618432784617728e+00
1.148751743487963051e+00
1.147892207996121350e+00
1.147039751129766083e+00
1.146194298655992760e+00
1.145355777274585929e+00
1.144524114604523080e+00
1.143699239170678172e+00
1.142881080390758308e+00
1.142069568562438242e+00
1.141264634850712945e+00
1.140466211275447339e+00
1.139674230699128099e+00
1.138888626814815952e+00
1.138109334134282946e+00
1.137336287976349114e+00
1.136569424455401212e+00
1.135808680470093091e+00
1.135053993692230589e+00
1.134305302555829176e+00
1.133562546246349001e+00
1.132825664690098932e+00
1.132094598543808450e+00
1.131369289184364302e+00
1.130649678698711913e+00
1.129935709873910454e+00
1.129227326187351998e+00
1.128524471797128781e+00
1.127827091532551451e+00
1.127135130884820091e+00
1.126448535997838007e+00
1.125767253659169631e+00
1.125091231291139859e+00
1.124420416942071510e+00
1.123754759277659332e+00
1.123094207572476133e+00
1.122438711701615688e+00
1.121788222132457102e+00
1.121142689916563073e+00
1.120502066681700937e+00
1.119866304623982733e+00
1.119235356500134504e+00
1.118609175619875051e+00
1.117987715838417273e+00
1.117370931549084512e+00
1.116758777676032155e+00
1.116151209667091138e+00
1.115548183486711808e+00
1.114949655609020152e+00
1.114355583010976591e+00
1.113765923165636718e+00
1.113180634035521921e+00
1.112599674066079070e+00
1.112023002179247211e+00
1.111450577767116865e+00
1.110882360685686798e+00
1.110318311248713385e+00
1.109758390221652347e+00
1.109202558815689521e+00
1.108650778681864235e+00
1.108103011905277269e+00
1.107559220999383642e+00
1.107019368900379774e+00
1.106483418961656584e+00
1.105951334948351183e+00
1.105423081031972288e+00
1.104898621785103563e+00
1.104377922176185800e+00
1.103860947564382133e+00
1.103347663694506542e+00
1.102838036692037171e+00
1.102332033058199823e+00
1.101829619665120497e+00
1.101330763751052322e+00
1.100835432915667988e+00
1.100343595115427009e+00
1.099855218659002487e+00
1.099370272202780940e+00
1.098888724746421852e+00
1.098410545628485613e+00
1.097935704522124079e+00
1.097464171430828195e+00
1.096995916684242900e+00
1.096530910934042868e+00
1.096069125149857548e+00
1.095610530615267031e+00
1.095155098923846992e+00
1.094702801975272477e+00
1.094253611971478524e+00
1.093807501412872307e+00
1.093364443094602567e+00
1.092924410102879662e+00
1.092487375811347583e+00
1.092053313877507481e+00
1.091622198239194264e+00
1.091194003111098931e+00
1.090768702981341765e+00
1.090346272608094580e+00
1.089926687016246953e+00
1.089509921494121736e+00
1.089095951590240530e+00
1.088684753110122028e+00
1.088276302113139193e+00
1.087870574909410859e+00
1.087467548056739508e+00
1.087067198357592579e+00
1.086669502856122627e+00
1.086274438835230338e+00
1.085881983813670848e+00
1.085492115543194025e+00
1.085104812005728281e+00
1.084720051410601904e+00
1.084337812191803696e+00
1.083958073005278022e+00
1.083580812726260945e+00
1.083206010446648104e+00
1.082833645472403461e+00
1.082463697320998897e+00
1.082096145718891567e+00
1.081730970599033892e+00
1.081368152098416857e+00
1.081007670555649947e+00
1.080649506508567725e+00
1.080293640691875057e+00
1.079940054034819852e+00
1.079588727658897573e+00
1.079239642875589045e+00
1.078892781184124905e+00
1.078548124269283592e+00
1.078205653999215086e+00
1.077865352423297063e+00
1.077527201770017484e+00
1.077191184444885819e+00
1.076857283028372247e+00
1.076525480273873736e+00
1.076195759105706529e+00
1.075868102617128397e+00
1.075542494068380428e+00
1.075218916884762788e+00
1.074897354654729131e+00
1.074577791128007886e+00
1.074260210213750844e+00
1.073944595978703287e+00
1.073630932645396996e+00
1.073319204590370557e+00
1.073009396342408772e+00
1.072701492580809601e+00
1.072395478133667535e+00
1.072091337976184944e+00
1.071789057229002973e+00
1.071488621156552856e+00
1.071190015165429665e+00
1.070893224802788035e+00
1.070598235754757210e+00
1.070305033844875409e+00
1.070013605032547499e+00
1.069723935411519111e+00
1.069436011208372728e+00
1.069149818781040207e+00
1.068865344617337731e+00
1.068582575333517193e+00
1.068301497672835776e+00
1.068022098504144424e+00
1.067744364820495395e+00
1.067468283737765367e+00
1.067193842493294520e+00
1.066921028444549169e+00
1.066649829067794597e+00
1.066380231956786107e+00
1.066112224821480492e+00
1.065845795486757286e+00
1.065580931891161764e+00
1.065317622085660609e+00
1.065055854232412447e+00
1.064795616603557260e+00
1.064536897580016683e+00
1.064279685650311835e+00
1.064023969409395809e+00
1.063769737557498374e+00
1.063516978898988441e+00
1.063265682341246521e+00
1.063015836893555166e+00
1.062767431665999629e+00
1.062520455868384950e+00
1.062274898809164592e+00
1.062030749894380399e+00
1.061787998626621210e+00
1.061546634603988348e+00
1.061306647519076662e+00
1.061068027157967775e+00
1.060830763399234655e+00
1.060594846212958853e+00
1.060360265659759715e+00
1.060127011889836712e+00
1.059895075142019305e+00
1.059664445742832806e+00
1.059435114105572895e+00
1.059207070729392575e+00
1.058980306198398891e+00
1.058754811180762312e+00
1.058530576427832770e+00
1.058307592773273242e+00
1.058085851132196664e+00
1.057865342500317052e+00
1.057646057953109953e+00
1.057427988644981776e+00
1.057211125808451335e+00
1.056995460753338723e+00
1.056780984865964834e+00
1.056567689608361338e+00
1.056355566517487521e+00
1.056144607204458241e+00
1.055934803353782092e+00
1.055726146722604231e+00
1.055518629139963416e+00
1.055312242506054154e+00
1.055106978791498173e+00
1.054902830036626105e+00
