-5.221881334857570801e+11
2.330575229804249027e+00
2.327577274678380714e+00
2.325322251643326510e+00
2.324024616815314026e+00
2.322769876102895203e+00
2.321170098725767517e+00
2.319088828776868283e+00
2.316489714080230300e+00
2.313375854088270067e+00
2.309765696558383041e+00
2.305683146318536547e+00
2.301153424285151239e+00
2.296201369069311049e+00
2.290850811888264893e+00
2.285124424877782445e+00
2.279043768494584121e+00
2.272629410040155840e+00
2.265901054330627051e+00
2.258877661053688257e+00
2.251577539762501523e+00
2.244018421320843615e+00
2.236217508131011833e+00
2.228191506782293274e+00
2.219956646967371050e+00
2.211528690212953396e+00
2.202922931467266920e+00
2.194154196036687487e+00
2.185236833843271942e+00
2.176184712516397113e+00
2.167011210444347746e+00
2.157729210594338198e+00
2.148351095654525089e+00
2.138888744851153323e+00
2.129353532638623037e+00
2.119756329342346035e+00
2.110107503746394553e+00
2.100416927554452862e+00
2.090693981607885998e+00
2.080947563715473514e+00
2.071186097931345227e+00
2.061417545108903404e+00
2.051649414556303341e+00
2.041888776621930024e+00
2.032142276044896612e+00
2.022416145914384344e+00
2.012716222092649332e+00
2.003047957967896586e+00
1.993416439415372388e+00
1.983826399857603118e+00
1.974282235326164203e+00
1.964788019439497102e+00
1.955347518221881131e+00
1.945964204699424993e+00
1.936641273218030923e+00
1.927381653437779452e+00
1.918188023965622158e+00
1.909062825596072877e+00
1.900008274135900344e+00
1.891026372794791133e+00
1.882118924129160042e+00
1.873287541530809897e+00
1.864533660256319614e+00
1.855858547996251495e+00
1.847263314986526073e+00
1.838748923666702950e+00
1.830316197892080776e+00
1.821965831708420858e+00
1.813698397699413434e+00
1.805514354918321684e+00
1.797414056416117401e+00
1.789397756379217164e+00
1.781465616890232972e+00
1.773617714325840256e+00
1.765854045405769401e+00
1.758174532907151644e+00
1.750579031058431489e+00
1.743067330626928868e+00
1.735639163713830646e+00
1.728294208270395593e+00
1.721032092348536047e+00
1.713852398098881569e+00
1.706754665528806614e+00
1.699738396032755450e+00
1.692803055706467275e+00
1.685948078456626753e+00
1.679172868916690486e+00
1.672476805179450077e+00
1.665859241356286269e+00
1.659319509972713380e+00
1.652856924209399114e+00
1.646470779997269984e+00
1.640160357975136041e+00
1.633924925317625121e+00
1.627763737440985237e+00
1.621676039593877405e+00
1.615661068339902195e+00
1.609718052938239552e+00
1.603846216628523447e+00
1.598044777825656571e+00
1.592312951229962081e+00
1.586649948857869141e+00
1.581054980997923964e+00
1.575527257096714706e+00
1.570065986579018524e+00
1.564670379606284634e+00
1.559339647777226112e+00
1.554073004774183087e+00
1.548869666958645919e+00
1.543728853919160704e+00
1.538649788974622679e+00
1.533631699635819690e+00
1.528673818027873388e+00
1.523775381276137431e+00
1.518935631857857960e+00
1.514153817921894518e+00
1.509429193578520234e+00
1.504761019161332092e+00
1.500148561463052532e+00
1.495591093947008732e+00
1.491087896935904045e+00
1.486638257779386407e+00
1.482241471001873867e+00
1.477896838431997484e+00
1.473603669314866416e+00
1.469361280408421067e+00
1.465168996064930784e+00
1.461026148298680827e+00
1.456932076840877333e+00
1.452886129182616504e+00
1.448887660606853256e+00
1.444936034210094977e+00
1.441030620914648175e+00
1.437170799472094807e+00
1.433355956458645553e+00
1.429585486263023508e+00
1.425858791067431186e+00
1.422175280822175925e+00
1.418534373214424438e+00
1.414935493631609864e+00
1.411378075119885667e+00
1.407861558338086683e+00
1.404385391507571690e+00
1.400949030358297431e+00
1.397551938071496691e+00
1.394193585219250409e+00
1.390873449701255149e+00
1.387591016679097899e+00
1.384345778508232039e+00
1.381137234667973335e+00
1.377964891689660520e+00
1.374828263083268665e+00
1.371726869262628323e+00
1.368660237469410124e+00
1.365627901696109037e+00
1.362629402608147799e+00
1.359664287465218502e+00
1.356732110042070172e+00
1.353832430548797650e+00
1.350964815550808051e+00
1.348128837888518117e+00
1.345324076596936091e+00
1.342550116825184325e+00
1.339806549756066723e+00
1.337092972525747658e+00
1.334408988143645836e+00
1.331754205412553960e+00
1.329128238849128785e+00
1.326530708604718445e+00
1.323961240386646754e+00
1.321419465379981784e+00
1.318905020169816478e+00
1.316417546664125027e+00
1.313956692017224093e+00
1.311522108553857091e+00
1.309113453693957041e+00
1.306730389878096643e+00
1.304372584493660892e+00
1.302039709801743106e+00
1.299731442864812792e+00
1.297447465475158657e+00
1.295187464084106344e+00
1.292951129732059057e+00
1.290738157979332446e+00
1.288548248837820820e+00
1.286381106703498700e+00
1.284236440289751924e+00
1.282113962561550746e+00
1.280013390670474038e+00
1.277934445890577919e+00
1.275876853555113488e+00
1.273840342994097652e+00
1.271824647472730607e+00
1.269829504130666198e+00
1.267854653922125818e+00
1.265899841556848759e+00
1.263964815441899647e+00
1.262049327624297668e+00
1.260153133734480235e+00
1.258275992930594001e+00
1.256417667843609420e+00
1.254577924523237353e+00
1.252756532384674104e+00
1.250953264156125400e+00
1.249167895827141939e+00
1.247400206597720107e+00
1.245649978828213600e+00
1.243916997989979567e+00
1.242201052616809243e+00
1.240501934257110417e+00
1.238819437426824877e+00
1.237153359563095245e+00
1.235503500978655911e+00
1.233869664816931389e+00
1.232251657007865431e+00
1.230649286224434036e+00
1.229062363839861005e+00
1.227490703885512069e+00
1.225934123009457366e+00
1.224392440435710716e+00
1.222865477924117927e+00
1.221353059730886148e+00
1.219855012569759589e+00
1.218371165573818748e+00
1.216901350257895587e+00
1.215445400481605320e+00
1.214003152412972852e+00
1.212574444492655612e+00
1.211159117398743712e+00
1.209757014012143861e+00
1.208367979382514834e+00
1.206991860694771157e+00
1.205628507236133684e+00
1.204277770363707090e+00
1.202939503472608029e+00
1.201613561964599786e+00
1.200299803217252492e+00
1.198998086553590081e+00
1.197708273212270802e+00
1.196430226318216938e+00
1.195163810853753006e+00
1.193908893630213575e+00
1.192665343260008948e+00
1.191433030129158910e+00
1.190211826370272785e+00
1.189001605835973141e+00
1.187802244072765134e+00
1.186613618295313533e+00
1.185435607361173149e+00
1.184268091745904750e+00
1.183110953518613950e+00
1.181964076317894241e+00
1.180827345328155475e+00
1.179700647256344936e+00
1.178583870309049209e+00
1.177476904169973970e+00
1.176379639977787717e+00
1.175291970304327638e+00
1.174213789133170538e+00
1.173144991838543483e+00
1.172085475164583057e+00
1.171035137204937016e+00
1.169993877382687675e+00
1.168961596430618144e+00
1.167938196371785198e+00
1.166923580500419000e+00
1.165917653363123030e+00
1.164920320740390647e+00
1.163931489628414973e+00
1.162951068221193207e+00
1.161978965892922488e+00
1.161015093180683300e+00
1.160059361767400876e+00
1.159111684465079062e+00
1.158171975198306614e+00
1.157240148988031958e+00
1.156316121935600405e+00
1.155399811207036942e+00
1.154491135017599479e+00
1.153590012616562799e+00
1.152696364272258078e+00
1.151810111257348002e+00
1.150931175834339237e+00
1.150059481241319626e+00
1.149194951677935617e+00
1.148337512291581763e+00
1.147487089163816254e+00
1.146643609296990940e+00
1.145807000601092973e+00
1.144977191880798717e+00
1.144154112822728830e+00
1.143337693982904524e+00
1.142527866774410095e+00
1.141724563455239538e+00
1.140927717116341888e+00
1.140137261669854851e+00
1.139353131837517408e+00
1.138575263139272487e+00
1.137803591882043497e+00
1.137038055148689608e+00
1.136278590787128673e+00
1.135525137399636675e+00
1.134777634332311935e+00
1.134036021664703853e+00
1.133300240199596409e+00
1.132570231452962428e+00
1.131845937644067712e+00
1.131127301685724618e+00
1.130414267174703058e+00
1.129706778382290278e+00
1.129004780244984740e+00
1.128308218355354331e+00
1.127617038953013129e+00
1.126931188915750726e+00
1.126250615750795658e+00
1.125575267586207850e+00
1.124905093162409386e+00
1.124240041823840297e+00
1.123580063510740246e+00
1.122925108751064771e+00
1.122275128652511222e+00
1.121630074894677254e+00
1.120989899721332339e+00
1.120354555932807417e+00
1.119723996878501993e+00
1.119098176449502491e+00
1.118477049071309182e+00
1.117860569696680573e+00
1.117248693798579495e+00
1.116641377363223109e+00
1.116038576883243261e+00
1.115440249350948765e+00
1.114846352251682715e+00
1.114256843557281718e+00
1.113671681719638595e+00
1.113090825664351913e+00
1.112514234784474310e+00
1.111941868934354982e+00
1.111373688423569872e+00
1.110809654010945557e+00
1.110249726898668410e+00
1.109693868726482346e+00
1.109142041565969627e+00
1.108594207914921581e+00
1.108050330691784602e+00
1.107510373230194745e+00
1.106974299273585371e+00
1.106442072969878954e+00
1.105913658866255478e+00
1.105389021903995017e+00
1.104868127413397572e+00
1.104350941108775297e+00
1.103837429083518895e+00
1.103327557805232839e+00
1.102821294110946537e+00
1.102318605202386781e+00
1.101819458641323912e+00
1.101323822344987047e+00
1.100831664581537250e+00
1.100342953965613990e+00
1.099857659453939096e+00
1.099375750340989111e+00
1.098897196254724706e+00
1.098421967152386269e+00
1.097950033316342777e+00
1.097481365350005511e+00
1.097015934173797502e+00
1.096553711021180932e+00
1.096094667434738046e+00
1.095638775262313569e+00
1.095186006653204203e+00
1.094736334054406512e+00
1.094289730206918110e+00
1.093846168142087016e+00
1.093405621178016540e+00
1.092968062916016558e+00
1.092533467237108757e+00
1.092101808298576726e+00
1.091673060530567563e+00
1.091247198632735671e+00
1.090824197570942067e+00
1.090404032573988991e+00
1.089986679130408254e+00
1.089572112985289554e+00
1.089160310137154752e+00
1.088751246834873454e+00
1.088344899574621882e+00
1.087941245096884613e+00
1.087540260383497825e+00
1.087141922654728754e+00
1.086746209366401761e+00
1.086353098207058387e+00
1.085962567095158038e+00
1.085574594176317964e+00
1.085189157820589889e+00
1.084806236619773046e+00
1.084425809384762962e+00
1.084047855142940442e+00
1.083672353135590294e+00
1.083299282815358477e+00
1.082928623843742111e+00
1.082560356088616116e+00
1.082194459621786509e+00
1.081830914716584546e+00
1.081469701845487741e+00
1.081110801677775290e+00
1.080754195077213042e+00
1.080399863099770430e+00
1.080047786991368719e+00
1.079697948185657230e+00
1.079350328301820428e+00
1.079004909142413204e+00
1.078661672691226814e+00
1.078320601111180554e+00
1.077981676742241657e+00
1.077644882099374701e+00
1.077310199870517460e+00
1.076977612914579163e+00
1.076647104259471632e+00
1.076318657100162168e+00
1.075992254796751757e+00
1.075667880872581028e+00
1.075345519012357087e+00
1.075025153060309879e+00
1.074706767018367870e+00
1.074390345044358819e+00
1.074075871450234754e+00
1.073763330700320484e+00
1.073452707409582096e+00
1.073143986341920542e+00
1.072837152408485206e+00
1.072532190666012131e+00
1.072229086315178881e+00
1.071927824698983844e+00
1.071628391301147953e+00
1.071330771744532173e+00
1.071034951789577416e+00
1.070740917332767328e+00
1.070448654405105282e+00
1.070158149170613804e+00
1.069869387924853754e+00
1.069582357093459501e+00
1.069297043230696520e+00
1.069013433018032533e+00
1.068731513262731525e+00
1.068451270896460858e+00
1.068172692973920146e+00
1.067895766671484337e+00
1.067620479285865009e+00
1.067346818232788985e+00
1.067074771045691595e+00
1.066804325374429929e+00
1.066535468984005863e+00
1.066268189753313722e+00
1.066002475673893057e+00
1.065738314848709178e+00
1.065475695490935015e+00
1.065214605922761626e+00
1.064955034574212700e+00
1.064696969981979491e+00
1.064440400788269292e+00
1.064185315739666349e+00
1.063931703686008312e+00
1.063679553579276460e+00
1.063428854472498797e+00
1.063179595518666032e+00
1.062931765969663100e+00
1.062685355175211566e+00
1.062440352581826231e+00
1.062196747731782409e+00
1.061954530262098961e+00
1.061713689903531099e+00
1.061474216479575627e+00
1.061236099905490615e+00
1.060999330187323286e+00
1.060763897420952340e+00
1.060529791791140486e+00
1.060297003570599417e+00
1.060065523119064546e+00
1.059835340882383292e+00
1.059606447391610473e+00
1.059378833262119013e+00
1.059152489192717317e+00
1.058927405964780188e+00
1.058703574441387296e+00
1.058480985566475407e+00
1.058259630363996173e+00
1.058039499937088790e+00
1.057820585467258434e+00
1.057602878213566688e+00
1.057386369511830626e+00
1.057171050773832111e+00
1.056956913486535532e+00
1.056743949211314204e+00
1.056532149583188751e+00
1.056321506310070824e+00
1.056112011172016807e+00
1.055903656020492853e+00
1.055696432777644578e+00
1.055490333435577632e+00
