-6.671126395872471619e+10
2.453976595401018201e+00
2.453929112039048288e+00
2.454874090347772153e+00
2.454355199633821538e+00
2.452568911342478675e+00
2.449732885613214339e+00
2.446000438718753944e+00
2.441479216614467873e+00
2.436247485536893187e+00
2.430365450110037795e+00
2.423882550134645708e+00
2.416841890070666299e+00
2.409282801937985941e+00
2.401242263505404040e+00
2.392755641439618053e+00
2.383857048221440955e+00
2.374579484972416665e+00
2.364954870942268528e+00
2.355014017845695307e+00
2.344786582164683608e+00
2.334301013829337634e+00
2.323584511077400272e+00
2.312662986253759989e+00
2.301561044377815168e+00
2.290301974621852032e+00
2.278907753907317701e+00
2.267399061338318145e+00
2.255795301978691381e+00
2.244114638429347330e+00
2.232374028711785030e+00
2.220589269068448779e+00
2.208775040425238423e+00
2.196944957408144994e+00
2.185111618954345136e+00
2.173286659701052503e+00
2.161480801468792734e+00
2.149703904277260769e+00
2.137965016440968924e+00
2.126272423387232102e+00
2.114633694922443574e+00
2.103055730743618845e+00
2.091544804052460460e+00
2.080106603179697977e+00
2.068746271168859341e+00
2.057468443302774119e+00
2.046277282583162993e+00
2.035176513195275483e+00
2.024169452006270298e+00
2.013259038158260239e+00
2.002447860826606529e+00
1.991738185219874335e+00
1.981131976902231084e+00
1.970630924521086902e+00
1.960236461023451948e+00
1.949949783444158369e+00
1.939771871347399923e+00
1.929703504001311298e+00
1.919745276362376130e+00
1.909897613943730033e+00
1.900160786638124266e+00
1.890534921562912807e+00
1.881020014991144462e+00
1.871615943429268292e+00
1.862322473898587738e+00
1.853139273474358362e+00
1.844065918133051207e+00
1.835101900955312004e+00
1.826246639729038002e+00
1.817499483994225340e+00
1.808859721568535139e+00
1.800326584589830858e+00
1.791899255109652422e+00
1.783576870269300230e+00
1.775358527087871341e+00
1.767243286889869092e+00
1.759230179397797134e+00
1.751318206513634568e+00
1.743506345811289826e+00
1.735793553760631935e+00
1.728178768702274715e+00
1.720660913590875252e+00
1.713238898523551601e+00
1.705911623068787630e+00
1.698677978410118250e+00
1.691536849317897051e+00
1.684487115961535775e+00
1.677527655573620047e+00
1.670657343976627240e+00
1.663875056982173195e+00
1.657179671671920484e+00
1.650570067568798871e+00
1.644045127706407428e+00
1.637603739604072572e+00
1.631244796154353693e+00
1.624967196429427663e+00
1.618769846412257518e+00
1.612651659658066228e+00
1.606611557891222120e+00
1.600648471542352791e+00
1.594761340229995827e+00
1.588949113191038265e+00
1.583210749663648942e+00
1.577545219226322182e+00
1.571951502096314623e+00
1.566428589390529869e+00
1.560975483351746185e+00
1.555591197542758763e+00
1.550274757010984272e+00
1.545025198425784563e+00
1.539841570190611630e+00
1.534722932531974671e+00
1.529668357567103509e+00
1.524676929351930443e+00
1.519747743911060933e+00
1.514879909251168666e+00
1.510072545359176122e+00
1.505324784186540477e+00
1.500635769620754623e+00
1.496004657445244579e+00
1.491430615288599881e+00
1.486912822564177894e+00
1.482450470400849429e+00
1.478042761565810936e+00
1.473688910380148487e+00
1.469388142627891636e+00
1.465139695459173996e+00
1.460942817288157336e+00
1.456796767686228566e+00
1.452700817271012301e+00
1.448654247591702138e+00
1.444656351011089912e+00
1.440706430584784314e+00
1.436803799937929726e+00
1.432947783139847608e+00
1.429137714576859119e+00
1.425372938823630253e+00
1.421652810513320819e+00
1.417976694206745991e+00
1.414343964260861286e+00
1.410754004696720632e+00
1.407206209067138447e+00
1.403699980324248697e+00
1.400234730687102136e+00
1.396809881509475826e+00
1.393424863148036597e+00
1.390079114830977680e+00
1.386772084527249538e+00
1.383503228816506336e+00
1.380272012759848899e+00
1.377077909771459163e+00
1.373920401491202981e+00
1.370798977658298501e+00
1.367713135986059259e+00
1.364662382037842070e+00
1.361646229104206185e+00
1.358664198081327434e+00
1.355715817350732877e+00
1.352800622660396801e+00
1.349918157007181430e+00
1.347067970520712255e+00
1.344249620348670238e+00
1.341462670543528413e+00
1.338706691950763972e+00
1.335981262098546507e+00
1.333285965088894187e+00
1.330620391490372922e+00
1.327984138232233269e+00
1.325376808500113412e+00
1.322798011633207427e+00
1.320247363022946985e+00
1.317724484013194086e+00
1.315229001801924369e+00
1.312760549344394789e+00
1.310318765257803442e+00
1.307903293727426863e+00
1.305513784414214840e+00
1.303149892363848039e+00
1.300811277917227171e+00
1.298497606622417422e+00
1.296208549147981781e+00
1.293943781197742560e+00
1.291702983426918916e+00
1.289485841359651719e+00
1.287292045307874000e+00
1.285121290291543206e+00
1.282973275960183068e+00
1.280847706515759299e+00
1.278744290636820713e+00
1.276662741403961077e+00
1.274602776226493539e+00
1.272564116770412479e+00
1.270546488887552172e+00
1.268549622545972477e+00
1.266573251761530017e+00
1.264617114530620867e+00
1.262680952764089870e+00
1.260764512222270817e+00
1.258867542451149291e+00
1.256989796719641728e+00
1.255131031957939847e+00
1.253291008696955977e+00
1.251469491008788459e+00
1.249666246448249085e+00
1.247881045995401283e+00
1.246113663999093291e+00
1.244363878121490963e+00
1.242631469283568491e+00
1.240916221611564341e+00
1.239217922384360016e+00
1.237536361981794286e+00
1.235871333833876262e+00
1.234222634370886418e+00
1.232590062974359579e+00
1.230973421928922784e+00
1.229372516374978019e+00
1.227787154262214742e+00
1.226217146303938188e+00
1.224662305932210149e+00
1.223122449253747579e+00
1.221597395006628117e+00
1.220086964517736350e+00
1.218590981660951922e+00
1.217109272816084609e+00
1.215641666828521483e+00
1.214187994969575968e+00
1.212748090897537212e+00
1.211321790619400707e+00
1.209908932453265917e+00
1.208509356991382067e+00
1.207122907063864270e+00
1.205749427703008081e+00
1.204388766108257069e+00
1.203040771611760595e+00
1.201705295644543980e+00
1.200382191703255330e+00
1.199071315317502995e+00
1.197772524017745255e+00
1.196485677303753103e+00
1.195210636613607935e+00
1.193947265293238136e+00
1.192695428566487692e+00
1.191454993505697502e+00
1.190225829002793390e+00
1.189007805740877721e+00
1.187800796166306405e+00
1.186604674461246178e+00
1.185419316516707289e+00
1.184244599906035367e+00
1.183080403858855378e+00
1.181926609235474990e+00
1.180783098501705819e+00
1.179649755704132330e+00
1.178526466445793508e+00
1.177413117862282643e+00
1.176309598598250350e+00
1.175215798784311261e+00
1.174131610014345961e+00
1.173056925323169741e+00
1.171991639164606580e+00
1.170935647389915957e+00
1.169888847226583373e+00
1.168851137257478356e+00
1.167822417400358637e+00
1.166802588887714931e+00
1.165791554246965678e+00
1.164789217280971068e+00
1.163795483048880586e+00
1.162810257847301854e+00
1.161833449191777667e+00
1.160864965798583670e+00
1.159904717566810906e+00
1.158952615560768340e+00
1.158008571992659164e+00
1.157072500205555743e+00
1.156144314656650351e+00
1.155223930900786566e+00
1.154311265574260004e+00
1.153406236378888838e+00
1.152508762066343229e+00
1.151618762422735864e+00
1.150736158253463648e+00
1.149860871368295179e+00
1.148992824566708704e+00
1.148131941623464547e+00
1.147278147274411797e+00
1.146431367202533247e+00
1.145591528024207939e+00
1.144758557275706634e+00
1.143932383399895780e+00
1.143112935733167079e+00
1.142300144492570446e+00
1.141493940763158577e+00
1.140694256485533353e+00
1.139901024443596977e+00
1.139114178252493170e+00
1.138333652346744662e+00
1.137559381968586969e+00
1.136791303156475585e+00
1.136029352733789910e+00
1.135273468297707034e+00
1.134523588208259604e+00
1.133779651577564440e+00
1.133041598259221017e+00
1.132309368837880692e+00
1.131582904618979146e+00
1.130862147618628466e+00
1.130147040553676874e+00
1.129437526831913674e+00
1.128733550542435848e+00
1.128035056446164752e+00
1.127341989966509361e+00
1.126654297180174735e+00
1.125971924808119029e+00
1.125294820206642177e+00
1.124622931358627120e+00
1.123956206864902274e+00
1.123294595935747431e+00
1.122638048382528897e+00
1.121986514609462304e+00
1.121339945605505983e+00
1.120698292936374685e+00
1.120061508736680089e+00
1.119429545702190110e+00
1.118802357082209209e+00
1.118179896672069740e+00
1.117562118805746962e+00
1.116948978348577315e+00
1.116340430690095253e+00
1.115736431736973344e+00
1.115136937906075820e+00
1.114541906117609393e+00
1.113951293788386199e+00
1.113365058825180887e+00
1.112783159618196738e+00
1.112205555034618598e+00
1.111632204412274616e+00
1.111063067553387240e+00
1.110498104718415480e+00
1.109937276619995083e+00
1.109380544416967762e+00
1.108827869708494118e+00
1.108279214528262058e+00
1.107734541338778023e+00
1.107193813025741047e+00
1.106656992892502078e+00
1.106124044654606786e+00
1.105594932434416089e+00
1.105069620755807058e+00
1.104548074538954427e+00
1.104030259095183819e+00
1.103516140121905131e+00
1.103005683697618311e+00
1.102498856276991068e+00
1.101995624686011865e+00
1.101495956117209074e+00
1.100999818124943852e+00
1.100507178620770077e+00
1.100018005868859117e+00
1.099532268481495878e+00
1.099049935414636803e+00
1.098570975963528040e+00
1.098095359758400891e+00
1.097623056760209881e+00
1.097154037256447001e+00
1.096688271857008790e+00
1.096225731490128696e+00
1.095766387398358521e+00
1.095310211134615130e+00
1.094857174558281798e+00
1.094407249831362172e+00
1.093960409414692636e+00
1.093516626064203967e+00
1.093075872827242723e+00
1.092638123038938591e+00
1.092203350318623034e+00
1.091771528566304550e+00
1.091342631959187903e+00
1.090916634948241981e+00
1.090493512254820940e+00
1.090073238867327543e+00
1.089655790037926453e+00
1.089241141279300606e+00
1.088829268361456659e+00
1.088420147308570174e+00
1.088013754395878996e+00
1.087610066146616372e+00
1.087209059328990701e+00
1.086810710953201253e+00
1.086414998268500520e+00
1.086021898760293869e+00
1.085631390147281161e+00
1.085243450378636343e+00
1.084858057631225003e+00
1.084475190306863013e+00
1.084094827029608910e+00
1.083716946643097589e+00
1.083341528207905080e+00
1.082968550998954838e+00
1.082597994502955130e+00
1.082229838415871503e+00
1.081864062640438995e+00
1.081500647283698768e+00
1.081139572654574943e+00
1.080780819261483616e+00
1.080424367809970088e+00
1.080070199200381831e+00
1.079718294525571665e+00
1.079368635068630011e+00
1.079021202300650240e+00
1.078675977878521097e+00
1.078332943642750674e+00
1.077992081615320119e+00
1.077653373997560893e+00
1.077316803168068216e+00
1.076982351680633831e+00
1.076650002262212746e+00
1.076319737810912835e+00
1.075991541394012430e+00
1.075665396246005656e+00
1.075341285766669097e+00
1.075019193519157978e+00
1.074699103228126562e+00
1.074380998777870744e+00
1.074064864210499293e+00
1.073750683724122856e+00
1.073438441671073162e+00
1.073128122556142428e+00
1.072819711034841417e+00
1.072513191911690589e+00
1.072208550138521455e+00
1.071905770812809466e+00
1.071604839176021562e+00
1.071305740611990798e+00
1.071008460645306304e+00
1.070712984939729440e+00
1.070419299296624827e+00
1.070127389653416916e+00
1.069837242082062767e+00
1.069548842787543252e+00
1.069262178106378247e+00
1.068977234505157581e+00
1.068693998579089754e+00
1.068412457050571307e+00
1.068132596767772835e+00
1.067854404703245885e+00
1.067577867952541171e+00
1.067302973732851878e+00
1.067029709381668745e+00
1.066758062355453784e+00
1.066488020228330225e+00
1.066219570690791540e+00
1.065952701548421366e+00
1.065687400720634503e+00
1.065423656239431249e+00
1.065161456248167271e+00
1.064900789000339687e+00
1.064641642858388026e+00
1.064384006292508289e+00
1.064127867879485656e+00
1.063873216301537195e+00
1.063620040345172324e+00
1.063368328900065052e+00
1.063118070957941974e+00
1.062869255611480934e+00
1.062621872053229000e+00
1.062375909574526212e+00
1.062131357564449097e+00
1.061888205508762395e+00
1.061646442988887662e+00
1.061406059680880309e+00
1.061167045354422189e+00
1.060929389871825057e+00
1.060693083187048025e+00
1.060458115344722341e+00
1.060224476479193934e+00
1.059992156813573283e+00
1.059761146658798170e+00
1.059531436412708416e+00
1.059303016559129951e+00
1.059075877666972421e+00
1.058850010389334795e+00
1.058625405462623181e+00
1.058402053705681078e+00
1.058179946018925177e+00
1.057959073383496706e+00
1.057739426860419218e+00
1.057520997589769030e+00
1.057303776789852323e+00
1.057087755756395353e+00
1.056872925861743084e+00
1.056659278554065828e+00
1.056446805356577645e+00
1.056235497866761630e+00
1.056025347755606525e+00
1.055816346766851321e+00
1.055608486716237637e+00
1.055401759490773195e+00
1.055196157048001071e+00
1.054991671415281829e+00
