9.143271360669627380e+10
2.489265660916921252e+00
2.487801289648952086e+00
2.484376441839879490e+00
2.479966049816753504e+00
2.475024406818932210e+00
2.469665008564097874e+00
2.463895527589364587e+00
2.457700778670044883e+00
2.451067776136867327e+00
2.443991778877101062e+00
2.436476404193216538e+00
2.428532145516395513e+00
2.420174697803541441e+00
2.411423498583180169e+00
2.402300559080204234e+00
2.392829557368694182e+00
2.383035142774657444e+00
2.372942403654430876e+00
2.362576460002056677e+00
2.351962151666846523e+00
2.341123800523937426e+00
2.330085030585793859e+00
2.318868634101317383e+00
2.307496474562754862e+00
2.295989419575470869e+00
2.284367298002440982e+00
2.272648876859822309e+00
2.260851854240245373e+00
2.248992865160311272e+00
2.237087497724592033e+00
2.225150317405931055e+00
2.213194897583941501e+00
2.201233854775543897e+00
2.189278887243295557e+00
2.177340815884428071e+00
2.165429626493053483e+00
2.153554512650625252e+00
2.141723918641035951e+00
2.129945581907233709e+00
2.118226574669389350e+00
2.106573344411761362e+00
2.094991753018963898e+00
2.083487114403245410e+00
2.072064230515273664e+00
2.060727425672296942e+00
2.049480579171147898e+00
2.038327156180655741e+00
2.027270236929234137e+00
2.016312544219990510e+00
2.005456469318435353e+00
1.994704096267033488e+00
1.984057224687576948e+00
1.973517391136781374e+00
1.963085889083174163e+00
1.952763787574572918e+00
1.942551948665612649e+00
1.932451043673957702e+00
1.922461568332584081e+00
1.912583856903355528e+00
1.902818095315061964e+00
1.893164333386415654e+00
1.883622496191829976e+00
1.874192394625064928e+00
1.864873735212903227e+00
1.855666129228257688e+00
1.846569101149340586e+00
1.837582096508729501e+00
1.828704489173621273e+00
1.819935588096007084e+00
1.811274643569009246e+00
1.802720853023449532e+00
1.794273366396351932e+00
1.785931291101118035e+00
1.777693696627166142e+00
1.769559618794851463e+00
1.761528063689826507e+00
1.753598011299418058e+00
1.745768418871905370e+00
1.738038224018362499e+00
1.730406347575088821e+00
1.722871696243790662e+00
1.715433165025086026e+00
1.708089639460137921e+00
1.700839997693996963e+00
1.693683112373441713e+00
1.686617852391007588e+00
1.679643084486329929e+00
1.672757674714956622e+00
1.665960489794117150e+00
1.659250398334343846e+00
1.652626271965147220e+00
1.646086986362361282e+00
1.639631422184333776e+00
1.633258465923477232e+00
1.626967010679450043e+00
1.620755956859549762e+00
1.614624212811744064e+00
1.608570695395212802e+00
1.602594330493032793e+00
1.596694053471242825e+00
1.590868809588322774e+00
1.585117554358679959e+00
1.579439253873705873e+00
1.573832885083473521e+00
1.568297436042136006e+00
1.562831906119728664e+00
1.557435306182968660e+00
1.552106658747461232e+00
1.546844998103458213e+00
1.541649370417318643e+00
1.536518833810525564e+00
1.531452458418078866e+00
1.526449326427900655e+00
1.521508532102796352e+00
1.516629181786412373e+00
1.511810393894522875e+00
1.507051298892843727e+00
1.502351039262592725e+00
1.497708769454784594e+00
1.493123655834306618e+00
1.488594876614681484e+00
1.484121621784338707e+00
1.479703093025245497e+00
1.475338503624592512e+00
1.471027078380212405e+00
1.466768053500398628e+00
1.462560676498664947e+00
1.458404206084061849e+00
1.454297912047452623e+00
1.450241075144314662e+00
1.446232986974433921e+00
1.442272949858924402e+00
1.438360276714919950e+00
1.434494290928324922e+00
1.430674326224856685e+00
1.426899726539778701e+00
1.423169845886508300e+00
1.419484048224379791e+00
1.415841707325796284e+00
1.412242206642977393e+00
1.408684939174484896e+00
1.405169307331720407e+00
1.401694722805551852e+00
1.398260606433212594e+00
1.394866388065621354e+00
1.391511506435236800e+00
1.388195409024563620e+00
1.384917551935438640e+00
1.381677399759132063e+00
1.378474425447424601e+00
1.375308110184680244e+00
1.372177943260998401e+00
1.369083421946541534e+00
1.366024051367032754e+00
1.362999344380539046e+00
1.360008821455528816e+00
1.357052010550291010e+00
1.354128446993705159e+00
1.351237673367423620e+00
1.348379239389491335e+00
1.345552701799393569e+00
1.342757624244595993e+00
1.339993577168549166e+00
1.337260137700196028e+00
1.334556889544989300e+00
1.331883422877404799e+00
1.329239334234988856e+00
1.326624226413903429e+00
1.324037708366003763e+00
1.321479395097419296e+00
1.318948907568652684e+00
1.316445872596188504e+00
1.313969922755589659e+00
1.311520696286094134e+00
1.309097836996697239e+00
1.306700994173697783e+00
1.304329822489711299e+00
1.301983981914127453e+00
1.299663137625017395e+00
1.297366959922447327e+00
1.295095124143212040e+00
1.292847310576956454e+00
1.290623204383686273e+00
1.288422495512628885e+00
1.286244878622453403e+00
1.284090053002816090e+00
1.281957722497218954e+00
1.279847595427170415e+00
1.277759384517630714e+00
1.275692806823697456e+00
1.273647583658573001e+00
1.271623440522731130e+00
1.269620107034308054e+00
1.267637316860678709e+00
1.265674807651222755e+00
1.263732320971226342e+00
1.261809602236946937e+00
1.259906400651791714e+00
1.258022469143591504e+00
1.256157564302978535e+00
1.254311446322829759e+00
1.252483878938755790e+00
1.250674629370639890e+00
1.248883468265183483e+00
1.247110169639463306e+00
1.245354510825471550e+00
1.243616272415623003e+00
1.241895238209220320e+00
1.240191195159856541e+00
1.238503933323728656e+00
1.236833245808873771e+00
1.235178928725282343e+00
1.233540781135888276e+00
1.231918605008418988e+00
1.230312205168096362e+00
1.228721389251156371e+00
1.227145967659188264e+00
1.225585753514284448e+00
1.224040562614950867e+00
1.222510213392826506e+00
1.220994526870125441e+00
1.219493326617852480e+00
1.218006438714730910e+00
1.216533691706859432e+00
1.215074916568081864e+00
1.213629946661026304e+00
1.212198617698850844e+00
1.210780767707642758e+00
1.209376236989479825e+00
1.207984868086135144e+00
1.206606505743411661e+00
1.205240996876103310e+00
1.203888190533563662e+00
1.202547937865869221e+00
1.201220092090582225e+00
1.199904508460076791e+00
1.198601044229441692e+00
1.197309558624938930e+00
1.196029912812997864e+00
1.194761969869765350e+00
1.193505594751160359e+00
1.192260654263463282e+00
1.191027017034400837e+00
1.189804553484735905e+00
1.188593135800346090e+00
1.187392637904775006e+00
1.186202935432266070e+00
1.185023905701246161e+00
1.183855427688279782e+00
1.182697382002452446e+00
1.181549650860200362e+00
1.180412118060571114e+00
1.179284668960900451e+00
1.178167190452910740e+00
1.177059570939206434e+00
1.175961700310179214e+00
1.174873469921294600e+00
1.173794772570774025e+00
1.172725502477643511e+00
1.171665555260165137e+00
1.170614827914620681e+00
1.169573218794459413e+00
1.168540627589798486e+00
1.167516955307261739e+00
1.166502104250162430e+00
1.165495977999014610e+00
1.164498481392372886e+00
1.163509520507990391e+00
1.162529002644294485e+00
1.161556836302163109e+00
1.160592931167020447e+00
1.159637198091208132e+00
1.158689549076670655e+00
1.157749897257909888e+00
1.156818156885236260e+00
1.155894243308285052e+00
1.154978072959811142e+00
1.154069563339748861e+00
1.153168632999535204e+00
1.152275201526684834e+00
1.151389189529630874e+00
1.150510518622795963e+00
1.149639111411924430e+00
1.148774891479641846e+00
1.147917783371257716e+00
1.147067712580794430e+00
1.146224605537244035e+00
1.145388389591051492e+00
1.144558993000809100e+00
1.143736344920178727e+00
1.142920375385010789e+00
1.142111015300679933e+00
1.141308196429625221e+00
1.140511851379083508e+00
1.139721913589027524e+00
1.138938317320291826e+00
1.138160997642890360e+00
1.137389890424521433e+00
1.136624932319257653e+00
1.135866060756409279e+00
1.135113213929570986e+00
1.134366330785843369e+00
1.133625351015218996e+00
1.132890215040139426e+00
1.132160864005221645e+00
1.131437239767137948e+00
1.130719284884662112e+00
1.130006942608870579e+00
1.129300156873492833e+00
1.128598872285423216e+00
1.127903034115366632e+00
1.127212588288643902e+00
1.126527481376137008e+00
1.125847660585363563e+00
1.125173073751712272e+00
1.124503669329794064e+00
1.123839396384937128e+00
1.123180204584812047e+00
1.122526044191187289e+00
1.121876866051807697e+00
1.121232621592402001e+00
1.120593262808811774e+00
1.119958742259243412e+00
1.119329013056633126e+00
1.118704028861135846e+00
1.118083743872722025e+00
1.117468112823896131e+00
1.116857090972513067e+00
1.116250634094718697e+00
1.115648698477986311e+00
1.115051240914260777e+00
1.114458218693212599e+00
1.113869589595586351e+00
1.113285311886652140e+00
1.112705344309757649e+00
1.112129646079973888e+00
1.111558176877836868e+00
1.110990896843186748e+00
1.110427766569092700e+00
1.109868747095874797e+00
1.109313799905211173e+00
1.108762886914333334e+00
1.108215970470309175e+00
1.107673013344409263e+00
1.107133978726559276e+00
1.106598830219867491e+00
1.106067531835245088e+00
1.105540047986092844e+00
1.105016343483075980e+00
1.104496383528967174e+00
1.103980133713574174e+00
1.103467560008736026e+00
1.102958628763391014e+00
1.102453306698722990e+00
1.101951560903373650e+00
1.101453358828723417e+00
1.100958668284245379e+00
1.100467457432924290e+00
1.099979694786740403e+00
1.099495349202221472e+00
1.099014389876056264e+00
1.098536786340774229e+00
1.098062508460484032e+00
1.097591526426675568e+00
1.097123810754082385e+00
1.096659332276603838e+00
1.096198062143277197e+00
1.095739971814324365e+00
1.095285033057237234e+00
1.094833217942931869e+00
1.094384498841945774e+00
1.093938848420700882e+00
1.093496239637810952e+00
1.093056645740443145e+00
1.092620040260734005e+00
1.092186397012253840e+00
1.091755690086516850e+00
1.091327893849548758e+00
1.090902982938495525e+00
1.090480932258282243e+00
1.090061716978319550e+00
1.089645312529253562e+00
1.089231694599762656e+00
1.088820839133399998e+00
1.088412722325476922e+00
1.088007320619992502e+00
1.087604610706602859e+00
1.087204569517636443e+00
1.086807174225144834e+00
1.086412402237999952e+00
1.086020231199025465e+00
1.085630638982173712e+00
1.085243603689738379e+00
1.084859103649602030e+00
1.084477117412528280e+00
1.084097623749483486e+00
1.083720601649002857e+00
1.083346030314584763e+00
1.082973889162126113e+00
1.082604157817388835e+00
1.082236816113502753e+00
1.081871844088501566e+00
1.081509221982892788e+00
1.081148930237259220e+00
1.080790949489892849e+00
1.080435260574461820e+00
1.080081844517708056e+00
1.079730682537175301e+00
1.079381756038966689e+00
1.079035046615535842e+00
1.078690536043503512e+00
1.078348206281504629e+00
1.078008039468064005e+00
1.077670017919501788e+00
1.077334124127863779e+00
1.077000340758881736e+00
1.076668650649957870e+00
1.076339036808179772e+00
1.076011482408357534e+00
1.075685970791089074e+00
1.075362485460850781e+00
1.075041010084110571e+00
1.074721528487470268e+00
1.074404024655829293e+00
1.074088482730570115e+00
1.073774887007773904e+00
1.073463221936451717e+00
1.073153472116805451e+00
1.072845622298506552e+00
1.072539657378998923e+00
1.072235562401824271e+00
1.071933322554967649e+00
1.071632923169226093e+00
1.071334349716596135e+00
1.071037587808684854e+00
1.070742623195136467e+00
1.070449441762086007e+00
1.070158029530627442e+00
1.069868372655301325e+00
1.069580457422606212e+00
1.069294270249525169e+00
1.069009797682070495e+00
1.068727026393849977e+00
1.068445943184650249e+00
1.068166534979036575e+00
1.067888788824971513e+00
1.067612691892451116e+00
1.067338231472159116e+00
1.067065394974134440e+00
1.066794169926460922e+00
1.066524543973969230e+00
1.066256504876955669e+00
1.065990040509919190e+00
1.065725138860312171e+00
1.065461788027308065e+00
1.065199976220580824e+00
1.064939691759106744e+00
1.064680923069973195e+00
1.064423658687206897e+00
1.064167887250616396e+00
1.063913597504646535e+00
1.063660778297249809e+00
1.063409418578768584e+00
1.063159507400834647e+00
1.062911033915279191e+00
1.062663987373058561e+00
1.062418357123189772e+00
1.062174132611704458e+00
1.061931303380609481e+00
1.061689859066864638e+00
1.061449789401371691e+00
1.061211084207974054e+00
1.060973733402470476e+00
1.060737726991641150e+00
1.060503055072282264e+00
1.060269707830257202e+00
1.060037675539553526e+00
1.059806948561358375e+00
1.059577517343136099e+00
1.059349372417726309e+00
1.059122504402444376e+00
1.058896903998200578e+00
1.058672561988621474e+00
1.058449469239189700e+00
1.058227616696389095e+00
1.058006995386860494e+00
1.057787596416570164e+00
1.057569410969984691e+00
1.057352430309258073e+00
1.057136645773428807e+00
1.056922048777623191e+00
1.056708630812271732e+00
1.056496383442332876e+00
1.056285298306526288e+00
1.056075367116575014e+00
1.055866581656457193e+00
1.055658933781665532e+00
1.055452415418475676e+00
1.055247018563224337e+00
