2.336433309753900289e+00
2.332961742655050408e+00
2.332222541791749926e+00
2.331036113252985320e+00
2.329405942860918621e+00
2.327336785528803631e+00
2.324834626118769787e+00
2.321906627940669487e+00
2.318561071564425369e+00
2.314807285344428145e+00
2.310655568936568649e+00
2.306117111108055173e+00
2.301203903161351150e+00
2.295928649290522205e+00
2.290304675157354808e+00
2.284345835916677725e+00
2.278066424839488402e+00
2.271481083582732374e+00
2.264604715041260263e+00
2.257452399594789938e+00
2.250039315435242049e+00
2.242380663531941209e+00
2.234491597666772744e+00
2.226387159852043496e+00
2.218082221332167148e+00
2.209591429268452867e+00
2.200929159115293743e+00
2.192109472616472488e+00
2.183146081282132833e+00
2.174052315150592385e+00
2.164841096593434600e+00
2.155524918887028463e+00
2.146115829247706941e+00
2.136625416010510925e+00
2.127064799621459557e+00
2.117444627109973609e+00
2.107775069710115190e+00
2.098065823306376032e+00
2.088326111389750217e+00
2.078564690223672073e+00
2.068789855934633160e+00
2.059009453259772471e+00
2.049230885701655236e+00
2.039461126859387186e+00
2.029706732724013918e+00
2.019973854744846697e+00
2.010268253491787505e+00
2.000595312756157540e+00
1.990960053949574871e+00
1.981367150676225597e+00
1.971820943368983503e+00
1.962325453893535521e+00
1.952884400037778523e+00
1.943501209815424513e+00
1.934179035523646117e+00
1.924920767504267882e+00
1.915729047567054533e+00
1.906606282041420908e+00
1.897554654429966181e+00
1.888576137643729558e+00
1.879672505804285798e+00
1.870845345603063592e+00
1.862096067212044348e+00
1.853425914744128544e+00
1.844835976264297628e+00
1.836327193355452136e+00
1.827900370245172601e+00
1.819556182501463670e+00
1.811295185306990074e+00
1.803117821322844261e+00
1.795024428153553675e+00
1.787015245426113008e+00
1.779090421496101637e+00
1.771250019794581299e+00
1.763494024829590057e+00
1.755822347856097032e+00
1.748234832228495073e+00
1.740731258449365271e+00
1.733311348928256557e+00
1.725974772463924056e+00
1.718721148463147497e+00
1.711550050908995368e+00
1.704461012090967564e+00
1.697453526109102162e+00
1.690527052163687927e+00
1.683681017641834643e+00
1.676914821011681989e+00
1.670227834534631750e+00
1.663619406805533663e+00
1.657088865130305511e+00
1.650635517750067560e+00
1.644258655920456169e+00
1.637957555854322234e+00
1.631731480535680845e+00
1.625579681412344879e+00
1.619501399974309308e+00
1.613495869224640611e+00
1.607562315049125612e+00
1.601699957490849480e+00
1.595908011935247561e+00
1.590185690211157521e+00
1.584532201612846691e+00
1.578946753847929596e+00
1.573428553915628303e+00
1.567976808919757881e+00
1.562590726820382692e+00
1.557269517128040404e+00
1.552012391544068004e+00
1.546818564550456854e+00
1.541687253952402914e+00
1.536617681376542421e+00
1.531609072727749155e+00
1.526660658607079446e+00
1.521771674693434884e+00
1.516941362091238865e+00
1.512168967646367657e+00
1.507453744232420956e+00
1.502794951009251090e+00
1.498191853655600259e+00
1.493643724577597087e+00
1.489149843094689230e+00
1.484709495604549234e+00
1.480321975728373429e+00
1.475986584437938731e+00
1.471702630165621750e+00
1.467469428898616979e+00
1.463286304258414994e+00
1.459152587566600712e+00
1.455067617897933152e+00
1.451030742121633521e+00
1.447041314931713174e+00
1.443098698867161467e+00
1.439202264322737790e+00
1.435351389551064116e+00
1.431545460656699964e+00
1.427783871582777531e+00
1.424066024090821170e+00
1.420391327734229936e+00
1.416759199826030269e+00
1.413169065401236546e+00
1.409620357174394156e+00
1.406112515492628168e+00
1.402644988284632577e+00
1.399217231005933648e+00
1.395828706580797496e+00
1.392478885341065897e+00
1.389167244962244085e+00
1.385893270397073440e+00
1.382656453806912378e+00
1.379456294491110402e+00
1.376292298814615123e+00
1.373163980134011197e+00
1.370070858722230334e+00
1.367012461692054925e+00
1.363988322918608276e+00
1.360997982961001274e+00
1.358040988983266306e+00
1.355116894674705419e+00
1.352225260169805487e+00
1.349365651967805224e+00
1.346537642852055461e+00
1.343740811809231550e+00
1.340974743948543990e+00
1.338239030420982356e+00
1.335533268338679358e+00
1.332857060694530249e+00
1.330210016282032504e+00
1.327591749615488981e+00
1.325001880850597447e+00
1.322440035705481298e+00
1.319905845382220555e+00
1.317398946488902434e+00
1.314918980962264117e+00
1.312465595990935263e+00
1.310038443939329333e+00
1.307637182272200160e+00
1.305261473479915724e+00
1.302910985004436695e+00
1.300585389166049044e+00
1.298284363090859372e+00
1.296007588639072949e+00
1.293754752334060232e+00
1.291525545292240729e+00
1.289319663153777329e+00
1.287136806014101076e+00
1.284976678356271940e+00
1.282838988984178030e+00
1.280723450956597231e+00
1.278629781522072184e+00
1.276557702054683441e+00
1.274506937990637523e+00
1.272477218765736495e+00
1.270468277753682873e+00
1.268479852205244285e+00
1.266511683188263238e+00
1.264563515528525972e+00
1.262635097751455326e+00
1.260726182024659137e+00
1.258836524101297094e+00
1.256965883264298700e+00
1.255114022271377694e+00
1.253280707300882701e+00
1.251465707898450797e+00
1.249668796924460867e+00
1.247889750502292339e+00
1.246128347967366823e+00
1.244384371816963375e+00
1.242657607660820451e+00
1.240947844172492154e+00
1.239254873041464977e+00
1.237578488926015297e+00
1.235918489406818699e+00
1.234274674941266303e+00
1.232646848818533813e+00
1.231034817115334690e+00
1.229438388652376535e+00
1.227857374951544012e+00
1.226291590193720138e+00
1.224740851177315903e+00
1.223204977277454031e+00
1.221683790405809766e+00
1.220177114971094934e+00
1.218684777840195022e+00
1.217206608299919557e+00
1.215742438019376648e+00
1.214292101012965475e+00
1.212855433603965416e+00
1.211432274388712926e+00
1.210022464201375492e+00
1.208625846079289357e+00
1.207242265228863243e+00
1.205871568992051834e+00
1.204513606813365278e+00
1.203168230207422695e+00
1.201835292727043036e+00
1.200514649931852640e+00
1.199206159357404600e+00
1.197909680484825268e+00
1.196625074710931047e+00
1.195352205318853223e+00
1.194090937449148404e+00
1.192841138071370821e+00
1.191602675956121793e+00
1.190375421647554166e+00
1.189159247436333500e+00
1.187954027333037121e+00
1.186759637041994608e+00
1.185575953935556592e+00
1.184402857028792555e+00
1.183240226954592522e+00
1.182087945939186868e+00
1.180945897778064246e+00
1.179813967812286979e+00
1.178692042905193249e+00
1.177580011419483874e+00
1.176477763194678561e+00
1.175385189524946528e+00
1.174302183137304390e+00
1.173228638170158211e+00
1.172164450152208159e+00
1.171109515981693550e+00
1.170063733905973180e+00
1.169027003501448281e+00
1.167999225653799877e+00
1.166980302538564995e+00
1.165970137602009515e+00
1.164968635542329656e+00
1.163975702291146996e+00
1.162991244995313700e+00
1.162015171999004615e+00
1.161047392826102032e+00
1.160087818162869988e+00
1.159136359840905239e+00
1.158192930820363564e+00
1.157257445173459187e+00
1.156329818068225546e+00
1.155409965752548507e+00
1.154497805538442723e+00
1.153593255786591110e+00
1.152696235891129906e+00
1.151806666264675316e+00
1.150924468323595518e+00
1.150049564473510921e+00
1.149181878095037579e+00
1.148321333529743749e+00
1.147467856066343606e+00
1.146621371927107003e+00
1.145781808254480394e+00
1.144949093097927140e+00
1.144123155400975422e+00
1.143303924988468445e+00
1.142491332554020689e+00
1.141685309647669566e+00
1.140885788663724032e+00
1.140092702828807036e+00
1.139305986190078501e+00
1.138525573603655250e+00
1.137751400723203243e+00
1.136983403988714336e+00
1.136221520615457115e+00
1.135465688583102928e+00
1.134715846625016233e+00
1.133971934217722133e+00
1.133233891570527119e+00
1.132501659615310130e+00
1.131775179996468150e+00
1.131054395061020346e+00
1.130339247848862305e+00
1.129629682083176156e+00
1.128925642160984566e+00
1.128227073143853065e+00
1.127533920748737817e+00
1.126846131338966384e+00
1.126163651915370156e+00
1.125486430107539348e+00
1.124814414165224985e+00
1.124147552949860795e+00
1.123485795926223663e+00
1.122829093154216418e+00
1.122177395280780754e+00
1.121530653531928046e+00
1.120888819704892070e+00
1.120251846160409626e+00
1.119619685815103738e+00
1.118992292133993205e+00
1.118369619123114056e+00
1.117751621322248035e+00
1.117138253797763214e+00
1.116529472135563861e+00
1.115925232434144654e+00
1.115325491297749494e+00
1.114730205829630894e+00
1.114139333625417727e+00
1.113552832766571354e+00
1.112970661813946771e+00
1.112392779801450349e+00
1.111819146229782396e+00
1.111249721060290074e+00
1.110684464708892039e+00
1.110123338040108099e+00
1.109566302361168155e+00
1.109013319416211729e+00
1.108464351380576751e+00
1.107919360855162516e+00
1.107378310860886561e+00
1.106841164833215263e+00
1.106307886616776814e+00
1.105778440460055689e+00
1.105252791010162383e+00
1.104730903307678203e+00
1.104212742781575995e+00
1.103698275244217708e+00
1.103187466886422552e+00
1.102680284272604005e+00
1.102176694335980756e+00
1.101676664373858250e+00
1.101180162042973087e+00
1.100687155354909574e+00
1.100197612671578451e+00
1.099711502700764676e+00
1.099228794491735606e+00
1.098749457430912457e+00
1.098273461237608828e+00
1.097800775959819619e+00
1.097331371970081459e+00
1.096865219961385973e+00
1.096402290943151447e+00
1.095942556237250898e+00
1.095485987474103862e+00
1.095032556588810158e+00
1.094582235817352034e+00
1.094134997692839839e+00
1.093690815041818087e+00
1.093249660980617044e+00
1.092811508911759155e+00
1.092376332520417215e+00
1.091944105770917828e+00
1.091514802903297277e+00
1.091088398429904682e+00
1.090664867132051130e+00
1.090244184056707866e+00
1.089826324513249567e+00
1.089411264070239582e+00
1.088998978552264241e+00
1.088589444036811349e+00
1.088182636851184437e+00
1.087778533569471628e+00
1.087377111009543817e+00
1.086978346230102366e+00
1.086582216527763212e+00
1.086188699434186500e+00
1.085797772713235521e+00
1.085409414358186053e+00
1.085023602588964797e+00
1.084640315849430436e+00
1.084259532804690451e+00
1.083881232338452572e+00
1.083505393550414642e+00
1.083131995753689791e+00
1.082761018472264691e+00
1.082392441438492225e+00
1.082026244590620578e+00
1.081662408070352299e+00
1.081300912220438226e+00
1.080941737582303164e+00
1.080584864893703312e+00
1.080230275086415004e+00
1.079877949283955196e+00
1.079527868799329049e+00
1.079180015132815029e+00
1.078834369969767781e+00
1.078490915178463627e+00
1.078149632807962499e+00
1.077810505086008064e+00
1.077473514416947387e+00
1.077138643379685012e+00
1.076805874725657253e+00
1.076475191376840668e+00
1.076146576423780532e+00
1.075820013123645946e+00
1.075495484898316922e+00
1.075172975332485237e+00
1.074852468171791475e+00
1.074533947320977179e+00
1.074217396842068517e+00
1.073902800952578174e+00
1.073590144023732984e+00
1.073279410578723558e+00
1.072970585290978995e+00
1.072663652982460691e+00
1.072358598621978132e+00
1.072055407323530885e+00
1.071754064344667023e+00
1.071454555084863980e+00
1.071156865083932264e+00
1.070860980020436726e+00
1.070566885710139138e+00
1.070274568104462087e+00
1.069984013288970415e+00
1.069695207481871968e+00
1.069408137032540562e+00
1.069122788420052039e+00
1.068839148251746307e+00
1.068557203261798927e+00
1.068276940309818679e+00
1.067998346379459118e+00
1.067721408577046338e+00
1.067446114130225832e+00
1.067172450386628668e+00
1.066900404812548553e+00
1.066629964991641311e+00
1.066361118623636361e+00
1.066093853523067958e+00
1.065828157618017968e+00
1.065564018948879088e+00
1.065301425667129154e+00
1.065040366034123887e+00
1.064780828419902736e+00
1.064522801302009825e+00
1.064266273264330209e+00
1.064011232995939915e+00
1.063757669289969732e+00
1.063505571042484554e+00
1.063254927251373383e+00
1.063005727015258417e+00
1.062757959532410812e+00
1.062511614099683754e+00
1.062266680111460193e+00
1.062023147058607675e+00
1.061781004527451389e+00
1.061540242198756534e+00
1.061300849846725569e+00
1.061062817338004782e+00
1.060826134630704409e+00
1.060590791773430741e+00
1.060356778904330000e+00
1.060124086250143094e+00
1.059892704125272145e+00
1.059662622930858111e+00
1.059433833153869076e+00
1.059206325366200518e+00
1.058980090223786474e+00
1.058755118465718681e+00
1.058531400913379938e+00
1.058308928469585020e+00
1.058087692117734013e+00
1.057867682920972996e+00
1.057648892021366471e+00
1.057431310639081579e+00
1.057214930071576520e+00
1.056999741692803862e+00
1.056785736952421395e+00
1.056572907375010528e+00
1.056361244559306689e+00
1.056150740177436154e+00
1.055941385974166646e+00
1.055733173766158606e+00
1.055526095441232881e+00
1.055320142957643315e+00
1.055115308343358649e+00
