2.358941771562760970e+00
2.357413051260095926e+00
2.356450739953610096e+00
2.355198621718446184e+00
2.353582198554285743e+00
2.351581325154457502e+00
2.349190528807394429e+00
2.346410511068729221e+00
2.343245355649566264e+00
2.339701354148073786e+00
2.335786413884154200e+00
2.331509710082603881e+00
2.326881452560895180e+00
2.321912710934241453e+00
2.316615272148597526e+00
2.311001517384716486e+00
2.305084311698776922e+00
2.298876902954699819e+00
2.292392828273250860e+00
2.285645827112039896e+00
2.278649760562264870e+00
2.271418536685771095e+00
2.263966041823563202e+00
2.256306077838962310e+00
2.248452305248545002e+00
2.240418192162854982e+00
2.232216968917247968e+00
2.223861588229839370e+00
2.215364690681978388e+00
2.206738575280289716e+00
2.197995174828999865e+00
2.189146035817740810e+00
2.180202302513517765e+00
2.171174704935162403e+00
2.162073550384496556e+00
2.152908718209364025e+00
2.143689657479039390e+00
2.134425387261910334e+00
2.125124499207418083e+00
2.115795162148818243e+00
2.106445128459637495e+00
2.097081741914002428e+00
2.087711946819433173e+00
2.078342298208612604e+00
2.068978972895468171e+00
2.059627781218612785e+00
2.050294179312592835e+00
2.040983281764299662e+00
2.031699874527438165e+00
2.022448427983132291e+00
2.013233110048330943e+00
2.004057799246800275e+00
1.994926097669033283e+00
1.985841343758548483e+00
1.976806624871484397e+00
1.967824789565587817e+00
1.958898459582456564e+00
1.950030041494079214e+00
1.941221737991074114e+00
1.932475558795504256e+00
1.923793331186087752e+00
1.915176710128041693e+00
1.906627188003158668e+00
1.898146103939363227e+00
1.889734652741271503e+00
1.881393893425931996e+00
1.873124757369651894e+00
1.864928056073523521e+00
1.856804488556548005e+00
1.848754648386247368e+00
1.840779030357505786e+00
1.832878036831169677e+00
1.825051983743999351e+00
1.817301106302333658e+00
1.809625564371532658e+00
1.802025447573809114e+00
1.794500780106540905e+00
1.787051525293416709e+00
1.779677589880440891e+00
1.772378828088585045e+00
1.765155045434585013e+00
1.758006002331240492e+00
1.750931417477988195e+00
1.743930971052360501e+00
1.737004307712504136e+00
1.730151039420551040e+00
1.723370748096267668e+00
1.716662988109954879e+00
1.710027288623390707e+00
1.703463155786916872e+00
1.696970074800658868e+00
1.690547511847416917e+00
1.684194915904317913e+00
1.677911720440145915e+00
1.671697345004734991e+00
1.665551196716672733e+00
1.659472671655083165e+00
1.653461156161060597e+00
1.647516028054003767e+00
1.641636657767787888e+00
1.635822409411495482e+00
1.630072641759181096e+00
1.624386709172796595e+00
1.618763962462317796e+00
1.613203749686778821e+00
1.607705416899789519e+00
1.602268308842823119e+00
1.596891769589498189e+00
1.591575143143745485e+00
1.586317773994725844e+00
1.581119007631110573e+00
1.575978191017210150e+00
1.570894673033304878e+00
1.565867804882379755e+00
1.560896940465344329e+00
1.555981436726697975e+00
1.551120653972459351e+00
1.546313956162145509e+00
1.541560711176356069e+00
1.536860291061572292e+00
1.532212072253575474e+00
1.527615435780829145e+00
1.523069767449148237e+00
1.518574458008799644e+00
1.514128903305225204e+00
1.509732504414384557e+00
1.505384667763763673e+00
1.501084805239971676e+00
1.496832334283777488e+00
1.492626677973486027e+00
1.488467265097338066e+00
1.484353530215757777e+00
1.480284913714053907e+00
1.476260861846286021e+00
1.472280826770853368e+00
1.468344266578387014e+00
1.464450645312521004e+00
1.460599432983959556e+00
1.456790105578404715e+00
1.453022145058715076e+00
1.449295039361743420e+00
1.445608282390254740e+00
1.441961374000235496e+00
1.438353819984007576e+00
1.434785132049420930e+00
1.431254827795433116e+00
1.427762430684373474e+00
1.424307470011154209e+00
1.420889480869649946e+00
1.417508004116528220e+00
1.414162586332694316e+00
1.410852779782598265e+00
1.407578142371584295e+00
1.404338237601427952e+00
1.401132634524292264e+00
1.397960907695207089e+00
1.394822637123239284e+00
1.391717408221484931e+00
1.388644811756037489e+00
1.385604443793992502e+00
1.382595905650685131e+00
1.379618803836189400e+00
1.376672750001213696e+00
1.373757360882483569e+00
1.370872258247694653e+00
1.368017068840093664e+00
1.365191424322817593e+00
1.362394961222969325e+00
1.359627320875602896e+00
1.356888149367579066e+00
1.354177097481420011e+00
1.351493820639161125e+00
1.348837978846290531e+00
1.346209236635792283e+00
1.343607263012340569e+00
1.341031731396695070e+00
1.338482319570309942e+00
1.335958709620215901e+00
1.333460587884184090e+00
1.330987644896203470e+00
1.328539575332301936e+00
1.326116077956740469e+00
1.323716855568571660e+00
1.321341614948626342e+00
1.318990066806907002e+00
1.316661925730425065e+00
1.314356910131489808e+00
1.312074742196459365e+00
1.309815147834972215e+00
1.307577856629664526e+00
1.305362601786384857e+00
1.303169120084903598e+00
1.300997151830159293e+00
1.298846440803985036e+00
1.296716734217389311e+00
1.294607782663352857e+00
1.292519340070144906e+00
1.290451163655194300e+00
1.288403013879479531e+00
1.286374654402465900e+00
1.284365852037568034e+00
1.282376376708172394e+00
1.280406001404172933e+00
1.278454502139065641e+00
1.276521657907571550e+00
1.274607250643789547e+00
1.272711065179901624e+00
1.270832889205383287e+00
1.268972513226768850e+00
1.267129730527929210e+00
1.265304337130876977e+00
1.263496131757090302e+00
1.261704915789356063e+00
1.259930493234128646e+00
1.258172670684392092e+00
1.256431257283030067e+00
1.254706064686702538e+00
1.252996907030205609e+00
1.251303600891349843e+00
1.249625965256284887e+00
1.247963821485355007e+00
1.246316993279398488e+00
1.244685306646529765e+00
1.243068589869400276e+00
1.241466673472907178e+00
1.239879390192372810e+00
1.238306574942172000e+00
1.236748064784802148e+00
1.235203698900414038e+00
1.233673318556755882e+00
1.232156767079577442e+00
1.230653889823433822e+00
1.229164534142930476e+00
1.227688549364380322e+00
1.226225786757873637e+00
1.224776099509741423e+00
1.223339342695444643e+00
1.221915373252835169e+00
1.220504049955826398e+00
1.219105233388433351e+00
1.217718785919208235e+00
1.216344571676038377e+00
1.214982456521322085e+00
1.213632308027514206e+00
1.212293995453017192e+00
1.210967389718440312e+00
1.209652363383206586e+00
1.208348790622501667e+00
1.207056547204565122e+00
1.205775510468321654e+00
1.204505559301333184e+00
1.203246574118091106e+00
1.201998436838620732e+00
1.200761030867396162e+00
1.199534241072592877e+00
1.198317953765616339e+00
1.197112056680961656e+00
1.195916438956348804e+00
1.194730991113171603e+00
1.193555605037229350e+00
1.192390173959738675e+00
1.191234592438638717e+00
1.190088756340164089e+00
1.188952562820699832e+00
1.187825910308892174e+00
1.186708698488050384e+00
1.185600828278774665e+00
1.184502201821872935e+00
1.183412722461514299e+00
1.182332294728640765e+00
1.181260824324612546e+00
1.180198218105115826e+00
1.179144384064290785e+00
1.178099231319100770e+00
1.177062670093937946e+00
1.176034611705450983e+00
1.175014968547598349e+00
1.174003654076926306e+00
1.173000582798057190e+00
1.172005670249403497e+00
1.171018832989080494e+00
1.170039988581036638e+00
1.169069055581381189e+00
1.168105953524922080e+00
1.167150602911891877e+00
1.166202925194879114e+00
1.165262842765946161e+00
1.164330278943934927e+00
1.163405157961969749e+00
1.162487404955129033e+00
1.161576945948309847e+00
1.160673707844265268e+00
1.159777618411818700e+00
1.158888606274248279e+00
1.158006600897846239e+00
1.157131532580641498e+00
1.156263332441287872e+00
1.155401932408116172e+00
1.154547265208345053e+00
1.153699264357449961e+00
1.152857864148685518e+00
1.152022999642760892e+00
1.151194606657667041e+00
1.150372621758649849e+00
1.149556982248331360e+00
1.148747626156969792e+00
1.147944492232865876e+00
1.147147519932904647e+00
1.146356649413238005e+00
1.145571821520096290e+00
1.144792977780735521e+00
1.144020060394518090e+00
1.143253012224119347e+00
1.142491776786857427e+00
1.141736298246153636e+00
1.140986521403115628e+00
1.140242391688234935e+00
1.139503855153208844e+00
1.138770858462879954e+00
1.138043348887288309e+00
1.137321274293840778e+00
1.136604583139585456e+00
1.135893224463606410e+00
1.135187147879516578e+00
1.134486303568067234e+00
1.133790642269852489e+00
1.133100115278128595e+00
1.132414674431724277e+00
1.131734272108060102e+00
1.131058861216261757e+00
1.130388395190374151e+00
1.129722827982668765e+00
1.129062114057047150e+00
1.128406208382534581e+00
1.127755066426870734e+00
1.127108644150186301e+00
1.126466897998771755e+00
1.125829784898925823e+00
1.125197262250903663e+00
1.124569287922936978e+00
1.123945820245345173e+00
1.123326818004726002e+00
1.122712240438229259e+00
1.122102047227907518e+00
1.121496198495148144e+00
1.120894654795183909e+00
1.120297377111673764e+00
1.119704326851366227e+00
1.119115465838832923e+00
1.118530756311273411e+00
1.117950160913398161e+00
1.117373642692375046e+00
1.116801165092850434e+00
1.116232691952037559e+00
1.115668187494869068e+00
1.115107616329223061e+00
1.114550943441210418e+00
1.113998134190526068e+00
1.113449154305865774e+00
1.112903969880405297e+00
1.112362547367342636e+00
1.111824853575496208e+00
1.111290855664970545e+00
1.110760521142873714e+00
1.110233817859100913e+00
1.109710714002163368e+00
1.109191178095089603e+00
1.108675178991367360e+00
1.108162685870950348e+00
1.107653668236315836e+00
1.107148095908572660e+00
1.106645939023626513e+00
1.106147168028394079e+00
1.105651753677069138e+00
1.105159667027437509e+00
1.104670879437242181e+00
1.104185362560598627e+00
1.103703088344456518e+00
1.103224029025106745e+00
1.102748157124742168e+00
1.102275445448051894e+00
1.101805867078878398e+00
1.101339395376899066e+00
1.100876003974367912e+00
1.100415666772893486e+00
1.099958357940259424e+00
1.099504051907288060e+00
1.099052723364747131e+00
1.098604347260293990e+00
1.098158898795463578e+00
1.097716353422691027e+00
1.097276686842380888e+00
1.096839875000009457e+00
1.096405894083261945e+00
1.095974720519218293e+00
1.095546330971565174e+00
1.095120702337849528e+00
1.094697811746762284e+00
1.094277636555469613e+00
1.093860154346966373e+00
1.093445342927467090e+00
1.093033180323837783e+00
1.092623644781050452e+00
1.092216714759679519e+00
1.091812368933423816e+00
1.091410586186667420e+00
1.091011345612065364e+00
1.090614626508162432e+00
1.090220408377047479e+00
1.089828670922028842e+00
1.089439394045349729e+00
1.089052557845923364e+00
1.088668142617103207e+00
1.088286128844481393e+00
1.087906497203710021e+00
1.087529228558357763e+00
1.087154303957789558e+00
1.086781704635070067e+00
1.086411412004901544e+00
1.086043407661581917e+00
1.085677673376989949e+00
1.085314191098598613e+00
1.084952942947507548e+00
1.084593911216508832e+00
1.084237078368167850e+00
1.083882427032936802e+00
1.083529940007285308e+00
1.083179600251857666e+00
1.082831390889654299e+00
1.082485295204232534e+00
1.082141296637931349e+00
1.081799378790120780e+00
1.081459525415469303e+00
1.081121720422233867e+00
1.080785947870574581e+00
1.080452191970883824e+00
1.080120437082143114e+00
1.079790667710293750e+00
1.079462868506633200e+00
1.079137024266229705e+00
1.078813119926351982e+00
1.078491140564924455e+00
1.078171071398999592e+00
1.077852897783246444e+00
1.077536605208460729e+00
1.077222179300092231e+00
1.076909605816789961e+00
1.076598870648964867e+00
1.076289959817369857e+00
1.075982859471699582e+00
1.075677555889204440e+00
1.075374035473320999e+00
1.075072284752322638e+00
1.074772290377983497e+00
1.074474039124258873e+00
1.074177517885983146e+00
1.073882713677580591e+00
1.073589613631796169e+00
1.073298204998438310e+00
1.073008475143134799e+00
1.072720411546110197e+00
1.072434001800971481e+00
1.072149233613512109e+00
1.071866094800527858e+00
1.071584573288650644e+00
1.071304657113189007e+00
1.071026334416991910e+00
1.070749593449319192e+00
1.070474422564726691e+00
1.070200810221966226e+00
1.069928744982898472e+00
1.069658215511416710e+00
1.069389210572384785e+00
1.069121719030588613e+00
1.068855729849697900e+00
1.068591232091241405e+00
1.068328214913592422e+00
1.068066667570970685e+00
1.067806579412450274e+00
1.067547939880982844e+00
1.067290738512431503e+00
1.067034964934615804e+00
1.066780608866366276e+00
1.066527660116593834e+00
1.066276108583366078e+00
1.066025944252996682e+00
1.065777157199144121e+00
1.065529737581921932e+00
1.065283675647018313e+00
1.065038961724826372e+00
1.064795586229583924e+00
1.064553539658525061e+00
1.064312812591038160e+00
1.064073395687836321e+00
1.063835279690136471e+00
1.063598455418848676e+00
1.063362913773772345e+00
1.063128645732804411e+00
1.062895642351155301e+00
1.062663894760572658e+00
