0	0
0.01	0.00E+00
0.02	0
0.03	0
0.04	0
0.05	0
0.06	0
0.07	0
0.08	0
0.09	0
0.1	0
0.11	0
0.12	0
0.13	0
0.14	0
0.15	0
0.16	0
0.17	3.72E-08
0.18	3.72E-08
0.19	4.47E-08
0.2	5.96E-08
0.21	6.70E-08
0.22	7.45E-08
0.23	8.94E-08
0.24	9.68E-08
0.25	1.11E-07
0.26	1.26E-07
0.27	1.41E-07
0.28	1.56E-07
0.29	1.71E-07
0.3	1.93E-07
0.31	2.16E-07
0.32	2.30E-07
0.33	2.53E-07
0.34	2.83E-07
0.35	3.05E-07
0.36	3.35E-07
0.37	3.57E-07
0.38	3.87E-07
0.39	4.24E-07
0.4	4.54E-07
0.41	4.91E-07
0.42	5.28E-07
0.43	5.66E-07
0.44	6.03E-07
0.45	6.48E-07
0.46	6.92E-07
0.47	7.37E-07
0.48	7.89E-07
0.49	8.34E-07
0.5	8.86E-07
0.51	9.46E-07
0.52	9.98E-07
0.53	1.05E-06
0.54	1.11E-06
0.55	1.18E-06
0.56	1.24E-06
0.57	1.31E-06
0.58	1.38E-06
0.59	1.46E-06
0.6	1.53E-06
0.61	1.60E-06
0.62	1.69E-06
0.63	1.77E-06
0.64	1.86E-06
0.65	1.94E-06
0.66	2.04E-06
0.67	2.13E-06
0.68	2.22E-06
0.69	2.33E-06
0.7	2.43E-06
0.71	2.54E-06
0.72	2.64E-06
0.73	2.75E-06
0.74	2.87E-06
0.75	2.99E-06
0.76	3.11E-06
0.77	3.24E-06
0.78	3.36E-06
0.79	3.50E-06
0.8	3.63E-06
0.81	3.76E-06
0.82	3.91E-06
0.83	4.06E-06
0.84	4.20E-06
0.85	4.35E-06
0.86	4.51E-06
0.87	4.67E-06
0.88	4.84E-06
0.89	5.00E-06
0.9	5.17E-06
0.91	5.35E-06
0.92	5.53E-06
0.93	5.71E-06
0.94	5.90E-06
0.95	6.09E-06
0.96	6.29E-06
0.97	6.48E-06
0.98	6.69E-06
0.99	6.90E-06
1	7.11E-06
1.01	7.33E-06
1.02	7.55E-06
1.03	7.78E-06
1.04	8.01E-06
1.05	8.24E-06
1.06	8.48E-06
1.07	8.73E-06
1.08	8.98E-06
1.09	9.23E-06
1.1	9.49E-06
1.11	9.76E-06
1.12	0.00001
1.13	0.0000103
1.14	0.0000105
1.15	0.0000108
1.16	0.0000111
1.17	0.0000114
1.18	0.0000117
1.19	0.000012
1.2	0.0000123
1.21	0.0000126
1.22	0.000013
1.23	0.0000133
1.24	0.0000136
1.25	0.000014
1.26	0.0000143
1.27	0.0000147
1.28	0.000015
1.29	0.0000154
1.3	0.0000157
1.31	0.0000161
1.32	0.0000165
1.33	0.0000169
1.34	0.0000173
1.35	0.0000177
1.36	0.0000181
1.37	0.0000185
1.38	0.0000189
1.39	0.0000193
1.4	0.0000197
1.41	0.0000202
1.42	0.0000206
1.43	0.0000211
1.44	0.0000215
1.45	0.000022
1.46	0.0000225
1.47	0.0000229
1.48	0.0000234
1.49	0.0000239
1.5	0.0000244
1.51	0.0000249
1.52	0.0000254
1.53	0.0000259
1.54	0.0000265
1.55	0.000027
1.56	0.0000275
1.57	0.0000281
1.58	0.0000286
1.59	0.0000292
1.6	0.0000298
1.61	0.0000304
1.62	0.000031
1.63	0.0000315
1.64	0.0000322
1.65	0.0000328
1.66	0.0000334
1.67	0.000034
1.68	0.0000346
1.69	0.0000353
1.7	0.0000359
1.71	0.0000366
1.72	0.0000373
1.73	0.0000379
1.74	0.0000386
1.75	0.0000393
1.76	0.00004
1.77	0.0000407
1.78	0.0000415
1.79	0.0000422
1.8	0.0000429
1.81	0.0000437
1.82	0.0000444
1.83	0.0000452
1.84	0.000046
1.85	0.0000468
1.86	0.0000476
1.87	0.0000484
1.88	0.0000492
1.89	0.00005
1.9	0.0000508
1.91	0.0000517
1.92	0.0000525
1.93	0.0000534
1.94	0.0000543
1.95	0.0000551
1.96	0.000056
1.97	0.0000569
1.98	0.0000578
1.99	0.0000588
2	0.0000597
2.01	0.0000606
2.02	0.0000616
2.03	0.0000626
2.04	0.0000635
2.05	0.0000645
2.06	0.0000655
2.07	0.0000665
2.08	0.0000676
2.09	0.0000686
2.1	0.0000696
2.11	0.0000707
2.12	0.0000718
2.13	0.0000728
2.14	0.0000739
2.15	0.000075
2.16	0.0000761
2.17	0.0000773
2.18	0.0000784
2.19	0.0000795
2.2	0.0000807
2.21	0.0000819
2.22	0.0000831
2.23	0.0000843
2.24	0.0000855
2.25	0.0000867
2.26	0.0000879
2.27	0.0000892
2.28	0.0000904
2.29	0.0000917
2.3	0.000093
2.31	0.0000943
2.32	0.0000956
2.33	0.0000969
2.34	0.0000983
2.35	0.0000996
2.36	0.000101
2.37	0.0001024
2.38	0.0001038
2.39	0.0001052
2.4	0.0001066
2.41	0.000108
2.42	0.0001095
2.43	0.000111
2.44	0.0001124
2.45	0.0001139
2.46	0.0001154
2.47	0.000117
2.48	0.0001185
2.49	0.0001201
2.5	0.0001216
2.51	0.0001232
2.52	0.0001248
2.53	0.0001264
2.54	0.0001281
2.55	0.0001297
2.56	0.0001314
2.57	0.000133
2.58	0.0001347
2.59	0.0001364
2.6	0.0001382
2.61	0.0001399
2.62	0.0001417
2.63	0.0001434
2.64	0.0001452
2.65	0.000147
2.66	0.0001489
2.67	0.0001507
2.68	0.0001526
2.69	0.0001544
2.7	0.0001563
2.71	0.0001582
2.72	0.0001602
2.73	0.0001621
2.74	0.0001641
2.75	0.0001661
2.76	0.0001681
2.77	0.0001701
2.78	0.0001721
2.79	0.0001742
2.8	0.0001762
2.81	0.0001783
2.82	0.0001804
2.83	0.0001826
2.84	0.0001847
2.85	0.0001869
2.86	0.0001891
2.87	0.0001913
2.88	0.0001935
2.89	0.0001958
2.9	0.000198
2.91	0.0002003
2.92	0.0002026
2.93	0.0002049
2.94	0.0002073
2.95	0.0002097
2.96	0.0002121
2.97	0.0002145
2.98	0.0002169
2.99	0.0002194
3	0.0002218
3.01	0.0002243
3.02	0.0002268
3.03	0.0002294
3.04	0.0002319
3.05	0.0002345
3.06	0.0002371
3.07	0.0002398
3.08	0.0002424
3.09	0.0002451
3.1	0.0002478
3.11	0.0002505
3.12	0.0002533
3.13	0.000256
3.14	0.0002588
3.15	0.0002617
3.16	0.0002645
3.17	0.0002674
3.18	0.0002702
3.19	0.0002732
3.2	0.0002761
3.21	0.0002791
3.22	0.0002821
3.23	0.0002851
3.24	0.0002881
3.25	0.0002912
3.26	0.0002943
3.27	0.0002974
3.28	0.0003005
3.29	0.0003037
3.3	0.0003069
3.31	0.0003101
3.32	0.0003134
3.33	0.0003167
3.34	0.00032
3.35	0.0003233
3.36	0.0003267
3.37	0.0003301
3.38	0.0003335
3.39	0.0003369
3.4	0.0003404
3.41	0.0003439
3.42	0.0003474
3.43	0.000351
3.44	0.0003546
3.45	0.0003582
3.46	0.0003619
3.47	0.0003656
3.48	0.0003693
3.49	0.000373
3.5	0.0003768
3.51	0.0003806
3.52	0.0003844
3.53	0.0003883
3.54	0.0003922
3.55	0.0003962
3.56	0.0004001
3.57	0.0004041
3.58	0.0004082
3.59	0.0004122
3.6	0.0004163
3.61	0.0004205
3.62	0.0004246
3.63	0.0004288
3.64	0.0004331
3.65	0.0004373
3.66	0.0004416
3.67	0.000446
3.68	0.0004504
3.69	0.0004548
3.7	0.0004592
3.71	0.0004637
3.72	0.0004682
3.73	0.0004728
3.74	0.0004774
3.75	0.000482
3.76	0.0004867
3.77	0.0004914
3.78	0.0004961
3.79	0.0005009
3.8	0.0005058
3.81	0.0005106
3.82	0.0005155
3.83	0.0005205
3.84	0.0005255
3.85	0.0005305
3.86	0.0005356
3.87	0.0005407
3.88	0.0005458
3.89	0.000551
3.9	0.0005562
3.91	0.0005615
3.92	0.0005668
3.93	0.0005722
3.94	0.0005776
3.95	0.000583
3.96	0.0005885
3.97	0.0005941
3.98	0.0005997
3.99	0.0006053
4	0.000611
4.01	0.0006167
4.02	0.0006225
4.03	0.0006283
4.04	0.0006341
4.05	0.0006401
4.06	0.000646
4.07	0.000652
4.08	0.0006581
4.09	0.0006642
4.1	0.0006703
4.11	0.0006765
4.12	0.0006828
4.13	0.0006891
4.14	0.0006955
4.15	0.0007019
4.16	0.0007083
4.17	0.0007148
4.18	0.0007214
4.19	0.000728
4.2	0.0007347
4.21	0.0007414
4.22	0.0007482
4.23	0.0007551
4.24	0.0007619
4.25	0.0007689
4.26	0.0007759
4.27	0.000783
4.28	0.0007901
4.29	0.0007973
4.3	0.0008045
4.31	0.0008118
4.32	0.0008192
4.33	0.0008266
4.34	0.0008341
4.35	0.0008416
4.36	0.0008492
4.37	0.0008569
4.38	0.0008646
4.39	0.0008724
4.4	0.0008803
4.41	0.0008882
4.42	0.0008962
4.43	0.0009042
4.44	0.0009123
4.45	0.0009205
4.46	0.0009288
4.47	0.0009371
4.48	0.0009455
4.49	0.0009539
4.5	0.0009625
4.51	0.0009711
4.52	0.0009797
4.53	0.0009885
4.54	0.0009973
4.55	0.0010062
4.56	0.0010152
4.57	0.0010242
4.58	0.0010333
4.59	0.0010425
4.6	0.0010518
4.61	0.0010611
4.62	0.0010705
4.63	0.00108
4.64	0.0010896
4.65	0.0010993
4.66	0.001109
4.67	0.0011188
4.68	0.0011287
4.69	0.0011387
4.7	0.0011488
4.71	0.0011589
4.72	0.0011692
4.73	0.0011795
4.74	0.0011899
4.75	0.0012004
4.76	0.001211
4.77	0.0012217
4.78	0.0012325
4.79	0.0012433
4.8	0.0012543
4.81	0.0012653
4.82	0.0012765
4.83	0.0012877
4.84	0.001299
4.85	0.0013105
4.86	0.001322
4.87	0.0013336
4.88	0.0013453
4.89	0.0013572
4.9	0.0013691
4.91	0.0013811
4.92	0.0013933
4.93	0.0014055
4.94	0.0014179
4.95	0.0014303
4.96	0.0014429
4.97	0.0014555
4.98	0.0014683
4.99	0.0014812
5	0.0014942
5.01	0.0015073
5.02	0.0015206
5.03	0.0015339
5.04	0.0015474
5.05	0.001561
5.06	0.0015747
5.07	0.0015885
5.08	0.0016025
5.09	0.0016165
5.1	0.0016307
5.11	0.0016451
5.12	0.0016595
5.13	0.0016741
5.14	0.0016889
5.15	0.0017038
5.16	0.0017188
5.17	0.001734
5.18	0.0017493
5.19	0.0017648
5.2	0.0017804
5.21	0.0017962
5.22	0.0018122
5.23	0.0018284
5.24	0.0018447
5.25	0.0018612
5.26	0.0018779
5.27	0.0018948
5.28	0.0019119
5.29	0.0019292
5.3	0.0019467
5.31	0.0019644
5.32	0.0019824
5.33	0.0020005
5.34	0.0020189
5.35	0.0020376
5.36	0.0020564
5.37	0.0020755
5.38	0.0020948
5.39	0.0021143
5.4	0.002134
5.41	0.002154
5.42	0.0021741
5.43	0.0021945
5.44	0.002215
5.45	0.0022358
5.46	0.0022568
5.47	0.002278
5.48	0.0022994
5.49	0.0023212
5.5	0.0023431
5.51	0.0023654
5.52	0.002388
5.53	0.0024109
5.54	0.0024342
5.55	0.0024579
5.56	0.002482
5.57	0.0025066
5.58	0.0025316
5.59	0.0025572
5.6	0.0025832
5.61	0.0026098
5.62	0.0026369
5.63	0.0026646
5.64	0.0026929
5.65	0.0027217
5.66	0.002751
5.67	0.0027809
5.68	0.0028114
5.69	0.0028424
5.7	0.002874
5.71	0.0029061
5.72	0.0029387
5.73	0.0029719
5.74	0.0030056
5.75	0.0030399
5.76	0.0030746
5.77	0.00311
5.78	0.0031459
5.79	0.0031823
5.8	0.0032194
5.81	0.0032571
5.82	0.0032954
5.83	0.0033344
5.84	0.0033741
5.85	0.0034145
5.86	0.0034558
5.87	0.0034979
5.88	0.0035409
5.89	0.0035848
5.9	0.0036298
5.91	0.0036758
5.92	0.0037229
5.93	0.0037711
5.94	0.0038206
5.95	0.0038713
5.96	0.0039232
5.97	0.0039764
5.98	0.004031
5.99	0.0040867
6	0.0041438
6.01	0.004202
6.02	0.0042614
6.03	0.0043219
6.04	0.0043835
6.05	0.004446
6.06	0.0045094
6.07	0.0045736
6.08	0.0046386
6.09	0.0047043
6.1	0.0047706
6.11	0.0048377
6.12	0.0049054
6.13	0.0049739
6.14	0.0050431
6.15	0.0051132
6.16	0.0051841
6.17	0.005256
6.18	0.0053289
6.19	0.005403
6.2	0.0054783
6.21	0.0055549
6.22	0.0056329
6.23	0.0057123
6.24	0.0057931
6.25	0.0058755
6.26	0.0059594
6.27	0.006045
6.28	0.0061322
6.29	0.0062211
6.3	0.0063117
6.31	0.0064041
6.32	0.0064983
6.33	0.0065944
6.34	0.0066923
6.35	0.0067921
6.36	0.0068937
6.37	0.0069971
6.38	0.0071024
6.39	0.0072095
6.4	0.0073183
6.41	0.0074287
6.42	0.0075409
6.43	0.0076548
6.44	0.0077703
6.45	0.0078875
6.46	0.0080065
6.47	0.0081273
6.48	0.00825
6.49	0.0083749
6.5	0.008502
6.51	0.0086316
6.52	0.0087639
6.53	0.008899
6.54	0.0090371
6.55	0.0091785
6.56	0.0093233
6.57	0.0094717
6.58	0.0096237
6.59	0.0097795
6.6	0.0099392
6.61	0.010102
6.62	0.010269
6.63	0.010441
6.64	0.010616
6.65	0.010794
6.66	0.010977
6.67	0.011163
6.68	0.011353
6.69	0.011546
6.7	0.011744
6.71	0.011945
6.72	0.012151
6.73	0.012361
6.74	0.012575
6.75	0.012794
6.76	0.013018
6.77	0.013247
6.78	0.013481
6.79	0.013721
6.8	0.013967
6.81	0.01422
6.82	0.014479
6.83	0.014744
6.84	0.015016
6.85	0.015295
6.86	0.015582
6.87	0.015876
6.88	0.016177
6.89	0.016486
6.9	0.016804
6.91	0.017129
6.92	0.017463
6.93	0.017806
6.94	0.018158
6.95	0.018518
6.96	0.018888
6.97	0.019267
6.98	0.019655
6.99	0.020053
7	0.020459
7.01	0.020875
7.02	0.0213
7.03	0.021733
7.04	0.022176
7.05	0.022628
7.06	0.023089
7.07	0.02356
7.08	0.024041
7.09	0.024532
7.1	0.025034
7.11	0.025548
7.12	0.026073
7.13	0.026611
7.14	0.027162
7.15	0.027727
7.16	0.028306
7.17	0.028899
7.18	0.029506
7.19	0.030128
7.2	0.030764
7.21	0.031416
7.22	0.032081
7.23	0.032761
7.24	0.033456
7.25	0.034166
7.26	0.03489
7.27	0.035629
7.28	0.036384
7.29	0.037155
7.3	0.037942
7.31	0.038746
7.32	0.039568
7.33	0.040409
7.34	0.041269
7.35	0.042149
7.36	0.043048
7.37	0.043969
7.38	0.044912
7.39	0.045876
7.4	0.046863
7.41	0.047872
7.42	0.048906
7.43	0.049962
7.44	0.051043
7.45	0.052149
7.46	0.05328
7.47	0.054435
7.48	0.055616
7.49	0.056823
7.5	0.058055
7.51	0.059314
7.52	0.060598
7.53	0.061908
7.54	0.063244
7.55	0.064607
7.56	0.065996
7.57	0.067412
7.58	0.068855
7.59	0.070325
7.6	0.071823
7.61	0.073348
7.62	0.074902
7.63	0.076485
7.64	0.078096
7.65	0.079738
7.66	0.081411
7.67	0.083115
7.68	0.084853
7.69	0.086625
7.7	0.088434
7.71	0.09028
7.72	0.092166
7.73	0.094094
7.74	0.096064
7.75	0.09808
7.76	0.10014
7.77	0.10225
7.78	0.10441
7.79	0.10662
7.8	0.10889
7.81	0.11121
7.82	0.11358
7.83	0.11601
7.84	0.1185
7.85	0.12105
7.86	0.12367
7.87	0.12634
7.88	0.12908
7.89	0.13188
7.9	0.13475
7.91	0.1377
7.92	0.14071
7.93	0.1438
7.94	0.14697
7.95	0.15021
7.96	0.15354
7.97	0.15696
7.98	0.16047
7.99	0.16406
8	0.16776
8.01	0.17155
8.02	0.17544
8.03	0.17943
8.04	0.18353
8.05	0.18774
8.06	0.19205
8.07	0.19646
8.08	0.20098
8.09	0.20561
8.1	0.21034
8.11	0.21516
8.12	0.22008
8.13	0.22509
8.14	0.23019
8.15	0.23536
8.16	0.2406
8.17	0.24591
8.18	0.25127
8.19	0.25667
8.2	0.26211
8.21	0.26758
8.22	0.27306
8.23	0.27856
8.24	0.28404
8.25	0.28952
8.26	0.29498
8.27	0.3004
8.28	0.3058
8.29	0.31115
8.3	0.31645
8.31	0.3217
8.32	0.3269
8.33	0.33203
8.34	0.33711
8.35	0.34213
8.36	0.34709
8.37	0.35198
8.38	0.35682
8.39	0.36159
8.4	0.36631
8.41	0.37097
8.42	0.37558
8.43	0.38013
8.44	0.38464
8.45	0.3891
8.46	0.39351
8.47	0.39787
8.48	0.4022
8.49	0.40649
8.5	0.41074
8.51	0.41497
8.52	0.41916
8.53	0.42333
8.54	0.42748
8.55	0.43161
8.56	0.43572
8.57	0.43982
8.58	0.4439
8.59	0.44798
8.6	0.45204
8.61	0.4561
8.62	0.46014
8.63	0.46418
8.64	0.4682
8.65	0.47222
8.66	0.47623
8.67	0.48022
8.68	0.4842
8.69	0.48818
8.7	0.49214
8.71	0.49609
8.72	0.50004
8.73	0.50398
8.74	0.50791
8.75	0.51184
8.76	0.51578
8.77	0.51971
8.78	0.52365
8.79	0.52759
8.8	0.53155
8.81	0.53551
8.82	0.53948
8.83	0.54347
8.84	0.54746
8.85	0.55147
8.86	0.55549
8.87	0.55952
8.88	0.56356
8.89	0.5676
8.9	0.57165
8.91	0.5757
8.92	0.57976
8.93	0.58382
8.94	0.58787
8.95	0.59193
8.96	0.59598
8.97	0.60003
8.98	0.60407
8.99	0.60812
9	0.61216
9.01	0.6162
9.02	0.62023
9.03	0.62426
9.04	0.6283
9.05	0.63233
9.06	0.63637
9.07	0.64041
9.08	0.64445
9.09	0.6485
9.1	0.65256
9.11	0.65663
9.12	0.6607
9.13	0.66479
9.14	0.66889
9.15	0.67299
9.16	0.67711
9.17	0.68124
9.18	0.68538
9.19	0.68953
9.2	0.69368
9.21	0.69785
9.22	0.70201
9.23	0.70619
9.24	0.71036
9.25	0.71454
9.26	0.71872
9.27	0.7229
9.28	0.72708
9.29	0.73125
9.3	0.73543
9.31	0.73959
9.32	0.74376
9.33	0.74792
9.34	0.75207
9.35	0.75622
9.36	0.76036
9.37	0.76449
9.38	0.76862
9.39	0.77275
9.4	0.77687
9.41	0.78098
9.42	0.7851
9.43	0.78921
9.44	0.79331
9.45	0.79742
9.46	0.80152
9.47	0.80563
9.48	0.80973
9.49	0.81383
9.5	0.81793
9.51	0.82202
9.52	0.82612
9.53	0.83021
9.54	0.83429
9.55	0.83838
9.56	0.84246
9.57	0.84654
9.58	0.85061
9.59	0.85468
9.6	0.85875
9.61	0.86281
9.62	0.86687
9.63	0.87092
9.64	0.87497
9.65	0.87901
9.66	0.88304
9.67	0.88707
9.68	0.89109
9.69	0.89511
9.7	0.89911
9.71	0.90311
9.72	0.9071
9.73	0.91108
9.74	0.91506
9.75	0.91902
9.76	0.92298
9.77	0.92693
9.78	0.93087
9.79	0.93481
9.8	0.93874
9.81	0.94266
9.82	0.94658
9.83	0.95048
9.84	0.95438
9.85	0.95827
9.86	0.96215
9.87	0.96602
9.88	0.96987
9.89	0.97372
9.9	0.97755
9.91	0.98138
9.92	0.98519
9.93	0.98899
9.94	0.99278
9.95	0.99656
9.96	1.0003
9.97	1.0041
9.98	1.0078
9.99	1.0116
10	1.0153
10.01	1.019
10.02	1.0228
10.03	1.0265
10.04	1.0302
10.05	1.0339
10.06	1.0376
10.07	1.0413
10.08	1.045
10.09	1.0487
10.1	1.0524
10.11	1.056
10.12	1.0597
10.13	1.0633
10.14	1.067
10.15	1.0706
10.16	1.0742
10.17	1.0779
10.18	1.0815
10.19	1.0851
10.2	1.0887
10.21	1.0923
10.22	1.0959
10.23	1.0995
10.24	1.1031
10.25	1.1067
10.26	1.1103
10.27	1.1138
10.28	1.1174
10.29	1.121
10.3	1.1246
10.31	1.1281
10.32	1.1317
10.33	1.1353
10.34	1.1388
10.35	1.1424
10.36	1.1459
10.37	1.1495
10.38	1.1531
10.39	1.1566
10.4	1.1602
10.41	1.1637
10.42	1.1673
10.43	1.1708
10.44	1.1744
10.45	1.1779
10.46	1.1815
10.47	1.185
10.48	1.1886
10.49	1.1921
10.5	1.1957
10.51	1.1992
10.52	1.2027
10.53	1.2063
10.54	1.2098
10.55	1.2134
10.56	1.2169
10.57	1.2204
10.58	1.224
10.59	1.2275
10.6	1.2311
10.61	1.2346
10.62	1.2382
10.63	1.2417
10.64	1.2453
10.65	1.2489
10.66	1.2524
10.67	1.256
10.68	1.2596
10.69	1.2631
10.7	1.2667
10.71	1.2703
10.72	1.2739
10.73	1.2775
10.74	1.2811
10.75	1.2847
10.76	1.2883
10.77	1.2919
10.78	1.2955
10.79	1.2991
10.8	1.3027
10.81	1.3064
10.82	1.31
10.83	1.3137
10.84	1.3173
10.85	1.3209
10.86	1.3246
10.87	1.3282
10.88	1.3319
10.89	1.3356
10.9	1.3392
10.91	1.3429
10.92	1.3466
10.93	1.3502
10.94	1.3539
10.95	1.3576
10.96	1.3612
10.97	1.3649
10.98	1.3686
10.99	1.3723
11	1.376
11.01	1.3796
11.02	1.3833
11.03	1.387
11.04	1.3907
11.05	1.3945
11.06	1.3982
11.07	1.4019
11.08	1.4057
11.09	1.4094
11.1	1.4132
11.11	1.4169
11.12	1.4207
11.13	1.4245
11.14	1.4283
11.15	1.4321
11.16	1.4359
11.17	1.4397
11.18	1.4435
11.19	1.4473
11.2	1.4511
11.21	1.455
11.22	1.4588
11.23	1.4626
11.24	1.4665
11.25	1.4704
11.26	1.4742
11.27	1.4781
11.28	1.482
11.29	1.4858
11.3	1.4897
11.31	1.4936
11.32	1.4975
11.33	1.5014
11.34	1.5053
11.35	1.5093
11.36	1.5132
11.37	1.5171
11.38	1.521
11.39	1.525
11.4	1.5289
11.41	1.5329
11.42	1.5368
11.43	1.5408
11.44	1.5447
11.45	1.5487
11.46	1.5527
11.47	1.5567
11.48	1.5607
11.49	1.5647
11.5	1.5687
11.51	1.5728
11.52	1.5768
11.53	1.5808
11.54	1.5849
11.55	1.589
11.56	1.593
11.57	1.5971
11.58	1.6012
11.59	1.6053
11.6	1.6094
11.61	1.6135
11.62	1.6176
11.63	1.6217
11.64	1.6258
11.65	1.6299
11.66	1.634
11.67	1.6381
11.68	1.6423
11.69	1.6464
11.7	1.6505
11.71	1.6547
11.72	1.6588
11.73	1.663
11.74	1.6671
11.75	1.6713
11.76	1.6754
11.77	1.6796
11.78	1.6837
11.79	1.6879
11.8	1.692
11.81	1.6962
11.82	1.7003
11.83	1.7045
11.84	1.7087
11.85	1.7128
11.86	1.717
11.87	1.7211
11.88	1.7253
11.89	1.7295
11.9	1.7337
11.91	1.7378
11.92	1.742
11.93	1.7462
11.94	1.7504
11.95	1.7546
11.96	1.7588
11.97	1.763
11.98	1.7671
11.99	1.7713
12	1.7755
12.01	1.7797
12.02	1.7839
12.03	1.7881
12.04	1.7923
12.05	1.7964
12.06	1.8006
12.07	1.8048
12.08	1.809
12.09	1.8131
12.1	1.8173
12.11	1.8215
12.12	1.8257
12.13	1.8298
12.14	1.834
12.15	1.8382
12.16	1.8424
12.17	1.8466
12.18	1.8507
12.19	1.8549
12.2	1.8591
12.21	1.8633
12.22	1.8675
12.23	1.8717
12.24	1.8759
12.25	1.8801
12.26	1.8843
12.27	1.8885
12.28	1.8927
12.29	1.8969
12.3	1.9011
12.31	1.9053
12.32	1.9095
12.33	1.9137
12.34	1.9179
12.35	1.9221
12.36	1.9263
12.37	1.9305
12.38	1.9347
12.39	1.9389
12.4	1.943
12.41	1.9472
12.42	1.9514
12.43	1.9556
12.44	1.9598
12.45	1.9639
12.46	1.9681
12.47	1.9723
12.48	1.9765
12.49	1.9807
12.5	1.9849
12.51	1.9891
12.52	1.9933
12.53	1.9975
12.54	2.0017
12.55	2.0059
12.56	2.0101
12.57	2.0143
12.58	2.0185
12.59	2.0227
12.6	2.0269
12.61	2.0311
12.62	2.0352
12.63	2.0394
12.64	2.0436
12.65	2.0478
12.66	2.0519
12.67	2.0561
12.68	2.0602
12.69	2.0644
12.7	2.0685
12.71	2.0727
12.72	2.0768
12.73	2.081
12.74	2.0851
12.75	2.0892
12.76	2.0934
12.77	2.0975
12.78	2.1017
12.79	2.1058
12.8	2.11
12.81	2.1142
12.82	2.1184
12.83	2.1225
12.84	2.1267
12.85	2.1309
12.86	2.1351
12.87	2.1393
12.88	2.1435
12.89	2.1478
12.9	2.152
12.91	2.1562
12.92	2.1604
12.93	2.1646
12.94	2.1688
12.95	2.173
12.96	2.1772
12.97	2.1814
12.98	2.1856
12.99	2.1897
13	2.1939
13.01	2.1981
13.02	2.2023
13.03	2.2064
13.04	2.2106
13.05	2.2148
13.06	2.2189
13.07	2.2231
13.08	2.2273
13.09	2.2315
13.1	2.2357
13.11	2.2399
13.12	2.2441
13.13	2.2483
13.14	2.2525
13.15	2.2567
13.16	2.2609
13.17	2.2651
13.18	2.2693
13.19	2.2736
13.2	2.2778
13.21	2.282
13.22	2.2863
13.23	2.2905
13.24	2.2947
13.25	2.2989
13.26	2.3032
13.27	2.3074
13.28	2.3116
13.29	2.3158
13.3	2.32
13.31	2.3242
13.32	2.3285
13.33	2.3327
13.34	2.3369
13.35	2.3411
13.36	2.3453
13.37	2.3495
13.38	2.3537
13.39	2.3579
13.4	2.3621
13.41	2.3664
13.42	2.3706
13.43	2.3748
13.44	2.379
13.45	2.3832
13.46	2.3875
13.47	2.3917
13.48	2.3959
13.49	2.4001
13.5	2.4043
13.51	2.4085
13.52	2.4128
13.53	2.417
13.54	2.4212
13.55	2.4254
13.56	2.4296
13.57	2.4338
13.58	2.438
13.59	2.4422
13.6	2.4464
13.61	2.4507
13.62	2.4549
13.63	2.4591
13.64	2.4634
13.65	2.4676
13.66	2.4719
13.67	2.4761
13.68	2.4804
13.69	2.4846
13.7	2.4889
13.71	2.4932
13.72	2.4975
13.73	2.5018
13.74	2.5061
13.75	2.5104
13.76	2.5147
13.77	2.519
13.78	2.5233
13.79	2.5277
13.8	2.532
13.81	2.5363
13.82	2.5407
13.83	2.545
13.84	2.5494
13.85	2.5537
13.86	2.5581
13.87	2.5624
13.88	2.5668
13.89	2.5712
13.9	2.5755
13.91	2.5799
13.92	2.5842
13.93	2.5886
13.94	2.5929
13.95	2.5973
13.96	2.6016
13.97	2.606
13.98	2.6103
13.99	2.6146
14	2.6189
14.01	2.6233
14.02	2.6276
14.03	2.6319
14.04	2.6362
14.05	2.6406
14.06	2.6449
14.07	2.6493
14.08	2.6536
14.09	2.658
14.1	2.6624
14.11	2.6668
14.12	2.6712
14.13	2.6757
14.14	2.6802
14.15	2.6847
14.16	2.6892
14.17	2.6937
14.18	2.6982
14.19	2.7028
14.2	2.7074
14.21	2.712
14.22	2.7166
14.23	2.7212
14.24	2.7259
14.25	2.7305
14.26	2.7352
14.27	2.7399
14.28	2.7446
14.29	2.7494
14.3	2.7541
14.31	2.7588
14.32	2.7636
14.33	2.7684
14.34	2.7732
14.35	2.778
14.36	2.7828
14.37	2.7876
14.38	2.7925
14.39	2.7974
14.4	2.8022
14.41	2.8071
14.42	2.8121
14.43	2.817
14.44	2.822
14.45	2.8269
14.46	2.8319
14.47	2.8369
14.48	2.842
14.49	2.847
14.5	2.8521
14.51	2.8572
14.52	2.8623
14.53	2.8675
14.54	2.8726
14.55	2.8778
14.56	2.883
14.57	2.8882
14.58	2.8935
14.59	2.8987
14.6	2.9039
14.61	2.9092
14.62	2.9144
14.63	2.9197
14.64	2.925
14.65	2.9302
14.66	2.9355
14.67	2.9408
14.68	2.946
14.69	2.9513
14.7	2.9566
14.71	2.9619
14.72	2.9672
14.73	2.9725
14.74	2.9778
14.75	2.9831
14.76	2.9884
14.77	2.9937
14.78	2.9991
14.79	3.0044
14.8	3.0098
14.81	3.0151
14.82	3.0205
14.83	3.0259
14.84	3.0313
14.85	3.0366
14.86	3.042
14.87	3.0474
14.88	3.0528
14.89	3.0583
14.9	3.0637
14.91	3.0691
14.92	3.0745
14.93	3.0799
14.94	3.0853
14.95	3.0907
14.96	3.0961
14.97	3.1015
14.98	3.107
14.99	3.1124
15	3.1178
15.01	3.1231
15.02	3.1285
15.03	3.1339
15.04	3.1393
15.05	3.1447
15.06	3.1501
15.07	3.1555
15.08	3.1609
15.09	3.1663
15.1	3.1717
15.11	3.1772
15.12	3.1826
15.13	3.188
15.14	3.1934
15.15	3.1988
15.16	3.2042
15.17	3.2097
15.18	3.2151
15.19	3.2205
15.2	3.2259
15.21	3.2314
15.22	3.2368
15.23	3.2422
15.24	3.2476
15.25	3.253
15.26	3.2584
15.27	3.2638
15.28	3.2693
15.29	3.2747
15.3	3.2801
15.31	3.2855
15.32	3.2909
15.33	3.2963
15.34	3.3017
15.35	3.3071
15.36	3.3125
15.37	3.3179
15.38	3.3233
15.39	3.3287
15.4	3.3341
15.41	3.3395
15.42	3.3448
15.43	3.3502
15.44	3.3556
15.45	3.3609
15.46	3.3662
15.47	3.3716
15.48	3.3769
15.49	3.3822
15.5	3.3875
15.51	3.3928
15.52	3.3981
15.53	3.4034
15.54	3.4087
15.55	3.414
15.56	3.4192
15.57	3.4245
15.58	3.4298
15.59	3.435
15.6	3.4403
15.61	3.4455
15.62	3.4508
15.63	3.456
15.64	3.4613
15.65	3.4665
15.66	3.4718
15.67	3.477
15.68	3.4823
15.69	3.4875
15.7	3.4928
15.71	3.498
15.72	3.5032
15.73	3.5085
15.74	3.5137
15.75	3.519
15.76	3.5242
15.77	3.5294
15.78	3.5347
15.79	3.5399
15.8	3.5451
15.81	3.5503
15.82	3.5555
15.83	3.5607
15.84	3.5659
15.85	3.5711
15.86	3.5763
15.87	3.5815
15.88	3.5867
15.89	3.5919
15.9	3.5971
15.91	3.6023
15.92	3.6074
15.93	3.6126
15.94	3.6178
15.95	3.6229
15.96	3.6281
15.97	3.6332
15.98	3.6384
15.99	3.6436
16	3.6487
16.01	3.6539
16.02	3.6591
16.03	3.6642
16.04	3.6694
16.05	3.6746
16.06	3.6798
16.07	3.6849
16.08	3.6901
16.09	3.6953
16.1	3.7005
16.11	3.7057
16.12	3.7108
16.13	3.716
16.14	3.7212
16.15	3.7263
16.16	3.7315
16.17	3.7366
16.18	3.7418
16.19	3.7469
16.2	3.7521
16.21	3.7572
16.22	3.7623
16.23	3.7674
16.24	3.7725
16.25	3.7776
16.26	3.7827
16.27	3.7878
16.28	3.7929
16.29	3.798
16.3	3.8031
16.31	3.8082
16.32	3.8133
16.33	3.8184
16.34	3.8235
16.35	3.8286
16.36	3.8337
16.37	3.8388
16.38	3.8439
16.39	3.849
16.4	3.8541
16.41	3.8592
16.42	3.8643
16.43	3.8694
16.44	3.8745
16.45	3.8796
16.46	3.8847
16.47	3.8898
16.48	3.8949
16.49	3.9001
16.5	3.9052
16.51	3.9103
16.52	3.9154
16.53	3.9205
16.54	3.9256
16.55	3.9307
16.56	3.9358
16.57	3.9409
16.58	3.946
16.59	3.9511
16.6	3.9562
16.61	3.9613
16.62	3.9664
16.63	3.9715
16.64	3.9766
16.65	3.9817
16.66	3.9868
16.67	3.9919
16.68	3.997
16.69	4.0022
16.7	4.0073
16.71	4.0124
16.72	4.0176
16.73	4.0227
16.74	4.0279
16.75	4.033
16.76	4.0381
16.77	4.0432
16.78	4.0484
16.79	4.0535
16.8	4.0586
16.81	4.0637
16.82	4.0688
16.83	4.0739
16.84	4.0791
16.85	4.0842
16.86	4.0893
16.87	4.0944
16.88	4.0995
16.89	4.1046
16.9	4.1097
16.91	4.1148
16.92	4.12
16.93	4.1251
16.94	4.1302
16.95	4.1354
16.96	4.1405
16.97	4.1457
16.98	4.1508
16.99	4.156
17	4.1611
17.01	4.1663
17.02	4.1714
17.03	4.1766
17.04	4.1817
17.05	4.1869
17.06	4.192
17.07	4.1972
17.08	4.2023
17.09	4.2074
17.1	4.2126
17.11	4.2177
17.12	4.2229
17.13	4.228
17.14	4.2332
17.15	4.2383
17.16	4.2435
17.17	4.2487
17.18	4.2538
17.19	4.259
17.2	4.2641
17.21	4.2693
17.22	4.2745
17.23	4.2796
17.24	4.2848
17.25	4.29
17.26	4.2951
17.27	4.3003
17.28	4.3054
17.29	4.3106
17.3	4.3158
17.31	4.3209
17.32	4.3261
17.33	4.3312
17.34	4.3364
17.35	4.3415
17.36	4.3467
17.37	4.3518
17.38	4.3569
17.39	4.3621
17.4	4.3672
17.41	4.3723
17.42	4.3774
17.43	4.3825
17.44	4.3876
17.45	4.3927
17.46	4.3978
17.47	4.4029
17.48	4.408
17.49	4.4131
17.5	4.4182
17.51	4.4232
17.52	4.4283
17.53	4.4334
17.54	4.4385
17.55	4.4436
17.56	4.4487
17.57	4.4537
17.58	4.4588
17.59	4.4639
17.6	4.469
17.61	4.4741
17.62	4.4792
17.63	4.4843
17.64	4.4894
17.65	4.4945
17.66	4.4996
17.67	4.5047
17.68	4.5098
17.69	4.5149
17.7	4.5201
17.71	4.5252
17.72	4.5303
17.73	4.5354
17.74	4.5405
17.75	4.5456
17.76	4.5508
17.77	4.5559
17.78	4.561
17.79	4.5662
17.8	4.5713
17.81	4.5765
17.82	4.5816
17.83	4.5868
17.84	4.592
17.85	4.5971
17.86	4.6023
17.87	4.6075
17.88	4.6127
17.89	4.6178
17.9	4.623
17.91	4.6282
17.92	4.6333
17.93	4.6385
17.94	4.6437
17.95	4.6489
17.96	4.654
17.97	4.6592
17.98	4.6644
17.99	4.6696
18	4.6747
18.01	4.6799
18.02	4.6851
18.03	4.6903
18.04	4.6955
18.05	4.7006
18.06	4.7058
18.07	4.711
18.08	4.7162
18.09	4.7214
18.1	4.7265
18.11	4.7317
18.12	4.7369
18.13	4.7421
18.14	4.7472
18.15	4.7524
18.16	4.7576
18.17	4.7628
18.18	4.768
18.19	4.7731
18.2	4.7783
18.21	4.7835
18.22	4.7886
18.23	4.7938
18.24	4.799
18.25	4.8042
18.26	4.8093
18.27	4.8145
18.28	4.8196
18.29	4.8248
18.3	4.83
18.31	4.8351
18.32	4.8403
18.33	4.8455
18.34	4.8506
18.35	4.8558
18.36	4.861
18.37	4.8662
18.38	4.8714
18.39	4.8765
18.4	4.8817
18.41	4.8869
18.42	4.8921
18.43	4.8974
18.44	4.9026
18.45	4.9078
18.46	4.9129
18.47	4.9181
18.48	4.9233
18.49	4.9285
18.5	4.9337
18.51	4.9388
18.52	4.944
18.53	4.9491
18.54	4.9542
18.55	4.9593
18.56	4.9644
18.57	4.9695
18.58	4.9746
18.59	4.9797
18.6	4.9847
18.61	4.9898
18.62	4.9948
18.63	4.9998
18.64	5.0049
18.65	5.0099
18.66	5.0149
18.67	5.0199
18.68	5.0249
18.69	5.0299
18.7	5.0349
18.71	5.0398
18.72	5.0448
18.73	5.0497
18.74	5.0547
18.75	5.0596
18.76	5.0645
18.77	5.0694
18.78	5.0743
18.79	5.0792
18.8	5.084
18.81	5.0889
18.82	5.0937
18.83	5.0985
18.84	5.1033
18.85	5.1081
18.86	5.1129
18.87	5.1177
18.88	5.1225
18.89	5.1273
18.9	5.1321
18.91	5.1368
18.92	5.1416
18.93	5.1463
18.94	5.1511
18.95	5.1558
18.96	5.1606
18.97	5.1653
18.98	5.1701
18.99	5.1748
19	5.1795
19.01	5.1843
19.02	5.189
19.03	5.1937
19.04	5.1985
19.05	5.2032
19.06	5.2079
19.07	5.2126
19.08	5.2174
19.09	5.2221
19.1	5.2268
19.11	5.2315
19.12	5.2362
19.13	5.2409
19.14	5.2456
19.15	5.2503
19.16	5.255
19.17	5.2597
19.18	5.2644
19.19	5.2691
19.2	5.2737
19.21	5.2784
19.22	5.2831
19.23	5.2878
19.24	5.2924
19.25	5.2971
19.26	5.3017
19.27	5.3064
19.28	5.311
19.29	5.3156
19.3	5.3203
19.31	5.3249
19.32	5.3295
19.33	5.3341
19.34	5.3387
19.35	5.3433
19.36	5.3479
19.37	5.3525
19.38	5.3571
19.39	5.3617
19.4	5.3663
19.41	5.3708
19.42	5.3754
19.43	5.38
19.44	5.3845
19.45	5.3891
19.46	5.3936
19.47	5.3982
19.48	5.4027
19.49	5.4072
19.5	5.4118
19.51	5.4163
19.52	5.4208
19.53	5.4253
19.54	5.4298
19.55	5.4344
19.56	5.4389
19.57	5.4434
19.58	5.4479
19.59	5.4524
19.6	5.4569
19.61	5.4614
19.62	5.4659
19.63	5.4704
19.64	5.4749
19.65	5.4794
19.66	5.4839
19.67	5.4883
19.68	5.4928
19.69	5.4973
19.7	5.5017
19.71	5.5062
19.72	5.5106
19.73	5.5151
19.74	5.5195
19.75	5.5239
19.76	5.5284
19.77	5.5328
19.78	5.5372
19.79	5.5416
19.8	5.546
19.81	5.5504
19.82	5.5548
19.83	5.5593
19.84	5.5637
19.85	5.5681
19.86	5.5725
19.87	5.5769
19.88	5.5813
19.89	5.5857
19.9	5.5901
19.91	5.5945
19.92	5.5989
19.93	5.6033
19.94	5.6077
19.95	5.6121
19.96	5.6165
19.97	5.6209
19.98	5.6253
19.99	5.6297
20	5.6341
20.01	5.6385
20.02	5.6429
20.03	5.6473
20.04	5.6517
20.05	5.6561
20.06	5.6605
20.07	5.6649
20.08	5.6693
20.09	5.6737
20.1	5.6781
20.11	5.6825
20.12	5.6869
20.13	5.6913
20.14	5.6957
20.15	5.7001
20.16	5.7045
20.17	5.7088
20.18	5.7132
20.19	5.7176
20.2	5.722
20.21	5.7263
20.22	5.7307
20.23	5.7351
20.24	5.7394
20.25	5.7438
20.26	5.7482
20.27	5.7525
20.28	5.7569
20.29	5.7613
20.3	5.7656
20.31	5.77
20.32	5.7744
20.33	5.7788
20.34	5.7831
20.35	5.7875
20.36	5.7919
20.37	5.7963
20.38	5.8007
20.39	5.805
20.4	5.8094
20.41	5.8138
20.42	5.8182
20.43	5.8226
20.44	5.8269
20.45	5.8313
20.46	5.8357
20.47	5.84
20.48	5.8444
20.49	5.8487
20.5	5.8531
20.51	5.8575
20.52	5.8618
20.53	5.8661
20.54	5.8705
20.55	5.8748
20.56	5.8792
20.57	5.8835
20.58	5.8879
20.59	5.8922
20.6	5.8965
20.61	5.9009
20.62	5.9052
20.63	5.9096
20.64	5.9139
20.65	5.9182
20.66	5.9226
20.67	5.9269
20.68	5.9312
20.69	5.9355
20.7	5.9398
20.71	5.9442
20.72	5.9485
20.73	5.9528
20.74	5.9571
20.75	5.9614
20.76	5.9657
20.77	5.97
20.78	5.9743
20.79	5.9786
20.8	5.9829
20.81	5.9872
20.82	5.9915
20.83	5.9958
20.84	6.0001
20.85	6.0044
20.86	6.0087
20.87	6.0131
20.88	6.0174
20.89	6.0217
20.9	6.026
20.91	6.0303
20.92	6.0347
20.93	6.039
20.94	6.0433
20.95	6.0477
20.96	6.052
20.97	6.0563
20.98	6.0607
20.99	6.065
21	6.0694
21.01	6.0737
21.02	6.0781
21.03	6.0824
21.04	6.0868
21.05	6.0911
21.06	6.0955
21.07	6.0998
21.08	6.1042
21.09	6.1085
21.1	6.1129
21.11	6.1173
21.12	6.1216
21.13	6.126
21.14	6.1303
21.15	6.1347
21.16	6.1391
21.17	6.1434
21.18	6.1478
21.19	6.1522
21.2	6.1566
21.21	6.1609
21.22	6.1653
21.23	6.1697
21.24	6.174
21.25	6.1784
21.26	6.1827
21.27	6.1871
21.28	6.1915
21.29	6.1958
21.3	6.2002
21.31	6.2046
21.32	6.209
21.33	6.2134
21.34	6.2177
21.35	6.2221
21.36	6.2265
21.37	6.2309
21.38	6.2354
21.39	6.2398
21.4	6.2442
21.41	6.2486
21.42	6.2531
21.43	6.2575
21.44	6.262
21.45	6.2664
21.46	6.2709
21.47	6.2753
21.48	6.2798
21.49	6.2843
21.5	6.2887
21.51	6.2932
21.52	6.2976
21.53	6.302
21.54	6.3065
21.55	6.3109
21.56	6.3154
21.57	6.3198
21.58	6.3242
21.59	6.3286
21.6	6.333
21.61	6.3375
21.62	6.3419
21.63	6.3463
21.64	6.3507
21.65	6.3551
21.66	6.3596
21.67	6.364
21.68	6.3684
21.69	6.3729
21.7	6.3773
21.71	6.3818
21.72	6.3863
21.73	6.3907
21.74	6.3952
21.75	6.3997
21.76	6.4042
21.77	6.4087
21.78	6.4132
21.79	6.4176
21.8	6.4221
21.81	6.4266
21.82	6.4311
21.83	6.4356
21.84	6.4401
21.85	6.4446
21.86	6.4491
21.87	6.4536
21.88	6.4581
21.89	6.4627
21.9	6.4672
21.91	6.4717
21.92	6.4762
21.93	6.4807
21.94	6.4852
21.95	6.4898
21.96	6.4943
21.97	6.4988
21.98	6.5033
21.99	6.5079
22	6.5124
22.01	6.5169
22.02	6.5214
22.03	6.526
22.04	6.5305
22.05	6.535
22.06	6.5396
22.07	6.5441
22.08	6.5487
22.09	6.5532
22.1	6.5578
22.11	6.5623
22.12	6.5669
22.13	6.5714
22.14	6.5759
22.15	6.5805
22.16	6.585
22.17	6.5895
22.18	6.5941
22.19	6.5986
22.2	6.6031
22.21	6.6076
22.22	6.6121
22.23	6.6166
22.24	6.6211
22.25	6.6256
22.26	6.6302
22.27	6.6347
22.28	6.6392
22.29	6.6437
22.3	6.6482
22.31	6.6527
22.32	6.6572
22.33	6.6618
22.34	6.6663
22.35	6.6708
22.36	6.6753
22.37	6.6799
22.38	6.6844
22.39	6.689
22.4	6.6935
22.41	6.6981
22.42	6.7026
22.43	6.7072
22.44	6.7117
22.45	6.7163
22.46	6.7208
22.47	6.7254
22.48	6.73
22.49	6.7345
22.5	6.7391
22.51	6.7436
22.52	6.7482
22.53	6.7527
22.54	6.7573
22.55	6.7619
22.56	6.7664
22.57	6.771
22.58	6.7755
22.59	6.7801
22.6	6.7846
22.61	6.7892
22.62	6.7937
22.63	6.7983
22.64	6.8028
22.65	6.8074
22.66	6.8119
22.67	6.8165
22.68	6.8211
22.69	6.8256
22.7	6.8302
22.71	6.8348
22.72	6.8394
22.73	6.844
22.74	6.8486
22.75	6.8532
22.76	6.8578
22.77	6.8624
22.78	6.867
22.79	6.8717
22.8	6.8763
22.81	6.8809
22.82	6.8856
22.83	6.8902
22.84	6.8949
22.85	6.8996
22.86	6.9042
22.87	6.9089
22.88	6.9136
22.89	6.9182
22.9	6.9229
22.91	6.9276
22.92	6.9323
22.93	6.937
22.94	6.9417
22.95	6.9464
22.96	6.9511
22.97	6.9558
22.98	6.9605
22.99	6.9652
23	6.9699
23.01	6.9746
23.02	6.9793
23.03	6.9841
23.04	6.9888
23.05	6.9935
23.06	6.9982
23.07	7.0029
23.08	7.0076
23.09	7.0123
23.1	7.017
23.11	7.0217
23.12	7.0264
23.13	7.031
23.14	7.0357
23.15	7.0404
23.16	7.0451
23.17	7.0497
23.18	7.0544
23.19	7.059
23.2	7.0637
23.21	7.0683
23.22	7.073
23.23	7.0776
23.24	7.0823
23.25	7.0869
23.26	7.0916
23.27	7.0962
23.28	7.1009
23.29	7.1056
23.3	7.1102
23.31	7.1149
23.32	7.1196
23.33	7.1243
23.34	7.129
23.35	7.1337
23.36	7.1385
23.37	7.1432
23.38	7.1479
23.39	7.1526
23.4	7.1574
23.41	7.1621
23.42	7.1668
23.43	7.1716
23.44	7.1763
23.45	7.181
23.46	7.1858
23.47	7.1905
23.48	7.1952
23.49	7.2
23.5	7.2047
23.51	7.2094
23.52	7.2141
23.53	7.2189
23.54	7.2236
23.55	7.2283
23.56	7.233
23.57	7.2378
23.58	7.2425
23.59	7.2472
23.6	7.2519
23.61	7.2567
23.62	7.2614
23.63	7.2661
23.64	7.2709
23.65	7.2756
23.66	7.2804
23.67	7.2851
23.68	7.2899
23.69	7.2947
23.7	7.2994
23.71	7.3042
23.72	7.309
23.73	7.3138
23.74	7.3186
23.75	7.3234
23.76	7.3281
23.77	7.3329
23.78	7.3377
23.79	7.3425
23.8	7.3473
23.81	7.3521
23.82	7.3569
23.83	7.3616
23.84	7.3664
23.85	7.3712
23.86	7.3759
23.87	7.3807
23.88	7.3855
23.89	7.3903
23.9	7.395
23.91	7.3998
23.92	7.4046
23.93	7.4094
23.94	7.4142
23.95	7.419
23.96	7.4237
23.97	7.4285
23.98	7.4334
23.99	7.4382
24	7.443
24.01	7.4478
24.02	7.4526
24.03	7.4574
24.04	7.4623
24.05	7.4671
24.06	7.4719
24.07	7.4768
24.08	7.4816
24.09	7.4864
24.1	7.4913
24.11	7.4961
24.12	7.501
24.13	7.5058
24.14	7.5106
24.15	7.5155
24.16	7.5203
24.17	7.5251
24.18	7.53
24.19	7.5348
24.2	7.5397
24.21	7.5445
24.22	7.5494
24.23	7.5542
24.24	7.5591
24.25	7.5639
24.26	7.5688
24.27	7.5736
24.28	7.5785
24.29	7.5834
24.3	7.5882
24.31	7.5931
24.32	7.598
24.33	7.6029
24.34	7.6078
24.35	7.6126
24.36	7.6175
24.37	7.6224
24.38	7.6273
24.39	7.6322
24.4	7.6372
24.41	7.6421
24.42	7.647
24.43	7.652
24.44	7.6569
24.45	7.6619
24.46	7.6669
24.47	7.6718
24.48	7.6768
24.49	7.6818
24.5	7.6868
24.51	7.6918
24.52	7.6968
24.53	7.7019
24.54	7.7069
24.55	7.7119
24.56	7.717
24.57	7.722
24.58	7.7271
24.59	7.7322
24.6	7.7372
24.61	7.7423
24.62	7.7474
24.63	7.7524
24.64	7.7575
24.65	7.7626
24.66	7.7677
24.67	7.7728
24.68	7.7779
24.69	7.783
24.7	7.788
24.71	7.7931
24.72	7.7982
24.73	7.8033
24.74	7.8084
24.75	7.8135
24.76	7.8186
24.77	7.8237
24.78	7.8287
24.79	7.8338
24.8	7.8389
24.81	7.844
24.82	7.8491
24.83	7.8542
24.84	7.8593
24.85	7.8644
24.86	7.8695
24.87	7.8746
24.88	7.8797
24.89	7.8849
24.9	7.89
24.91	7.8951
24.92	7.9003
24.93	7.9054
24.94	7.9106
24.95	7.9158
24.96	7.9209
24.97	7.9261
24.98	7.9313
24.99	7.9364
25	7.9416
25.01	7.9468
25.02	7.952
25.03	7.9571
25.04	7.9623
25.05	7.9675
25.06	7.9726
25.07	7.9778
25.08	7.983
25.09	7.9881
25.1	7.9933
25.11	7.9985
25.12	8.0037
25.13	8.0088
25.14	8.014
25.15	8.0192
25.16	8.0244
25.17	8.0296
25.18	8.0347
25.19	8.0399
25.2	8.0451
25.21	8.0503
25.22	8.0556
25.23	8.0608
25.24	8.066
25.25	8.0712
25.26	8.0765
25.27	8.0817
25.28	8.087
25.29	8.0923
25.3	8.0975
25.31	8.1028
25.32	8.1081
25.33	8.1134
25.34	8.1187
25.35	8.124
25.36	8.1294
25.37	8.1347
25.38	8.1401
25.39	8.1454
25.4	8.1508
25.41	8.1561
25.42	8.1615
25.43	8.1669
25.44	8.1723
25.45	8.1776
25.46	8.183
25.47	8.1884
25.48	8.1938
25.49	8.1992
25.5	8.2047
25.51	8.2101
25.52	8.2155
25.53	8.221
25.54	8.2264
25.55	8.2319
25.56	8.2374
25.57	8.2428
25.58	8.2483
25.59	8.2538
25.6	8.2593
25.61	8.2648
25.62	8.2703
25.63	8.2758
25.64	8.2813
25.65	8.2868
25.66	8.2923
25.67	8.2978
25.68	8.3033
25.69	8.3088
25.7	8.3144
25.71	8.3199
25.72	8.3254
25.73	8.3309
25.74	8.3364
25.75	8.342
25.76	8.3475
25.77	8.3531
25.78	8.3586
25.79	8.3642
25.8	8.3697
25.81	8.3753
25.82	8.3809
25.83	8.3865
25.84	8.3921
25.85	8.3977
25.86	8.4033
25.87	8.4089
25.88	8.4145
25.89	8.4202
25.9	8.4258
25.91	8.4314
25.92	8.437
25.93	8.4427
25.94	8.4483
25.95	8.4539
25.96	8.4596
25.97	8.4652
25.98	8.4709
25.99	8.4765
26	8.4821
26.01	8.4878
26.02	8.4935
26.03	8.4991
26.04	8.5048
26.05	8.5105
26.06	8.5162
26.07	8.5218
26.08	8.5275
26.09	8.5332
26.1	8.539
26.11	8.5447
26.12	8.5504
26.13	8.5561
26.14	8.5619
26.15	8.5676
26.16	8.5734
26.17	8.5791
26.18	8.5849
26.19	8.5907
26.2	8.5965
26.21	8.6022
26.22	8.608
26.23	8.6138
26.24	8.6197
26.25	8.6255
26.26	8.6313
26.27	8.6371
26.28	8.643
26.29	8.6488
26.3	8.6546
26.31	8.6605
26.32	8.6663
26.33	8.6722
26.34	8.678
26.35	8.6839
26.36	8.6897
26.37	8.6956
26.38	8.7015
26.39	8.7073
26.4	8.7132
26.41	8.719
26.42	8.7249
26.43	8.7307
26.44	8.7366
26.45	8.7425
26.46	8.7483
26.47	8.7542
26.48	8.76
26.49	8.7658
26.5	8.7717
26.51	8.7775
26.52	8.7833
26.53	8.7892
26.54	8.795
26.55	8.8008
26.56	8.8066
26.57	8.8124
26.58	8.8182
26.59	8.824
26.6	8.8297
26.61	8.8355
26.62	8.8412
26.63	8.847
26.64	8.8527
26.65	8.8584
26.66	8.8642
26.67	8.8699
26.68	8.8755
26.69	8.8812
26.7	8.8869
26.71	8.8925
26.72	8.8982
26.73	8.9038
26.74	8.9094
26.75	8.915
26.76	8.9206
26.77	8.9262
26.78	8.9317
26.79	8.9373
26.8	8.9428
26.81	8.9484
26.82	8.9539
26.83	8.9594
26.84	8.9649
26.85	8.9704
26.86	8.9758
26.87	8.9813
26.88	8.9868
26.89	8.9922
26.9	8.9976
26.91	9.003
26.92	9.0084
26.93	9.0138
26.94	9.0192
26.95	9.0246
26.96	9.0299
26.97	9.0353
26.98	9.0406
26.99	9.0459
27	9.0512
27.01	9.0564
27.02	9.0617
27.03	9.067
27.04	9.0722
27.05	9.0774
27.06	9.0826
27.07	9.0878
27.08	9.093
27.09	9.0982
27.1	9.1034
27.11	9.1086
27.12	9.1137
27.13	9.1189
27.14	9.1241
27.15	9.1292
27.16	9.1343
27.17	9.1395
27.18	9.1446
27.19	9.1497
27.2	9.1548
27.21	9.16
27.22	9.1651
27.23	9.1702
27.24	9.1752
27.25	9.1803
27.26	9.1854
27.27	9.1905
27.28	9.1955
27.29	9.2006
27.3	9.2056
27.31	9.2107
27.32	9.2157
27.33	9.2207
27.34	9.2257
27.35	9.2307
27.36	9.2356
27.37	9.2406
27.38	9.2455
27.39	9.2505
27.4	9.2554
27.41	9.2603
27.42	9.2652
27.43	9.2701
27.44	9.2749
27.45	9.2798
27.46	9.2846
27.47	9.2894
27.48	9.2942
27.49	9.299
27.5	9.3038
27.51	9.3086
27.52	9.3133
27.53	9.3181
27.54	9.3228
27.55	9.3276
27.56	9.3323
27.57	9.337
27.58	9.3418
27.59	9.3465
27.6	9.3512
27.61	9.3559
27.62	9.3606
27.63	9.3653
27.64	9.37
27.65	9.3747
27.66	9.3794
27.67	9.3841
27.68	9.3888
27.69	9.3935
27.7	9.3982
27.71	9.4029
27.72	9.4075
27.73	9.4122
27.74	9.4168
27.75	9.4215
27.76	9.4261
27.77	9.4307
27.78	9.4354
27.79	9.44
27.8	9.4446
27.81	9.4492
27.82	9.4538
27.83	9.4583
27.84	9.4629
27.85	9.4675
27.86	9.4721
27.87	9.4766
27.88	9.4811
27.89	9.4857
27.9	9.4902
27.91	9.4947
27.92	9.4992
27.93	9.5037
27.94	9.5081
27.95	9.5126
27.96	9.517
27.97	9.5214
27.98	9.5258
27.99	9.5302
28	9.5346
28.01	9.5389
28.02	9.5433
28.03	9.5476
28.04	9.5519
28.05	9.5562
28.06	9.5605
28.07	9.5647
28.08	9.569
28.09	9.5732
28.1	9.5774
28.11	9.5816
28.12	9.5858
28.13	9.59
28.14	9.5942
28.15	9.5984
28.16	9.6025
28.17	9.6067
28.18	9.6108
28.19	9.6149
28.2	9.619
28.21	9.6231
28.22	9.6272
28.23	9.6313
28.24	9.6354
28.25	9.6394
28.26	9.6435
28.27	9.6475
28.28	9.6516
28.29	9.6556
28.3	9.6596
28.31	9.6636
28.32	9.6676
28.33	9.6716
28.34	9.6756
28.35	9.6795
28.36	9.6835
28.37	9.6874
28.38	9.6914
28.39	9.6953
28.4	9.6992
28.41	9.7031
28.42	9.707
28.43	9.7109
28.44	9.7147
28.45	9.7186
28.46	9.7224
28.47	9.7263
28.48	9.7301
28.49	9.7339
28.5	9.7377
28.51	9.7414
28.52	9.7452
28.53	9.7489
28.54	9.7527
28.55	9.7564
28.56	9.7601
28.57	9.7638
28.58	9.7675
28.59	9.7711
28.6	9.7748
28.61	9.7785
28.62	9.7821
28.63	9.7857
28.64	9.7893
28.65	9.7929
28.66	9.7965
28.67	9.8001
28.68	9.8037
28.69	9.8073
28.7	9.8108
28.71	9.8144
28.72	9.8179
28.73	9.8214
28.74	9.825
28.75	9.8285
28.76	9.832
28.77	9.8355
28.78	9.839
28.79	9.8425
28.8	9.846
28.81	9.8494
28.82	9.8529
28.83	9.8563
28.84	9.8597
28.85	9.8632
28.86	9.8666
28.87	9.87
28.88	9.8734
28.89	9.8768
28.9	9.8802
28.91	9.8835
28.92	9.8869
28.93	9.8903
28.94	9.8936
28.95	9.897
28.96	9.9003
28.97	9.9036
28.98	9.907
28.99	9.9103
29	9.9136
29.01	9.9168
29.02	9.9201
29.03	9.9234
29.04	9.9266
29.05	9.9299
29.06	9.9331
29.07	9.9363
29.08	9.9395
29.09	9.9427
29.1	9.9459
29.11	9.9491
29.12	9.9523
29.13	9.9555
29.14	9.9586
29.15	9.9618
29.16	9.9649
29.17	9.9681
29.18	9.9712
29.19	9.9743
29.2	9.9774
29.21	9.9806
29.22	9.9837
29.23	9.9868
29.24	9.9899
29.25	9.993
29.26	9.9961
29.27	9.9992
29.28	10.002
29.29	10.005
29.3	10.008
29.31	10.011
29.32	10.014
29.33	10.017
29.34	10.02
29.35	10.023
29.36	10.027
29.37	10.03
29.38	10.033
29.39	10.036
29.4	10.039
29.41	10.042
29.42	10.045
29.43	10.048
29.44	10.051
29.45	10.054
29.46	10.057
29.47	10.06
29.48	10.063
29.49	10.065
29.5	10.068
29.51	10.071
29.52	10.074
29.53	10.077
29.54	10.08
29.55	10.083
29.56	10.086
29.57	10.089
29.58	10.092
29.59	10.095
29.6	10.097
29.61	10.1
29.62	10.103
29.63	10.106
29.64	10.109
29.65	10.112
29.66	10.115
29.67	10.117
29.68	10.12
29.69	10.123
29.7	10.126
29.71	10.129
29.72	10.132
29.73	10.134
29.74	10.137
29.75	10.14
29.76	10.143
29.77	10.146
29.78	10.148
29.79	10.151
29.8	10.154
29.81	10.157
29.82	10.16
29.83	10.162
29.84	10.165
29.85	10.168
29.86	10.171
29.87	10.173
29.88	10.176
29.89	10.179
29.9	10.182
29.91	10.185
29.92	10.187
29.93	10.19
29.94	10.193
29.95	10.195
29.96	10.198
29.97	10.201
29.98	10.204
29.99	10.206
30	10.209
30.01	10.212
30.02	10.214
30.03	10.217
30.04	10.22
30.05	10.222
30.06	10.225
30.07	10.228
30.08	10.23
30.09	10.233
30.1	10.236
30.11	10.238
30.12	10.241
30.13	10.244
30.14	10.246
30.15	10.249
30.16	10.252
30.17	10.254
30.18	10.257
30.19	10.26
30.2	10.263
30.21	10.265
30.22	10.268
30.23	10.271
30.24	10.273
30.25	10.276
30.26	10.279
30.27	10.281
30.28	10.284
30.29	10.287
30.3	10.289
30.31	10.292
30.32	10.295
30.33	10.297
30.34	10.3
30.35	10.303
30.36	10.306
30.37	10.308
30.38	10.311
30.39	10.314
30.4	10.316
30.41	10.319
30.42	10.322
30.43	10.324
30.44	10.327
30.45	10.33
30.46	10.332
30.47	10.335
30.48	10.338
30.49	10.34
30.5	10.343
30.51	10.346
30.52	10.348
30.53	10.351
30.54	10.354
30.55	10.356
30.56	10.359
30.57	10.362
30.58	10.364
30.59	10.367
30.6	10.37
30.61	10.372
30.62	10.375
30.63	10.378
30.64	10.38
30.65	10.383
30.66	10.386
30.67	10.389
30.68	10.391
30.69	10.394
30.7	10.397
30.71	10.399
30.72	10.402
30.73	10.405
30.74	10.408
30.75	10.41
30.76	10.413
30.77	10.416
30.78	10.418
30.79	10.421
30.8	10.424
30.81	10.427
30.82	10.429
30.83	10.432
30.84	10.435
30.85	10.437
30.86	10.44
30.87	10.443
30.88	10.445
30.89	10.448
30.9	10.451
30.91	10.453
30.92	10.456
30.93	10.459
30.94	10.461
30.95	10.464
30.96	10.467
30.97	10.469
30.98	10.472
30.99	10.475
31	10.477
31.01	10.48
31.02	10.483
31.03	10.485
31.04	10.488
31.05	10.491
31.06	10.493
31.07	10.496
31.08	10.499
31.09	10.502
31.1	10.504
31.11	10.507
31.12	10.51
31.13	10.512
31.14	10.515
31.15	10.518
31.16	10.521
31.17	10.523
31.18	10.526
31.19	10.529
31.2	10.531
31.21	10.534
31.22	10.537
31.23	10.54
31.24	10.542
31.25	10.545
31.26	10.548
31.27	10.551
31.28	10.553
31.29	10.556
31.3	10.559
31.31	10.562
31.32	10.564
31.33	10.567
31.34	10.57
31.35	10.573
31.36	10.575
31.37	10.578
31.38	10.581
31.39	10.584
31.4	10.587
31.41	10.589
31.42	10.592
31.43	10.595
31.44	10.598
31.45	10.601
31.46	10.603
31.47	10.606
31.48	10.609
31.49	10.612
31.5	10.615
31.51	10.618
31.52	10.62
31.53	10.623
31.54	10.626
31.55	10.629
31.56	10.632
31.57	10.634
31.58	10.637
31.59	10.64
31.6	10.643
31.61	10.646
31.62	10.649
31.63	10.651
31.64	10.654
31.65	10.657
31.66	10.66
31.67	10.663
31.68	10.665
31.69	10.668
31.7	10.671
31.71	10.674
31.72	10.677
31.73	10.679
31.74	10.682
31.75	10.685
31.76	10.688
31.77	10.69
31.78	10.693
31.79	10.696
31.8	10.699
31.81	10.702
31.82	10.704
31.83	10.707
31.84	10.71
31.85	10.713
31.86	10.715
31.87	10.718
31.88	10.721
31.89	10.724
31.9	10.726
31.91	10.729
31.92	10.732
31.93	10.735
31.94	10.737
31.95	10.74
31.96	10.743
31.97	10.746
31.98	10.748
31.99	10.751
32	10.754
32.01	10.756
32.02	10.759
32.03	10.762
32.04	10.764
32.05	10.767
32.06	10.77
32.07	10.772
32.08	10.775
32.09	10.778
32.1	10.78
32.11	10.783
32.12	10.785
32.13	10.788
32.14	10.79
32.15	10.793
32.16	10.796
32.17	10.798
32.18	10.801
32.19	10.803
32.2	10.806
32.21	10.808
32.22	10.81
32.23	10.813
32.24	10.815
32.25	10.818
32.26	10.82
32.27	10.822
32.28	10.825
32.29	10.827
32.3	10.829
32.31	10.832
32.32	10.834
32.33	10.836
32.34	10.839
32.35	10.841
32.36	10.843
32.37	10.845
32.38	10.847
32.39	10.85
32.4	10.852
32.41	10.854
32.42	10.856
32.43	10.858
32.44	10.861
32.45	10.863
32.46	10.865
32.47	10.867
32.48	10.869
32.49	10.871
32.5	10.873
32.51	10.875
32.52	10.877
32.53	10.879
32.54	10.881
32.55	10.883
32.56	10.885
32.57	10.887
32.58	10.889
32.59	10.891
32.6	10.893
32.61	10.895
32.62	10.897
32.63	10.899
32.64	10.901
32.65	10.903
32.66	10.905
32.67	10.906
32.68	10.908
32.69	10.91
32.7	10.912
32.71	10.914
32.72	10.915
32.73	10.917
32.74	10.919
32.75	10.921
32.76	10.923
32.77	10.924
32.78	10.926
32.79	10.928
32.8	10.929
32.81	10.931
32.82	10.933
32.83	10.935
32.84	10.936
32.85	10.938
32.86	10.94
32.87	10.941
32.88	10.943
32.89	10.945
32.9	10.946
32.91	10.948
32.92	10.95
32.93	10.951
32.94	10.953
32.95	10.955
32.96	10.956
32.97	10.958
32.98	10.96
32.99	10.961
33	10.963
33.01	10.965
33.02	10.966
33.03	10.968
33.04	10.97
33.05	10.971
33.06	10.973
33.07	10.974
33.08	10.976
33.09	10.978
33.1	10.979
33.11	10.981
33.12	10.983
33.13	10.984
33.14	10.986
33.15	10.987
33.16	10.989
33.17	10.991
33.18	10.992
33.19	10.994
33.2	10.996
33.21	10.997
33.22	10.999
33.23	11
33.24	11.002
33.25	11.004
33.26	11.005
33.27	11.007
33.28	11.008
33.29	11.01
33.3	11.011
33.31	11.013
33.32	11.015
33.33	11.016
33.34	11.018
33.35	11.019
33.36	11.021
33.37	11.022
33.38	11.024
33.39	11.026
33.4	11.027
33.41	11.029
33.42	11.03
33.43	11.032
33.44	11.033
33.45	11.035
33.46	11.037
33.47	11.038
33.48	11.04
33.49	11.041
33.5	11.043
33.51	11.044
33.52	11.046
33.53	11.047
33.54	11.049
33.55	11.051
33.56	11.052
33.57	11.054
33.58	11.055
33.59	11.057
33.6	11.058
33.61	11.06
33.62	11.061
33.63	11.063
33.64	11.064
33.65	11.066
33.66	11.067
33.67	11.069
33.68	11.07
33.69	11.072
33.7	11.073
33.71	11.075
33.72	11.076
33.73	11.078
33.74	11.079
33.75	11.081
33.76	11.082
33.77	11.083
33.78	11.085
33.79	11.086
33.8	11.088
33.81	11.089
33.82	11.091
33.83	11.092
33.84	11.093
33.85	11.095
33.86	11.096
33.87	11.098
33.88	11.099
33.89	11.1
33.9	11.102
33.91	11.103
33.92	11.104
33.93	11.106
33.94	11.107
33.95	11.109
33.96	11.11
33.97	11.111
33.98	11.113
33.99	11.114
34	11.115
34.01	11.117
34.02	11.118
34.03	11.12
34.04	11.121
34.05	11.122
34.06	11.124
34.07	11.125
34.08	11.126
34.09	11.128
34.1	11.129
34.11	11.13
34.12	11.131
34.13	11.133
34.14	11.134
34.15	11.135
34.16	11.137
34.17	11.138
34.18	11.139
34.19	11.141
34.2	11.142
34.21	11.143
34.22	11.144
34.23	11.146
34.24	11.147
34.25	11.148
34.26	11.149
34.27	11.151
34.28	11.152
34.29	11.153
34.3	11.154
34.31	11.156
34.32	11.157
34.33	11.158
34.34	11.159
34.35	11.161
34.36	11.162
34.37	11.163
34.38	11.164
34.39	11.166
34.4	11.167
34.41	11.168
34.42	11.169
34.43	11.17
34.44	11.172
34.45	11.173
34.46	11.174
34.47	11.175
34.48	11.176
34.49	11.177
34.5	11.179
34.51	11.18
34.52	11.181
34.53	11.182
34.54	11.183
34.55	11.184
34.56	11.186
34.57	11.187
34.58	11.188
34.59	11.189
34.6	11.19
34.61	11.191
34.62	11.193
34.63	11.194
34.64	11.195
34.65	11.196
34.66	11.197
34.67	11.198
34.68	11.2
34.69	11.201
34.7	11.202
34.71	11.203
34.72	11.204
34.73	11.205
34.74	11.207
34.75	11.208
34.76	11.209
34.77	11.21
34.78	11.211
34.79	11.212
34.8	11.213
34.81	11.215
34.82	11.216
34.83	11.217
34.84	11.218
34.85	11.219
34.86	11.22
34.87	11.221
34.88	11.222
34.89	11.223
34.9	11.225
34.91	11.226
34.92	11.227
34.93	11.228
34.94	11.229
34.95	11.23
34.96	11.231
34.97	11.232
34.98	11.233
34.99	11.235
35	11.236
35.01	11.237
35.02	11.238
35.03	11.239
35.04	11.24
35.05	11.241
35.06	11.242
35.07	11.243
35.08	11.245
35.09	11.246
35.1	11.247
35.11	11.248
35.12	11.249
35.13	11.25
35.14	11.251
35.15	11.252
35.16	11.253
35.17	11.254
35.18	11.255
35.19	11.256
35.2	11.257
35.21	11.259
35.22	11.26
35.23	11.261
35.24	11.262
35.25	11.263
35.26	11.264
35.27	11.265
35.28	11.266
35.29	11.267
35.3	11.268
35.31	11.269
35.32	11.27
35.33	11.271
35.34	11.272
35.35	11.273
35.36	11.274
35.37	11.275
35.38	11.276
35.39	11.277
35.4	11.278
35.41	11.279
35.42	11.28
35.43	11.281
35.44	11.282
35.45	11.283
35.46	11.284
35.47	11.285
35.48	11.286
35.49	11.287
35.5	11.288
35.51	11.289
35.52	11.29
35.53	11.291
35.54	11.292
35.55	11.293
35.56	11.294
35.57	11.295
35.58	11.296
35.59	11.296
35.6	11.297
35.61	11.298
35.62	11.299
35.63	11.3
35.64	11.301
35.65	11.302
35.66	11.303
35.67	11.304
35.68	11.305
35.69	11.306
35.7	11.307
35.71	11.308
35.72	11.309
35.73	11.309
35.74	11.31
35.75	11.311
35.76	11.312
35.77	11.313
35.78	11.314
35.79	11.315
35.8	11.316
35.81	11.317
35.82	11.318
35.83	11.318
35.84	11.319
35.85	11.32
35.86	11.321
35.87	11.322
35.88	11.323
35.89	11.324
35.9	11.325
35.91	11.325
35.92	11.326
35.93	11.327
35.94	11.328
35.95	11.329
35.96	11.33
35.97	11.331
35.98	11.331
35.99	11.332
36	11.333
36.01	11.334
36.02	11.335
36.03	11.336
36.04	11.336
36.05	11.337
36.06	11.338
36.07	11.339
36.08	11.34
36.09	11.341
36.1	11.341
36.11	11.342
36.12	11.343
36.13	11.344
36.14	11.345
36.15	11.345
36.16	11.346
36.17	11.347
36.18	11.348
36.19	11.349
36.2	11.349
36.21	11.35
36.22	11.351
36.23	11.352
36.24	11.353
36.25	11.353
36.26	11.354
36.27	11.355
36.28	11.356
36.29	11.356
36.3	11.357
36.31	11.358
36.32	11.359
36.33	11.36
36.34	11.36
36.35	11.361
36.36	11.362
36.37	11.363
36.38	11.363
36.39	11.364
36.4	11.365
36.41	11.366
36.42	11.367
36.43	11.367
36.44	11.368
36.45	11.369
36.46	11.37
36.47	11.37
36.48	11.371
36.49	11.372
36.5	11.373
36.51	11.374
36.52	11.374
36.53	11.375
36.54	11.376
36.55	11.377
36.56	11.378
36.57	11.378
36.58	11.379
36.59	11.38
36.6	11.381
36.61	11.382
36.62	11.382
36.63	11.383
36.64	11.384
36.65	11.385
36.66	11.385
36.67	11.386
36.68	11.387
36.69	11.388
36.7	11.389
36.71	11.389
36.72	11.39
36.73	11.391
36.74	11.392
36.75	11.393
36.76	11.393
36.77	11.394
36.78	11.395
36.79	11.396
36.8	11.397
36.81	11.397
36.82	11.398
36.83	11.399
36.84	11.4
36.85	11.401
36.86	11.401
36.87	11.402
36.88	11.403
36.89	11.404
36.9	11.405
36.91	11.405
36.92	11.406
36.93	11.407
36.94	11.408
36.95	11.409
36.96	11.41
36.97	11.41
36.98	11.411
36.99	11.412
37	11.413
37.01	11.414
37.02	11.415
37.03	11.415
37.04	11.416
37.05	11.417
37.06	11.418
37.07	11.419
37.08	11.419
37.09	11.42
37.1	11.421
37.11	11.422
37.12	11.423
37.13	11.424
37.14	11.424
37.15	11.425
37.16	11.426
37.17	11.427
37.18	11.428
37.19	11.429
37.2	11.429
37.21	11.43
37.22	11.431
37.23	11.432
37.24	11.433
37.25	11.434
37.26	11.434
37.27	11.435
37.28	11.436
37.29	11.437
37.3	11.438
37.31	11.439
37.32	11.44
37.33	11.44
37.34	11.441
37.35	11.442
37.36	11.443
37.37	11.444
37.38	11.445
37.39	11.446
37.4	11.447
37.41	11.447
37.42	11.448
37.43	11.449
37.44	11.45
37.45	11.451
37.46	11.452
37.47	11.453
37.48	11.454
37.49	11.455
37.5	11.455
37.51	11.456
37.52	11.457
37.53	11.458
37.54	11.459
37.55	11.46
37.56	11.461
37.57	11.462
37.58	11.462
37.59	11.463
37.6	11.464
37.61	11.465
37.62	11.466
37.63	11.467
37.64	11.468
37.65	11.469
37.66	11.47
37.67	11.471
37.68	11.471
37.69	11.472
37.7	11.473
37.71	11.474
37.72	11.475
37.73	11.476
37.74	11.477
37.75	11.478
37.76	11.479
37.77	11.48
37.78	11.481
37.79	11.482
37.8	11.483
37.81	11.483
37.82	11.484
37.83	11.485
37.84	11.486
37.85	11.487
37.86	11.488
37.87	11.489
37.88	11.49
37.89	11.491
37.9	11.492
37.91	11.493
37.92	11.494
37.93	11.495
37.94	11.496
37.95	11.497
37.96	11.497
37.97	11.498
37.98	11.499
37.99	11.5
38	11.501
38.01	11.502
38.02	11.503
38.03	11.504
38.04	11.505
38.05	11.506
38.06	11.507
38.07	11.508
38.08	11.509
38.09	11.51
38.1	11.511
38.11	11.512
38.12	11.513
38.13	11.514
38.14	11.515
38.15	11.516
38.16	11.517
38.17	11.518
38.18	11.518
38.19	11.519
38.2	11.52
38.21	11.521
38.22	11.522
38.23	11.523
38.24	11.524
38.25	11.525
38.26	11.526
38.27	11.527
38.28	11.528
38.29	11.529
38.3	11.53
38.31	11.531
38.32	11.532
38.33	11.533
38.34	11.534
38.35	11.535
38.36	11.536
38.37	11.537
38.38	11.538
38.39	11.539
38.4	11.54
38.41	11.541
38.42	11.542
38.43	11.543
38.44	11.544
38.45	11.545
38.46	11.546
38.47	11.547
38.48	11.548
38.49	11.55
38.5	11.551
38.51	11.552
38.52	11.553
38.53	11.554
38.54	11.555
38.55	11.556
38.56	11.557
38.57	11.558
38.58	11.559
38.59	11.56
38.6	11.561
38.61	11.562
38.62	11.563
38.63	11.564
38.64	11.565
38.65	11.566
38.66	11.567
38.67	11.568
38.68	11.57
38.69	11.571
38.7	11.572
38.71	11.573
38.72	11.574
38.73	11.575
38.74	11.576
38.75	11.577
38.76	11.578
38.77	11.579
38.78	11.58
38.79	11.581
38.8	11.583
38.81	11.584
38.82	11.585
38.83	11.586
38.84	11.587
38.85	11.588
38.86	11.589
38.87	11.59
38.88	11.591
38.89	11.593
38.9	11.594
38.91	11.595
38.92	11.596
38.93	11.597
38.94	11.598
38.95	11.599
38.96	11.6
38.97	11.601
38.98	11.603
38.99	11.604
39	11.605
39.01	11.606
39.02	11.607
39.03	11.608
39.04	11.609
39.05	11.611
39.06	11.612
39.07	11.613
39.08	11.614
39.09	11.615
39.1	11.616
39.11	11.617
39.12	11.619
39.13	11.62
39.14	11.621
39.15	11.622
39.16	11.623
39.17	11.624
39.18	11.625
39.19	11.627
39.2	11.628
39.21	11.629
39.22	11.63
39.23	11.631
39.24	11.632
39.25	11.634
39.26	11.635
39.27	11.636
39.28	11.637
39.29	11.638
39.3	11.639
39.31	11.64
39.32	11.642
39.33	11.643
39.34	11.644
39.35	11.645
39.36	11.646
39.37	11.647
39.38	11.649
39.39	11.65
39.4	11.651
39.41	11.652
39.42	11.653
39.43	11.655
39.44	11.656
39.45	11.657
39.46	11.658
39.47	11.659
39.48	11.66
39.49	11.662
39.5	11.663
39.51	11.664
39.52	11.665
39.53	11.666
39.54	11.668
39.55	11.669
39.56	11.67
39.57	11.671
39.58	11.672
39.59	11.674
39.6	11.675
39.61	11.676
39.62	11.677
39.63	11.678
39.64	11.68
39.65	11.681
39.66	11.682
39.67	11.683
39.68	11.685
39.69	11.686
39.7	11.687
39.71	11.689
39.72	11.69
39.73	11.691
39.74	11.692
39.75	11.694
39.76	11.695
39.77	11.696
39.78	11.698
39.79	11.699
39.8	11.7
39.81	11.701
39.82	11.703
39.83	11.704
39.84	11.705
39.85	11.707
39.86	11.708
39.87	11.709
39.88	11.71
39.89	11.712
39.9	11.713
39.91	11.714
39.92	11.716
39.93	11.717
39.94	11.718
39.95	11.719
39.96	11.721
39.97	11.722
39.98	11.723
39.99	11.725
40	11.726
40.01	11.727
40.02	11.728
40.03	11.73
40.04	11.731
40.05	11.732
40.06	11.734
40.07	11.735
40.08	11.736
40.09	11.738
40.1	11.739
40.11	11.74
40.12	11.742
40.13	11.743
40.14	11.744
40.15	11.746
40.16	11.747
40.17	11.748
40.18	11.749
40.19	11.751
40.2	11.752
40.21	11.753
40.22	11.755
40.23	11.756
40.24	11.757
40.25	11.759
40.26	11.76
40.27	11.761
40.28	11.763
40.29	11.764
40.3	11.765
40.31	11.767
40.32	11.768
40.33	11.77
40.34	11.771
40.35	11.772
40.36	11.774
40.37	11.775
40.38	11.776
40.39	11.778
40.4	11.779
40.41	11.781
40.42	11.782
40.43	11.783
40.44	11.785
40.45	11.786
40.46	11.788
40.47	11.789
40.48	11.79
40.49	11.792
40.5	11.793
40.51	11.795
40.52	11.796
40.53	11.797
40.54	11.799
40.55	11.8
40.56	11.802
40.57	11.803
40.58	11.804
40.59	11.806
40.6	11.807
40.61	11.809
40.62	11.81
40.63	11.812
40.64	11.813
40.65	11.814
40.66	11.816
40.67	11.817
40.68	11.819
40.69	11.82
40.7	11.821
40.71	11.823
40.72	11.824
40.73	11.826
40.74	11.827
40.75	11.828
40.76	11.83
40.77	11.831
40.78	11.833
40.79	11.834
40.8	11.835
40.81	11.837
40.82	11.838
40.83	11.84
40.84	11.841
40.85	11.843
40.86	11.844
40.87	11.845
40.88	11.847
40.89	11.848
40.9	11.85
40.91	11.851
40.92	11.852
40.93	11.854
40.94	11.855
40.95	11.857
40.96	11.858
40.97	11.86
40.98	11.861
40.99	11.862
41	11.864
41.01	11.865
41.02	11.867
41.03	11.868
41.04	11.869
41.05	11.871
41.06	11.872
41.07	11.874
41.08	11.875
41.09	11.877
41.1	11.878
41.11	11.879
41.12	11.881
41.13	11.882
41.14	11.884
41.15	11.885
41.16	11.887
41.17	11.888
41.18	11.889
41.19	11.891
41.2	11.892
41.21	11.894
41.22	11.895
41.23	11.897
41.24	11.898
41.25	11.9
41.26	11.901
41.27	11.902
41.28	11.904
41.29	11.905
41.3	11.907
41.31	11.908
41.32	11.91
41.33	11.911
41.34	11.913
41.35	11.914
41.36	11.916
41.37	11.917
41.38	11.919
41.39	11.92
41.4	11.922
41.41	11.923
41.42	11.925
41.43	11.926
41.44	11.928
41.45	11.929
41.46	11.931
41.47	11.932
41.48	11.934
41.49	11.935
41.5	11.937
41.51	11.938
41.52	11.94
41.53	11.941
41.54	11.943
41.55	11.944
41.56	11.946
41.57	11.947
41.58	11.949
41.59	11.95
41.6	11.952
41.61	11.953
41.62	11.955
41.63	11.956
41.64	11.958
41.65	11.959
41.66	11.961
41.67	11.962
41.68	11.964
41.69	11.965
41.7	11.967
41.71	11.969
41.72	11.97
41.73	11.972
41.74	11.973
41.75	11.975
41.76	11.976
41.77	11.978
41.78	11.979
41.79	11.981
41.8	11.982
41.81	11.984
41.82	11.985
41.83	11.987
41.84	11.989
41.85	11.99
41.86	11.992
41.87	11.993
41.88	11.995
41.89	11.996
41.9	11.998
41.91	11.999
41.92	12.001
41.93	12.002
41.94	12.004
41.95	12.006
41.96	12.007
41.97	12.009
41.98	12.01
41.99	12.012
42	12.013
42.01	12.015
42.02	12.017
42.03	12.018
42.04	12.02
42.05	12.021
42.06	12.023
42.07	12.025
42.08	12.026
42.09	12.028
42.1	12.029
42.11	12.031
42.12	12.032
42.13	12.034
42.14	12.036
42.15	12.037
42.16	12.039
42.17	12.04
42.18	12.042
42.19	12.043
42.2	12.045
42.21	12.047
42.22	12.048
42.23	12.05
42.24	12.051
42.25	12.053
42.26	12.054
42.27	12.056
42.28	12.058
42.29	12.059
42.3	12.061
42.31	12.062
42.32	12.064
42.33	12.066
42.34	12.067
42.35	12.069
42.36	12.071
42.37	12.072
42.38	12.074
42.39	12.076
42.4	12.077
42.41	12.079
42.42	12.08
42.43	12.082
42.44	12.084
42.45	12.085
42.46	12.087
42.47	12.089
42.48	12.09
42.49	12.092
42.5	12.094
42.51	12.095
42.52	12.097
42.53	12.098
42.54	12.1
42.55	12.102
42.56	12.103
42.57	12.105
42.58	12.107
42.59	12.108
42.6	12.11
42.61	12.111
42.62	12.113
42.63	12.115
42.64	12.116
42.65	12.118
42.66	12.119
42.67	12.121
42.68	12.122
42.69	12.124
42.7	12.126
42.71	12.127
42.72	12.129
42.73	12.13
42.74	12.132
42.75	12.134
42.76	12.135
42.77	12.137
42.78	12.139
42.79	12.14
42.8	12.142
42.81	12.143
42.82	12.145
42.83	12.147
42.84	12.148
42.85	12.15
42.86	12.152
42.87	12.153
42.88	12.155
42.89	12.156
42.9	12.158
42.91	12.16
42.92	12.161
42.93	12.163
42.94	12.165
42.95	12.166
42.96	12.168
42.97	12.169
42.98	12.171
42.99	12.173
43	12.174
43.01	12.176
43.02	12.178
43.03	12.179
43.04	12.181
43.05	12.182
43.06	12.184
43.07	12.186
43.08	12.187
43.09	12.189
43.1	12.19
43.11	12.192
43.12	12.194
43.13	12.195
43.14	12.197
43.15	12.199
43.16	12.2
43.17	12.202
43.18	12.203
43.19	12.205
43.2	12.207
43.21	12.208
43.22	12.21
43.23	12.212
43.24	12.213
43.25	12.215
43.26	12.216
43.27	12.218
43.28	12.22
43.29	12.221
43.3	12.223
43.31	12.225
43.32	12.226
43.33	12.228
43.34	12.229
43.35	12.231
43.36	12.233
43.37	12.234
43.38	12.236
43.39	12.237
43.4	12.239
43.41	12.24
43.42	12.242
43.43	12.243
43.44	12.245
43.45	12.246
43.46	12.248
43.47	12.249
43.48	12.251
43.49	12.253
43.5	12.254
43.51	12.256
43.52	12.257
43.53	12.259
43.54	12.26
43.55	12.261
43.56	12.263
43.57	12.264
43.58	12.266
43.59	12.267
43.6	12.269
43.61	12.27
43.62	12.272
43.63	12.273
43.64	12.275
43.65	12.276
43.66	12.277
43.67	12.279
43.68	12.28
43.69	12.281
43.7	12.283
43.71	12.284
43.72	12.285
43.73	12.287
43.74	12.288
43.75	12.289
43.76	12.291
43.77	12.292
43.78	12.293
43.79	12.294
43.8	12.296
43.81	12.297
43.82	12.298
43.83	12.299
43.84	12.3
43.85	12.301
43.86	12.303
43.87	12.304
43.88	12.305
43.89	12.306
43.9	12.307
43.91	12.308
43.92	12.309
43.93	12.31
43.94	12.311
43.95	12.312
43.96	12.313
43.97	12.314
43.98	12.315
43.99	12.316
44	12.317
44.01	12.318
44.02	12.319
44.03	12.319
44.04	12.32
44.05	12.321
44.06	12.322
44.07	12.323
44.08	12.324
44.09	12.324
44.1	12.325
44.11	12.326
44.12	12.327
44.13	12.327
44.14	12.328
44.15	12.329
44.16	12.33
44.17	12.33
44.18	12.331
44.19	12.332
44.2	12.333
44.21	12.333
44.22	12.334
44.23	12.335
44.24	12.335
44.25	12.336
44.26	12.337
44.27	12.337
44.28	12.338
44.29	12.338
44.3	12.339
44.31	12.34
44.32	12.34
44.33	12.341
44.34	12.341
44.35	12.342
44.36	12.343
44.37	12.343
44.38	12.344
44.39	12.344
44.4	12.345
44.41	12.346
44.42	12.346
44.43	12.347
44.44	12.347
44.45	12.348
44.46	12.348
44.47	12.349
44.48	12.349
44.49	12.35
44.5	12.351
44.51	12.351
44.52	12.352
44.53	12.352
44.54	12.353
44.55	12.353
44.56	12.354
44.57	12.354
44.58	12.355
44.59	12.355
44.6	12.356
44.61	12.356
44.62	12.357
44.63	12.357
44.64	12.358
44.65	12.358
44.66	12.358
44.67	12.359
44.68	12.359
44.69	12.36
44.7	12.36
44.71	12.361
44.72	12.361
44.73	12.362
44.74	12.362
44.75	12.362
44.76	12.363
44.77	12.363
44.78	12.364
44.79	12.364
44.8	12.364
44.81	12.365
44.82	12.365
44.83	12.366
44.84	12.366
44.85	12.366
44.86	12.367
44.87	12.367
44.88	12.368
44.89	12.368
44.9	12.368
44.91	12.369
44.92	12.369
44.93	12.369
44.94	12.37
44.95	12.37
44.96	12.37
44.97	12.37
44.98	12.371
44.99	12.371
45	12.371
45.01	12.371
