.01	9.87E-06
.02	.0000197
.03	.0000296
.04	.0000395
.05	.0000494
.06	.0000592
.07	.0000691
.08	.000079
.09	.0000889
.1	.0000988
.11	.0001087
.12	.0001186
.13	.0001285
.14	.0001384
.15	.0001483
.16	.0001582
.17	.0001681
.18	.000178
.19	.0001879
.2	.0001978
.21	.0002077
.22	.0002176
.23	.0002276
.24	.0002375
.25	.0002474
.26	.0002573
.27	.0002673
.28	.0002772
.29	.0002872
.3	.0002971
.31	.0003071
.32	.0003171
.33	.0003271
.34	.000337
.35	.000347
.36	.000357
.37	.000367
.38	.000377
.39	.000387
.4	.000397
.41	.0004071
.42	.0004171
.43	.0004271
.44	.0004372
.45	.0004472
.46	.0004573
.47	.0004674
.48	.0004775
.49	.0004875
.5	.0004976
.51	.0005077
.52	.0005179
.53	.000528
.54	.0005381
.55	.0005483
.56	.0005584
.57	.0005686
.58	.0005788
.59	.0005889
.6	.0005991
.61	.0006093
.62	.0006196
.63	.0006298
.64	.00064
.65	.0006503
.66	.0006605
.67	.0006708
.68	.0006811
.69	.0006914
.7	.0007017
.71	.000712
.72	.0007224
.73	.0007327
.74	.0007431
.75	.0007535
.76	.0007639
.77	.0007743
.78	.0007847
.79	.0007951
.8	.0008056
.81	.000816
.82	.0008265
.83	.000837
.84	.0008475
.85	.000858
.86	.0008686
.87	.0008791
.88	.0008897
.89	.0009003
.9	.0009109
.91	.0009215
.92	.0009322
.93	.0009428
.94	.0009535
.95	.0009642
.96	.0009749
.97	.0009856
.98	.0009964
.99	.0010071
1	.0010179
1.01	.0010287
1.02	.0010395
1.03	.0010504
1.04	.0010612
1.05	.0010721
1.06	.001083
1.07	.0010939
1.08	.0011049
1.09	.0011158
1.1	.0011268
1.11	.0011378
1.12	.0011488
1.13	.0011599
1.14	.0011709
1.15	.001182
1.16	.0011931
1.17	.0012043
1.18	.0012154
1.19	.0012266
1.2	.0012378
1.21	.001249
1.22	.0012603
1.23	.0012715
1.24	.0012829
1.25	.0012942
1.26	.0013055
1.27	.0013169
1.28	.0013283
1.29	.0013397
1.3	.0013512
1.31	.0013626
1.32	.0013741
1.33	.0013857
1.34	.0013972
1.35	.0014088
1.36	.0014204
1.37	.001432
1.38	.0014437
1.39	.0014554
1.4	.0014671
1.41	.0014788
1.42	.0014906
1.43	.0015024
1.44	.0015143
1.45	.0015261
1.46	.001538
1.47	.0015499
1.48	.0015619
1.49	.0015739
1.5	.0015859
1.51	.0015979
1.52	.00161
1.53	.0016221
1.54	.0016343
1.55	.0016464
1.56	.0016586
1.57	.0016709
1.58	.0016831
1.59	.0016955
1.6	.0017078
1.61	.0017202
1.62	.0017326
1.63	.001745
1.64	.0017575
1.65	.00177
1.66	.0017826
1.67	.0017951
1.68	.0018078
1.69	.0018204
1.7	.0018331
1.71	.0018458
1.72	.0018586
1.73	.0018714
1.74	.0018842
1.75	.0018971
1.76	.00191
1.77	.001923
1.78	.001936
1.79	.001949
1.8	.0019621
1.81	.0019752
1.82	.0019884
1.83	.0020016
1.84	.0020148
1.85	.0020281
1.86	.0020414
1.87	.0020548
1.88	.0020682
1.89	.0020817
1.9	.0020952
1.91	.0021087
1.92	.0021223
1.93	.0021359
1.94	.0021496
1.95	.0021633
1.96	.0021771
1.97	.0021909
1.98	.0022047
1.99	.0022186
2	.0022326
2.01	.0022466
2.02	.0022606
2.03	.0022747
2.04	.0022889
2.05	.002303
2.06	.0023173
2.07	.0023316
2.08	.0023459
2.09	.0023603
2.1	.0023748
2.11	.0023892
2.12	.0024038
2.13	.0024184
2.14	.002433
2.15	.0024477
2.16	.0024625
2.17	.0024773
2.18	.0024922
2.19	.0025071
2.2	.0025221
2.21	.0025371
2.22	.0025522
2.23	.0025673
2.24	.0025825
2.25	.0025978
2.26	.0026131
2.27	.0026285
2.28	.0026439
2.29	.0026594
2.3	.0026749
2.31	.0026906
2.32	.0027062
2.33	.002722
2.34	.0027378
2.35	.0027536
2.36	.0027695
2.37	.0027855
2.38	.0028016
2.39	.0028177
2.4	.0028339
2.41	.0028501
2.42	.0028664
2.43	.0028828
2.44	.0028992
2.45	.0029157
2.46	.0029323
2.47	.002949
2.48	.0029657
2.49	.0029824
2.5	.0029993
2.51	.0030162
2.52	.0030332
2.53	.0030503
2.54	.0030674
2.55	.0030846
2.56	.0031019
2.57	.0031193
2.58	.0031367
2.59	.0031542
2.6	.0031718
2.61	.0031895
2.62	.0032072
2.63	.003225
2.64	.0032429
2.65	.0032609
2.66	.003279
2.67	.0032971
2.68	.0033153
2.69	.0033336
2.7	.003352
2.71	.0033704
2.72	.003389
2.73	.0034076
2.74	.0034263
2.75	.0034451
2.76	.003464
2.77	.003483
2.78	.0035021
2.79	.0035212
2.8	.0035404
2.81	.0035598
2.82	.0035792
2.83	.0035987
2.84	.0036183
2.85	.003638
2.86	.0036578
2.87	.0036776
2.88	.0036976
2.89	.0037177
2.9	.0037379
2.91	.0037581
2.92	.0037785
2.93	.0037989
2.94	.0038195
2.95	.0038402
2.96	.0038609
2.97	.0038818
2.98	.0039028
2.99	.0039238
3	.003945
3.01	.0039663
3.02	.0039877
3.03	.0040092
3.04	.0040308
3.05	.0040525
3.06	.0040744
3.07	.0040963
3.08	.0041183
3.09	.0041405
3.1	.0041628
3.11	.0041852
3.12	.0042077
3.13	.0042303
3.14	.004253
3.15	.0042759
3.16	.0042989
3.17	.004322
3.18	.0043452
3.19	.0043685
3.2	.004392
3.21	.0044156
3.22	.0044393
3.23	.0044631
3.24	.0044871
3.25	.0045112
3.26	.0045354
3.27	.0045598
3.28	.0045843
3.29	.0046089
3.3	.0046337
3.31	.0046585
3.32	.0046836
3.33	.0047088
3.34	.0047341
3.35	.0047595
3.36	.0047851
3.37	.0048108
3.38	.0048367
3.39	.0048628
3.4	.0048889
3.41	.0049152
3.42	.0049417
3.43	.0049683
3.44	.0049951
3.45	.005022
3.46	.0050491
3.47	.0050763
3.48	.0051037
3.49	.0051312
3.5	.005159
3.51	.0051868
3.52	.0052149
3.53	.005243
3.54	.0052714
3.55	.0053
3.56	.0053286
3.57	.0053575
3.58	.0053866
3.59	.0054157
3.6	.0054452
3.61	.0054747
3.62	.0055044
3.63	.0055344
3.64	.0055645
3.65	.0055947
3.66	.0056252
3.67	.0056559
3.68	.0056867
3.69	.0057177
3.7	.005749
3.71	.0057804
3.72	.005812
3.73	.0058438
3.74	.0058758
3.75	.005908
3.76	.0059404
3.77	.005973
3.78	.0060058
3.79	.0060388
3.8	.0060721
3.81	.0061055
3.82	.0061392
3.83	.006173
3.84	.0062071
3.85	.0062414
3.86	.006276
3.87	.0063107
3.88	.0063457
3.89	.0063809
3.9	.0064163
3.91	.006452
3.92	.0064879
3.93	.006524
3.94	.0065604
3.95	.006597
3.96	.0066339
3.97	.0066709
3.98	.0067083
3.99	.0067459
4	.0067837
4.01	.0068219
4.02	.0068603
4.03	.0068988
4.04	.0069378
4.05	.0069769
4.06	.0070163
4.07	.007056
4.08	.007096
4.09	.0071362
4.1	.0071768
4.11	.0072176
4.12	.0072586
4.13	.0073
4.14	.0073417
4.15	.0073837
4.16	.0074259
4.17	.0074685
4.18	.0075113
4.19	.0075544
4.2	.0075979
4.21	.0076417
4.22	.0076857
4.23	.0077302
4.24	.0077749
4.25	.0078199
4.26	.0078654
4.27	.0079111
4.28	.0079571
4.29	.0080035
4.3	.0080502
4.31	.0080972
4.32	.0081446
4.33	.0081924
4.34	.0082405
4.35	.008289
4.36	.0083379
4.37	.008387
4.38	.0084366
4.39	.0084866
4.4	.0085369
4.41	.0085875
4.42	.0086387
4.43	.0086902
4.44	.008742
4.45	.0087943
4.46	.008847
4.47	.0089
4.48	.0089536
4.49	.0090075
4.5	.0090618
4.51	.0091165
4.52	.0091718
4.53	.0092273
4.54	.0092834
4.55	.0093399
4.56	.0093968
4.57	.0094542
4.58	.0095121
4.59	.0095704
4.6	.0096292
4.61	.0096885
4.62	.0097483
4.63	.0098084
4.64	.0098692
4.65	.0099304
4.66	.009992
4.67	.010054
4.68	.010117
4.69	.01018
4.7	.010244
4.71	.010308
4.72	.010373
4.73	.010438
4.74	.010504
4.75	.010571
4.76	.010638
4.77	.010705
4.78	.010773
4.79	.010842
4.8	.010912
4.81	.010982
4.82	.011052
4.83	.011123
4.84	.011195
4.85	.011267
4.86	.011341
4.87	.011414
4.88	.011488
4.89	.011564
4.9	.011639
4.91	.011715
4.92	.011792
4.93	.01187
4.94	.011949
4.95	.012028
4.96	.012107
4.97	.012188
4.98	.012269
4.99	.012351
5	.012434
5.01	.012518
5.02	.012602
5.03	.012688
5.04	.012774
5.05	.012861
5.06	.012949
5.07	.013039
5.08	.01313
5.09	.013222
5.1	.013316
5.11	.013412
5.12	.01351
5.13	.013609
5.14	.013711
5.15	.013816
5.16	.013923
5.17	.014033
5.18	.014145
5.19	.014261
5.2	.01438
5.21	.014502
5.22	.014628
5.23	.014757
5.24	.014891
5.25	.015029
5.26	.015172
5.27	.015321
5.28	.015474
5.29	.015632
5.3	.015795
5.31	.015962
5.32	.016132
5.33	.016304
5.34	.016477
5.35	.016649
5.36	.016819
5.37	.016987
5.38	.017151
5.39	.017312
5.4	.017468
5.41	.01762
5.42	.01777
5.43	.017919
5.44	.018067
5.45	.018219
5.46	.018375
5.47	.018539
5.48	.018712
5.49	.018899
5.5	.0191
5.51	.019318
5.52	.019556
5.53	.019815
5.54	.020096
5.55	.020399
5.56	.020726
5.57	.021075
5.58	.021444
5.59	.021831
5.6	.022234
5.61	.02265
5.62	.023075
5.63	.023505
5.64	.023938
5.65	.024372
5.66	.024803
5.67	.02523
5.68	.025652
5.69	.026068
5.7	.026478
5.71	.026883
5.72	.027283
5.73	.027679
5.74	.028075
5.75	.028471
5.76	.028868
5.77	.029272
5.78	.029683
5.79	.030105
5.8	.030541
5.81	.030994
5.82	.031468
5.83	.031966
5.84	.032493
5.85	.033049
5.86	.03364
5.87	.034269
5.88	.034936
5.89	.035643
5.9	.036394
5.91	.037186
5.92	.038017
5.93	.038888
5.94	.039791
5.95	.040721
5.96	.041671
5.97	.042631
5.98	.043591
5.99	.04454
6	.045467
6.01	.046359
6.02	.047208
6.03	.048006
6.04	.048746
6.05	.049424
6.06	.050043
6.07	.050604
6.08	.051115
6.09	.051588
6.1	.052036
6.11	.052471
6.12	.052914
6.13	.053376
6.14	.053873
6.15	.054419
6.16	.05502
6.17	.055682
6.18	.056409
6.19	.057199
6.2	.058047
6.21	.05895
6.22	.059902
6.23	.060896
6.24	.061928
6.25	.062995
6.26	.064092
6.27	.065219
6.28	.066376
6.29	.067561
6.3	.068773
6.31	.070012
6.32	.071272
6.33	.072547
6.34	.073834
6.35	.075122
6.36	.0764
6.37	.077664
6.38	.078903
6.39	.080111
6.4	.081286
6.41	.082431
6.42	.083548
6.43	.084649
6.44	.08575
6.45	.086866
6.46	.08802
6.47	.089235
6.48	.090531
6.49	.091929
6.5	.09345
6.51	.095105
6.52	.0969
6.53	.098846
6.54	.10093
6.55	.10314
6.56	.10548
6.57	.10792
6.58	.11044
6.59	.11301
6.6	.11562
6.61	.11823
6.62	.12084
6.63	.12342
6.64	.12597
6.65	.12848
6.66	.13097
6.67	.13343
6.68	.13589
6.69	.13837
6.7	.14089
6.71	.14347
6.72	.14616
6.73	.14895
6.74	.15189
6.75	.15498
6.76	.15824
6.77	.16167
6.78	.16527
6.79	.16905
6.8	.17298
6.81	.17708
6.82	.18132
6.83	.18569
6.84	.1902
6.85	.19483
6.86	.19957
6.87	.20443
6.88	.20943
6.89	.21454
6.9	.21979
6.91	.22519
6.92	.23072
6.93	.23638
6.94	.24216
6.95	.24804
6.96	.25397
6.97	.25995
6.98	.26593
6.99	.27186
7	.27775
7.01	.28357
7.02	.28931
7.03	.29502
7.04	.30072
7.05	.30646
7.06	.31229
7.07	.3183
7.08	.32453
7.09	.33104
7.1	.33789
7.11	.34509
7.12	.35267
7.13	.36063
7.14	.36891
7.15	.37748
7.16	.38632
7.17	.39531
7.18	.4044
7.19	.41356
7.2	.4227
7.21	.43178
7.22	.44083
7.23	.44982
7.24	.45878
7.25	.46777
7.26	.47685
7.27	.48608
7.28	.49554
7.29	.50531
7.3	.51541
7.31	.5259
7.32	.53683
7.33	.54815
7.34	.55986
7.35	.57199
7.36	.58446
7.37	.59723
7.38	.61036
7.39	.62376
7.4	.6374
7.41	.65135
7.42	.66555
7.43	.67995
7.44	.69461
7.45	.70947
7.46	.72447
7.47	.73962
7.48	.75491
7.49	.77022
7.5	.78558
7.51	.80102
7.52	.81644
7.53	.83187
7.54	.84741
7.55	.86295
7.56	.87851
7.57	.89428
7.58	.91009
7.59	.92595
7.6	.9421
7.61	.95835
7.62	.97472
7.63	.99145
7.64	1.0084
7.65	1.0258
7.66	1.0437
7.67	1.0622
7.68	1.0814
7.69	1.1014
7.7	1.1224
7.71	1.1444
7.72	1.1674
7.73	1.1916
7.74	1.2168
7.75	1.2429
7.76	1.2703
7.77	1.2985
7.78	1.3275
7.79	1.3576
7.8	1.3882
7.81	1.4195
7.82	1.4518
7.83	1.4847
7.84	1.5181
7.85	1.5525
7.86	1.5878
7.87	1.6236
7.88	1.6606
7.89	1.6987
7.9	1.7376
7.91	1.7777
7.92	1.8193
7.93	1.862
7.94	1.9061
7.95	1.9522
7.96	1.9995
7.97	2.0484
7.98	2.0996
7.99	2.1521
8	2.206
8.01	2.2621
8.02	2.3193
8.03	2.3775
8.04	2.4369
8.05	2.4967
8.06	2.5568
8.07	2.6168
8.08	2.6761
8.09	2.7345
8.1	2.7914
8.11	2.846
8.12	2.8986
8.13	2.9483
8.14	2.9938
8.15	3.0362
8.16	3.0746
8.17	3.1068
8.18	3.1351
8.19	3.1589
8.2	3.1749
8.21	3.1864
8.22	3.1935
8.23	3.1923
8.24	3.1867
8.25	3.1769
8.26	3.1603
8.27	3.1397
8.28	3.1158
8.29	3.0874
8.3	3.056
8.31	3.0226
8.32	2.9868
8.33	2.9495
8.34	2.9116
8.35	2.873
8.36	2.8344
8.37	2.7961
8.38	2.7582
8.39	2.7212
8.4	2.6851
8.41	2.6496
8.42	2.6159
8.43	2.583
8.44	2.5511
8.45	2.521
8.46	2.4921
8.47	2.4644
8.48	2.4388
8.49	2.4147
8.5	2.3921
8.51	2.3716
8.52	2.3531
8.53	2.3362
8.54	2.3212
8.55	2.308
8.56	2.2961
8.57	2.2855
8.58	2.2763
8.59	2.2676
8.6	2.2593
8.61	2.2517
8.62	2.244
8.63	2.2361
8.64	2.2283
8.65	2.2201
8.66	2.2114
8.67	2.2029
8.68	2.1943
8.69	2.1856
8.7	2.1774
8.71	2.1697
8.72	2.1626
8.73	2.1566
8.74	2.1517
8.75	2.1478
8.76	2.1453
8.77	2.1442
8.78	2.1441
8.79	2.1453
8.8	2.1475
8.81	2.1505
8.82	2.1539
8.83	2.1579
8.84	2.1618
8.85	2.1656
8.86	2.169
8.87	2.1719
8.88	2.174
8.89	2.1753
8.9	2.1758
8.91	2.1753
8.92	2.1741
8.93	2.1721
8.94	2.1693
8.95	2.1661
8.96	2.1625
8.97	2.1585
8.98	2.1544
8.99	2.1503
9	2.1463
9.01	2.1424
9.02	2.1389
9.03	2.1358
9.04	2.1331
9.05	2.1311
9.06	2.1298
9.07	2.1291
9.08	2.1292
9.09	2.1301
9.1	2.1317
9.11	2.1339
9.12	2.1366
9.13	2.1397
9.14	2.1431
9.15	2.1465
9.16	2.1498
9.17	2.1529
9.18	2.1557
9.19	2.158
9.2	2.1599
9.21	2.1611
9.22	2.1618
9.23	2.1619
9.24	2.1613
9.25	2.1601
9.26	2.1583
9.27	2.1558
9.28	2.1528
9.29	2.1493
9.3	2.1452
9.31	2.1408
9.32	2.136
9.33	2.1309
9.34	2.1257
9.35	2.1203
9.36	2.1151
9.37	2.1099
9.38	2.1049
9.39	2.1001
9.4	2.0956
9.41	2.0914
9.42	2.0875
9.43	2.0839
9.44	2.0805
9.45	2.0773
9.46	2.0743
9.47	2.0714
9.48	2.0685
9.49	2.0655
9.5	2.0625
9.51	2.0594
9.52	2.0561
9.53	2.0526
9.54	2.049
9.55	2.0452
9.56	2.0413
9.57	2.0373
9.58	2.0333
9.59	2.0291
9.6	2.025
9.61	2.0207
9.62	2.0164
9.63	2.0119
9.64	2.0072
9.65	2.0024
9.66	1.9973
9.67	1.992
9.68	1.9864
9.69	1.9806
9.7	1.9747
9.71	1.9686
9.72	1.9625
9.73	1.9564
9.74	1.9504
9.75	1.9446
9.76	1.9389
9.77	1.9333
9.78	1.9279
9.79	1.9225
9.8	1.9171
9.81	1.9117
9.82	1.9061
9.83	1.9003
9.84	1.8942
9.85	1.8877
9.86	1.881
9.87	1.874
9.88	1.8667
9.89	1.8592
9.9	1.8517
9.91	1.8443
9.92	1.837
9.93	1.8299
9.94	1.823
9.95	1.8166
9.96	1.8104
9.97	1.8047
9.98	1.7992
9.99	1.7941
10	1.7891
10.01	1.7843
10.02	1.7795
10.03	1.7748
10.04	1.7699
10.05	1.765
10.06	1.7599
10.07	1.7548
10.08	1.7495
10.09	1.7441
10.1	1.7387
10.11	1.7334
10.12	1.7281
10.13	1.7229
10.14	1.7178
10.15	1.7129
10.16	1.7082
10.17	1.7036
10.18	1.6992
10.19	1.6951
10.2	1.691
10.21	1.6871
10.22	1.6834
10.23	1.6797
10.24	1.6762
10.25	1.6728
10.26	1.6695
10.27	1.6664
10.28	1.6634
10.29	1.6605
10.3	1.6577
10.31	1.6551
10.32	1.6526
10.33	1.6502
10.34	1.6479
10.35	1.6457
10.36	1.6435
10.37	1.6414
10.38	1.6392
10.39	1.637
10.4	1.6348
10.41	1.6326
10.42	1.6303
10.43	1.628
10.44	1.6257
10.45	1.6234
10.46	1.6211
10.47	1.6189
10.48	1.6167
10.49	1.6146
10.5	1.6126
10.51	1.6108
10.52	1.6091
10.53	1.6075
10.54	1.606
10.55	1.6047
10.56	1.6036
10.57	1.6026
10.58	1.6018
10.59	1.601
10.6	1.6005
10.61	1.6
10.62	1.5996
10.63	1.5993
10.64	1.599
10.65	1.5988
10.66	1.5986
10.67	1.5986
10.68	1.5985
10.69	1.5986
10.7	1.5988
10.71	1.5991
10.72	1.5995
10.73	1.5999
10.74	1.6005
10.75	1.6012
10.76	1.6019
10.77	1.6027
10.78	1.6034
10.79	1.6041
10.8	1.6048
10.81	1.6054
10.82	1.606
10.83	1.6064
10.84	1.6068
10.85	1.607
10.86	1.6072
10.87	1.6072
10.88	1.6071
10.89	1.6068
10.9	1.6065
10.91	1.606
10.92	1.6054
10.93	1.6047
10.94	1.6039
10.95	1.6031
10.96	1.6024
10.97	1.6018
10.98	1.6014
10.99	1.6013
11	1.6014
11.01	1.6019
11.02	1.6027
11.03	1.604
11.04	1.6055
11.05	1.6073
11.06	1.6094
11.07	1.6116
11.08	1.6139
11.09	1.6161
11.1	1.6183
11.11	1.6204
11.12	1.6223
11.13	1.624
11.14	1.6255
11.15	1.627
11.16	1.6283
11.17	1.6295
11.18	1.6307
11.19	1.6319
11.2	1.6331
11.21	1.6344
11.22	1.6356
11.23	1.6369
11.24	1.6381
11.25	1.6394
11.26	1.6406
11.27	1.6419
11.28	1.643
11.29	1.6441
11.3	1.6452
11.31	1.6462
11.32	1.6471
11.33	1.648
11.34	1.6488
11.35	1.6495
11.36	1.6502
11.37	1.6509
11.38	1.6516
11.39	1.6523
11.4	1.6531
11.41	1.6541
11.42	1.6553
11.43	1.6566
11.44	1.6582
11.45	1.66
11.46	1.662
11.47	1.6642
11.48	1.6666
11.49	1.669
11.5	1.6714
11.51	1.6737
11.52	1.676
11.53	1.678
11.54	1.6798
11.55	1.6815
11.56	1.6828
11.57	1.684
11.58	1.685
11.59	1.6858
11.6	1.6865
11.61	1.6871
11.62	1.6876
11.63	1.6882
11.64	1.6887
11.65	1.6892
11.66	1.6897
11.67	1.6901
11.68	1.6905
11.69	1.6908
11.7	1.6909
11.71	1.6908
11.72	1.6906
11.73	1.6902
11.74	1.6896
11.75	1.6887
11.76	1.6877
11.77	1.6866
11.78	1.6853
11.79	1.684
11.8	1.6827
11.81	1.6814
11.82	1.6803
11.83	1.6793
11.84	1.6785
11.85	1.6779
11.86	1.6775
11.87	1.6773
11.88	1.6772
11.89	1.6773
11.9	1.6774
11.91	1.6775
11.92	1.6774
11.93	1.6772
11.94	1.6768
11.95	1.6762
11.96	1.6752
11.97	1.674
11.98	1.6725
11.99	1.6708
12	1.6689
12.01	1.6668
12.02	1.6647
12.03	1.6624
12.04	1.6602
12.05	1.658
12.06	1.6559
12.07	1.654
12.08	1.6522
12.09	1.6505
12.1	1.6491
12.11	1.6479
12.12	1.6468
12.13	1.646
12.14	1.6453
12.15	1.6447
12.16	1.6442
12.17	1.6438
12.18	1.6434
12.19	1.6431
12.2	1.6427
12.21	1.6424
12.22	1.642
12.23	1.6416
12.24	1.641
12.25	1.6403
12.26	1.6394
12.27	1.6383
12.28	1.637
12.29	1.6354
12.3	1.6336
12.31	1.6316
12.32	1.6294
12.33	1.6271
12.34	1.6248
12.35	1.6224
12.36	1.6201
12.37	1.6178
12.38	1.6157
12.39	1.6138
12.4	1.612
12.41	1.6104
12.42	1.609
12.43	1.6077
12.44	1.6066
12.45	1.6057
12.46	1.605
12.47	1.6044
12.48	1.6039
12.49	1.6036
12.5	1.6034
12.51	1.6032
12.52	1.6029
12.53	1.6026
12.54	1.6021
12.55	1.6013
12.56	1.6002
12.57	1.5988
12.58	1.5969
12.59	1.5946
12.6	1.592
12.61	1.5889
12.62	1.5857
12.63	1.5822
12.64	1.5786
12.65	1.575
12.66	1.5715
12.67	1.5681
12.68	1.565
12.69	1.5622
12.7	1.5598
12.71	1.5577
12.72	1.5561
12.73	1.5549
12.74	1.554
12.75	1.5536
12.76	1.5535
12.77	1.5537
12.78	1.5542
12.79	1.5549
12.8	1.5558
12.81	1.5569
12.82	1.558
12.83	1.5592
12.84	1.5602
12.85	1.5611
12.86	1.5618
12.87	1.5621
12.88	1.5621
12.89	1.5617
12.9	1.5608
12.91	1.5594
12.92	1.5576
12.93	1.5555
12.94	1.553
12.95	1.5503
12.96	1.5474
12.97	1.5445
12.98	1.5416
12.99	1.5388
13	1.5362
13.01	1.5338
13.02	1.5318
13.03	1.5301
13.04	1.5287
13.05	1.5278
13.06	1.5271
13.07	1.5269
13.08	1.5269
13.09	1.5272
13.1	1.5278
13.11	1.5285
13.12	1.5294
13.13	1.5302
13.14	1.531
13.15	1.5318
13.16	1.5323
13.17	1.5326
13.18	1.5327
13.19	1.5324
13.2	1.5318
13.21	1.531
13.22	1.5298
13.23	1.5284
13.24	1.5267
13.25	1.5249
13.26	1.5229
13.27	1.5209
13.28	1.5188
13.29	1.5168
13.3	1.5148
13.31	1.513
13.32	1.5113
13.33	1.5099
13.34	1.5086
13.35	1.5075
13.36	1.5065
13.37	1.5058
13.38	1.5052
13.39	1.5047
13.4	1.5042
13.41	1.5037
13.42	1.5032
13.43	1.5025
13.44	1.5017
13.45	1.5007
13.46	1.4994
13.47	1.498
13.48	1.4964
13.49	1.4946
13.5	1.4927
13.51	1.4908
13.52	1.4889
13.53	1.4872
13.54	1.4856
13.55	1.4842
13.56	1.4832
13.57	1.4825
13.58	1.4822
13.59	1.4821
13.6	1.4824
13.61	1.4829
13.62	1.4837
13.63	1.4846
13.64	1.4857
13.65	1.4868
13.66	1.4879
13.67	1.4891
13.68	1.4902
13.69	1.4912
13.7	1.4922
13.71	1.4932
13.72	1.4941
13.73	1.4949
13.74	1.4957
13.75	1.4965
13.76	1.4974
13.77	1.4982
13.78	1.499
13.79	1.4999
13.8	1.5007
13.81	1.5016
13.82	1.5023
13.83	1.5029
13.84	1.5034
13.85	1.5037
13.86	1.5037
13.87	1.5035
13.88	1.5029
13.89	1.5019
13.9	1.5006
13.91	1.4989
13.92	1.4968
13.93	1.4945
13.94	1.4918
13.95	1.489
13.96	1.4861
13.97	1.4832
13.98	1.4805
13.99	1.478
14	1.4759
14.01	1.4743
14.02	1.4732
14.03	1.4729
14.04	1.4732
14.05	1.4743
14.06	1.4762
14.07	1.4788
14.08	1.482
14.09	1.4859
14.1	1.4902
14.11	1.495
14.12	1.5001
14.13	1.5055
14.14	1.5109
14.15	1.5165
14.16	1.522
14.17	1.5274
14.18	1.5327
14.19	1.5379
14.2	1.543
14.21	1.5478
14.22	1.5525
14.23	1.557
14.24	1.5614
14.25	1.5655
14.26	1.5695
14.27	1.5733
14.28	1.577
14.29	1.5806
14.3	1.5841
14.31	1.5875
14.32	1.5909
14.33	1.5943
14.34	1.5977
14.35	1.6013
14.36	1.6049
14.37	1.6086
14.38	1.6126
14.39	1.6167
14.4	1.621
14.41	1.6255
14.42	1.6303
14.43	1.6352
14.44	1.6404
14.45	1.6459
14.46	1.6515
14.47	1.6573
14.48	1.6632
14.49	1.6693
14.5	1.6753
14.51	1.6813
14.52	1.6871
14.53	1.6926
14.54	1.6978
14.55	1.7025
14.56	1.7067
14.57	1.7103
14.58	1.7132
14.59	1.7154
14.6	1.7171
14.61	1.7181
14.62	1.7187
14.63	1.7188
14.64	1.7186
14.65	1.7182
14.66	1.7178
14.67	1.7174
14.68	1.7171
14.69	1.717
14.7	1.7171
14.71	1.7175
14.72	1.7181
14.73	1.719
14.74	1.7202
14.75	1.7216
14.76	1.7231
14.77	1.7247
14.78	1.7264
14.79	1.7281
14.8	1.7298
14.81	1.7313
14.82	1.7328
14.83	1.7341
14.84	1.7351
14.85	1.736
14.86	1.7366
14.87	1.7369
14.88	1.737
14.89	1.7368
14.9	1.7364
14.91	1.7356
14.92	1.7347
14.93	1.7335
14.94	1.7321
14.95	1.7305
14.96	1.7288
14.97	1.7269
14.98	1.725
14.99	1.723
15	1.7211
15.01	1.7193
15.02	1.7176
15.03	1.7162
15.04	1.7149
15.05	1.7139
15.06	1.7132
15.07	1.7127
15.08	1.7124
15.09	1.7123
15.1	1.7123
15.11	1.7123
15.12	1.7122
15.13	1.7121
15.14	1.7117
15.15	1.7112
15.16	1.7104
15.17	1.7093
15.18	1.708
15.19	1.7066
15.2	1.705
15.21	1.7033
15.22	1.7017
15.23	1.7001
15.24	1.6986
15.25	1.6972
15.26	1.6959
15.27	1.6948
15.28	1.6937
15.29	1.6927
15.3	1.6916
15.31	1.6905
15.32	1.6892
15.33	1.6877
15.34	1.686
15.35	1.684
15.36	1.6818
15.37	1.6793
15.38	1.6767
15.39	1.6738
15.4	1.6707
15.41	1.6676
15.42	1.6643
15.43	1.661
15.44	1.6577
15.45	1.6543
15.46	1.6509
15.47	1.6475
15.48	1.6441
15.49	1.6408
15.5	1.6375
15.51	1.6342
15.52	1.6311
15.53	1.628
15.54	1.6251
15.55	1.6223
15.56	1.6196
15.57	1.6172
15.58	1.6149
15.59	1.6128
15.6	1.611
15.61	1.6092
15.62	1.6077
15.63	1.6062
15.64	1.6048
15.65	1.6035
15.66	1.6023
15.67	1.601
15.68	1.5998
15.69	1.5985
15.7	1.5972
15.71	1.5958
15.72	1.5943
15.73	1.5928
15.74	1.5912
15.75	1.5895
15.76	1.5878
15.77	1.5859
15.78	1.584
15.79	1.582
15.8	1.58
15.81	1.5779
15.82	1.5757
15.83	1.5735
15.84	1.5713
15.85	1.569
15.86	1.5667
15.87	1.5643
15.88	1.562
15.89	1.5596
15.9	1.5572
15.91	1.555
15.92	1.5528
15.93	1.5507
15.94	1.5488
15.95	1.5472
15.96	1.5458
15.97	1.5447
15.98	1.5438
15.99	1.5432
16	1.5429
16.01	1.5427
16.02	1.5426
16.03	1.5425
16.04	1.5424
16.05	1.5422
16.06	1.5419
16.07	1.5413
16.08	1.5405
16.09	1.5394
16.1	1.538
16.11	1.5365
16.12	1.5346
16.13	1.5326
16.14	1.5304
16.15	1.5281
16.16	1.5257
16.17	1.5231
16.18	1.5205
16.19	1.5179
16.2	1.5152
16.21	1.5125
16.22	1.5098
16.23	1.5072
16.24	1.5047
16.25	1.5024
16.26	1.5002
16.27	1.4982
16.28	1.4964
16.29	1.4948
16.3	1.4935
16.31	1.4924
16.32	1.4915
16.33	1.4908
16.34	1.4902
16.35	1.4897
16.36	1.4893
16.37	1.4889
16.38	1.4885
16.39	1.4881
16.4	1.4877
16.41	1.4872
16.42	1.4867
16.43	1.4861
16.44	1.4855
16.45	1.4847
16.46	1.484
16.47	1.4831
16.48	1.4821
16.49	1.4811
16.5	1.4799
16.51	1.4786
16.52	1.4773
16.53	1.4759
16.54	1.4745
16.55	1.4732
16.56	1.4719
16.57	1.4707
16.58	1.4696
16.59	1.4688
16.6	1.4681
16.61	1.4677
16.62	1.4674
16.63	1.4674
16.64	1.4675
16.65	1.4678
16.66	1.4682
16.67	1.4685
16.68	1.4689
16.69	1.4691
16.7	1.4691
16.71	1.469
16.72	1.4686
16.73	1.4679
16.74	1.4669
16.75	1.4657
16.76	1.4641
16.77	1.4624
16.78	1.4605
16.79	1.4585
16.8	1.4566
16.81	1.4546
16.82	1.4529
16.83	1.4513
16.84	1.45
16.85	1.449
16.86	1.4483
16.87	1.4479
16.88	1.4478
16.89	1.4479
16.9	1.4482
16.91	1.4486
16.92	1.449
16.93	1.4494
16.94	1.4497
16.95	1.4499
16.96	1.4499
16.97	1.4497
16.98	1.4493
16.99	1.4488
17	1.4481
17.01	1.4473
17.02	1.4464
17.03	1.4454
17.04	1.4444
17.05	1.4435
17.06	1.4425
17.07	1.4416
17.08	1.4408
17.09	1.44
17.1	1.4393
17.11	1.4386
17.12	1.438
17.13	1.4375
17.14	1.437
17.15	1.4365
17.16	1.4361
17.17	1.4357
17.18	1.4353
17.19	1.435
17.2	1.4346
17.21	1.4341
17.22	1.4336
17.23	1.433
17.24	1.4323
17.25	1.4315
17.26	1.4305
17.27	1.4295
17.28	1.4283
17.29	1.427
17.3	1.4257
17.31	1.4242
17.32	1.4227
17.33	1.4212
17.34	1.4195
17.35	1.4178
17.36	1.4161
17.37	1.4142
17.38	1.4122
17.39	1.4102
17.4	1.408
17.41	1.4058
17.42	1.4035
17.43	1.4013
17.44	1.3991
17.45	1.3969
17.46	1.3949
17.47	1.393
17.48	1.3913
17.49	1.3898
17.5	1.3886
17.51	1.3875
17.52	1.3866
17.53	1.3859
17.54	1.3853
17.55	1.3849
17.56	1.3845
17.57	1.3843
17.58	1.384
17.59	1.3838
17.6	1.3837
17.61	1.3835
17.62	1.3832
17.63	1.383
17.64	1.3826
17.65	1.3823
17.66	1.3819
17.67	1.3814
17.68	1.381
17.69	1.3806
17.7	1.3803
17.71	1.38
17.72	1.3798
17.73	1.3798
17.74	1.3799
17.75	1.3801
17.76	1.3805
17.77	1.381
17.78	1.3816
17.79	1.3822
17.8	1.3828
17.81	1.3834
17.82	1.3839
17.83	1.3842
17.84	1.3844
17.85	1.3844
17.86	1.3842
17.87	1.3838
17.88	1.3832
17.89	1.3825
17.9	1.3817
17.91	1.3808
17.92	1.38
17.93	1.3791
17.94	1.3784
17.95	1.3777
17.96	1.3771
17.97	1.3767
17.98	1.3763
17.99	1.3759
18	1.3756
18.01	1.3752
18.02	1.3747
18.03	1.3741
18.04	1.3734
18.05	1.3726
18.06	1.3717
18.07	1.3707
18.08	1.3697
18.09	1.3686
18.1	1.3676
18.11	1.3667
18.12	1.3658
18.13	1.365
18.14	1.3643
18.15	1.3636
18.16	1.3629
18.17	1.3621
18.18	1.3613
18.19	1.3605
18.2	1.3595
18.21	1.3584
18.22	1.3572
18.23	1.3559
18.24	1.3545
18.25	1.3532
18.26	1.3518
18.27	1.3506
18.28	1.3496
18.29	1.3488
18.3	1.3482
18.31	1.3478
18.32	1.3477
18.33	1.3478
18.34	1.3481
18.35	1.3486
18.36	1.3491
18.37	1.3497
18.38	1.3502
18.39	1.3506
18.4	1.3508
18.41	1.3507
18.42	1.3504
18.43	1.3497
18.44	1.3487
18.45	1.3473
18.46	1.3455
18.47	1.3433
18.48	1.3408
18.49	1.3379
18.5	1.3348
18.51	1.3315
18.52	1.328
18.53	1.3244
18.54	1.3208
18.55	1.3171
18.56	1.3135
18.57	1.3101
18.58	1.3067
18.59	1.3035
18.6	1.3004
18.61	1.2974
18.62	1.2946
18.63	1.2919
18.64	1.2893
18.65	1.2867
18.66	1.2841
18.67	1.2815
18.68	1.2788
18.69	1.2759
18.7	1.2729
18.71	1.2698
18.72	1.2664
18.73	1.2628
18.74	1.2591
18.75	1.2553
18.76	1.2513
18.77	1.2474
18.78	1.2434
18.79	1.2395
18.8	1.2357
18.81	1.232
18.82	1.2285
18.83	1.2252
18.84	1.222
18.85	1.2191
18.86	1.2163
18.87	1.2136
18.88	1.2111
18.89	1.2087
18.9	1.2065
18.91	1.2044
18.92	1.2024
18.93	1.2006
18.94	1.1989
18.95	1.1973
18.96	1.196
18.97	1.1947
18.98	1.1936
18.99	1.1926
19	1.1917
19.01	1.1908
19.02	1.1899
19.03	1.1889
19.04	1.1879
19.05	1.1867
19.06	1.1855
19.07	1.1841
19.08	1.1827
19.09	1.1813
19.1	1.1798
19.11	1.1783
19.12	1.1769
19.13	1.1755
19.14	1.1741
19.15	1.1728
19.16	1.1715
19.17	1.1701
19.18	1.1687
19.19	1.1673
19.2	1.1657
19.21	1.1641
19.22	1.1623
19.23	1.1605
19.24	1.1585
19.25	1.1566
19.26	1.1546
19.27	1.1525
19.28	1.1505
19.29	1.1485
19.3	1.1466
19.31	1.1447
19.32	1.1428
19.33	1.1409
19.34	1.1391
19.35	1.1372
19.36	1.1354
19.37	1.1335
19.38	1.1317
19.39	1.1298
19.4	1.1279
19.41	1.126
19.42	1.1241
19.43	1.1223
19.44	1.1204
19.45	1.1186
19.46	1.1168
19.47	1.1151
19.48	1.1134
19.49	1.1118
19.5	1.1103
19.51	1.1089
19.52	1.1075
19.53	1.1062
19.54	1.105
19.55	1.1039
19.56	1.1027
19.57	1.1017
19.58	1.1006
19.59	1.0996
19.6	1.0985
19.61	1.0973
19.62	1.0961
19.63	1.0948
19.64	1.0934
19.65	1.0918
19.66	1.0901
19.67	1.0884
19.68	1.0865
19.69	1.0845
19.7	1.0824
19.71	1.0803
19.72	1.0782
19.73	1.0762
19.74	1.0742
19.75	1.0724
19.76	1.0707
19.77	1.0691
19.78	1.0678
19.79	1.0665
19.8	1.0654
19.81	1.0645
19.82	1.0636
19.83	1.0628
19.84	1.062
19.85	1.0613
19.86	1.0605
19.87	1.0598
19.88	1.059
19.89	1.0582
19.9	1.0575
19.91	1.0567
19.92	1.0559
19.93	1.0552
19.94	1.0545
19.95	1.0539
19.96	1.0533
19.97	1.0528
19.98	1.0524
19.99	1.052
20	1.0517
20.01	1.0514
20.02	1.0512
20.03	1.051
20.04	1.0507
20.05	1.0504
20.06	1.05
20.07	1.0495
20.08	1.0488
20.09	1.048
20.1	1.047
20.11	1.046
20.12	1.0447
20.13	1.0434
20.14	1.0421
20.15	1.0407
20.16	1.0393
20.17	1.038
20.18	1.0368
20.19	1.0357
20.2	1.0346
20.21	1.0337
20.22	1.0329
20.23	1.0323
20.24	1.0317
20.25	1.0312
20.26	1.0308
20.27	1.0304
20.28	1.0301
20.29	1.0298
20.3	1.0295
20.31	1.0293
20.32	1.0291
20.33	1.0289
20.34	1.0287
20.35	1.0285
20.36	1.0282
20.37	1.0279
20.38	1.0276
20.39	1.0271
20.4	1.0266
20.41	1.0259
20.42	1.0251
20.43	1.0242
20.44	1.0232
20.45	1.022
20.46	1.0208
20.47	1.0195
20.48	1.0182
20.49	1.0168
20.5	1.0155
20.51	1.0143
20.52	1.0132
20.53	1.0121
20.54	1.0112
20.55	1.0103
20.56	1.0096
20.57	1.009
20.58	1.0084
20.59	1.0078
20.6	1.0072
20.61	1.0066
20.62	1.0059
20.63	1.0051
20.64	1.0042
20.65	1.0032
20.66	1.0021
20.67	1.001
20.68	.9998
20.69	.99857
20.7	.99736
20.71	.99618
20.72	.99506
20.73	.99401
20.74	.99304
20.75	.99215
20.76	.99135
20.77	.99062
20.78	.98998
20.79	.9894
20.8	.98891
20.81	.98849
20.82	.98814
20.83	.98789
20.84	.98772
20.85	.98763
20.86	.98764
20.87	.98773
20.88	.9879
20.89	.98812
20.9	.98838
20.91	.98866
20.92	.98895
20.93	.9892
20.94	.98942
20.95	.98959
20.96	.9897
20.97	.98974
20.98	.98971
20.99	.98963
21	.9895
21.01	.98933
21.02	.98914
21.03	.98893
21.04	.98871
21.05	.98851
21.06	.98833
21.07	.98816
21.08	.98802
21.09	.9879
21.1	.98779
21.11	.98769
21.12	.98759
21.13	.98746
21.14	.98729
21.15	.98707
21.16	.98679
21.17	.98644
21.18	.98602
21.19	.98553
21.2	.98499
21.21	.9844
21.22	.98379
21.23	.9832
21.24	.98263
21.25	.98212
21.26	.9817
21.27	.98138
21.28	.98118
21.29	.98112
21.3	.98121
21.31	.98144
21.32	.98183
21.33	.98237
21.34	.98305
21.35	.98387
21.36	.98479
21.37	.98581
21.38	.98689
21.39	.98799
21.4	.98908
21.41	.99011
21.42	.99103
21.43	.9918
21.44	.99239
21.45	.99275
21.46	.99286
21.47	.99272
21.48	.99231
21.49	.99165
21.5	.99075
21.51	.98965
21.52	.98838
21.53	.98699
21.54	.98552
21.55	.98403
21.56	.98256
21.57	.98116
21.58	.97988
21.59	.97876
21.6	.97784
21.61	.97715
21.62	.97671
21.63	.97653
21.64	.97661
21.65	.97695
21.66	.97751
21.67	.97827
21.68	.97917
21.69	.98016
21.7	.98118
21.71	.98217
21.72	.98308
21.73	.98386
21.74	.9845
21.75	.98497
21.76	.98526
21.77	.98541
21.78	.98544
21.79	.98538
21.8	.98527
21.81	.98515
21.82	.98505
21.83	.985
21.84	.98501
21.85	.98508
21.86	.98518
21.87	.98532
21.88	.98544
21.89	.98554
21.9	.98559
21.91	.98556
21.92	.98545
21.93	.98527
21.94	.98502
21.95	.98474
21.96	.98443
21.97	.98415
21.98	.98391
21.99	.98374
22	.98365
22.01	.98365
22.02	.98372
22.03	.98384
22.04	.984
22.05	.98414
22.06	.98423
22.07	.98424
22.08	.98412
22.09	.98386
22.1	.98344
22.11	.98284
22.12	.98208
22.13	.98116
22.14	.98011
22.15	.97897
22.16	.97776
22.17	.97652
22.18	.97529
22.19	.97409
22.2	.97296
22.21	.97191
22.22	.97096
22.23	.97013
22.24	.96942
22.25	.96883
22.26	.96836
22.27	.96803
22.28	.96781
22.29	.96771
22.3	.96772
22.31	.96783
22.32	.96803
22.33	.9683
22.34	.96862
22.35	.96898
22.36	.96934
22.37	.96969
22.38	.97
22.39	.97027
22.4	.97048
22.41	.97062
22.42	.97068
22.43	.97066
22.44	.97057
22.45	.9704
22.46	.97016
22.47	.96986
22.48	.96951
22.49	.9691
22.5	.96865
22.51	.96817
22.52	.96765
22.53	.9671
22.54	.96653
22.55	.96595
22.56	.96535
22.57	.96476
22.58	.96418
22.59	.96361
22.6	.96309
22.61	.96262
22.62	.96222
22.63	.9619
22.64	.96169
22.65	.96161
22.66	.96165
22.67	.96184
22.68	.96218
22.69	.96265
22.7	.96326
22.71	.964
22.72	.96483
22.73	.96574
22.74	.96671
22.75	.96771
22.76	.96871
22.77	.96969
22.78	.97063
22.79	.97151
22.8	.97232
22.81	.97306
22.82	.97371
22.83	.9743
22.84	.97482
22.85	.97529
22.86	.97573
22.87	.97615
22.88	.97655
22.89	.97696
22.9	.97737
22.91	.97778
22.92	.97818
22.93	.97857
22.94	.97892
22.95	.97921
22.96	.97944
22.97	.97958
22.98	.97961
22.99	.97953
23	.97933
23.01	.97901
23.02	.97856
23.03	.97801
23.04	.97735
23.05	.97659
23.06	.97575
23.07	.97483
23.08	.97384
23.09	.97279
23.1	.97167
23.11	.9705
23.12	.96927
23.13	.96799
23.14	.96666
23.15	.9653
23.16	.96393
23.17	.96256
23.18	.96122
23.19	.95996
23.2	.95881
23.21	.95781
23.22	.957
23.23	.95641
23.24	.95608
23.25	.95601
23.26	.95622
23.27	.9567
23.28	.95741
23.29	.95832
23.3	.95939
23.31	.96056
23.32	.96176
23.33	.96294
23.34	.96404
23.35	.965
23.36	.96579
23.37	.96639
23.38	.96678
23.39	.96696
23.4	.96696
23.41	.96678
23.42	.96646
23.43	.96603
23.44	.96552
23.45	.96496
23.46	.96437
23.47	.96376
23.48	.96316
23.49	.96256
23.5	.96198
23.51	.96141
23.52	.96086
23.53	.96033
23.54	.95983
23.55	.95935
23.56	.95892
23.57	.95854
23.58	.95823
23.59	.95801
23.6	.95789
23.61	.95789
23.62	.95802
23.63	.95828
23.64	.95868
23.65	.95919
23.66	.95981
23.67	.9605
23.68	.96124
23.69	.96198
23.7	.96268
23.71	.9633
23.72	.96379
23.73	.96412
23.74	.96427
23.75	.9642
23.76	.96393
23.77	.96346
23.78	.96281
23.79	.96202
23.8	.96112
23.81	.96017
23.82	.9592
23.83	.95828
23.84	.95742
23.85	.95668
23.86	.95606
23.87	.9556
23.88	.95528
23.89	.9551
23.9	.95507
23.91	.95516
23.92	.95536
23.93	.95566
23.94	.95603
23.95	.95646
23.96	.95694
23.97	.95744
23.98	.95795
23.99	.95846
24	.95894
24.01	.95938
24.02	.95976
24.03	.96006
24.04	.96028
24.05	.9604
24.06	.96043
24.07	.96036
24.08	.9602
24.09	.95997
24.1	.95968
24.11	.95935
24.12	.959
24.13	.95864
24.14	.9583
24.15	.95798
24.16	.95771
24.17	.95749
24.18	.95731
24.19	.95719
24.2	.95712
24.21	.9571
24.22	.95711
24.23	.95714
24.24	.95721
24.25	.95729
24.26	.95738
24.27	.95749
24.28	.95762
24.29	.95776
24.3	.95793
24.31	.95813
24.32	.95838
24.33	.95869
24.34	.95907
24.35	.95956
24.36	.96015
24.37	.96086
24.38	.96169
24.39	.96265
24.4	.96374
24.41	.96492
24.42	.96619
24.43	.96752
24.44	.96888
24.45	.97024
24.46	.97158
24.47	.97288
24.48	.97413
24.49	.97531
24.5	.97642
24.51	.97747
24.52	.97847
24.53	.97942
24.54	.98032
24.55	.98118
24.56	.98201
24.57	.98279
24.58	.98352
24.59	.9842
24.6	.9848
24.61	.98531
24.62	.98572
24.63	.98603
24.64	.98621
24.65	.98628
24.66	.98623
24.67	.98607
24.68	.98581
24.69	.98546
24.7	.98504
24.71	.98456
24.72	.98404
24.73	.98351
24.74	.98297
24.75	.98244
24.76	.98195
24.77	.9815
24.78	.98112
24.79	.98083
24.8	.98063
24.81	.98056
24.82	.98063
24.83	.98084
24.84	.98121
24.85	.98173
24.86	.9824
24.87	.9832
24.88	.9841
24.89	.98507
24.9	.98606
24.91	.98702
24.92	.98792
24.93	.9887
24.94	.98934
24.95	.9898
24.96	.99007
24.97	.99015
24.98	.99005
24.99	.98979
25	.9894
25.01	.98891
25.02	.98835
25.03	.98776
25.04	.98716
25.05	.98657
25.06	.98603
25.07	.98554
25.08	.98511
25.09	.98475
25.1	.98447
25.11	.98428
25.12	.98417
25.13	.98415
25.14	.98422
25.15	.98439
25.16	.98465
25.17	.98501
25.18	.98546
25.19	.98601
25.2	.98664
25.21	.98736
25.22	.98816
25.23	.98905
25.24	.99
25.25	.99103
25.26	.99213
25.27	.99329
25.28	.99451
25.29	.99577
25.3	.99707
25.31	.99839
25.32	.99972
25.33	1.001
25.34	1.0023
25.35	1.0035
25.36	1.0047
25.37	1.0058
25.38	1.0068
25.39	1.0077
25.4	1.0085
25.41	1.0092
25.42	1.0099
25.43	1.0105
25.44	1.011
25.45	1.0116
25.46	1.0123
25.47	1.013
25.48	1.0138
25.49	1.0148
25.5	1.0159
25.51	1.017
25.52	1.0183
25.53	1.0197
25.54	1.021
25.55	1.0223
25.56	1.0234
25.57	1.0245
25.58	1.0253
25.59	1.026
25.6	1.0264
25.61	1.0267
25.62	1.0267
25.63	1.0266
25.64	1.0264
25.65	1.0261
25.66	1.0258
25.67	1.0255
25.68	1.0253
25.69	1.0252
25.7	1.0251
25.71	1.0253
25.72	1.0255
25.73	1.0259
25.74	1.0265
25.75	1.0272
25.76	1.0281
25.77	1.029
25.78	1.0301
25.79	1.0312
25.8	1.0322
25.81	1.0333
25.82	1.0343
25.83	1.0352
25.84	1.0361
25.85	1.0368
25.86	1.0373
25.87	1.0378
25.88	1.0381
25.89	1.0382
25.9	1.0383
25.91	1.0382
25.92	1.0382
25.93	1.038
25.94	1.0379
25.95	1.0379
25.96	1.0378
25.97	1.0379
25.98	1.0381
25.99	1.0383
26	1.0387
26.01	1.0391
26.02	1.0397
26.03	1.0403
26.04	1.041
26.05	1.0418
26.06	1.0426
26.07	1.0434
26.08	1.0443
26.09	1.0452
26.1	1.0461
26.11	1.047
26.12	1.0479
26.13	1.0488
26.14	1.0497
26.15	1.0506
26.16	1.0515
26.17	1.0524
26.18	1.0534
26.19	1.0543
26.2	1.0553
26.21	1.0562
26.22	1.0572
26.23	1.0581
26.24	1.0589
26.25	1.0597
26.26	1.0604
26.27	1.061
26.28	1.0615
26.29	1.0619
26.3	1.0622
26.31	1.0623
26.32	1.0624
26.33	1.0623
26.34	1.0622
26.35	1.062
26.36	1.0618
26.37	1.0615
26.38	1.0613
26.39	1.061
26.4	1.0607
26.41	1.0603
26.42	1.0599
26.43	1.0595
26.44	1.0589
26.45	1.0583
26.46	1.0575
26.47	1.0566
26.48	1.0556
26.49	1.0545
26.5	1.0533
26.51	1.052
26.52	1.0506
26.53	1.0492
26.54	1.0477
26.55	1.0462
26.56	1.0446
26.57	1.0429
26.58	1.0412
26.59	1.0394
26.6	1.0375
26.61	1.0355
26.62	1.0335
26.63	1.0313
26.64	1.029
26.65	1.0267
26.66	1.0242
26.67	1.0217
26.68	1.0191
26.69	1.0165
26.7	1.0139
26.71	1.0112
26.72	1.0086
26.73	1.006
26.74	1.0034
26.75	1.0008
26.76	.99841
26.77	.99597
26.78	.99357
26.79	.9912
26.8	.98884
26.81	.9865
26.82	.98416
26.83	.98181
26.84	.97944
26.85	.97706
26.86	.97465
26.87	.97221
26.88	.96975
26.89	.96725
26.9	.96472
26.91	.96214
26.92	.95951
26.93	.95683
26.94	.95409
26.95	.9513
26.96	.94844
26.97	.94554
26.98	.94261
26.99	.93968
27	.93676
27.01	.9339
27.02	.93111
27.03	.92844
27.04	.92589
27.05	.9235
27.06	.92127
27.07	.9192
27.08	.91728
27.09	.91549
27.1	.91382
27.11	.91224
27.12	.91074
27.13	.90928
27.14	.90786
27.15	.90646
27.16	.90507
27.17	.90368
27.18	.9023
27.19	.90091
27.2	.89951
27.21	.8981
27.22	.89666
27.23	.89517
27.24	.89364
27.25	.89203
27.26	.89034
27.27	.88856
27.28	.88668
27.29	.8847
27.3	.88262
27.31	.88044
27.32	.87819
27.33	.87587
27.34	.87349
27.35	.87106
27.36	.8686
27.37	.8661
27.38	.86356
27.39	.86098
27.4	.85836
27.41	.85569
27.42	.85299
27.43	.85024
27.44	.84748
27.45	.84471
27.46	.84196
27.47	.83926
27.48	.83663
27.49	.8341
27.5	.8317
27.51	.82945
27.52	.82735
27.53	.82544
27.54	.82371
27.55	.82216
27.56	.82079
27.57	.81959
27.58	.81854
27.59	.81763
27.6	.81682
27.61	.81608
27.62	.81539
27.63	.8147
27.64	.81398
27.65	.8132
27.66	.81233
27.67	.81134
27.68	.81024
27.69	.80901
27.7	.80766
27.71	.80622
27.72	.80469
27.73	.8031
27.74	.80149
27.75	.79987
27.76	.79826
27.77	.79668
27.78	.79513
27.79	.79362
27.8	.79212
27.81	.79063
27.82	.78913
27.83	.78759
27.84	.78598
27.85	.78429
27.86	.7825
27.87	.78059
27.88	.77856
27.89	.7764
27.9	.77411
27.91	.7717
27.92	.76918
27.93	.76656
27.94	.76386
27.95	.76108
27.96	.75824
27.97	.75534
27.98	.7524
27.99	.74943
28	.74643
28.01	.74342
28.02	.7404
28.03	.7374
28.04	.73443
28.05	.7315
28.06	.72863
28.07	.72585
28.08	.72315
28.09	.72056
28.1	.71807
28.11	.71569
28.12	.71341
28.13	.71122
28.14	.70912
28.15	.70708
28.16	.70509
28.17	.70314
28.18	.70121
28.19	.69929
28.2	.69737
28.21	.69544
28.22	.6935
28.23	.69154
28.24	.68957
28.25	.6876
28.26	.68562
28.27	.68365
28.28	.68169
28.29	.67975
28.3	.67784
28.31	.67596
28.32	.67411
28.33	.67228
28.34	.67046
28.35	.66864
28.36	.66679
28.37	.66492
28.38	.663
28.39	.66102
28.4	.65897
28.41	.65684
28.42	.65465
28.43	.65238
28.44	.65005
28.45	.64767
28.46	.64524
28.47	.64278
28.48	.6403
28.49	.63781
28.5	.63532
28.51	.63283
28.52	.63035
28.53	.62789
28.54	.62544
28.55	.62302
28.56	.62063
28.57	.61828
28.58	.61596
28.59	.61368
28.6	.61146
28.61	.6093
28.62	.6072
28.63	.60517
28.64	.60322
28.65	.60135
28.66	.59956
28.67	.59784
28.68	.59619
28.69	.5946
28.7	.59305
28.71	.59153
28.72	.59002
28.73	.5885
28.74	.58697
28.75	.58539
28.76	.58376
28.77	.58208
28.78	.58034
28.79	.57855
28.8	.5767
28.81	.57483
28.82	.57293
28.83	.57105
28.84	.56919
28.85	.56739
28.86	.56565
28.87	.56399
28.88	.56242
28.89	.56092
28.9	.5595
28.91	.55813
28.92	.55678
28.93	.55544
28.94	.55406
28.95	.55262
28.96	.5511
28.97	.54949
28.98	.54777
28.99	.54594
29	.54402
29.01	.54202
29.02	.53996
29.03	.53786
29.04	.53575
29.05	.53365
29.06	.53159
29.07	.52959
29.08	.52766
29.09	.52583
29.1	.52409
29.11	.52245
29.12	.52091
29.13	.51947
29.14	.51813
29.15	.51688
29.16	.51571
29.17	.51462
29.18	.51361
29.19	.51267
29.2	.5118
29.21	.51101
29.22	.51027
29.23	.50959
29.24	.50894
29.25	.50833
29.26	.50772
29.27	.5071
29.28	.50644
29.29	.50571
29.3	.50491
29.31	.504
29.32	.50299
29.33	.50186
29.34	.50062
29.35	.49927
29.36	.49783
29.37	.49632
29.38	.49475
29.39	.49314
29.4	.49151
29.41	.48989
29.42	.48827
29.43	.48667
29.44	.4851
29.45	.48357
29.46	.48208
29.47	.48063
29.48	.47924
29.49	.4779
29.5	.47661
29.51	.47537
29.52	.47419
29.53	.47304
29.54	.47194
29.55	.47085
29.56	.46979
29.57	.46872
29.58	.46764
29.59	.46655
29.6	.46544
29.61	.46432
29.62	.46318
29.63	.46204
29.64	.46091
29.65	.45981
29.66	.45873
29.67	.45771
29.68	.45674
29.69	.45582
29.7	.45496
29.71	.45416
29.72	.4534
29.73	.45268
29.74	.45199
29.75	.45131
29.76	.45064
29.77	.44996
29.78	.44929
29.79	.4486
29.8	.44791
29.81	.44721
29.82	.4465
29.83	.44578
29.84	.44505
29.85	.4443
29.86	.44352
29.87	.44271
29.88	.44186
29.89	.44096
29.9	.44001
29.91	.439
29.92	.43795
29.93	.43685
29.94	.43573
29.95	.43459
29.96	.43346
29.97	.43235
29.98	.43128
29.99	.43026
30	.42931
30.01	.42843
30.02	.42763
30.03	.42691
30.04	.42628
30.05	.42573
30.06	.42526
30.07	.42487
30.08	.42456
30.09	.42434
30.1	.4242
30.11	.42414
30.12	.42415
30.13	.42423
30.14	.42436
30.15	.42454
30.16	.42474
30.17	.42495
30.18	.42514
30.19	.4253
30.2	.42542
30.21	.42549
30.22	.4255
30.23	.42545
30.24	.42536
30.25	.42522
30.26	.42506
30.27	.42489
30.28	.42472
30.29	.42456
30.3	.42441
30.31	.42428
30.32	.42416
30.33	.42403
30.34	.42389
30.35	.42372
30.36	.4235
30.37	.42322
30.38	.42289
30.39	.4225
30.4	.42205
30.41	.42156
30.42	.42104
30.43	.4205
30.44	.41995
30.45	.41942
30.46	.41891
30.47	.41842
30.48	.41798
30.49	.41758
30.5	.41723
30.51	.41695
30.52	.41674
30.53	.41661
30.54	.41658
30.55	.41665
30.56	.41683
30.57	.41712
30.58	.41753
30.59	.41804
30.6	.41863
30.61	.41929
30.62	.41999
30.63	.4207
30.64	.42139
30.65	.42203
30.66	.4226
30.67	.42307
30.68	.42342
30.69	.42365
30.7	.42375
30.71	.42373
30.72	.42358
30.73	.42332
30.74	.42296
30.75	.42252
30.76	.422
30.77	.42142
30.78	.4208
30.79	.42014
30.8	.41946
30.81	.41877
30.82	.41809
30.83	.41741
30.84	.41676
30.85	.41615
30.86	.41557
30.87	.41504
30.88	.41456
30.89	.41412
30.9	.41372
30.91	.41336
30.92	.41304
30.93	.41275
30.94	.41249
30.95	.41226
30.96	.41207
30.97	.41193
30.98	.41183
30.99	.41179
31	.41183
31.01	.41193
31.02	.41211
31.03	.41237
31.04	.41269
31.05	.41307
31.06	.41349
31.07	.41394
31.08	.41441
31.09	.41487
31.1	.41532
31.11	.41574
31.12	.41613
31.13	.41648
31.14	.41679
31.15	.41707
31.16	.41731
31.17	.41752
31.18	.41771
31.19	.41788
31.2	.41804
31.21	.41819
31.22	.41835
31.23	.41851
31.24	.41869
31.25	.41889
31.26	.41912
31.27	.4194
31.28	.41972
31.29	.42008
31.3	.4205
31.31	.42097
31.32	.42149
31.33	.42204
31.34	.42262
31.35	.42321
31.36	.4238
31.37	.42438
31.38	.42494
31.39	.42545
31.4	.42592
31.41	.42634
31.42	.4267
31.43	.42701
31.44	.42726
31.45	.42747
31.46	.42763
31.47	.42775
31.48	.42785
31.49	.42792
31.5	.42797
31.51	.42801
31.52	.42804
31.53	.42805
31.54	.42805
31.55	.42802
31.56	.42796
31.57	.42786
31.58	.4277
31.59	.4275
31.6	.42723
31.61	.42689
31.62	.42647
31.63	.42598
31.64	.42542
31.65	.4248
31.66	.42411
31.67	.42336
31.68	.42258
31.69	.42176
31.7	.42093
31.71	.4201
31.72	.41929
31.73	.41851
31.74	.41778
31.75	.41711
31.76	.41652
31.77	.41602
31.78	.4156
31.79	.41528
31.8	.41504
31.81	.41487
31.82	.41476
31.83	.41468
31.84	.41461
31.85	.41452
31.86	.41439
31.87	.41418
31.88	.41389
31.89	.41349
31.9	.41299
31.91	.41238
31.92	.41167
31.93	.41087
31.94	.40999
31.95	.40905
31.96	.40806
31.97	.40703
31.98	.40595
31.99	.40484
32	.40368
32.01	.40248
32.02	.40121
32.03	.39988
32.04	.39847
32.05	.39698
32.06	.3954
32.07	.39373
32.08	.39197
32.09	.39013
32.1	.38821
32.11	.38622
32.12	.38418
32.13	.38208
32.14	.37995
32.15	.3778
32.16	.37563
32.17	.37344
32.18	.37125
32.19	.36906
32.2	.36687
32.21	.36467
32.22	.36247
32.23	.36025
32.24	.35801
32.25	.35576
32.26	.35348
32.27	.35117
32.28	.34884
32.29	.34649
32.3	.34412
32.31	.34176
32.32	.33942
32.33	.3371
32.34	.33482
32.35	.33259
32.36	.33044
32.37	.32835
32.38	.32635
32.39	.32442
32.4	.32257
32.41	.32078
32.42	.31905
32.43	.31736
32.44	.31569
32.45	.31403
32.46	.31236
32.47	.31067
32.48	.30895
32.49	.30717
32.5	.30534
32.51	.30344
32.52	.30149
32.53	.29947
32.54	.2974
32.55	.29529
32.56	.29314
32.57	.29096
32.58	.28877
32.59	.28659
32.6	.28442
32.61	.28227
32.62	.28015
32.63	.27809
32.64	.27607
32.65	.27412
32.66	.27222
32.67	.2704
32.68	.26864
32.69	.26695
32.7	.26533
32.71	.26378
32.72	.2623
32.73	.26088
32.74	.25953
32.75	.25823
32.76	.25699
32.77	.25579
32.78	.25463
32.79	.25351
32.8	.25242
32.81	.25134
32.82	.25028
32.83	.24924
32.84	.2482
32.85	.24717
32.86	.24617
32.87	.24519
32.88	.24426
32.89	.24337
32.9	.24256
32.91	.24181
32.92	.24115
32.93	.24059
32.94	.24011
32.95	.23971
32.96	.23939
32.97	.23913
32.98	.23891
32.99	.23871
33	.23852
33.01	.23832
33.02	.2381
33.03	.23784
33.04	.23754
33.05	.23721
33.06	.23684
33.07	.23644
33.08	.23603
33.09	.2356
33.1	.23517
33.11	.23475
33.12	.23435
33.13	.23396
33.14	.23358
33.15	.23322
33.16	.23288
33.17	.23254
33.18	.2322
33.19	.23186
33.2	.23151
33.21	.23114
33.22	.23075
33.23	.23034
33.24	.22992
33.25	.22947
33.26	.22902
33.27	.22855
33.28	.2281
33.29	.22765
33.3	.22722
33.31	.22681
33.32	.22643
33.33	.22609
33.34	.22578
33.35	.22549
33.36	.22523
33.37	.22498
33.38	.22475
33.39	.22451
33.4	.22428
33.41	.22403
33.42	.22378
33.43	.22352
33.44	.22324
33.45	.22296
33.46	.22267
33.47	.22237
33.48	.22206
33.49	.22175
33.5	.22142
33.51	.22108
33.52	.22071
33.53	.22032
33.54	.2199
33.55	.21946
33.56	.21898
33.57	.21847
33.58	.21795
33.59	.2174
33.6	.21683
33.61	.21626
33.62	.21567
33.63	.21508
33.64	.21448
33.65	.21387
33.66	.21325
33.67	.21262
33.68	.21196
33.69	.21127
33.7	.21055
33.71	.20979
33.72	.209
33.73	.20817
33.74	.20731
33.75	.20641
33.76	.2055
33.77	.20456
33.78	.20362
33.79	.20269
33.8	.20177
33.81	.20088
33.82	.20002
33.83	.19922
33.84	.19847
33.85	.19778
33.86	.19716
33.87	.1966
33.88	.19611
33.89	.19568
33.9	.1953
33.91	.19495
33.92	.19463
33.93	.19432
33.94	.19401
33.95	.19368
33.96	.19332
33.97	.19293
33.98	.19249
33.99	.19201
34	.19149
34.01	.19093
34.02	.19034
34.03	.18971
34.04	.18908
34.05	.18843
34.06	.18777
34.07	.18713
34.08	.18649
34.09	.18586
34.1	.18525
34.11	.18466
34.12	.18408
34.13	.18351
34.14	.18296
34.15	.18241
34.16	.18187
34.17	.18132
34.18	.18077
34.19	.18021
34.2	.17963
34.21	.17904
34.22	.17843
34.23	.1778
34.24	.17716
34.25	.1765
34.26	.17585
34.27	.1752
34.28	.17456
34.29	.17394
34.3	.17335
34.31	.17279
34.32	.17226
34.33	.17176
34.34	.17128
34.35	.17082
34.36	.17037
34.37	.16992
34.38	.16946
34.39	.16898
34.4	.16848
34.41	.16796
34.42	.1674
34.43	.16682
34.44	.16622
34.45	.1656
34.46	.16498
34.47	.16437
34.48	.16378
34.49	.16322
34.5	.16271
34.51	.16225
34.52	.16186
34.53	.16154
34.54	.16129
34.55	.16111
34.56	.161
34.57	.16094
34.58	.16094
34.59	.16096
34.6	.16101
34.61	.16106
34.62	.16111
34.63	.16113
34.64	.16111
34.65	.16106
34.66	.16096
34.67	.16081
34.68	.16061
34.69	.16036
34.7	.16007
34.71	.15975
34.72	.15939
34.73	.15899
34.74	.15857
34.75	.15813
34.76	.15766
34.77	.15717
34.78	.15666
34.79	.15614
34.8	.15561
34.81	.15508
34.82	.15455
34.83	.15403
34.84	.15353
34.85	.15306
34.86	.15262
34.87	.15223
34.88	.15189
34.89	.1516
34.9	.15137
34.91	.1512
34.92	.15109
34.93	.15103
34.94	.15102
34.95	.15105
34.96	.15111
34.97	.15119
34.98	.15128
34.99	.15137
35	.15144
35.01	.15148
35.02	.15148
35.03	.15143
35.04	.15132
35.05	.15115
35.06	.15091
35.07	.15061
35.08	.15025
35.09	.14984
35.1	.14938
35.11	.14889
35.12	.14836
35.13	.14782
35.14	.14727
35.15	.14672
35.16	.14618
35.17	.14564
35.18	.14511
35.19	.14459
35.2	.14409
35.21	.1436
35.22	.14311
35.23	.14264
35.24	.14216
35.25	.14169
35.26	.14122
35.27	.14075
35.28	.14028
35.29	.13982
35.3	.13936
35.31	.13891
35.32	.13847
35.33	.13804
35.34	.13763
35.35	.13723
35.36	.13684
35.37	.13646
35.38	.13609
35.39	.13572
35.4	.13535
35.41	.13498
35.42	.13459
35.43	.13419
35.44	.13377
35.45	.13333
35.46	.13286
35.47	.13237
35.48	.13186
35.49	.13133
35.5	.13078
35.51	.13022
35.52	.12967
35.53	.12912
35.54	.12859
35.55	.12808
35.56	.12759
35.57	.12714
35.58	.12672
35.59	.12633
35.6	.12597
35.61	.12564
35.62	.12533
35.63	.12504
35.64	.12476
35.65	.12449
35.66	.12423
35.67	.12396
35.68	.1237
35.69	.12343
35.7	.12316
35.71	.12289
35.72	.12261
35.73	.12232
35.74	.12204
35.75	.12174
35.76	.12144
35.77	.12113
35.78	.1208
35.79	.12046
35.8	.1201
35.81	.11973
35.82	.11933
35.83	.11891
35.84	.11848
35.85	.11803
35.86	.11757
35.87	.11711
35.88	.11665
35.89	.11619
35.9	.11573
35.91	.11529
35.92	.11486
35.93	.11445
35.94	.11404
35.95	.11365
35.96	.11326
35.97	.11286
35.98	.11246
35.99	.11205
36	.11163
36.01	.1112
36.02	.11075
36.03	.11029
36.04	.10982
36.05	.10935
36.06	.10888
36.07	.10843
36.08	.10799
36.09	.10758
36.1	.10719
36.11	.10684
36.12	.10651
36.13	.10621
36.14	.10593
36.15	.10567
36.16	.10541
36.17	.10516
36.18	.1049
36.19	.10464
36.2	.10437
36.21	.1041
36.22	.10382
36.23	.10354
36.24	.10328
36.25	.10303
36.26	.1028
36.27	.1026
36.28	.10243
36.29	.1023
36.3	.1022
36.31	.10213
36.32	.1021
36.33	.10209
36.34	.10211
36.35	.10216
36.36	.10223
36.37	.10232
36.38	.10243
36.39	.10256
36.4	.10269
36.41	.10284
36.42	.10298
36.43	.10312
36.44	.10325
36.45	.10336
36.46	.10345
36.47	.1035
36.48	.10353
36.49	.10353
36.5	.10351
36.51	.10346
36.52	.1034
36.53	.10333
36.54	.10325
36.55	.10318
36.56	.10311
36.57	.10306
36.58	.10301
36.59	.10299
36.6	.10297
36.61	.10297
36.62	.10299
36.63	.10301
36.64	.10304
36.65	.10309
36.66	.10314
36.67	.1032
36.68	.10326
36.69	.10333
36.7	.1034
36.71	.10347
36.72	.10354
36.73	.10361
36.74	.10368
36.75	.10375
36.76	.10381
36.77	.10387
36.78	.10392
36.79	.10398
36.8	.10404
36.81	.10411
36.82	.10419
36.83	.10428
36.84	.10439
36.85	.10451
36.86	.10464
36.87	.10478
36.88	.10494
36.89	.10509
36.9	.10525
36.91	.1054
36.92	.10555
36.93	.10568
36.94	.10581
36.95	.10592
36.96	.10602
36.97	.10611
36.98	.10618
36.99	.10625
37	.1063
37.01	.10634
37.02	.10637
37.03	.10639
37.04	.10639
37.05	.10638
37.06	.10636
37.07	.10634
37.08	.10631
37.09	.10628
37.1	.10626
37.11	.10625
37.12	.10626
37.13	.10629
37.14	.10636
37.15	.10646
37.16	.1066
37.17	.10678
37.18	.10699
37.19	.10723
37.2	.10749
37.21	.10777
37.22	.10805
37.23	.10834
37.24	.10862
37.25	.10889
37.26	.10914
37.27	.10938
37.28	.10961
37.29	.10982
37.3	.11003
37.31	.11025
37.32	.11046
37.33	.11068
37.34	.11091
37.35	.11115
37.36	.11139
37.37	.11162
37.38	.11185
37.39	.11206
37.4	.11224
37.41	.11239
37.42	.11251
37.43	.11258
37.44	.11262
37.45	.11262
37.46	.11259
37.47	.11255
37.48	.11249
37.49	.11243
37.5	.11237
37.51	.11234
37.52	.11233
37.53	.11236
37.54	.11242
37.55	.11253
37.56	.11268
37.57	.11287
37.58	.11311
37.59	.11338
37.6	.11369
37.61	.11403
37.62	.11438
37.63	.11473
37.64	.11508
37.65	.11541
37.66	.1157
37.67	.11595
37.68	.11615
37.69	.11629
37.7	.11638
37.71	.11642
37.72	.11641
37.73	.11637
37.74	.11631
37.75	.11625
37.76	.1162
37.77	.11617
37.78	.11617
37.79	.11621
37.8	.11629
37.81	.11642
37.82	.11659
37.83	.1168
37.84	.11703
37.85	.11728
37.86	.11754
37.87	.11781
37.88	.11806
37.89	.11831
37.9	.11854
37.91	.11875
37.92	.11893
37.93	.1191
37.94	.11924
37.95	.11936
37.96	.11945
37.97	.11953
37.98	.11959
37.99	.11963
38	.11966
38.01	.11968
38.02	.11969
38.03	.1197
38.04	.1197
38.05	.11971
38.06	.11972
38.07	.11974
38.08	.11976
38.09	.11978
38.1	.11981
38.11	.11983
38.12	.11985
38.13	.11987
38.14	.11989
38.15	.1199
38.16	.11992
38.17	.11995
38.18	.11999
38.19	.12006
38.2	.12017
38.21	.12031
38.22	.12049
38.23	.12072
38.24	.121
38.25	.12131
38.26	.12166
38.27	.12204
38.28	.12244
38.29	.12285
38.3	.12327
38.31	.12369
38.32	.1241
38.33	.12451
38.34	.12492
38.35	.12532
38.36	.12572
38.37	.12612
38.38	.12653
38.39	.12693
38.4	.12733
38.41	.12773
38.42	.12812
38.43	.12849
38.44	.12884
38.45	.12916
38.46	.12944
38.47	.12968
38.48	.12987
38.49	.13002
38.5	.13013
38.51	.13019
38.52	.13021
38.53	.13021
38.54	.13019
38.55	.13015
38.56	.13012
38.57	.1301
38.58	.13009
38.59	.13012
38.6	.13018
38.61	.13028
38.62	.13042
38.63	.13061
38.64	.13084
38.65	.13112
38.66	.13143
38.67	.13177
38.68	.13212
38.69	.1325
38.7	.13287
38.71	.13323
38.72	.13358
38.73	.13389
38.74	.13418
38.75	.13443
38.76	.13464
38.77	.13482
38.78	.13497
38.79	.13509
38.8	.13519
38.81	.13529
38.82	.13539
38.83	.13549
38.84	.1356
38.85	.13573
38.86	.13588
38.87	.13605
38.88	.13623
38.89	.13643
38.9	.13663
38.91	.13684
38.92	.13705
38.93	.13726
38.94	.13747
38.95	.13767
38.96	.13787
38.97	.13805
38.98	.13824
38.99	.13841
39	.13858
39.01	.13875
39.02	.13892
39.03	.13908
39.04	.13925
39.05	.13941
39.06	.13958
39.07	.13974
39.08	.13989
39.09	.14003
39.1	.14016
39.11	.14028
39.12	.14038
39.13	.14046
39.14	.14052
39.15	.14057
39.16	.14061
39.17	.14063
39.18	.14065
39.19	.14067
39.2	.14069
39.21	.14072
39.22	.14076
39.23	.14081
39.24	.14087
39.25	.14095
39.26	.14103
39.27	.14112
39.28	.14122
39.29	.14131
39.3	.14141
39.31	.1415
39.32	.14159
39.33	.14167
39.34	.14174
39.35	.1418
39.36	.14186
39.37	.14191
39.38	.14195
39.39	.14199
39.4	.14202
39.41	.14205
39.42	.14209
39.43	.14213
39.44	.14218
39.45	.14224
39.46	.14233
39.47	.14244
39.48	.14258
39.49	.14275
39.5	.14297
39.51	.14322
39.52	.14352
39.53	.14386
39.54	.14425
39.55	.14468
39.56	.14515
39.57	.14567
39.58	.14623
39.59	.14683
39.6	.14747
39.61	.14814
39.62	.14885
39.63	.14958
39.64	.15032
39.65	.15106
39.66	.15179
39.67	.1525
39.68	.15316
39.69	.15377
39.7	.1543
39.71	.15475
39.72	.1551
39.73	.15535
39.74	.15549
39.75	.15554
39.76	.15549
39.77	.15535
39.78	.15516
39.79	.15491
39.8	.15463
39.81	.15433
39.82	.15404
39.83	.15376
39.84	.15351
39.85	.1533
39.86	.15312
39.87	.15299
39.88	.15289
39.89	.15285
39.9	.15284
39.91	.15288
39.92	.15296
39.93	.15309
39.94	.15325
39.95	.15346
39.96	.15371
39.97	.154
39.98	.15433
39.99	.15467
40	.15504
40.01	.15542
40.02	.15578
40.03	.15613
40.04	.15644
40.05	.15671
40.06	.15692
40.07	.15707
40.08	.15715
40.09	.15716
40.1	.15712
40.11	.15702
40.12	.15689
40.13	.15675
40.14	.1566
40.15	.15647
40.16	.15638
40.17	.15634
40.18	.15636
40.19	.15645
40.2	.15662
40.21	.15686
40.22	.15716
40.23	.15753
40.24	.15795
40.25	.1584
40.26	.15888
40.27	.15937
40.28	.15986
40.29	.16034
40.3	.16081
40.31	.16125
40.32	.16166
40.33	.16203
40.34	.16237
40.35	.16267
40.36	.16294
40.37	.16317
40.38	.16336
40.39	.16352
40.4	.16365
40.41	.16377
40.42	.16387
40.43	.16397
40.44	.16408
40.45	.1642
40.46	.16434
40.47	.16451
40.48	.16471
40.49	.16493
40.5	.16519
40.51	.16547
40.52	.16577
40.53	.16607
40.54	.16638
40.55	.16667
40.56	.16693
40.57	.16716
40.58	.16736
40.59	.16751
40.6	.1676
40.61	.16764
40.62	.16763
40.63	.16756
40.64	.16745
40.65	.16728
40.66	.16707
40.67	.16682
40.68	.16655
40.69	.16626
40.7	.16596
40.71	.16565
40.72	.16536
40.73	.16509
40.74	.16484
40.75	.16463
40.76	.16445
40.77	.16432
40.78	.16423
40.79	.16418
40.8	.16417
40.81	.1642
40.82	.16426
40.83	.16435
40.84	.16447
40.85	.1646
40.86	.16475
40.87	.16491
40.88	.16507
40.89	.16523
40.9	.16538
40.91	.16552
40.92	.16564
40.93	.16574
40.94	.16582
40.95	.16588
40.96	.16591
40.97	.16592
40.98	.16591
40.99	.16589
41	.16587
41.01	.16585
41.02	.16583
41.03	.16581
41.04	.16581
41.05	.16581
41.06	.16582
41.07	.16583
41.08	.16584
41.09	.16585
41.1	.16586
41.11	.16587
41.12	.16588
41.13	.16589
41.14	.16592
41.15	.16597
41.16	.16604
41.17	.16615
41.18	.1663
41.19	.16648
41.2	.16671
41.21	.16698
41.22	.16728
41.23	.16762
41.24	.16797
41.25	.16833
41.26	.1687
41.27	.16907
41.28	.16943
41.29	.16977
41.3	.1701
41.31	.1704
41.32	.17068
41.33	.17093
41.34	.17115
41.35	.17134
41.36	.1715
41.37	.17161
41.38	.1717
41.39	.17175
41.4	.17177
41.41	.17176
41.42	.17172
41.43	.17167
41.44	.1716
41.45	.17153
41.46	.17146
41.47	.17141
41.48	.17138
41.49	.17139
41.5	.17145
41.51	.17157
41.52	.17176
41.53	.17203
41.54	.17238
41.55	.17279
41.56	.17328
41.57	.17381
41.58	.17438
41.59	.17497
41.6	.17554
41.61	.17609
41.62	.17658
41.63	.177
41.64	.17732
41.65	.17755
41.66	.17767
41.67	.1777
41.68	.17762
41.69	.17746
41.7	.17723
41.71	.17695
41.72	.17664
41.73	.17632
41.74	.176
41.75	.17569
41.76	.17543
41.77	.1752
41.78	.17501
41.79	.17488
41.8	.17479
41.81	.17475
41.82	.17475
41.83	.17479
41.84	.17487
41.85	.17499
41.86	.17515
41.87	.17535
41.88	.1756
41.89	.17589
41.9	.17622
41.91	.1766
41.92	.17701
41.93	.17747
41.94	.17794
41.95	.17843
41.96	.17891
41.97	.17937
41.98	.17978
41.99	.18015
42	.18044
42.01	.18065
42.02	.18078
42.03	.18081
42.04	.18076
42.05	.18064
42.06	.18044
42.07	.1802
42.08	.17992
42.09	.17963
42.1	.17933
42.11	.17904
42.12	.17877
42.13	.17854
42.14	.17834
42.15	.17818
42.16	.17808
42.17	.17802
42.18	.17802
42.19	.17807
42.2	.17818
42.21	.17834
42.22	.17856
42.23	.17883
42.24	.17915
42.25	.17951
42.26	.17991
42.27	.18035
42.28	.1808
42.29	.18127
42.3	.18175
42.31	.18224
42.32	.18271
42.33	.18318
42.34	.18363
42.35	.18405
42.36	.18445
42.37	.18481
42.38	.18512
42.39	.18538
42.4	.18558
42.41	.18571
42.42	.18576
42.43	.18573
42.44	.18563
42.45	.18545
42.46	.18519
42.47	.18487
42.48	.18449
42.49	.18406
42.5	.1836
42.51	.18312
42.52	.18262
42.53	.18212
42.54	.18162
42.55	.18115
42.56	.18069
42.57	.18027
42.58	.17988
42.59	.17953
42.6	.17924
42.61	.17899
42.62	.17881
42.63	.17868
42.64	.1786
42.65	.17859
42.66	.17862
42.67	.1787
42.68	.17882
42.69	.17897
42.7	.17913
42.71	.17931
42.72	.17949
42.73	.17966
42.74	.17983
42.75	.17998
42.76	.18013
42.77	.18026
42.78	.18038
42.79	.1805
42.8	.18061
42.81	.18071
42.82	.18081
42.83	.18091
42.84	.181
42.85	.18108
42.86	.18115
42.87	.18121
42.88	.18125
42.89	.18129
42.9	.18132
42.91	.18133
42.92	.18134
42.93	.18134
42.94	.18133
42.95	.1813
42.96	.18126
42.97	.18121
42.98	.18113
42.99	.18102
43	.18089
43.01	.18073
43.02	.18056
43.03	.18036
43.04	.18016
43.05	.17995
43.06	.17976
43.07	.17959
43.08	.17945
43.09	.17934
43.1	.17928
43.11	.17926
43.12	.17929
43.13	.17935
43.14	.17944
43.15	.17956
43.16	.17968
43.17	.1798
43.18	.17991
43.19	.18
43.2	.18005
43.21	.18007
43.22	.18005
43.23	.17998
43.24	.17985
43.25	.17968
43.26	.17946
43.27	.17918
43.28	.17886
43.29	.17847
43.3	.17804
43.31	.17754
43.32	.17699
43.33	.17639
43.34	.17574
43.35	.17505
43.36	.17432
43.37	.17357
43.38	.17282
43.39	.17207
43.4	.17133
43.41	.17062
43.42	.16995
43.43	.16932
43.44	.16874
43.45	.16819
43.46	.16767
43.47	.16718
43.48	.1667
43.49	.16622
43.5	.16572
43.51	.1652
43.52	.16464
43.53	.16405
43.54	.1634
43.55	.16271
43.56	.16198
43.57	.16119
43.58	.16037
43.59	.1595
43.6	.1586
43.61	.15767
43.62	.15672
43.63	.15573
43.64	.15471
43.65	.15367
43.66	.15258
43.67	.15146
43.68	.1503
43.69	.14909
43.7	.14782
43.71	.1465
43.72	.14513
43.73	.1437
43.74	.14223
43.75	.14071
43.76	.13915
43.77	.13756
43.78	.13596
43.79	.13433
43.8	.13271
43.81	.13108
43.82	.12946
43.83	.12785
43.84	.12624
43.85	.12464
43.86	.12304
43.87	.12144
43.88	.11983
43.89	.1182
43.9	.11656
43.91	.11489
43.92	.1132
43.93	.11148
43.94	.10974
43.95	.10799
43.96	.10623
43.97	.10447
43.98	.10272
43.99	.101
44	.099312
44.01	.097671
44.02	.096083
44.03	.094555
44.04	.09309
44.05	.09169
44.06	.09035
44.07	.089068
44.08	.087836
44.09	.086646
44.1	.085491
44.11	.084363
44.12	.083254
44.13	.082159
44.14	.081075
44.15	.08
44.16	.078934
44.17	.07788
44.18	.07684
44.19	.07582
44.2	.074826
44.21	.073861
44.22	.072932
44.23	.072042
44.24	.071196
44.25	.070394
44.26	.069639
44.27	.068929
44.28	.068263
44.29	.067638
44.3	.06705
44.31	.066494
44.32	.065964
44.33	.065456
44.34	.064962
44.35	.06448
44.36	.064002
44.37	.063526
44.38	.063049
44.39	.062569
44.4	.062085
44.41	.061599
44.42	.06111
44.43	.060622
44.44	.060136
44.45	.059655
44.46	.059182
44.47	.058718
44.48	.058264
44.49	.057821
44.5	.057388
44.51	.056962
44.52	.056542
44.53	.056123
44.54	.0557
44.55	.05527
44.56	.054828
44.57	.054368
44.58	.053889
44.59	.053387
44.6	.052863
44.61	.052317
44.62	.051753
44.63	.051175
44.64	.05059
44.65	.050002
44.66	.049421
44.67	.048853
44.68	.048303
44.69	.047777
44.7	.047278
44.71	.046807
44.72	.046366
44.73	.045951
44.74	.045559
44.75	.045186
44.76	.044826
44.77	.044473
44.78	.04412
44.79	.043759
44.8	.043384
44.81	.042987
44.82	.042561
44.83	.042095
44.84	.041583
44.85	.041011
44.86	.04037
44.87	.039645
44.88	.038823
44.89	.037889
44.9	.036829
44.91	.03563
44.92	.034282
44.93	.03278
44.94	.031125
44.95	.029321
44.96	.027384
44.97	.025335
44.98	.0232
44.99	.021013
45	.018812
45.01	.016635
