.0076288	.0001077
.015257	.0002154
.022886	.0003232
.030515	.000431
.038144	.0005387
.045772	.0006465
.053401	.0007544
.06103	.0008622
.068659	.0009701
.076288	.0010781
.083917	.0011861
.091545	.0012941
.099174	.0014022
.1068	.0015103
.11443	.0016185
.12206	.0017267
.12969	.001835
.13731	.0019434
.14494	.0020519
.15257	.0021605
.1602	.0022691
.16783	.0023778
.17546	.0024866
.18309	.0025956
.19072	.0027045
.19834	.0028137
.20597	.0029229
.2136	.0030323
.22123	.0031417
.22886	.0032513
.23649	.003361
.24412	.0034709
.25175	.0035809
.25938	.003691
.267	.0038013
.27463	.0039118
.28226	.0040223
.28989	.0041331
.29752	.004244
.30515	.0043551
.31278	.0044664
.32041	.0045777
.32803	.0046894
.33566	.0048012
.34329	.0049132
.35092	.0050253
.35855	.0051378
.36618	.0052503
.37381	.0053632
.38144	.0054761
.38906	.0055895
.39669	.0057029
.40432	.0058166
.41195	.0059305
.41958	.0060447
.42721	.0061591
.43484	.0062738
.44247	.0063887
.4501	.0065039
.45772	.0066193
.46535	.006735
.47298	.006851
.48061	.0069673
.48824	.0070838
.49587	.0072006
.5035	.0073178
.51113	.0074352
.51876	.007553
.52638	.0076709
.53401	.0077894
.54164	.0079079
.54927	.0080271
.5569	.0081462
.56453	.0082661
.57216	.008386
.57979	.0085064
.58741	.008627
.59504	.0087482
.60267	.0088696
.6103	.0089915
.61793	.0091136
.62556	.0092362
.63319	.0093591
.64082	.0094825
.64844	.0096062
.65607	.0097303
.6637	.0098549
.67133	.0099798
.67896	.010105
.68659	.010231
.69422	.010357
.70185	.010483
.70948	.010611
.7171	.010738
.72473	.010866
.73236	.010995
.73999	.011124
.74762	.011253
.75525	.011383
.76288	.011514
.77051	.011645
.77813	.011776
.78576	.011908
.79339	.01204
.80102	.012174
.80865	.012307
.81628	.012441
.82391	.012576
.83154	.012711
.83917	.012847
.84679	.012983
.85442	.01312
.86205	.013257
.86968	.013395
.87731	.013534
.88494	.013673
.89257	.013813
.9002	.013953
.90782	.014094
.91545	.014236
.92308	.014378
.93071	.014522
.93834	.014665
.94597	.01481
.9536	.014955
.96123	.0151
.96886	.015247
.97648	.015394
.98411	.015542
.99174	.01569
.99937	.015839
1.007	.015989
1.0146	.01614
1.0222	.016292
1.0298	.016444
1.0375	.016597
1.0451	.016751
1.0527	.016905
1.0604	.017061
1.068	.017217
1.0756	.017374
1.0832	.017531
1.0909	.01769
1.0985	.01785
1.1061	.01801
1.1138	.018171
1.1214	.018334
1.129	.018496
1.1366	.018661
1.1443	.018825
1.1519	.018991
1.1595	.019158
1.1672	.019325
1.1748	.019494
1.1824	.019664
1.19	.019834
1.1977	.020006
1.2053	.020178
1.2129	.020352
1.2206	.020526
1.2282	.020702
1.2358	.020878
1.2434	.021056
1.2511	.021235
1.2587	.021414
1.2663	.021596
1.274	.021777
1.2816	.021961
1.2892	.022145
1.2969	.022331
1.3045	.022517
1.3121	.022705
1.3197	.022894
1.3274	.023084
1.335	.023275
1.3426	.023468
1.3503	.023662
1.3579	.023857
1.3655	.024054
1.3731	.024252
1.3808	.024451
1.3884	.024651
1.396	.024853
1.4037	.025056
1.4113	.02526
1.4189	.025466
1.4265	.025674
1.4342	.025882
1.4418	.026092
1.4494	.026304
1.4571	.026517
1.4647	.026731
1.4723	.026948
1.4799	.027165
1.4876	.027384
1.4952	.027605
1.5028	.027827
1.5105	.028051
1.5181	.028277
1.5257	.028504
1.5333	.028733
1.541	.028963
1.5486	.029195
1.5562	.029429
1.5639	.029665
1.5715	.029903
1.5791	.030142
1.5867	.030383
1.5944	.030626
1.602	.030871
1.6096	.031117
1.6173	.031366
1.6249	.031616
1.6325	.031869
1.6401	.032122
1.6478	.03238
1.6554	.032637
1.663	.032898
1.6707	.03316
1.6783	.033426
1.6859	.033692
1.6935	.033961
1.7012	.034232
1.7088	.034506
1.7164	.034781
1.7241	.035059
1.7317	.035339
1.7393	.035621
1.747	.035906
1.7546	.036193
1.7622	.036483
1.7698	.036775
1.7775	.03707
1.7851	.037366
1.7927	.037666
1.8004	.037968
1.808	.038273
1.8156	.03858
1.8232	.038891
1.8309	.039202
1.8385	.039519
1.8461	.039836
1.8538	.040159
1.8614	.040481
1.869	.040809
1.8766	.041138
1.8843	.041472
1.8919	.041807
1.8995	.042147
1.9072	.042488
1.9148	.042834
1.9224	.043182
1.93	.043533
1.9377	.043888
1.9453	.044246
1.9529	.044608
1.9606	.044972
1.9682	.045341
1.9758	.045712
1.9834	.046088
1.9911	.046466
1.9987	.04685
2.0063	.047235
2.014	.047626
2.0216	.048019
2.0292	.048418
2.0368	.048818
2.0445	.049225
2.0521	.049633
2.0597	.050048
2.0674	.050465
2.075	.050888
2.0826	.051313
2.0902	.051745
2.0979	.052179
2.1055	.052619
2.1131	.053063
2.1208	.053511
2.1284	.053964
2.136	.054422
2.1437	.054885
2.1513	.055352
2.1589	.055825
2.1665	.056301
2.1742	.056785
2.1818	.057271
2.1894	.057765
2.1971	.058262
2.2047	.058767
2.2123	.059274
2.2199	.059791
2.2276	.060308
2.2352	.060837
2.2428	.061366
2.2505	.061906
2.2581	.062448
2.2657	.062999
2.2733	.063554
2.281	.064117
2.2886	.064684
2.2962	.06526
2.3039	.065841
2.3115	.066429
2.3191	.067024
2.3267	.067626
2.3344	.068235
2.342	.06885
2.3496	.069474
2.3573	.070103
2.3649	.070743
2.3725	.071386
2.3801	.072042
2.3878	.0727
2.3954	.073372
2.403	.074046
2.4107	.074735
2.4183	.075426
2.4259	.076131
2.4335	.07684
2.4412	.077562
2.4488	.078289
2.4564	.079028
2.4641	.079774
2.4717	.080532
2.4793	.081297
2.4869	.082074
2.4946	.08286
2.5022	.083655
2.5098	.084462
2.5175	.085278
2.5251	.086106
2.5327	.086942
2.5403	.087794
2.548	.088651
2.5556	.089526
2.5632	.090406
2.5709	.091305
2.5785	.092207
2.5861	.093132
2.5938	.094059
2.6014	.095009
2.609	.095963
2.6166	.096938
2.6243	.097919
2.6319	.09892
2.6395	.09993
2.6472	.10095
2.6548	.10199
2.6624	.10305
2.67	.10412
2.6777	.10521
2.6853	.10631
2.6929	.10743
2.7006	.10856
2.7082	.10971
2.7158	.11088
2.7234	.11206
2.7311	.11327
2.7387	.11448
2.7463	.11573
2.754	.11698
2.7616	.11826
2.7692	.11955
2.7768	.12087
2.7845	.1222
2.7921	.12356
2.7997	.12493
2.8074	.12634
2.815	.12776
2.8226	.1292
2.8302	.13067
2.8379	.13216
2.8455	.13367
2.8531	.13521
2.8608	.13677
2.8684	.13836
2.876	.13998
2.8836	.14162
2.8913	.14329
2.8989	.14498
2.9065	.14671
2.9142	.14846
2.9218	.15025
2.9294	.15205
2.937	.15391
2.9447	.15577
2.9523	.15769
2.9599	.15962
2.9676	.16161
2.9752	.16361
2.9828	.16567
2.9904	.16774
2.9981	.16987
3.0057	.17203
3.0133	.17423
3.021	.17646
3.0286	.17875
3.0362	.18107
3.0439	.18343
3.0515	.18584
3.0591	.18829
3.0667	.1908
3.0744	.19334
3.082	.19594
3.0896	.19858
3.0973	.20129
3.1049	.20402
3.1125	.20685
3.1201	.20968
3.1278	.21262
3.1354	.21557
3.143	.21863
3.1507	.2217
3.1583	.22489
3.1659	.22809
3.1735	.2314
3.1812	.23474
3.1888	.23819
3.1964	.24167
3.2041	.24526
3.2117	.2489
3.2193	.25264
3.2269	.25645
3.2346	.26034
3.2422	.26432
3.2498	.26837
3.2575	.27254
3.2651	.27677
3.2727	.28113
3.2803	.28555
3.288	.29012
3.2956	.29473
3.3032	.29952
3.3109	.30434
3.3185	.30936
3.3261	.3144
3.3337	.31967
3.3414	.32496
3.349	.33048
3.3566	.33604
3.3643	.34182
3.3719	.34766
3.3795	.35372
3.3871	.35987
3.3948	.36622
3.4024	.37269
3.41	.37936
3.4177	.38618
3.4253	.39317
3.4329	.40037
3.4405	.40772
3.4482	.41532
3.4558	.42305
3.4634	.43107
3.4711	.4392
3.4787	.44768
3.4863	.45624
3.494	.46521
3.5016	.47424
3.5092	.48374
3.5168	.49328
3.5245	.50332
3.5321	.51343
3.5397	.52403
3.5474	.53476
3.555	.54597
3.5626	.55737
3.5702	.56922
3.5779	.58133
3.5855	.59388
3.5931	.60677
3.6008	.62006
3.6084	.63378
3.616	.64788
3.6236	.6625
3.6313	.67746
3.6389	.69306
3.6465	.70895
3.6542	.7256
3.6618	.74249
3.6694	.76029
3.677	.77825
3.6847	.79729
3.6923	.81641
3.6999	.83679
3.7076	.85727
3.7152	.87899
3.7228	.90094
3.7304	.92411
3.7381	.94766
3.7457	.9724
3.7533	.99768
3.761	1.0241
3.7686	1.0512
3.7762	1.0794
3.7838	1.1086
3.7915	1.1388
3.7991	1.1702
3.8067	1.2025
3.8144	1.2362
3.822	1.2707
3.8296	1.307
3.8372	1.344
3.8449	1.383
3.8525	1.4225
3.8601	1.4645
3.8678	1.5067
3.8754	1.5518
3.883	1.5971
3.8906	1.6453
3.8983	1.6939
3.9059	1.7453
3.9135	1.7974
3.9212	1.8521
3.9288	1.9078
3.9364	1.9659
3.9441	2.0253
3.9517	2.0868
3.9593	2.1498
3.9669	2.2147
3.9746	2.2813
3.9822	2.3495
3.9898	2.4194
3.9975	2.4906
4.0051	2.5635
4.0127	2.6373
4.0203	2.7127
4.028	2.7886
4.0356	2.8656
4.0432	2.9428
4.0509	3.0204
4.0585	3.0981
4.0661	3.1749
4.0737	3.2516
4.0814	3.3263
4.089	3.4005
4.0966	3.4714
4.1043	3.5411
4.1119	3.6065
4.1195	3.6697
4.1271	3.7278
4.1348	3.7825
4.1424	3.8315
4.15	3.8756
4.1577	3.9139
4.1653	3.9456
4.1729	3.9718
4.1805	3.9898
4.1882	4.003
4.1958	4.0065
4.2034	4.006
4.2111	3.995
4.2187	3.9809
4.2263	3.9556
4.2339	3.9286
4.2416	3.8902
4.2492	3.8509
4.2568	3.8012
4.2645	3.7506
4.2721	3.6919
4.2797	3.6319
4.2874	3.5661
4.295	3.4988
4.3026	3.4276
4.3102	3.3551
4.3179	3.2802
4.3255	3.2045
4.3331	3.1276
4.3408	3.0503
4.3484	2.9726
4.356	2.8953
4.3636	2.8181
4.3713	2.7419
4.3789	2.6661
4.3865	2.592
4.3942	2.5183
4.4018	2.4469
4.4094	2.3759
4.417	2.3077
4.4247	2.2397
4.4323	2.175
4.4399	2.1105
4.4476	2.0492
4.4552	1.9883
4.4628	1.9305
4.4704	1.8733
4.4781	1.8188
4.4857	1.7653
4.4933	1.7141
4.501	1.6641
4.5086	1.6161
4.5162	1.5695
4.5238	1.5245
4.5315	1.4811
4.5391	1.439
4.5467	1.3986
4.5544	1.3593
4.562	1.3217
4.5696	1.2849
4.5772	1.25
4.5849	1.2156
4.5925	1.1832
4.6001	1.1511
4.6078	1.1209
4.6154	1.0908
4.623	1.0627
4.6306	1.0348
4.6383	1.0085
4.6459	.98254
4.6535	.95793
4.6612	.9337
4.6688	.91065
4.6764	.88806
4.684	.86646
4.6917	.84539
4.6993	.82512
4.7069	.80545
4.7146	.78642
4.7222	.76805
4.7298	.75017
4.7375	.73299
4.7451	.71618
4.7527	.7001
4.7603	.68429
4.768	.66922
4.7756	.65433
4.7832	.6402
4.7909	.62618
4.7985	.61291
4.8061	.59971
4.8137	.58723
4.8214	.57482
4.829	.56303
4.8366	.55136
4.8443	.54021
4.8519	.52923
4.8595	.51868
4.8671	.50833
4.8748	.49834
4.8824	.48858
4.89	.47911
4.8977	.4699
4.9053	.46093
4.9129	.45222
4.9205	.44371
4.9282	.43548
4.9358	.42739
4.9434	.41961
4.9511	.41192
4.9587	.40455
4.9663	.39724
4.9739	.39025
4.9816	.3833
4.9892	.37667
4.9968	.37007
5.0045	.36375
5.0121	.35749
5.0197	.35147
5.0273	.34551
5.035	.33977
5.0426	.33411
5.0502	.32862
5.0579	.32324
5.0655	.318
5.0731	.31287
5.0807	.30786
5.0884	.30298
5.096	.29819
5.1036	.29353
5.1113	.28895
5.1189	.28451
5.1265	.28013
5.1341	.27589
5.1418	.27169
5.1494	.26765
5.157	.26362
5.1647	.25976
5.1723	.25591
5.1799	.25221
5.1876	.24853
5.1952	.24498
5.2028	.24146
5.2104	.23806
5.2181	.23469
5.2257	.23142
5.2333	.2282
5.241	.22506
5.2486	.22198
5.2562	.21897
5.2638	.21601
5.2715	.21312
5.2791	.21029
5.2867	.20751
5.2944	.2048
5.302	.20213
5.3096	.19953
5.3172	.19696
5.3249	.19447
5.3325	.19199
5.3401	.1896
5.3478	.18721
5.3554	.18491
5.363	.18261
5.3706	.18038
5.3783	.17816
5.3859	.17601
5.3935	.17387
5.4012	.17178
5.4088	.16971
5.4164	.16769
5.424	.1657
5.4317	.16374
5.4393	.16182
5.4469	.15993
5.4546	.15808
5.4622	.15625
5.4698	.15447
5.4774	.15272
5.4851	.15101
5.4927	.14933
5.5003	.1477
5.508	.14609
5.5156	.14453
5.5232	.143
5.5308	.14152
5.5385	.14005
5.5461	.13865
5.5537	.13727
5.5614	.13594
5.569	.13462
5.5766	.13336
5.5842	.13212
5.5919	.13092
5.5995	.12974
5.6071	.12859
5.6148	.12747
5.6224	.12637
5.63	.12529
5.6377	.12423
5.6453	.12319
5.6529	.12217
5.6605	.12116
5.6682	.12017
5.6758	.11919
5.6834	.11822
5.6911	.11727
5.6987	.11633
5.7063	.1154
5.7139	.11448
5.7216	.11358
5.7292	.11268
5.7368	.11181
5.7445	.11094
5.7521	.1101
5.7597	.10926
5.7673	.10844
5.775	.10763
5.7826	.10685
5.7902	.10608
5.7979	.10533
5.8055	.10461
5.8131	.10391
5.8207	.10323
5.8284	.10257
5.836	.10195
5.8436	.10135
5.8513	.10077
5.8589	.10023
5.8665	.099729
5.8741	.099249
5.8818	.098805
5.8894	.098384
5.897	.098012
5.9047	.097663
5.9123	.097352
5.9199	.097062
5.9275	.096815
5.9352	.096588
5.9428	.09639
5.9504	.096208
5.9581	.09605
5.9657	.095903
5.9733	.095766
5.9809	.095632
5.9886	.0955
5.9962	.095358
6.0038	.095206
6.0115	.09504
6.0191	.094855
6.0267	.09464
6.0343	.094399
6.042	.094133
6.0496	.093839
6.0572	.093508
6.0649	.093147
6.0725	.092767
6.0801	.092363
6.0878	.091941
6.0954	.091504
6.103	.091067
6.1106	.090626
6.1183	.090198
6.1259	.089783
6.1335	.089391
6.1412	.089021
6.1488	.088685
6.1564	.08839
6.164	.088131
6.1717	.087908
6.1793	.087723
6.1869	.087587
6.1946	.087486
6.2022	.087416
6.2098	.087378
6.2174	.087379
6.2251	.087404
6.2327	.087454
6.2403	.087524
6.248	.087621
6.2556	.087737
6.2632	.087872
6.2708	.088023
6.2785	.088195
6.2861	.088387
6.2937	.088594
6.3014	.088817
6.309	.089056
6.3166	.089311
6.3242	.089576
6.3319	.089848
6.3395	.090127
6.3471	.090407
6.3548	.090682
6.3624	.090951
6.37	.091212
6.3776	.091455
6.3853	.09168
6.3929	.091888
6.4005	.092079
6.4082	.092249
6.4158	.092401
6.4234	.092543
6.431	.092678
6.4387	.092812
6.4463	.092955
6.4539	.093115
6.4616	.093299
6.4692	.093514
6.4768	.093789
6.4844	.094113
6.4921	.094497
6.4997	.094943
6.5073	.095486
6.515	.096103
6.5226	.096796
6.5302	.097564
6.5379	.098426
6.5455	.099364
6.5531	.10036
6.5607	.10142
6.5684	.10254
6.576	.10371
6.5836	.1049
6.5913	.10612
6.5989	.10735
6.6065	.10859
6.6141	.10981
6.6218	.11103
6.6294	.11222
6.637	.11339
6.6447	.11453
6.6523	.11566
6.6599	.11676
6.6675	.11784
6.6752	.11891
6.6828	.11999
6.6904	.12107
6.6981	.12217
6.7057	.12331
6.7133	.12449
6.7209	.12572
6.7286	.12701
6.7362	.12838
6.7438	.12983
6.7515	.13136
6.7591	.13297
6.7667	.1347
6.7743	.13651
6.782	.13841
6.7896	.14039
6.7972	.14248
6.8049	.14464
6.8125	.14688
6.8201	.14918
6.8277	.15157
6.8354	.15402
6.843	.15653
6.8506	.15909
6.8583	.16172
6.8659	.16441
6.8735	.16716
6.8811	.16996
6.8888	.17283
6.8964	.17577
6.904	.17878
6.9117	.18185
6.9193	.18498
6.9269	.18819
6.9345	.19146
6.9422	.19477
6.9498	.1981
6.9574	.20147
6.9651	.20484
6.9727	.20821
6.9803	.21155
6.988	.21486
6.9956	.21811
7.0032	.22132
7.0108	.22446
7.0185	.22756
7.0261	.23059
7.0337	.23361
7.0414	.2366
7.049	.23961
7.0566	.24265
7.0642	.24577
7.0719	.24896
7.0795	.25225
7.0871	.25572
7.0948	.25936
7.1024	.26316
7.11	.26712
7.1176	.2713
7.1253	.27569
7.1329	.28023
7.1405	.28491
7.1482	.28975
7.1558	.29472
7.1634	.29977
7.171	.30484
7.1787	.30996
7.1863	.31506
7.1939	.32016
7.2016	.32517
7.2092	.33015
7.2168	.33503
7.2244	.33987
7.2321	.34462
7.2397	.34933
7.2473	.35401
7.255	.35872
7.2626	.36343
7.2702	.36819
7.2778	.37305
7.2855	.37806
7.2931	.38319
7.3007	.38845
7.3084	.3939
7.316	.39957
7.3236	.40542
7.3312	.41139
7.3389	.41755
7.3465	.42392
7.3541	.43044
7.3618	.43702
7.3694	.44375
7.377	.45062
7.3846	.45762
7.3923	.46461
7.3999	.47172
7.4075	.47891
7.4152	.48621
7.4228	.4935
7.4304	.50085
7.4381	.50824
7.4457	.5157
7.4533	.52311
7.4609	.53052
7.4686	.53791
7.4762	.54528
7.4838	.55256
7.4915	.55974
7.4991	.56684
7.5067	.57385
7.5143	.58077
7.522	.58749
7.5296	.59415
7.5372	.60067
7.5449	.60714
7.5525	.61335
7.5601	.61956
7.5677	.6256
7.5754	.63164
7.583	.63739
7.5906	.64314
7.5983	.64875
7.6059	.65436
7.6135	.65971
7.6211	.66505
7.6288	.6703
7.6364	.6756
7.644	.68076
7.6517	.68594
7.6593	.69115
7.6669	.69656
7.6745	.70205
7.6822	.7076
7.6898	.71339
7.6974	.71949
7.7051	.72591
7.7127	.73236
7.7203	.73922
7.7279	.74632
7.7356	.7539
7.7432	.7613
7.7508	.7692
7.7585	.77704
7.7661	.78535
7.7737	.79323
7.7813	.80144
7.789	.80951
7.7966	.81778
7.8042	.82555
7.8119	.8334
7.8195	.84107
7.8271	.84872
7.8347	.85594
7.8424	.86301
7.85	.86998
7.8576	.87676
7.8653	.8833
7.8729	.88947
7.8805	.89573
7.8882	.90163
7.8958	.90762
7.9034	.913
7.911	.91876
7.9187	.92401
7.9263	.92978
7.9339	.93472
7.9416	.94039
7.9492	.94549
7.9568	.9514
7.9644	.95662
7.9721	.96256
7.9797	.96832
7.9873	.97469
7.995	.98074
8.0026	.9873
8.0102	.99398
8.0178	1.0009
8.0255	1.0078
8.0331	1.0149
8.0407	1.0221
8.0484	1.0294
8.056	1.0366
8.0636	1.0439
8.0712	1.0511
8.0789	1.0583
8.0865	1.0652
8.0941	1.0725
8.1018	1.079
8.1094	1.0864
8.117	1.0925
8.1247	1.1
8.1323	1.1059
8.1399	1.1135
8.1475	1.1195
8.1552	1.1274
8.1628	1.1336
8.1704	1.1412
8.1781	1.148
8.1857	1.1563
8.1933	1.1633
8.2009	1.1708
8.2086	1.1787
8.2162	1.1871
8.2238	1.195
8.2315	1.2025
8.2391	1.2114
8.2467	1.2195
8.2543	1.2281
8.262	1.2355
8.2696	1.2447
8.2772	1.2526
8.2849	1.2615
8.2925	1.2691
8.3001	1.2782
8.3077	1.2863
8.3154	1.2952
8.323	1.3034
8.3306	1.3123
8.3383	1.321
8.3459	1.3299
8.3535	1.3388
8.3611	1.3479
8.3688	1.357
8.3764	1.3662
8.384	1.3755
8.3917	1.3849
8.3993	1.3941
8.4069	1.4034
8.4145	1.4128
8.4222	1.4222
8.4298	1.4311
8.4374	1.4402
8.4451	1.4492
8.4527	1.4585
8.4603	1.4671
8.4679	1.4761
8.4756	1.485
8.4832	1.4945
8.4908	1.5033
8.4985	1.5129
8.5061	1.5223
8.5137	1.5327
8.5213	1.5425
8.529	1.553
8.5366	1.5637
8.5442	1.575
8.5519	1.5861
8.5595	1.5974
8.5671	1.6087
8.5748	1.6203
8.5824	1.6316
8.59	1.6427
8.5976	1.6534
8.6053	1.6639
8.6129	1.674
8.6205	1.6833
8.6282	1.6922
8.6358	1.7004
8.6434	1.7083
8.651	1.7151
8.6587	1.7216
8.6663	1.7275
8.6739	1.7332
8.6816	1.738
8.6892	1.7428
8.6968	1.7474
8.7044	1.7521
8.7121	1.7565
8.7197	1.7611
8.7273	1.766
8.735	1.7713
8.7426	1.7769
8.7502	1.7828
8.7578	1.7893
8.7655	1.7964
8.7731	1.8038
8.7807	1.8116
8.7884	1.82
8.796	1.8287
8.8036	1.8378
8.8112	1.8469
8.8189	1.8562
8.8265	1.8655
8.8341	1.8748
8.8418	1.8837
8.8494	1.8924
8.857	1.9007
8.8646	1.9086
8.8723	1.9158
8.8799	1.9226
8.8875	1.9287
8.8952	1.9342
8.9028	1.9389
8.9104	1.9432
8.918	1.9467
8.9257	1.9497
8.9333	1.9521
8.9409	1.9541
8.9486	1.9557
8.9562	1.957
8.9638	1.9579
8.9714	1.9586
8.9791	1.9592
8.9867	1.9596
8.9943	1.96
9.002	1.9603
9.0096	1.9607
9.0172	1.9612
9.0249	1.9619
9.0325	1.9628
9.0401	1.9638
9.0477	1.9652
9.0554	1.9669
9.063	1.9689
9.0706	1.9712
9.0783	1.974
9.0859	1.9772
9.0935	1.9807
9.1011	1.9845
9.1088	1.9886
9.1164	1.993
9.124	1.9975
9.1317	2.0022
9.1393	2.007
9.1469	2.0118
9.1545	2.0164
9.1622	2.021
9.1698	2.0254
9.1774	2.0294
9.1851	2.0332
9.1927	2.0367
9.2003	2.0399
9.2079	2.0427
9.2156	2.0451
9.2232	2.047
9.2308	2.0487
9.2385	2.0499
9.2461	2.0507
9.2537	2.0511
9.2613	2.0511
9.269	2.0508
9.2766	2.05
9.2842	2.0489
9.2919	2.0475
9.2995	2.0459
9.3071	2.0439
9.3147	2.0416
9.3224	2.0392
9.33	2.0366
9.3376	2.0339
9.3453	2.0311
9.3529	2.0283
9.3605	2.0255
9.3681	2.0227
9.3758	2.0201
9.3834	2.0175
9.391	2.0151
9.3987	2.0127
9.4063	2.0106
9.4139	2.0086
9.4215	2.0067
9.4292	2.005
9.4368	2.0034
9.4444	2.0019
9.4521	2.0005
9.4597	1.9992
9.4673	1.9979
9.475	1.9966
9.4826	1.9953
9.4902	1.9939
9.4978	1.9925
9.5055	1.991
9.5131	1.9894
9.5207	1.9877
9.5284	1.9858
9.536	1.9839
9.5436	1.9819
9.5512	1.9797
9.5589	1.9775
9.5665	1.9752
9.5741	1.9729
9.5818	1.9705
9.5894	1.9681
9.597	1.9656
9.6046	1.963
9.6123	1.9605
9.6199	1.9578
9.6275	1.955
9.6352	1.9522
9.6428	1.9492
9.6504	1.9461
9.658	1.9428
9.6657	1.9394
9.6733	1.9358
9.6809	1.9322
9.6886	1.9283
9.6962	1.9244
9.7038	1.9204
9.7114	1.9163
9.7191	1.9122
9.7267	1.9081
9.7343	1.904
9.742	1.9
9.7496	1.8961
9.7572	1.8922
9.7648	1.8885
9.7725	1.8848
9.7801	1.8811
9.7877	1.8775
9.7954	1.8739
9.803	1.8702
9.8106	1.8665
9.8182	1.8627
9.8259	1.8587
9.8335	1.8546
9.8411	1.8503
9.8488	1.8458
9.8564	1.8411
9.864	1.8362
9.8716	1.8312
9.8793	1.8261
9.8869	1.8208
9.8945	1.8155
9.9022	1.8102
9.9098	1.8049
9.9174	1.7997
9.9251	1.7946
9.9327	1.7896
9.9403	1.7848
9.9479	1.7803
9.9556	1.7759
9.9632	1.7717
9.9708	1.7677
9.9785	1.7639
9.9861	1.7603
9.9937	1.7568
10.001	1.7534
10.009	1.75
10.016	1.7467
10.024	1.7434
10.031	1.74
10.039	1.7367
10.047	1.7332
10.054	1.7297
10.062	1.7261
10.07	1.7224
10.077	1.7187
10.085	1.7149
10.092	1.7111
10.1	1.7072
10.108	1.7034
10.115	1.6996
10.123	1.6959
10.131	1.6922
10.138	1.6886
10.146	1.6851
10.153	1.6817
10.161	1.6784
10.169	1.6752
10.176	1.6721
10.184	1.6691
10.192	1.6662
10.199	1.6634
10.207	1.6606
10.214	1.658
10.222	1.6554
10.23	1.6529
10.237	1.6504
10.245	1.648
10.253	1.6457
10.26	1.6434
10.268	1.6412
10.276	1.6391
10.283	1.6371
10.291	1.6351
10.298	1.6332
10.306	1.6314
10.314	1.6297
10.321	1.628
10.329	1.6264
10.337	1.6248
10.344	1.6233
10.352	1.6218
10.359	1.6204
10.367	1.6189
10.375	1.6174
10.382	1.616
10.39	1.6145
10.398	1.613
10.405	1.6114
10.413	1.6099
10.42	1.6083
10.428	1.6067
10.436	1.6051
10.443	1.6035
10.451	1.6019
10.459	1.6004
10.466	1.5988
10.474	1.5973
10.482	1.5958
10.489	1.5944
10.497	1.5931
10.504	1.5918
10.512	1.5906
10.52	1.5894
10.527	1.5884
10.535	1.5874
10.543	1.5865
10.55	1.5857
10.558	1.5849
10.565	1.5843
10.573	1.5838
10.581	1.5833
10.588	1.5829
10.596	1.5826
10.604	1.5823
10.611	1.5821
10.619	1.5819
10.626	1.5818
10.634	1.5817
10.642	1.5817
10.649	1.5816
10.657	1.5816
10.665	1.5817
10.672	1.5818
10.68	1.5819
10.687	1.5821
10.695	1.5823
10.703	1.5826
10.71	1.583
10.718	1.5834
10.726	1.5838
10.733	1.5844
10.741	1.585
10.749	1.5856
10.756	1.5862
10.764	1.5869
10.771	1.5876
10.779	1.5883
10.787	1.5889
10.794	1.5896
10.802	1.5902
10.81	1.5907
10.817	1.5912
10.825	1.5917
10.832	1.5921
10.84	1.5925
10.848	1.5928
10.855	1.593
10.863	1.5931
10.871	1.5932
10.878	1.5932
10.886	1.5931
10.893	1.593
10.901	1.5928
10.909	1.5925
10.916	1.5921
10.924	1.5917
10.932	1.5912
10.939	1.5907
10.947	1.5902
10.954	1.5898
10.962	1.5893
10.97	1.589
10.977	1.5888
10.985	1.5887
10.993	1.5888
11	1.589
11.008	1.5895
11.016	1.5902
11.023	1.5911
11.031	1.5922
11.038	1.5934
11.046	1.5949
11.054	1.5965
11.061	1.5982
11.069	1.5999
11.077	1.6018
11.084	1.6036
11.092	1.6053
11.099	1.607
11.107	1.6087
11.115	1.6102
11.122	1.6117
11.13	1.613
11.138	1.6143
11.145	1.6155
11.153	1.6166
11.16	1.6176
11.168	1.6187
11.176	1.6197
11.183	1.6206
11.191	1.6216
11.199	1.6226
11.206	1.6236
11.214	1.6246
11.221	1.6256
11.229	1.6267
11.237	1.6277
11.244	1.6287
11.252	1.6297
11.26	1.6307
11.267	1.6317
11.275	1.6327
11.283	1.6336
11.29	1.6345
11.298	1.6354
11.305	1.6362
11.313	1.637
11.321	1.6377
11.328	1.6385
11.336	1.6391
11.344	1.6397
11.351	1.6403
11.359	1.6409
11.366	1.6415
11.374	1.6421
11.382	1.6427
11.389	1.6433
11.397	1.644
11.405	1.6448
11.412	1.6456
11.42	1.6466
11.427	1.6477
11.435	1.6489
11.443	1.6503
11.45	1.6517
11.458	1.6533
11.466	1.6551
11.473	1.6568
11.481	1.6587
11.489	1.6606
11.496	1.6625
11.504	1.6643
11.511	1.6661
11.519	1.6679
11.527	1.6695
11.534	1.671
11.542	1.6723
11.55	1.6736
11.557	1.6747
11.565	1.6756
11.572	1.6765
11.58	1.6772
11.588	1.6779
11.595	1.6785
11.603	1.679
11.611	1.6795
11.618	1.68
11.626	1.6805
11.633	1.6809
11.641	1.6813
11.649	1.6818
11.656	1.6822
11.664	1.6826
11.672	1.6829
11.679	1.6832
11.687	1.6835
11.694	1.6836
11.702	1.6837
11.71	1.6837
11.717	1.6836
11.725	1.6833
11.733	1.6829
11.74	1.6825
11.748	1.6819
11.756	1.6812
11.763	1.6803
11.771	1.6795
11.778	1.6786
11.786	1.6776
11.794	1.6766
11.801	1.6757
11.809	1.6747
11.817	1.6739
11.824	1.6731
11.832	1.6725
11.839	1.6719
11.847	1.6715
11.855	1.6712
11.862	1.671
11.87	1.6709
11.878	1.6709
11.885	1.671
11.893	1.6711
11.9	1.6712
11.908	1.6713
11.916	1.6713
11.923	1.6712
11.931	1.671
11.939	1.6708
11.946	1.6703
11.954	1.6697
11.961	1.6689
11.969	1.668
11.977	1.6669
11.984	1.6657
11.992	1.6643
12	1.6629
12.007	1.6613
12.015	1.6597
12.023	1.658
12.03	1.6564
12.038	1.6547
12.045	1.6531
12.053	1.6515
12.061	1.6499
12.068	1.6485
12.076	1.6471
12.084	1.6459
12.091	1.6447
12.099	1.6437
12.106	1.6427
12.114	1.6419
12.122	1.6412
12.129	1.6406
12.137	1.6401
12.145	1.6396
12.152	1.6392
12.16	1.6389
12.167	1.6386
12.175	1.6383
12.183	1.6381
12.19	1.6379
12.198	1.6377
12.206	1.6374
12.213	1.6372
12.221	1.6369
12.229	1.6366
12.236	1.6361
12.244	1.6357
12.251	1.6351
12.259	1.6344
12.267	1.6336
12.274	1.6327
12.282	1.6316
12.29	1.6304
12.297	1.6291
12.305	1.6276
12.312	1.626
12.32	1.6244
12.328	1.6226
12.335	1.6209
12.343	1.6191
12.351	1.6173
12.358	1.6155
12.366	1.6139
12.373	1.6122
12.381	1.6107
12.389	1.6092
12.396	1.6079
12.404	1.6067
12.412	1.6055
12.419	1.6045
12.427	1.6035
12.434	1.6027
12.442	1.6019
12.45	1.6013
12.457	1.6007
12.465	1.6003
12.473	1.5999
12.48	1.5996
12.488	1.5994
12.496	1.5992
12.503	1.5991
12.511	1.5989
12.518	1.5988
12.526	1.5986
12.534	1.5982
12.541	1.5978
12.549	1.5972
12.557	1.5964
12.564	1.5954
12.572	1.5941
12.579	1.5927
12.587	1.591
12.595	1.589
12.602	1.5868
12.61	1.5845
12.618	1.582
12.625	1.5794
12.633	1.5767
12.64	1.574
12.648	1.5713
12.656	1.5686
12.663	1.566
12.671	1.5635
12.679	1.5612
12.686	1.5591
12.694	1.5572
12.701	1.5554
12.709	1.5539
12.717	1.5527
12.724	1.5517
12.732	1.5509
12.74	1.5503
12.747	1.55
12.755	1.5499
12.763	1.55
12.77	1.5502
12.778	1.5506
12.785	1.5511
12.793	1.5518
12.801	1.5526
12.808	1.5534
12.816	1.5543
12.824	1.5552
12.831	1.556
12.839	1.5568
12.846	1.5575
12.854	1.5581
12.862	1.5585
12.869	1.5588
12.877	1.5588
12.885	1.5585
12.892	1.558
12.9	1.5573
12.907	1.5562
12.915	1.5549
12.923	1.5534
12.93	1.5518
12.938	1.5499
12.946	1.5478
12.953	1.5457
12.961	1.5435
12.968	1.5413
12.976	1.5391
12.984	1.537
12.991	1.5349
12.999	1.5329
13.007	1.5312
13.014	1.5295
13.022	1.5281
13.03	1.5269
13.037	1.5258
13.045	1.5251
13.052	1.5245
13.06	1.5241
13.068	1.5239
13.075	1.5239
13.083	1.5241
13.091	1.5244
13.098	1.5248
13.106	1.5254
13.113	1.526
13.121	1.5267
13.129	1.5273
13.136	1.528
13.144	1.5285
13.152	1.5291
13.159	1.5295
13.167	1.5297
13.174	1.5298
13.182	1.5297
13.19	1.5295
13.197	1.5291
13.205	1.5285
13.213	1.5277
13.22	1.5268
13.228	1.5257
13.236	1.5245
13.243	1.5231
13.251	1.5217
13.258	1.5202
13.266	1.5187
13.274	1.5171
13.281	1.5156
13.289	1.514
13.297	1.5125
13.304	1.5111
13.312	1.5098
13.319	1.5086
13.327	1.5074
13.335	1.5064
13.342	1.5055
13.35	1.5047
13.358	1.5041
13.365	1.5035
13.373	1.503
13.38	1.5025
13.388	1.5022
13.396	1.5018
13.403	1.5014
13.411	1.5011
13.419	1.5007
13.426	1.5002
13.434	1.4996
13.441	1.4989
13.449	1.4981
13.457	1.4972
13.464	1.4961
13.472	1.495
13.48	1.4937
13.487	1.4924
13.495	1.491
13.503	1.4895
13.51	1.4881
13.518	1.4867
13.525	1.4853
13.533	1.4841
13.541	1.4829
13.548	1.4819
13.556	1.4812
13.564	1.4806
13.571	1.4801
13.579	1.4799
13.586	1.4799
13.594	1.48
13.602	1.4803
13.609	1.4808
13.617	1.4813
13.625	1.482
13.632	1.4828
13.64	1.4836
13.647	1.4845
13.655	1.4854
13.663	1.4862
13.67	1.4871
13.678	1.488
13.686	1.4888
13.693	1.4896
13.701	1.4903
13.708	1.491
13.716	1.4917
13.724	1.4924
13.731	1.493
13.739	1.4937
13.747	1.4943
13.754	1.4949
13.762	1.4956
13.77	1.4962
13.777	1.4969
13.785	1.4975
13.792	1.4982
13.8	1.4988
13.808	1.4995
13.815	1.5
13.823	1.5006
13.831	1.501
13.838	1.5014
13.846	1.5016
13.853	1.5017
13.861	1.5017
13.869	1.5015
13.876	1.501
13.884	1.5004
13.892	1.4996
13.899	1.4985
13.907	1.4972
13.914	1.4957
13.922	1.494
13.93	1.4922
13.937	1.4902
13.945	1.4881
13.953	1.4859
13.96	1.4837
13.968	1.4815
13.976	1.4794
13.983	1.4774
13.991	1.4756
13.998	1.474
14.006	1.4728
14.014	1.4719
14.021	1.4713
14.029	1.4711
14.037	1.4713
14.044	1.472
14.052	1.4732
14.059	1.4747
14.067	1.4766
14.075	1.479
14.082	1.4818
14.09	1.4848
14.098	1.4881
14.105	1.4918
14.113	1.4956
14.12	1.4995
14.128	1.5036
14.136	1.5078
14.143	1.512
14.151	1.5162
14.159	1.5204
14.166	1.5246
14.174	1.5286
14.181	1.5327
14.189	1.5366
14.197	1.5405
14.204	1.5442
14.212	1.5479
14.22	1.5514
14.227	1.5549
14.235	1.5582
14.243	1.5615
14.25	1.5646
14.258	1.5677
14.265	1.5706
14.273	1.5735
14.281	1.5763
14.288	1.579
14.296	1.5817
14.304	1.5843
14.311	1.5869
14.319	1.5895
14.326	1.5921
14.334	1.5947
14.342	1.5974
14.349	1.6001
14.357	1.6028
14.365	1.6057
14.372	1.6086
14.38	1.6117
14.387	1.6148
14.395	1.6181
14.403	1.6215
14.41	1.625
14.418	1.6286
14.426	1.6324
14.433	1.6363
14.441	1.6403
14.448	1.6445
14.456	1.6488
14.464	1.6532
14.471	1.6576
14.479	1.6622
14.487	1.6668
14.494	1.6714
14.502	1.676
14.51	1.6805
14.517	1.685
14.525	1.6892
14.532	1.6933
14.54	1.6972
14.548	1.7008
14.555	1.704
14.563	1.7069
14.571	1.7095
14.578	1.7117
14.586	1.7135
14.593	1.7149
14.601	1.716
14.609	1.7168
14.616	1.7172
14.624	1.7174
14.632	1.7174
14.639	1.7172
14.647	1.7169
14.654	1.7166
14.662	1.7163
14.67	1.716
14.677	1.7158
14.685	1.7157
14.693	1.7157
14.7	1.7158
14.708	1.7161
14.715	1.7166
14.723	1.7173
14.731	1.718
14.738	1.7189
14.746	1.72
14.754	1.7211
14.761	1.7223
14.769	1.7235
14.777	1.7248
14.784	1.7261
14.792	1.7274
14.799	1.7287
14.807	1.7299
14.815	1.731
14.822	1.732
14.83	1.733
14.838	1.7338
14.845	1.7345
14.853	1.735
14.86	1.7354
14.868	1.7357
14.876	1.7357
14.883	1.7357
14.891	1.7355
14.899	1.7351
14.906	1.7346
14.914	1.7339
14.921	1.7331
14.929	1.7322
14.937	1.7311
14.944	1.7299
14.952	1.7287
14.96	1.7273
14.967	1.7259
14.975	1.7244
14.983	1.723
14.99	1.7215
14.998	1.72
15.005	1.7187
15.013	1.7174
15.021	1.7161
15.028	1.715
15.036	1.7141
15.044	1.7133
15.051	1.7126
15.059	1.712
15.066	1.7117
15.074	1.7114
15.082	1.7113
15.089	1.7112
15.097	1.7112
15.105	1.7112
15.112	1.7112
15.12	1.7111
15.127	1.711
15.135	1.7107
15.143	1.7104
15.15	1.7099
15.158	1.7093
15.166	1.7085
15.173	1.7076
15.181	1.7066
15.188	1.7055
15.196	1.7042
15.204	1.703
15.211	1.7017
15.219	1.7005
15.227	1.6993
15.234	1.6981
15.242	1.697
15.25	1.696
15.257	1.695
15.265	1.6941
15.272	1.6933
15.28	1.6925
15.288	1.6917
15.295	1.6909
15.303	1.6901
15.311	1.6892
15.318	1.6882
15.326	1.687
15.333	1.6858
15.341	1.6844
15.349	1.6829
15.356	1.6812
15.364	1.6794
15.372	1.6774
15.379	1.6754
15.387	1.6732
15.394	1.6709
15.402	1.6685
15.41	1.6661
15.417	1.6636
15.425	1.6611
15.433	1.6586
15.44	1.656
15.448	1.6534
15.455	1.6508
15.463	1.6483
15.471	1.6457
15.478	1.6431
15.486	1.6406
15.494	1.638
15.501	1.6355
15.509	1.6331
15.517	1.6307
15.524	1.6283
15.532	1.626
15.539	1.6238
15.547	1.6217
15.555	1.6196
15.562	1.6177
15.57	1.6159
15.578	1.6141
15.585	1.6126
15.593	1.6111
15.6	1.6097
15.608	1.6083
15.616	1.6071
15.623	1.606
15.631	1.6049
15.639	1.6039
15.646	1.6029
15.654	1.6019
15.661	1.601
15.669	1.6
15.677	1.5991
15.684	1.5981
15.692	1.5971
15.7	1.5961
15.707	1.595
15.715	1.5939
15.722	1.5928
15.73	1.5916
15.738	1.5904
15.745	1.5891
15.753	1.5878
15.761	1.5865
15.768	1.5851
15.776	1.5836
15.784	1.5821
15.791	1.5806
15.799	1.579
15.806	1.5774
15.814	1.5758
15.822	1.5742
15.829	1.5725
15.837	1.5708
15.845	1.569
15.852	1.5673
15.86	1.5655
15.867	1.5637
15.875	1.5619
15.883	1.5601
15.89	1.5583
15.898	1.5565
15.906	1.5547
15.913	1.553
15.921	1.5514
15.928	1.5499
15.936	1.5484
15.944	1.5471
15.951	1.5459
15.959	1.5449
15.967	1.544
15.974	1.5434
15.982	1.5428
15.99	1.5424
15.997	1.5421
16.005	1.542
16.012	1.5419
16.02	1.5418
16.028	1.5418
16.035	1.5417
16.043	1.5416
16.051	1.5414
16.058	1.5411
16.066	1.5407
16.073	1.5401
16.081	1.5394
16.089	1.5386
16.096	1.5375
16.104	1.5364
16.112	1.5351
16.119	1.5337
16.127	1.5322
16.134	1.5305
16.142	1.5288
16.15	1.527
16.157	1.5251
16.165	1.5232
16.173	1.5213
16.18	1.5193
16.188	1.5172
16.195	1.5152
16.203	1.5131
16.211	1.5111
16.218	1.5091
16.226	1.5071
16.234	1.5052
16.241	1.5033
16.249	1.5015
16.257	1.4998
16.264	1.4983
16.272	1.4968
16.279	1.4955
16.287	1.4943
16.295	1.4933
16.302	1.4924
16.31	1.4916
16.318	1.4909
16.325	1.4903
16.333	1.4899
16.34	1.4894
16.348	1.4891
16.356	1.4887
16.363	1.4884
16.371	1.4881
16.379	1.4878
16.386	1.4875
16.394	1.4872
16.401	1.4868
16.409	1.4865
16.417	1.4861
16.424	1.4856
16.432	1.4852
16.44	1.4847
16.447	1.4842
16.455	1.4836
16.463	1.4829
16.47	1.4823
16.478	1.4815
16.485	1.4807
16.493	1.4799
16.501	1.479
16.508	1.478
16.516	1.477
16.524	1.4759
16.531	1.4749
16.539	1.4738
16.546	1.4728
16.554	1.4718
16.562	1.4708
16.569	1.4699
16.577	1.4691
16.585	1.4685
16.592	1.4679
16.6	1.4674
16.607	1.4671
16.615	1.4669
16.623	1.4668
16.63	1.4668
16.638	1.4669
16.646	1.4671
16.653	1.4674
16.661	1.4677
16.668	1.4679
16.676	1.4682
16.684	1.4684
16.691	1.4685
16.699	1.4685
16.707	1.4684
16.714	1.4682
16.722	1.4677
16.73	1.4672
16.737	1.4664
16.745	1.4655
16.752	1.4644
16.76	1.4632
16.768	1.4619
16.775	1.4605
16.783	1.459
16.791	1.4575
16.798	1.456
16.806	1.4545
16.813	1.4531
16.821	1.4518
16.829	1.4507
16.836	1.4497
16.844	1.4489
16.852	1.4482
16.859	1.4477
16.867	1.4474
16.874	1.4473
16.882	1.4473
16.89	1.4474
16.897	1.4476
16.905	1.4479
16.913	1.4482
16.92	1.4485
16.928	1.4488
16.935	1.4491
16.943	1.4492
16.951	1.4493
16.958	1.4493
16.966	1.4492
16.974	1.449
16.981	1.4486
16.989	1.4482
16.997	1.4477
17.004	1.4471
17.012	1.4464
17.019	1.4457
17.027	1.445
17.035	1.4443
17.042	1.4435
17.05	1.4428
17.058	1.4421
17.065	1.4414
17.073	1.4407
17.08	1.4401
17.088	1.4395
17.096	1.439
17.103	1.4384
17.111	1.438
17.119	1.4375
17.126	1.4371
17.134	1.4367
17.141	1.4363
17.149	1.436
17.157	1.4357
17.164	1.4354
17.172	1.4351
17.18	1.4348
17.187	1.4345
17.195	1.4342
17.203	1.4339
17.21	1.4335
17.218	1.4331
17.225	1.4327
17.233	1.4322
17.241	1.4316
17.248	1.431
17.256	1.4302
17.264	1.4295
17.271	1.4286
17.279	1.4277
17.286	1.4267
17.294	1.4257
17.302	1.4247
17.309	1.4236
17.317	1.4224
17.325	1.4212
17.332	1.42
17.34	1.4188
17.347	1.4175
17.355	1.4161
17.363	1.4147
17.37	1.4133
17.378	1.4118
17.386	1.4102
17.393	1.4086
17.401	1.4069
17.408	1.4052
17.416	1.4035
17.424	1.4018
17.431	1.4001
17.439	1.3984
17.447	1.3968
17.454	1.3952
17.462	1.3937
17.47	1.3923
17.477	1.391
17.485	1.3899
17.492	1.3888
17.5	1.3879
17.508	1.3871
17.515	1.3864
17.523	1.3858
17.531	1.3853
17.538	1.3849
17.546	1.3845
17.553	1.3842
17.561	1.384
17.569	1.3838
17.576	1.3836
17.584	1.3835
17.592	1.3833
17.599	1.3832
17.607	1.3831
17.614	1.3829
17.622	1.3827
17.63	1.3825
17.637	1.3822
17.645	1.382
17.653	1.3817
17.66	1.3814
17.668	1.381
17.675	1.3807
17.683	1.3804
17.691	1.3801
17.698	1.3798
17.706	1.3796
17.714	1.3795
17.721	1.3794
17.729	1.3794
17.737	1.3795
17.744	1.3796
17.752	1.3799
17.759	1.3802
17.767	1.3806
17.775	1.381
17.782	1.3814
17.79	1.3819
17.798	1.3824
17.805	1.3828
17.813	1.3832
17.82	1.3835
17.828	1.3838
17.836	1.3839
17.843	1.384
17.851	1.3839
17.859	1.3838
17.866	1.3835
17.874	1.3831
17.881	1.3826
17.889	1.382
17.897	1.3814
17.904	1.3807
17.912	1.3801
17.92	1.3794
17.927	1.3788
17.935	1.3782
17.942	1.3777
17.95	1.3772
17.958	1.3768
17.965	1.3764
17.973	1.3761
17.981	1.3758
17.988	1.3755
17.996	1.3753
18.004	1.375
18.011	1.3746
18.019	1.3743
18.026	1.3738
18.034	1.3733
18.042	1.3727
18.049	1.3721
18.057	1.3714
18.065	1.3706
18.072	1.3699
18.08	1.3691
18.087	1.3683
18.095	1.3676
18.103	1.3668
18.11	1.3661
18.118	1.3654
18.126	1.3648
18.133	1.3643
18.141	1.3637
18.148	1.3632
18.156	1.3626
18.164	1.3621
18.171	1.3615
18.179	1.3609
18.187	1.3602
18.194	1.3595
18.202	1.3587
18.21	1.3578
18.217	1.3569
18.225	1.3559
18.232	1.3549
18.24	1.3539
18.248	1.3528
18.255	1.3519
18.263	1.3509
18.271	1.35
18.278	1.3492
18.286	1.3486
18.293	1.3481
18.301	1.3477
18.309	1.3474
18.316	1.3474
18.324	1.3474
18.332	1.3476
18.339	1.3478
18.347	1.3482
18.354	1.3486
18.362	1.349
18.37	1.3494
18.377	1.3498
18.385	1.3501
18.393	1.3503
18.4	1.3504
18.408	1.3504
18.415	1.3501
18.423	1.3497
18.431	1.3491
18.438	1.3483
18.446	1.3472
18.454	1.3459
18.461	1.3444
18.469	1.3427
18.477	1.3408
18.484	1.3387
18.492	1.3364
18.499	1.334
18.507	1.3315
18.515	1.3288
18.522	1.3261
18.53	1.3234
18.538	1.3206
18.545	1.3178
18.553	1.3151
18.56	1.3124
18.568	1.3097
18.576	1.3071
18.583	1.3046
18.591	1.3022
18.599	1.2999
18.606	1.2976
18.614	1.2955
18.621	1.2934
18.629	1.2913
18.637	1.2893
18.644	1.2873
18.652	1.2854
18.66	1.2834
18.667	1.2814
18.675	1.2793
18.682	1.2772
18.69	1.275
18.698	1.2727
18.705	1.2703
18.713	1.2678
18.721	1.2651
18.728	1.2624
18.736	1.2596
18.744	1.2567
18.751	1.2537
18.759	1.2507
18.766	1.2477
18.774	1.2446
18.782	1.2416
18.789	1.2387
18.797	1.2358
18.805	1.233
18.812	1.2302
18.82	1.2276
18.827	1.2251
18.835	1.2226
18.843	1.2203
18.85	1.2181
18.858	1.216
18.866	1.214
18.873	1.212
18.881	1.2101
18.888	1.2083
18.896	1.2066
18.904	1.205
18.911	1.2034
18.919	1.2019
18.927	1.2005
18.934	1.1992
18.942	1.198
18.949	1.1968
18.957	1.1958
18.965	1.1948
18.972	1.194
18.98	1.1932
18.988	1.1924
18.995	1.1917
19.003	1.191
19.011	1.1903
19.018	1.1896
19.026	1.1889
19.033	1.1881
19.041	1.1872
19.049	1.1864
19.056	1.1854
19.064	1.1844
19.072	1.1833
19.079	1.1823
19.087	1.1812
19.094	1.18
19.102	1.1789
19.11	1.1778
19.117	1.1767
19.125	1.1756
19.133	1.1746
19.14	1.1736
19.148	1.1726
19.155	1.1715
19.163	1.1705
19.171	1.1695
19.178	1.1684
19.186	1.1673
19.194	1.1661
19.201	1.1649
19.209	1.1636
19.217	1.1623
19.224	1.1609
19.232	1.1595
19.239	1.158
19.247	1.1565
19.255	1.155
19.262	1.1534
19.27	1.1519
19.278	1.1503
19.285	1.1488
19.293	1.1473
19.3	1.1459
19.308	1.1444
19.316	1.143
19.323	1.1415
19.331	1.1401
19.339	1.1387
19.346	1.1373
19.354	1.1359
19.361	1.1345
19.369	1.1331
19.377	1.1317
19.384	1.1302
19.392	1.1288
19.4	1.1273
19.407	1.1259
19.415	1.1245
19.422	1.123
19.43	1.1216
19.438	1.1202
19.445	1.1188
19.453	1.1174
19.461	1.1161
19.468	1.1148
19.476	1.1135
19.484	1.1123
19.491	1.1111
19.499	1.1099
19.506	1.1088
19.514	1.1078
19.522	1.1068
19.529	1.1058
19.537	1.1049
19.545	1.104
19.552	1.1031
19.56	1.1023
19.567	1.1015
19.575	1.1007
19.583	1.0999
19.59	1.0991
19.598	1.0982
19.606	1.0973
19.613	1.0964
19.621	1.0955
19.628	1.0945
19.636	1.0934
19.644	1.0922
19.651	1.091
19.659	1.0897
19.667	1.0884
19.674	1.0869
19.682	1.0854
19.689	1.0839
19.697	1.0823
19.705	1.0808
19.712	1.0792
19.72	1.0776
19.728	1.076
19.735	1.0745
19.743	1.0731
19.751	1.0717
19.758	1.0704
19.766	1.0692
19.773	1.0681
19.781	1.0671
19.789	1.0662
19.796	1.0654
19.804	1.0646
19.812	1.0639
19.819	1.0633
19.827	1.0626
19.834	1.0621
19.842	1.0615
19.85	1.0609
19.857	1.0604
19.865	1.0598
19.873	1.0592
19.88	1.0586
19.888	1.058
19.895	1.0574
19.903	1.0568
19.911	1.0562
19.918	1.0557
19.926	1.0551
19.934	1.0546
19.941	1.0541
19.949	1.0536
19.957	1.0532
19.964	1.0528
19.972	1.0524
19.979	1.0521
19.987	1.0518
19.995	1.0516
20.002	1.0514
20.01	1.0512
20.018	1.051
20.025	1.0508
20.033	1.0506
20.04	1.0504
20.048	1.0502
20.056	1.0499
20.063	1.0495
20.071	1.0491
20.079	1.0485
20.086	1.0479
20.094	1.0472
20.101	1.0465
20.109	1.0456
20.117	1.0447
20.124	1.0437
20.132	1.0427
20.14	1.0416
20.147	1.0406
20.155	1.0395
20.162	1.0385
20.17	1.0376
20.178	1.0366
20.185	1.0357
20.193	1.0349
20.201	1.0342
20.208	1.0335
20.216	1.0329
20.224	1.0324
20.231	1.0319
20.239	1.0314
20.246	1.0311
20.254	1.0307
20.262	1.0304
20.269	1.0302
20.277	1.0299
20.285	1.0297
20.292	1.0295
20.3	1.0293
20.307	1.0291
20.315	1.029
20.323	1.0288
20.33	1.0286
20.338	1.0285
20.346	1.0283
20.353	1.0281
20.361	1.0279
20.368	1.0277
20.376	1.0275
20.384	1.0271
20.391	1.0268
20.399	1.0263
20.407	1.0258
20.414	1.0252
20.422	1.0246
20.429	1.0239
20.437	1.0231
20.445	1.0222
20.452	1.0213
20.46	1.0203
20.468	1.0193
20.475	1.0183
20.483	1.0173
20.491	1.0163
20.498	1.0153
20.506	1.0144
20.513	1.0135
20.521	1.0126
20.529	1.0118
20.536	1.0111
20.544	1.0105
20.552	1.0099
20.559	1.0094
20.567	1.0089
20.574	1.0084
20.582	1.008
20.59	1.0075
20.597	1.0071
20.605	1.0066
20.613	1.0061
20.62	1.0055
20.628	1.0049
20.635	1.0042
20.643	1.0035
20.651	1.0027
20.658	1.0019
20.666	1.001
20.674	1.0001
20.681	.9992
20.689	.99827
20.697	.99735
20.704	.99644
20.712	.99557
20.719	.99472
20.727	.99392
20.735	.99318
20.742	.99247
20.75	.99181
20.758	.9912
20.765	.99065
20.773	.99013
20.78	.98966
20.788	.98922
20.796	.98885
20.803	.98851
20.811	.98821
20.819	.98796
20.826	.98776
20.834	.98762
20.841	.98752
20.849	.98747
20.857	.98748
20.864	.98754
20.872	.98764
20.88	.98777
20.887	.98794
20.895	.98814
20.902	.98835
20.91	.98857
20.918	.98878
20.925	.98898
20.933	.98916
20.941	.98931
20.948	.98944
20.956	.98952
20.964	.98956
20.971	.98957
20.979	.98955
20.986	.98949
20.994	.98939
21.002	.98928
21.009	.98914
21.017	.98899
21.025	.98884
21.032	.98868
21.04	.98852
21.047	.98836
21.055	.98822
21.063	.98809
21.07	.98797
21.078	.98786
21.086	.98777
21.093	.98769
21.101	.98761
21.108	.98753
21.116	.98745
21.124	.98736
21.131	.98725
21.139	.98711
21.147	.98695
21.154	.98674
21.162	.9865
21.169	.98622
21.177	.9859
21.185	.98553
21.192	.98513
21.2	.9847
21.208	.98426
21.215	.9838
21.223	.98334
21.231	.98289
21.238	.98246
21.246	.98208
21.253	.98174
21.261	.98145
21.269	.98122
21.276	.98107
21.284	.981
21.292	.98101
21.299	.9811
21.307	.98128
21.314	.98156
21.322	.98192
21.33	.98236
21.337	.98288
21.345	.98349
21.353	.98417
21.36	.9849
21.368	.98568
21.375	.9865
21.383	.98734
21.391	.98817
21.398	.989
21.406	.98978
21.414	.99051
21.421	.99116
21.429	.99173
21.436	.99217
21.444	.99248
21.452	.99265
21.459	.9927
21.467	.99259
21.475	.99229
21.482	.99187
21.49	.99131
21.498	.99063
21.505	.98979
21.513	.98887
21.52	.98787
21.528	.98681
21.536	.98569
21.543	.98456
21.551	.98342
21.559	.98231
21.566	.98124
21.574	.98025
21.581	.97933
21.589	.9785
21.597	.9778
21.604	.97725
21.612	.97683
21.62	.97654
21.627	.9764
21.635	.97645
21.642	.97664
21.65	.97695
21.658	.97738
21.665	.97796
21.673	.97861
21.681	.97932
21.688	.98008
21.696	.98086
21.704	.98162
21.711	.98235
21.719	.98303
21.726	.98363
21.734	.98413
21.742	.98455
21.749	.98488
21.757	.98511
21.765	.98524
21.772	.98529
21.78	.98529
21.787	.98525
21.795	.98517
21.803	.98508
21.81	.98499
21.818	.98492
21.826	.98488
21.833	.98488
21.841	.9849
21.848	.98496
21.856	.98504
21.864	.98514
21.871	.98524
21.879	.98533
21.887	.98541
21.894	.98545
21.902	.98545
21.909	.98542
21.917	.98534
21.925	.9852
21.932	.98503
21.94	.98483
21.948	.98461
21.955	.98438
21.963	.98416
21.971	.98396
21.978	.98378
21.986	.98365
21.993	.98357
22.001	.98353
22.009	.98353
22.016	.98359
22.024	.98367
22.032	.98378
22.039	.9839
22.047	.984
22.054	.98408
22.062	.98411
22.07	.98409
22.077	.98401
22.085	.98381
22.093	.98353
22.1	.98317
22.108	.98271
22.115	.98213
22.123	.98146
22.131	.98072
22.138	.97992
22.146	.97905
22.154	.97813
22.161	.9772
22.169	.97626
22.176	.97532
22.184	.9744
22.192	.97351
22.199	.97266
22.207	.97186
22.215	.97113
22.222	.97046
22.23	.96985
22.238	.96931
22.245	.96886
22.253	.96848
22.26	.96816
22.268	.9679
22.276	.96774
22.283	.96764
22.291	.9676
22.299	.96762
22.306	.9677
22.314	.96784
22.321	.96802
22.329	.96823
22.337	.96848
22.344	.96875
22.352	.96902
22.36	.96929
22.367	.96956
22.375	.9698
22.382	.97002
22.39	.97021
22.398	.97037
22.405	.97048
22.413	.97054
22.421	.97056
22.428	.97055
22.436	.97047
22.443	.97036
22.451	.97021
22.459	.97002
22.466	.96979
22.474	.96953
22.482	.96924
22.489	.96892
22.497	.96858
22.505	.96821
22.512	.96782
22.52	.96742
22.527	.967
22.535	.96657
22.543	.96613
22.55	.96568
22.558	.96523
22.566	.96478
22.573	.96433
22.581	.96389
22.588	.96347
22.596	.96307
22.604	.9627
22.611	.96236
22.619	.96207
22.627	.96183
22.634	.96166
22.642	.96155
22.649	.96151
22.657	.96155
22.665	.96168
22.672	.9619
22.68	.96219
22.688	.96255
22.695	.96302
22.703	.96355
22.711	.96413
22.718	.96477
22.726	.96547
22.733	.9662
22.741	.96695
22.749	.96771
22.756	.96847
22.764	.96923
22.772	.96996
22.779	.97067
22.787	.97134
22.794	.97196
22.802	.97255
22.81	.97309
22.817	.97359
22.825	.97404
22.833	.97446
22.84	.97484
22.848	.9752
22.855	.97554
22.863	.97586
22.871	.97617
22.878	.97648
22.886	.97679
22.894	.97711
22.901	.97742
22.909	.97773
22.916	.97804
22.924	.97833
22.932	.97861
22.939	.97887
22.947	.9791
22.955	.97928
22.962	.97941
22.97	.97949
22.978	.97951
22.985	.97945
22.993	.97933
23	.97914
23.008	.97889
23.016	.97855
23.023	.97815
23.031	.97769
23.039	.97718
23.046	.9766
23.054	.97597
23.061	.9753
23.069	.97459
23.077	.97383
23.084	.97304
23.092	.97221
23.1	.97135
23.107	.97045
23.115	.96952
23.122	.96855
23.13	.96756
23.138	.96655
23.145	.96551
23.153	.96447
23.161	.96342
23.168	.96238
23.176	.96136
23.183	.96039
23.191	.95946
23.199	.9586
23.206	.95784
23.214	.9572
23.222	.95667
23.229	.95627
23.237	.95601
23.245	.95594
23.252	.95602
23.26	.95624
23.267	.9566
23.275	.95714
23.283	.95779
23.29	.95853
23.298	.95935
23.306	.96024
23.313	.96115
23.321	.96206
23.328	.96295
23.336	.96378
23.344	.96454
23.351	.96521
23.359	.96578
23.367	.96624
23.374	.96656
23.382	.96677
23.389	.96688
23.397	.96687
23.405	.96674
23.412	.96654
23.42	.96627
23.428	.96595
23.435	.96556
23.443	.96514
23.451	.9647
23.458	.96425
23.466	.96378
23.473	.96332
23.481	.96286
23.489	.96241
23.496	.96197
23.504	.96153
23.512	.96111
23.519	.96069
23.527	.96029
23.534	.9599
23.542	.95953
23.55	.95918
23.557	.95885
23.565	.95856
23.573	.9583
23.58	.95809
23.588	.95792
23.595	.95783
23.603	.95781
23.611	.95785
23.618	.95796
23.626	.95816
23.634	.95844
23.641	.95878
23.649	.95919
23.656	.95966
23.664	.96018
23.672	.96073
23.679	.96129
23.687	.96185
23.695	.96239
23.702	.96289
23.71	.96333
23.718	.96371
23.725	.96396
23.733	.96412
23.74	.96417
23.748	.96411
23.756	.9639
23.763	.96358
23.771	.96316
23.779	.96265
23.786	.96205
23.794	.96138
23.801	.96067
23.809	.95994
23.817	.95921
23.824	.95849
23.832	.95782
23.84	.95719
23.847	.95662
23.855	.95615
23.862	.95575
23.87	.95544
23.878	.95519
23.885	.95506
23.893	.95501
23.901	.95502
23.908	.9551
23.916	.95525
23.923	.95546
23.931	.95571
23.939	.956
23.946	.95633
23.954	.95669
23.962	.95707
23.969	.95745
23.977	.95785
23.985	.95823
23.992	.95861
24	.95896
24.007	.9593
24.015	.95959
24.023	.95984
24.03	.96005
24.038	.96021
24.046	.9603
24.053	.96034
24.061	.96033
24.068	.96027
24.076	.96015
24.084	.95999
24.091	.95979
24.099	.95956
24.107	.95931
24.114	.95904
24.122	.95877
24.129	.9585
24.137	.95823
24.145	.95799
24.152	.95778
24.16	.95758
24.168	.95741
24.175	.95728
24.183	.95718
24.19	.9571
24.198	.95705
24.206	.95703
24.213	.95703
24.221	.95705
24.229	.95708
24.236	.95713
24.244	.95719
24.252	.95725
24.259	.95733
24.267	.95741
24.274	.95751
24.282	.95761
24.29	.95772
24.297	.95785
24.305	.958
24.313	.95818
24.32	.95839
24.328	.95863
24.335	.95892
24.343	.95927
24.351	.95968
24.358	.96014
24.366	.96068
24.374	.9613
24.381	.96198
24.389	.96273
24.396	.96356
24.404	.96445
24.412	.96539
24.419	.96637
24.427	.96738
24.435	.96842
24.442	.96946
24.45	.97049
24.458	.97152
24.465	.97251
24.473	.97347
24.48	.9744
24.488	.9753
24.496	.97615
24.503	.97696
24.511	.97775
24.519	.9785
24.526	.97922
24.534	.97992
24.541	.98059
24.549	.98125
24.557	.98187
24.564	.98248
24.572	.98305
24.58	.9836
24.587	.98411
24.595	.98457
24.602	.98498
24.61	.98535
24.618	.98566
24.625	.9859
24.633	.98606
24.641	.98617
24.648	.98621
24.656	.98618
24.663	.98607
24.671	.98591
24.679	.9857
24.686	.98543
24.694	.98512
24.702	.98477
24.709	.9844
24.717	.98401
24.725	.9836
24.732	.98319
24.74	.98278
24.747	.98238
24.755	.982
24.763	.98165
24.77	.98133
24.778	.98104
24.786	.98082
24.793	.98065
24.801	.98055
24.808	.9805
24.816	.98055
24.824	.98069
24.831	.98092
24.839	.98122
24.847	.98162
24.854	.98212
24.862	.98269
24.869	.98332
24.877	.98401
24.885	.98474
24.892	.98549
24.9	.98624
24.908	.98698
24.915	.98766
24.923	.98828
24.93	.98883
24.938	.98931
24.946	.98966
24.953	.9899
24.961	.99004
24.969	.99008
24.976	.99
24.984	.98982
24.992	.98957
24.999	.98926
25.007	.98888
25.014	.98846
25.022	.98802
25.03	.98756
25.037	.9871
25.045	.98666
25.053	.98623
25.06	.98583
25.068	.98546
25.075	.98513
25.083	.98485
25.091	.9846
25.098	.9844
25.106	.98425
25.114	.98415
25.121	.9841
25.129	.9841
25.136	.98415
25.144	.98427
25.152	.98444
25.159	.98466
25.167	.98493
25.175	.98527
25.182	.98566
25.19	.9861
25.197	.98659
25.205	.98714
25.213	.98773
25.22	.98837
25.228	.98905
25.236	.98978
25.243	.99055
25.251	.99136
25.259	.9922
25.266	.99309
25.274	.99401
25.281	.99495
25.289	.99592
25.297	.99692
25.304	.99792
25.312	.99894
25.32	.99995
25.327	1.0009
25.335	1.0019
25.342	1.0029
25.35	1.0038
25.358	1.0047
25.365	1.0055
25.373	1.0063
25.381	1.007
25.388	1.0077
25.396	1.0083
25.403	1.0089
25.411	1.0094
25.419	1.0099
25.426	1.0104
25.434	1.0108
25.442	1.0112
25.449	1.0117
25.457	1.0122
25.465	1.0127
25.472	1.0133
25.48	1.014
25.487	1.0147
25.495	1.0155
25.503	1.0164
25.51	1.0174
25.518	1.0183
25.526	1.0194
25.533	1.0204
25.541	1.0214
25.548	1.0223
25.556	1.0232
25.564	1.024
25.571	1.0247
25.579	1.0254
25.587	1.0259
25.594	1.0262
25.602	1.0265
25.609	1.0266
25.617	1.0267
25.625	1.0266
25.632	1.0265
25.64	1.0263
25.648	1.0261
25.655	1.0258
25.663	1.0256
25.67	1.0254
25.678	1.0252
25.686	1.0251
25.693	1.0251
25.701	1.0251
25.709	1.0252
25.716	1.0254
25.724	1.0257
25.732	1.0261
25.739	1.0266
25.747	1.0271
25.754	1.0278
25.762	1.0285
25.77	1.0292
25.777	1.03
25.785	1.0308
25.793	1.0317
25.8	1.0325
25.808	1.0333
25.815	1.0341
25.823	1.0348
25.831	1.0355
25.838	1.0361
25.846	1.0366
25.854	1.0371
25.861	1.0375
25.869	1.0378
25.876	1.038
25.884	1.0381
25.892	1.0382
25.899	1.0382
25.907	1.0382
25.915	1.0381
25.922	1.0381
25.93	1.038
25.937	1.0379
25.945	1.0378
25.953	1.0378
25.96	1.0378
25.968	1.0379
25.976	1.038
25.983	1.0382
25.991	1.0384
25.999	1.0387
26.006	1.039
26.014	1.0394
26.021	1.0399
26.029	1.0404
26.037	1.0409
26.044	1.0415
26.052	1.0421
26.06	1.0427
26.067	1.0434
26.075	1.044
26.082	1.0447
26.09	1.0454
26.098	1.046
26.105	1.0467
26.113	1.0474
26.121	1.0481
26.128	1.0488
26.136	1.0495
26.143	1.0502
26.151	1.0509
26.159	1.0516
26.166	1.0523
26.174	1.053
26.182	1.0537
26.189	1.0545
26.197	1.0552
26.205	1.0559
26.212	1.0566
26.22	1.0573
26.227	1.058
26.235	1.0587
26.243	1.0593
26.25	1.0599
26.258	1.0604
26.266	1.0609
26.273	1.0613
26.281	1.0616
26.288	1.0619
26.296	1.0621
26.304	1.0622
26.311	1.0623
26.319	1.0623
26.327	1.0623
26.334	1.0622
26.342	1.0621
26.349	1.0619
26.357	1.0617
26.365	1.0616
26.372	1.0614
26.38	1.0612
26.388	1.0609
26.395	1.0607
26.403	1.0605
26.41	1.0602
26.418	1.0599
26.426	1.0595
26.433	1.0591
26.441	1.0586
26.449	1.0581
26.456	1.0575
26.464	1.0569
26.472	1.0561
26.479	1.0554
26.487	1.0545
26.494	1.0536
26.502	1.0526
26.51	1.0516
26.517	1.0506
26.525	1.0495
26.533	1.0484
26.54	1.0472
26.548	1.046
26.555	1.0448
26.563	1.0436
26.571	1.0423
26.578	1.0409
26.586	1.0396
26.594	1.0382
26.601	1.0367
26.609	1.0352
26.616	1.0336
26.624	1.032
26.632	1.0303
26.639	1.0285
26.647	1.0267
26.655	1.0248
26.662	1.0229
26.67	1.021
26.677	1.019
26.685	1.017
26.693	1.015
26.7	1.013
26.708	1.011
26.716	1.009
26.723	1.007
26.731	1.005
26.739	1.003
26.746	1.0011
26.754	.99924
26.761	.99736
26.769	.99551
26.777	.99367
26.784	.99186
26.792	.99006
26.8	.98827
26.807	.98648
26.815	.9847
26.822	.9829
26.83	.98111
26.838	.9793
26.845	.97748
26.853	.97565
26.861	.9738
26.868	.97194
26.876	.97006
26.883	.96816
26.891	.96624
26.899	.9643
26.906	.96233
26.914	.96034
26.922	.95831
26.929	.95625
26.937	.95416
26.944	.95203
26.952	.94987
26.96	.94768
26.967	.94547
26.975	.94323
26.983	.94099
26.99	.93876
26.998	.93654
27.006	.93435
27.013	.93221
27.021	.93013
27.028	.9281
27.036	.92616
27.044	.92432
27.051	.92256
27.059	.92088
27.067	.9193
27.074	.91782
27.082	.91642
27.089	.91508
27.097	.91381
27.105	.9126
27.112	.91144
27.12	.9103
27.128	.90919
27.135	.90811
27.143	.90703
27.15	.90597
27.158	.90491
27.166	.90385
27.173	.9028
27.181	.90174
27.189	.90068
27.196	.89961
27.204	.89854
27.212	.89744
27.219	.89634
27.227	.89521
27.234	.89404
27.242	.89283
27.25	.89159
27.257	.8903
27.265	.88894
27.273	.88753
27.28	.88606
27.288	.88454
27.295	.88296
27.303	.88131
27.311	.87963
27.318	.8779
27.326	.87613
27.334	.87432
27.341	.87249
27.349	.87063
27.356	.86875
27.364	.86685
27.372	.86492
27.379	.86298
27.387	.86101
27.395	.85901
27.402	.85699
27.41	.85494
27.417	.85288
27.425	.85079
27.433	.84868
27.44	.84657
27.448	.84446
27.456	.84237
27.463	.8403
27.471	.83826
27.479	.83627
27.486	.83434
27.494	.83249
27.501	.83072
27.509	.82903
27.517	.82743
27.524	.82596
27.532	.82459
27.54	.82331
27.547	.82213
27.555	.82108
27.562	.82013
27.57	.81925
27.578	.81846
27.585	.81776
27.593	.81713
27.601	.81653
27.608	.81598
27.616	.81545
27.623	.81492
27.631	.81439
27.639	.81383
27.646	.81323
27.654	.81257
27.662	.81186
27.669	.81108
27.677	.81024
27.684	.80931
27.692	.80831
27.7	.80726
27.707	.80615
27.715	.80499
27.723	.80379
27.73	.80257
27.738	.80134
27.746	.8001
27.753	.79888
27.761	.79766
27.768	.79646
27.776	.79528
27.784	.79412
27.791	.79297
27.799	.79183
27.807	.79069
27.814	.78955
27.822	.78838
27.829	.78719
27.837	.78597
27.845	.78468
27.852	.78334
27.86	.78194
27.868	.78048
27.875	.77893
27.883	.7773
27.89	.77561
27.898	.77385
27.906	.77202
27.913	.77011
27.921	.76815
27.929	.76614
27.936	.76408
27.944	.76196
27.952	.75982
27.959	.75764
27.967	.75543
27.974	.75319
27.982	.75093
27.99	.74866
27.997	.74637
28.005	.74407
28.013	.74177
28.02	.73947
28.028	.73718
28.035	.73491
28.043	.73267
28.051	.73046
28.058	.72828
28.066	.72616
28.074	.72409
28.081	.72208
28.089	.72011
28.096	.71822
28.104	.71639
28.112	.71462
28.119	.7129
28.127	.71123
28.135	.70963
28.142	.70805
28.15	.70651
28.157	.70499
28.165	.7035
28.173	.70203
28.18	.70056
28.188	.69909
28.196	.69763
28.203	.69616
28.211	.69468
28.219	.6932
28.226	.69171
28.234	.69021
28.241	.6887
28.249	.68719
28.257	.68569
28.264	.68418
28.272	.68268
28.28	.6812
28.287	.67972
28.295	.67826
28.302	.67682
28.31	.6754
28.318	.67398
28.325	.67259
28.333	.67119
28.341	.6698
28.348	.66841
28.356	.66701
28.363	.66558
28.371	.66413
28.379	.66266
28.386	.66114
28.394	.65959
28.402	.65799
28.409	.65635
28.417	.65468
28.424	.65295
28.432	.65119
28.44	.6494
28.447	.64758
28.455	.64573
28.463	.64386
28.47	.64198
28.478	.64009
28.486	.63819
28.493	.63628
28.501	.63438
28.508	.63248
28.516	.63059
28.524	.62871
28.531	.62684
28.539	.62498
28.547	.62313
28.554	.62131
28.562	.6195
28.569	.61771
28.577	.61594
28.585	.61421
28.592	.6125
28.6	.61082
28.608	.60917
28.615	.60757
28.623	.60601
28.63	.60449
28.638	.60301
28.646	.60158
28.653	.60021
28.661	.59887
28.669	.59757
28.676	.59631
28.684	.59509
28.691	.59389
28.699	.59272
28.707	.59156
28.714	.5904
28.722	.58925
28.73	.58809
28.737	.58691
28.745	.58571
28.753	.58448
28.76	.58322
28.768	.58194
28.775	.58061
28.783	.57925
28.791	.57786
28.798	.57645
28.806	.57502
28.814	.57358
28.821	.57214
28.829	.5707
28.836	.56929
28.844	.56791
28.852	.56656
28.859	.56525
28.867	.56399
28.875	.56278
28.882	.56162
28.89	.5605
28.897	.55942
28.905	.55837
28.913	.55734
28.92	.55632
28.928	.55528
28.936	.55423
28.943	.55314
28.951	.55202
28.959	.55085
28.966	.54961
28.974	.54831
28.981	.54696
28.989	.54555
28.997	.54408
29.004	.54256
29.012	.541
29.02	.53942
29.027	.53782
29.035	.53621
29.042	.5346
29.05	.53301
29.058	.53144
29.065	.52992
29.073	.52844
29.081	.527
29.088	.52561
29.096	.52428
29.103	.52302
29.111	.52181
29.119	.52065
29.126	.51955
29.134	.51852
29.142	.51754
29.149	.5166
29.157	.51571
29.164	.51488
29.172	.51408
29.18	.51333
29.187	.51262
29.195	.51196
29.203	.51133
29.21	.51074
29.218	.51019
29.226	.50966
29.233	.50917
29.241	.50869
29.248	.50822
29.256	.50776
29.264	.50728
29.271	.50679
29.279	.50627
29.287	.50572
29.294	.50511
29.302	.50445
29.309	.50374
29.317	.50296
29.325	.5021
29.332	.50118
29.34	.5002
29.348	.49917
29.355	.49807
29.363	.49693
29.37	.49576
29.378	.49456
29.386	.49333
29.393	.49209
29.401	.49085
29.409	.48961
29.416	.48837
29.424	.48715
29.431	.48595
29.439	.48476
29.447	.48359
29.454	.48245
29.462	.48134
29.47	.48025
29.477	.47918
29.485	.47816
29.493	.47717
29.5	.4762
29.508	.47526
29.515	.47436
29.523	.47348
29.531	.47262
29.538	.47178
29.546	.47095
29.554	.47013
29.561	.46932
29.569	.4685
29.576	.46768
29.584	.46685
29.592	.46601
29.599	.46516
29.607	.4643
29.615	.46344
29.622	.46257
29.63	.4617
29.637	.46084
29.645	.46
29.653	.45917
29.66	.45837
29.668	.45759
29.676	.45685
29.683	.45614
29.691	.45547
29.698	.45482
29.706	.45421
29.714	.45362
29.721	.45306
29.729	.45252
29.737	.45199
29.744	.45147
29.752	.45096
29.76	.45044
29.767	.44993
29.775	.44941
29.782	.44889
29.79	.44837
29.798	.44784
29.805	.44731
29.813	.44677
29.821	.44622
29.828	.44567
29.836	.44511
29.843	.44454
29.851	.44396
29.859	.44336
29.866	.44274
29.874	.4421
29.882	.44143
29.889	.44073
29.897	.44
29.904	.43924
29.912	.43844
29.92	.43763
29.927	.43679
29.935	.43593
29.943	.43507
29.95	.4342
29.958	.43334
29.966	.43249
29.973	.43167
29.981	.43087
29.988	.43011
29.996	.42938
30.004	.4287
30.011	.42807
30.019	.42747
30.027	.42692
30.034	.42644
30.042	.42599
30.049	.42559
30.057	.42523
30.065	.42493
30.072	.42468
30.08	.42447
30.088	.42431
30.095	.4242
30.103	.42414
30.11	.42412
30.118	.42414
30.126	.4242
30.133	.42429
30.141	.42441
30.149	.42455
30.156	.4247
30.164	.42486
30.171	.42501
30.179	.42515
30.187	.42527
30.194	.42537
30.202	.42543
30.21	.42547
30.217	.42548
30.225	.42544
30.233	.42538
30.24	.42529
30.248	.42519
30.255	.42506
30.263	.42493
30.271	.4248
30.278	.42467
30.286	.42455
30.294	.42444
30.301	.42433
30.309	.42424
30.316	.42414
30.324	.42405
30.332	.42394
30.339	.42383
30.347	.42369
30.355	.42353
30.362	.42333
30.37	.42311
30.377	.42285
30.385	.42255
30.393	.42222
30.4	.42186
30.408	.42149
30.416	.42109
30.423	.42068
30.431	.42026
30.438	.41985
30.446	.41944
30.454	.41905
30.461	.41867
30.469	.41831
30.477	.41797
30.484	.41766
30.492	.41739
30.5	.41714
30.507	.41692
30.515	.41676
30.522	.41665
30.53	.41658
30.538	.41656
30.545	.41661
30.553	.41673
30.561	.41691
30.568	.41715
30.576	.41746
30.583	.41783
30.591	.41826
30.599	.41872
30.606	.41923
30.614	.41976
30.622	.4203
30.629	.42083
30.637	.42136
30.644	.42185
30.652	.4223
30.66	.42271
30.667	.42306
30.675	.42333
30.683	.42353
30.69	.42366
30.698	.42373
30.706	.42371
30.713	.42361
30.721	.42346
30.728	.42325
30.736	.42298
30.744	.42264
30.751	.42227
30.759	.42187
30.767	.42143
30.774	.42095
30.782	.42046
30.789	.41995
30.797	.41943
30.805	.41891
30.812	.41838
30.82	.41786
30.828	.41735
30.835	.41686
30.843	.41638
30.85	.41593
30.858	.41549
30.866	.41509
30.873	.41471
30.881	.41436
30.889	.41403
30.896	.41373
30.904	.41345
30.911	.4132
30.919	.41296
30.927	.41273
30.934	.41254
30.942	.41235
30.95	.41219
30.957	.41205
30.965	.41194
30.973	.41185
30.98	.4118
30.988	.41178
30.995	.4118
31.003	.41187
31.011	.41198
31.018	.41213
31.026	.41232
31.034	.41256
31.041	.41283
31.049	.41313
31.056	.41345
31.064	.41379
31.072	.41414
31.079	.4145
31.087	.41485
31.095	.41519
31.102	.41552
31.11	.41583
31.117	.41613
31.125	.41639
31.133	.41664
31.14	.41687
31.148	.41707
31.156	.41726
31.163	.41742
31.171	.41758
31.178	.41772
31.186	.41785
31.194	.41797
31.201	.41809
31.209	.41821
31.217	.41832
31.224	.41845
31.232	.41858
31.24	.41872
31.247	.41887
31.255	.41905
31.262	.41925
31.27	.41948
31.278	.41972
31.285	.42001
31.293	.42032
31.301	.42066
31.308	.42102
31.316	.42141
31.323	.42183
31.331	.42226
31.339	.4227
31.346	.42316
31.354	.42361
31.362	.42405
31.369	.42449
31.377	.42491
31.384	.42531
31.392	.42568
31.4	.42602
31.407	.42634
31.415	.42662
31.423	.42686
31.43	.42708
31.438	.42727
31.445	.42742
31.453	.42755
31.461	.42766
31.468	.42775
31.476	.42782
31.484	.42788
31.491	.42792
31.499	.42796
31.507	.42799
31.514	.42802
31.522	.42803
31.529	.42803
31.537	.42803
31.545	.42801
31.552	.42797
31.56	.42791
31.568	.42783
31.575	.42771
31.583	.42756
31.59	.42738
31.598	.42717
31.606	.42691
31.613	.4266
31.621	.42625
31.629	.42587
31.636	.42544
31.644	.42497
31.651	.42446
31.659	.42392
31.667	.42335
31.674	.42275
31.682	.42214
31.69	.42151
31.697	.42088
31.705	.42025
31.713	.41963
31.72	.41902
31.728	.41843
31.735	.41787
31.743	.41735
31.751	.41687
31.758	.41643
31.766	.41605
31.774	.41572
31.781	.41544
31.789	.41521
31.796	.41503
31.804	.4149
31.812	.4148
31.819	.41472
31.827	.41466
31.835	.41461
31.842	.41455
31.85	.41447
31.857	.41436
31.865	.4142
31.873	.41399
31.88	.41373
31.888	.41342
31.896	.41304
31.903	.41258
31.911	.41208
31.918	.41152
31.926	.41091
31.934	.41025
31.941	.40955
31.949	.40882
31.957	.40806
31.964	.40728
31.972	.40647
31.98	.40564
31.987	.40479
31.995	.4039
32.002	.40299
32.01	.40206
32.018	.40109
32.025	.40007
32.033	.39901
32.041	.3979
32.048	.39675
32.056	.39554
32.063	.39428
32.071	.39297
32.079	.39161
32.086	.39021
32.094	.38875
32.102	.38725
32.109	.38572
32.117	.38416
32.124	.38256
32.132	.38095
32.14	.37932
32.147	.37767
32.155	.37601
32.163	.37435
32.17	.37268
32.178	.37101
32.186	.36934
32.193	.36767
32.201	.36599
32.208	.36431
32.216	.36263
32.224	.36094
32.231	.35924
32.239	.35753
32.247	.35581
32.254	.35407
32.262	.35231
32.269	.35055
32.277	.34877
32.285	.34698
32.292	.34518
32.3	.34338
32.308	.34158
32.315	.33978
32.323	.33801
32.33	.33626
32.338	.33452
32.346	.33283
32.353	.33117
32.361	.32956
32.369	.32798
32.376	.32645
32.384	.32498
32.391	.32354
32.399	.32214
32.407	.32078
32.414	.31946
32.422	.31816
32.43	.31687
32.437	.3156
32.445	.31434
32.453	.31307
32.46	.31179
32.468	.31049
32.475	.30918
32.483	.30783
32.491	.30645
32.498	.30504
32.506	.3036
32.514	.30211
32.521	.30059
32.529	.29905
32.536	.29747
32.544	.29585
32.552	.29422
32.559	.29258
32.567	.29092
32.575	.28925
32.582	.28758
32.59	.28592
32.597	.28426
32.605	.28262
32.613	.281
32.62	.27941
32.628	.27784
32.636	.2763
32.643	.2748
32.651	.27333
32.659	.2719
32.666	.2705
32.674	.26916
32.681	.26785
32.689	.26658
32.697	.26534
32.704	.26416
32.712	.26301
32.72	.2619
32.727	.26082
32.735	.25978
32.742	.25878
32.75	.25781
32.758	.25687
32.765	.25595
32.773	.25507
32.781	.2542
32.788	.25335
32.796	.25251
32.803	.25169
32.811	.25088
32.819	.25007
32.826	.24927
32.834	.24848
32.842	.24769
32.849	.24692
32.857	.24615
32.864	.2454
32.872	.24468
32.88	.24398
32.887	.24331
32.895	.24269
32.903	.24211
32.91	.24157
32.918	.24108
32.926	.24064
32.933	.24027
32.941	.23993
32.948	.23964
32.956	.2394
32.964	.23919
32.971	.23901
32.979	.23885
32.987	.2387
32.994	.23856
33.002	.23841
33.009	.23825
33.017	.23808
33.025	.23788
33.032	.23766
33.04	.23742
33.048	.23717
33.055	.23688
33.063	.23659
33.07	.23628
33.078	.23596
33.086	.23563
33.093	.2353
33.101	.23498
33.109	.23466
33.116	.23435
33.124	.23405
33.131	.23377
33.139	.23348
33.147	.23321
33.154	.23295
33.162	.23269
33.17	.23243
33.177	.23217
33.185	.23191
33.193	.23164
33.2	.23137
33.208	.23108
33.215	.23079
33.223	.23048
33.231	.23016
33.238	.22983
33.246	.2295
33.254	.22915
33.261	.2288
33.269	.22845
33.276	.2281
33.284	.22775
33.292	.22742
33.299	.2271
33.307	.22679
33.315	.2265
33.322	.22623
33.33	.22598
33.337	.22574
33.345	.22552
33.353	.22532
33.36	.22513
33.368	.22494
33.376	.22476
33.383	.22458
33.391	.2244
33.399	.22422
33.406	.22404
33.414	.22384
33.421	.22364
33.429	.22344
33.437	.22323
33.444	.22302
33.452	.2228
33.46	.22257
33.467	.22234
33.475	.22211
33.482	.22187
33.49	.22163
33.498	.22137
33.505	.22111
33.513	.22084
33.521	.22055
33.528	.22025
33.536	.21993
33.543	.21959
33.551	.21924
33.559	.21887
33.566	.21848
33.574	.21808
33.582	.21767
33.589	.21724
33.597	.21681
33.604	.21637
33.612	.21593
33.62	.21548
33.627	.21503
33.635	.21457
33.643	.21411
33.65	.21364
33.658	.21317
33.666	.21268
33.673	.21218
33.681	.21167
33.688	.21114
33.696	.21059
33.704	.21001
33.711	.20942
33.719	.20881
33.727	.20817
33.734	.20751
33.742	.20684
33.749	.20615
33.757	.20545
33.765	.20474
33.772	.20403
33.78	.20331
33.788	.2026
33.795	.2019
33.803	.20121
33.81	.20055
33.818	.1999
33.826	.19928
33.833	.19871
33.841	.19816
33.849	.19765
33.856	.19717
33.864	.19675
33.871	.19635
33.879	.19599
33.887	.19566
33.894	.19537
33.902	.1951
33.91	.19485
33.917	.1946
33.925	.19437
33.933	.19413
33.94	.19388
33.948	.19363
33.955	.19336
33.963	.19306
33.971	.19274
33.978	.1924
33.986	.19204
33.994	.19164
34.001	.19123
34.009	.19079
34.016	.19034
34.024	.18987
34.032	.18938
34.039	.18889
34.047	.1884
34.055	.1879
34.062	.1874
34.07	.18691
34.077	.18643
34.085	.18595
34.093	.18548
34.1	.18502
34.108	.18457
34.116	.18413
34.123	.18369
34.131	.18327
34.138	.18285
34.146	.18243
34.154	.18201
34.161	.1816
34.169	.18118
34.177	.18076
34.184	.18033
34.192	.1799
34.2	.17945
34.207	.179
34.215	.17853
34.222	.17806
34.23	.17757
34.238	.17708
34.245	.17658
34.253	.17608
34.261	.17559
34.268	.17509
34.276	.17461
34.283	.17413
34.291	.17367
34.299	.17323
34.306	.1728
34.314	.17239
34.322	.172
34.329	.17162
34.337	.17126
34.344	.17091
34.352	.17056
34.36	.17022
34.367	.16988
34.375	.16952
34.383	.16916
34.39	.16879
34.398	.16841
34.406	.16801
34.413	.16759
34.421	.16715
34.428	.1667
34.436	.16624
34.444	.16578
34.451	.1653
34.459	.16483
34.467	.16437
34.474	.16391
34.482	.16348
34.489	.16307
34.497	.16268
34.505	.16233
34.512	.16202
34.52	.16174
34.528	.1615
34.535	.16131
34.543	.16116
34.55	.16105
34.558	.16098
34.566	.16093
34.573	.16093
34.581	.16094
34.589	.16096
34.596	.161
34.604	.16104
34.611	.16107
34.619	.1611
34.627	.16111
34.634	.1611
34.642	.16107
34.65	.16102
34.657	.16093
34.665	.16082
34.673	.16068
34.68	.16051
34.688	.16032
34.695	.1601
34.703	.15985
34.711	.15959
34.718	.15931
34.726	.15901
34.734	.15869
34.741	.15836
34.749	.15801
34.756	.15766
34.764	.15728
34.772	.1569
34.779	.15651
34.787	.15611
34.795	.15571
34.802	.1553
34.81	.1549
34.817	.15449
34.825	.1541
34.833	.15371
34.84	.15334
34.848	.15299
34.856	.15266
34.863	.15235
34.871	.15208
34.878	.15183
34.886	.15161
34.894	.15143
34.901	.15128
34.909	.15116
34.917	.15108
34.924	.15103
34.932	.15101
34.94	.15101
34.947	.15104
34.955	.15108
34.962	.15114
34.97	.15121
34.978	.15128
34.985	.15135
34.993	.1514
35.001	.15145
35.008	.15147
35.016	.15147
35.023	.15144
35.031	.15137
35.039	.15128
35.046	.15115
35.054	.15097
35.062	.15075
35.069	.15051
35.077	.15023
35.084	.14992
35.092	.14958
35.1	.14922
35.107	.14884
35.115	.14844
35.123	.14803
35.13	.14761
35.138	.14719
35.145	.14677
35.153	.14636
35.161	.14594
35.168	.14553
35.176	.14513
35.184	.14474
35.191	.14435
35.199	.14397
35.207	.14359
35.214	.14322
35.222	.14286
35.229	.14249
35.237	.14213
35.245	.14177
35.252	.14141
35.26	.14105
35.268	.1407
35.275	.14034
35.283	.13998
35.29	.13963
35.298	.13928
35.306	.13894
35.313	.1386
35.321	.13827
35.329	.13795
35.336	.13763
35.344	.13732
35.351	.13702
35.359	.13673
35.367	.13644
35.374	.13616
35.382	.13588
35.39	.1356
35.397	.13531
35.405	.13503
35.413	.13474
35.42	.13444
35.428	.13413
35.435	.13381
35.443	.13348
35.451	.13313
35.458	.13277
35.466	.13239
35.474	.132
35.481	.1316
35.489	.13119
35.496	.13078
35.504	.13035
35.512	.12993
35.519	.12951
35.527	.12909
35.535	.12869
35.542	.12829
35.55	.12791
35.557	.12754
35.565	.1272
35.573	.12687
35.58	.12656
35.588	.12627
35.596	.12599
35.603	.12574
35.611	.12549
35.618	.12526
35.626	.12504
35.634	.12483
35.641	.12462
35.649	.12442
35.657	.12421
35.664	.12401
35.672	.12381
35.68	.12361
35.687	.12341
35.695	.1232
35.702	.12299
35.71	.12278
35.718	.12257
35.725	.12235
35.733	.12213
35.741	.12191
35.748	.12168
35.756	.12145
35.763	.12121
35.771	.12097
35.779	.12072
35.786	.12046
35.794	.12019
35.802	.1199
35.809	.11961
35.817	.11931
35.824	.11899
35.832	.11866
35.84	.11833
35.847	.11799
35.855	.11764
35.863	.11728
35.87	.11693
35.878	.11657
35.885	.11622
35.893	.11588
35.901	.11554
35.908	.1152
35.916	.11488
35.924	.11456
35.931	.11425
35.939	.11394
35.947	.11364
35.954	.11334
35.962	.11304
35.969	.11274
35.977	.11243
35.985	.11212
35.992	.1118
36	.11148
36.008	.11114
36.015	.1108
36.023	.11045
36.03	.11009
36.038	.10974
36.046	.10938
36.053	.10902
36.061	.10867
36.069	.10833
36.076	.10799
36.084	.10768
36.091	.10738
36.099	.10709
36.107	.10682
36.114	.10657
36.122	.10634
36.13	.10611
36.137	.1059
36.145	.1057
36.153	.10551
36.16	.10531
36.168	.10512
36.175	.10492
36.183	.10472
36.191	.10452
36.198	.10431
36.206	.1041
36.214	.10389
36.221	.10368
36.229	.10347
36.236	.10327
36.244	.10308
36.252	.1029
36.259	.10273
36.267	.10258
36.275	.10245
36.282	.10234
36.29	.10225
36.297	.10218
36.305	.10213
36.313	.1021
36.32	.10208
36.328	.10208
36.336	.1021
36.343	.10214
36.351	.10218
36.358	.10224
36.366	.10231
36.374	.10239
36.381	.10248
36.389	.10258
36.397	.10269
36.404	.1028
36.412	.10291
36.42	.10302
36.427	.10312
36.435	.10322
36.442	.10331
36.45	.10338
36.458	.10344
36.465	.10349
36.473	.10351
36.481	.10352
36.488	.10352
36.496	.1035
36.503	.10347
36.511	.10342
36.519	.10337
36.526	.10332
36.534	.10326
36.542	.10321
36.549	.10315
36.557	.1031
36.564	.10306
36.572	.10302
36.58	.103
36.587	.10298
36.595	.10297
36.603	.10296
36.61	.10297
36.618	.10298
36.625	.103
36.633	.10302
36.641	.10305
36.648	.10309
36.656	.10313
36.664	.10317
36.671	.10322
36.679	.10327
36.687	.10332
36.694	.10337
36.702	.10343
36.709	.10348
36.717	.10354
36.725	.10359
36.732	.10364
36.74	.10369
36.748	.10374
36.755	.10379
36.763	.10384
36.77	.10388
36.778	.10392
36.786	.10397
36.793	.10401
36.801	.10406
36.809	.10412
36.816	.10418
36.824	.10425
36.831	.10432
36.839	.10441
36.847	.1045
36.854	.1046
36.862	.10471
36.87	.10482
36.877	.10494
36.885	.10506
36.892	.10518
36.9	.1053
36.908	.10541
36.915	.10552
36.923	.10563
36.931	.10573
36.938	.10582
36.946	.10591
36.954	.10598
36.961	.10605
36.969	.10612
36.976	.10618
36.984	.10623
36.992	.10627
36.999	.10631
37.007	.10634
37.015	.10636
37.022	.10637
37.03	.10638
37.037	.10638
37.045	.10638
37.053	.10636
37.06	.10635
37.068	.10632
37.076	.1063
37.083	.10628
37.091	.10626
37.098	.10625
37.106	.10624
37.114	.10625
37.121	.10627
37.129	.1063
37.137	.10636
37.144	.10643
37.152	.10653
37.16	.10665
37.167	.10679
37.175	.10695
37.182	.10712
37.19	.10731
37.198	.10752
37.205	.10773
37.213	.10794
37.221	.10816
37.228	.10838
37.236	.10859
37.243	.1088
37.251	.109
37.259	.10919
37.266	.10937
37.274	.10954
37.282	.10971
37.289	.10987
37.297	.11003
37.304	.1102
37.312	.11036
37.32	.11052
37.327	.11069
37.335	.11087
37.343	.11105
37.35	.11123
37.358	.11141
37.365	.11159
37.373	.11177
37.381	.11193
37.388	.11209
37.396	.11223
37.404	.11234
37.411	.11244
37.419	.11252
37.427	.11258
37.434	.1126
37.442	.11261
37.449	.11261
37.457	.11258
37.465	.11255
37.472	.1125
37.48	.11246
37.488	.11241
37.495	.11237
37.503	.11234
37.51	.11233
37.518	.11233
37.526	.11235
37.533	.11239
37.541	.11246
37.549	.11255
37.556	.11267
37.564	.11281
37.571	.11298
37.579	.11317
37.587	.11338
37.594	.11362
37.602	.11387
37.61	.11413
37.617	.1144
37.625	.11467
37.632	.11494
37.64	.11519
37.648	.11544
37.655	.11566
37.663	.11586
37.671	.11603
37.678	.11617
37.686	.11628
37.694	.11635
37.701	.11639
37.709	.11641
37.716	.1164
37.724	.11637
37.732	.11633
37.739	.11629
37.747	.11624
37.755	.1162
37.762	.11617
37.77	.11616
37.777	.11616
37.785	.1162
37.793	.11626
37.8	.11634
37.808	.11644
37.816	.11657
37.823	.11673
37.831	.11689
37.838	.11708
37.846	.11727
37.854	.11747
37.861	.11767
37.869	.11786
37.877	.11806
37.884	.11825
37.892	.11843
37.899	.11859
37.907	.11875
37.915	.11889
37.922	.11902
37.93	.11914
37.938	.11925
37.945	.11934
37.953	.11941
37.961	.11948
37.968	.11953
37.976	.11958
37.983	.11961
37.991	.11964
37.999	.11966
38.006	.11967
38.014	.11968
38.022	.11968
38.029	.11969
38.037	.11969
38.044	.1197
38.052	.11971
38.06	.11972
38.067	.11973
38.075	.11975
38.083	.11977
38.09	.11979
38.098	.1198
38.105	.11982
38.113	.11984
38.121	.11985
38.128	.11987
38.136	.11988
38.144	.11989
38.151	.1199
38.159	.11992
38.167	.11994
38.174	.11998
38.182	.12003
38.189	.12009
38.197	.12017
38.205	.12028
38.212	.12041
38.22	.12057
38.228	.12075
38.235	.12096
38.243	.12119
38.25	.12145
38.258	.12172
38.266	.12201
38.273	.12231
38.281	.12262
38.289	.12294
38.296	.12326
38.304	.12358
38.311	.12389
38.319	.12421
38.327	.12452
38.334	.12483
38.342	.12514
38.35	.12545
38.357	.12575
38.365	.12606
38.372	.12636
38.38	.12667
38.388	.12698
38.395	.12729
38.403	.12759
38.411	.12789
38.418	.12818
38.426	.12846
38.434	.12873
38.441	.12898
38.449	.12922
38.456	.12943
38.464	.12962
38.472	.12978
38.479	.12991
38.487	.13002
38.495	.1301
38.502	.13016
38.51	.13019
38.517	.13021
38.525	.1302
38.533	.13019
38.54	.13016
38.548	.13014
38.556	.13011
38.563	.1301
38.571	.13009
38.578	.13009
38.586	.13011
38.594	.13015
38.601	.13022
38.609	.13031
38.617	.13042
38.624	.13056
38.632	.13073
38.639	.13092
38.647	.13113
38.655	.13137
38.662	.13163
38.67	.13189
38.678	.13217
38.685	.13245
38.693	.13273
38.701	.13301
38.708	.13329
38.716	.13355
38.723	.1338
38.731	.13402
38.739	.13423
38.746	.13442
38.754	.13459
38.762	.13473
38.769	.13486
38.777	.13497
38.784	.13506
38.792	.13514
38.8	.13522
38.807	.13529
38.815	.13537
38.823	.13544
38.83	.13552
38.838	.13561
38.845	.13571
38.853	.13583
38.861	.13595
38.868	.13608
38.876	.13622
38.884	.13637
38.891	.13652
38.899	.13668
38.907	.13684
38.914	.137
38.922	.13716
38.929	.13732
38.937	.13748
38.945	.13763
38.952	.13778
38.96	.13793
38.968	.13807
38.975	.13821
38.983	.13834
38.99	.13847
38.998	.13861
39.006	.13873
39.013	.13886
39.021	.13899
39.029	.13911
39.036	.13924
39.044	.13937
39.051	.13949
39.059	.13961
39.067	.13974
39.074	.13985
39.082	.13996
39.09	.14007
39.097	.14017
39.105	.14026
39.112	.14033
39.12	.1404
39.128	.14046
39.135	.14051
39.143	.14055
39.151	.14058
39.158	.1406
39.166	.14062
39.174	.14064
39.181	.14065
39.189	.14067
39.196	.14069
39.204	.14071
39.212	.14074
39.219	.14077
39.227	.14081
39.235	.14086
39.242	.14091
39.25	.14097
39.257	.14104
39.265	.1411
39.273	.14118
39.28	.14125
39.288	.14132
39.296	.1414
39.303	.14147
39.311	.14153
39.318	.1416
39.326	.14166
39.334	.14171
39.341	.14176
39.349	.14181
39.357	.14185
39.364	.14189
39.372	.14193
39.379	.14196
39.387	.14198
39.395	.14201
39.402	.14203
39.41	.14206
39.418	.14209
39.425	.14212
39.433	.14215
39.441	.1422
39.448	.14225
39.456	.14232
39.463	.1424
39.471	.1425
39.479	.14262
39.486	.14275
39.494	.14291
39.502	.1431
39.509	.1433
39.517	.14353
39.524	.14379
39.532	.14408
39.54	.14439
39.547	.14472
39.555	.14508
39.563	.14547
39.57	.14588
39.578	.14632
39.585	.14678
39.593	.14726
39.601	.14777
39.608	.14829
39.616	.14882
39.624	.14938
39.631	.14994
39.639	.15051
39.646	.15107
39.654	.15163
39.662	.15218
39.669	.1527
39.677	.1532
39.685	.15367
39.692	.15408
39.7	.15446
39.708	.15479
39.715	.15506
39.723	.15526
39.73	.1554
39.738	.15549
39.746	.15553
39.753	.15549
39.761	.15542
39.769	.1553
39.776	.15515
39.784	.15496
39.791	.15476
39.799	.15454
39.807	.15431
39.814	.15409
39.822	.15388
39.83	.15367
39.837	.15349
39.845	.15332
39.852	.15318
39.86	.15306
39.868	.15297
39.875	.1529
39.883	.15286
39.891	.15284
39.898	.15285
39.906	.15287
39.914	.15293
39.921	.15302
39.929	.15312
39.936	.15325
39.944	.15341
39.952	.15359
39.959	.1538
39.967	.15402
39.975	.15427
39.982	.15453
39.99	.1548
39.997	.15508
40.005	.15537
40.013	.15565
40.02	.15592
40.028	.15618
40.036	.15642
40.043	.15662
40.051	.1568
40.058	.15695
40.066	.15706
40.074	.15712
40.081	.15715
40.089	.15714
40.097	.15711
40.104	.15704
40.112	.15694
40.119	.15684
40.127	.15673
40.135	.15662
40.142	.15651
40.15	.15643
40.158	.15637
40.165	.15633
40.173	.15634
40.181	.15639
40.188	.15648
40.196	.1566
40.203	.15678
40.211	.157
40.219	.15725
40.226	.15753
40.234	.15785
40.242	.15819
40.249	.15854
40.257	.15891
40.264	.15928
40.272	.15965
40.28	.16003
40.287	.16039
40.295	.16074
40.303	.16108
40.31	.16141
40.318	.16171
40.325	.162
40.333	.16226
40.341	.1625
40.348	.16273
40.356	.16293
40.364	.1631
40.371	.16326
40.379	.16339
40.386	.16352
40.394	.16362
40.402	.16371
40.409	.16379
40.417	.16387
40.425	.16395
40.432	.16403
40.44	.16411
40.448	.16421
40.455	.16432
40.463	.16444
40.47	.16459
40.478	.16474
40.486	.16492
40.493	.16511
40.501	.16532
40.509	.16554
40.516	.16577
40.524	.166
40.531	.16623
40.539	.16645
40.547	.16667
40.554	.16688
40.562	.16706
40.57	.16723
40.577	.16737
40.585	.16748
40.592	.16756
40.6	.16761
40.608	.16764
40.615	.16763
40.623	.16758
40.631	.16751
40.638	.16741
40.646	.16728
40.654	.16712
40.661	.16694
40.669	.16675
40.676	.16654
40.684	.16632
40.692	.16609
40.699	.16586
40.707	.16563
40.715	.1654
40.722	.16519
40.73	.16499
40.737	.16481
40.745	.16464
40.753	.16451
40.76	.16439
40.768	.1643
40.776	.16423
40.783	.16419
40.791	.16417
40.798	.16417
40.806	.1642
40.814	.16424
40.821	.1643
40.829	.16438
40.837	.16447
40.844	.16457
40.852	.16468
40.859	.1648
40.867	.16492
40.875	.16504
40.882	.16516
40.89	.16528
40.898	.16539
40.905	.1655
40.913	.1656
40.921	.16568
40.928	.16575
40.936	.16581
40.943	.16586
40.951	.16589
40.959	.1659
40.966	.16591
40.974	.16591
40.982	.1659
40.989	.16588
40.997	.16586
41.004	.16584
41.012	.16583
41.02	.16582
41.027	.16581
41.035	.1658
41.043	.1658
41.05	.16581
41.058	.16582
41.065	.16583
41.073	.16583
41.081	.16584
41.088	.16585
41.096	.16586
41.104	.16586
41.111	.16587
41.119	.16588
41.126	.16589
41.134	.16591
41.142	.16594
41.149	.16599
41.157	.16605
41.165	.16613
41.172	.16623
41.18	.16636
41.188	.16651
41.195	.16669
41.203	.16689
41.21	.16711
41.218	.16734
41.226	.1676
41.233	.16786
41.241	.16814
41.249	.16842
41.256	.1687
41.264	.16898
41.271	.16926
41.279	.16953
41.287	.16979
41.294	.17004
41.302	.17027
41.31	.1705
41.317	.17071
41.325	.1709
41.332	.17107
41.34	.17122
41.348	.17136
41.355	.17148
41.363	.17157
41.371	.17165
41.378	.17171
41.386	.17174
41.394	.17176
41.401	.17176
41.409	.17174
41.416	.17172
41.424	.17167
41.432	.17163
41.439	.17157
41.447	.17152
41.455	.17146
41.462	.17142
41.47	.17139
41.477	.17137
41.485	.17138
41.493	.17142
41.5	.1715
41.508	.1716
41.516	.17175
41.523	.17195
41.531	.17219
41.538	.17247
41.546	.17279
41.554	.17316
41.561	.17355
41.569	.17397
41.577	.17441
41.584	.17485
41.592	.1753
41.599	.17572
41.607	.17613
41.615	.17651
41.622	.17684
41.63	.17712
41.638	.17735
41.645	.17753
41.653	.17763
41.661	.17768
41.668	.17767
41.676	.17762
41.683	.1775
41.691	.17734
41.699	.17715
41.706	.17694
41.714	.1767
41.722	.17646
41.729	.17621
41.737	.17597
41.744	.17574
41.752	.17553
41.76	.17534
41.767	.17517
41.775	.17503
41.783	.17492
41.79	.17484
41.798	.17478
41.805	.17475
41.813	.17474
41.821	.17476
41.828	.17481
41.836	.17487
41.844	.17496
41.851	.17507
41.859	.1752
41.866	.17536
41.874	.17555
41.882	.17576
41.889	.17599
41.897	.17625
41.905	.17654
41.912	.17685
41.92	.17718
41.928	.17753
41.935	.17789
41.943	.17826
41.95	.17863
41.958	.17899
41.966	.17934
41.973	.17967
41.981	.17996
41.989	.18022
41.996	.18044
42.004	.1806
42.011	.18072
42.019	.18078
42.027	.18081
42.034	.18077
42.042	.18068
42.05	.18056
42.057	.18041
42.065	.18023
42.072	.18002
42.08	.1798
42.088	.17957
42.095	.17934
42.103	.17912
42.111	.17891
42.118	.17871
42.126	.17853
42.133	.17838
42.141	.17826
42.149	.17815
42.156	.17807
42.164	.17803
42.172	.17802
42.179	.17803
42.187	.17808
42.195	.17816
42.202	.17827
42.21	.17842
42.217	.17859
42.225	.1788
42.233	.17904
42.24	.1793
42.248	.17959
42.256	.17989
42.263	.18022
42.271	.18056
42.278	.18091
42.286	.18127
42.294	.18164
42.301	.18201
42.309	.18237
42.317	.18273
42.324	.18309
42.332	.18344
42.339	.18377
42.347	.18409
42.355	.1844
42.362	.18467
42.37	.18493
42.378	.18516
42.385	.18536
42.393	.18551
42.4	.18563
42.408	.18571
42.416	.18575
42.423	.18574
42.431	.18568
42.439	.18558
42.446	.18543
42.454	.18524
42.462	.18501
42.469	.18474
42.477	.18445
42.484	.18413
42.492	.18378
42.5	.18342
42.507	.18305
42.515	.18267
42.523	.18229
42.53	.18191
42.538	.18153
42.545	.18117
42.553	.18082
42.561	.18049
42.568	.18017
42.576	.17988
42.584	.17961
42.591	.17937
42.599	.17916
42.606	.17898
42.614	.17884
42.622	.17873
42.629	.17865
42.637	.1786
42.645	.17858
42.652	.1786
42.66	.17865
42.668	.17872
42.675	.17881
42.683	.17892
42.69	.17904
42.698	.17917
42.706	.1793
42.713	.17944
42.721	.17957
42.729	.1797
42.736	.17983
42.744	.17995
42.751	.18006
42.759	.18016
42.767	.18026
42.774	.18036
42.782	.18045
42.79	.18053
42.797	.18062
42.805	.1807
42.812	.18077
42.82	.18085
42.828	.18092
42.835	.18099
42.843	.18105
42.851	.18111
42.858	.18116
42.866	.1812
42.873	.18124
42.881	.18127
42.889	.18129
42.896	.18131
42.904	.18133
42.912	.18133
42.919	.18134
42.927	.18133
42.935	.18133
42.942	.18131
42.95	.18128
42.957	.18125
42.965	.18121
42.973	.18115
42.98	.18108
42.988	.18099
42.996	.18089
43.003	.18077
43.011	.18064
43.018	.1805
43.026	.18035
43.034	.1802
43.041	.18004
43.049	.17989
43.057	.17975
43.064	.17961
43.072	.1795
43.079	.17941
43.087	.17933
43.095	.17928
43.102	.17926
43.11	.17927
43.118	.17929
43.125	.17934
43.133	.17941
43.14	.17949
43.148	.17958
43.156	.17967
43.163	.17977
43.171	.17985
43.179	.17993
43.186	.18
43.194	.18004
43.202	.18006
43.209	.18006
43.217	.18004
43.224	.17998
43.232	.1799
43.24	.17979
43.247	.17965
43.255	.17948
43.263	.17927
43.27	.17904
43.278	.17878
43.285	.17849
43.293	.17816
43.301	.1778
43.308	.17741
43.316	.17699
43.324	.17653
43.331	.17604
43.339	.17553
43.346	.175
43.354	.17445
43.362	.17388
43.369	.17331
43.377	.17273
43.385	.17216
43.392	.1716
43.4	.17105
43.408	.17051
43.415	.17
43.423	.16952
43.43	.16906
43.438	.16862
43.446	.1682
43.453	.1678
43.461	.16742
43.469	.16705
43.476	.16668
43.484	.16632
43.491	.16594
43.499	.16555
43.507	.16515
43.514	.16473
43.522	.16428
43.53	.16381
43.537	.16331
43.545	.16278
43.552	.16223
43.56	.16164
43.568	.16104
43.575	.16041
43.583	.15975
43.591	.15908
43.598	.15838
43.606	.15768
43.613	.15694
43.621	.1562
43.629	.15544
43.636	.15466
43.644	.15386
43.652	.15304
43.659	.1522
43.667	.15134
43.675	.15046
43.682	.14954
43.69	.14859
43.697	.14762
43.705	.14661
43.713	.14557
43.72	.1445
43.728	.1434
43.736	.14227
43.743	.14112
43.751	.13994
43.758	.13874
43.766	.13753
43.774	.1363
43.781	.13507
43.789	.13383
43.797	.13259
43.804	.13135
43.812	.13011
43.819	.12888
43.827	.12765
43.835	.12642
43.842	.1252
43.85	.12398
43.858	.12276
43.865	.12154
43.873	.12031
43.88	.11908
43.888	.11783
43.896	.11658
43.903	.1153
43.911	.11402
43.919	.11272
43.926	.11141
43.934	.11008
43.942	.10875
43.949	.10741
43.957	.10606
43.964	.10472
43.972	.10338
43.98	.10206
43.987	.10075
43.995	.099468
44.003	.098211
44.01	.096982
44.018	.095782
44.025	.094616
44.033	.093496
44.041	.09241
44.048	.091356
44.056	.090335
44.064	.089356
44.071	.088405
44.079	.087477
44.086	.086572
44.094	.085691
44.102	.084825
44.109	.083971
44.117	.083127
44.125	.082292
44.132	.081463
44.14	.08064
44.148	.079821
44.155	.079008
44.163	.078202
44.17	.077405
44.178	.076616
44.186	.075838
44.193	.075078
44.201	.074335
44.209	.073608
44.216	.072901
44.224	.072222
44.231	.071567
44.239	.070936
44.247	.070328
44.254	.069752
44.262	.069203
44.27	.068678
44.277	.068175
44.285	.067699
44.292	.067246
44.3	.066811
44.308	.066391
44.315	.065987
44.323	.065598
44.331	.065218
44.338	.064844
44.346	.064475
44.353	.064111
44.361	.063748
44.369	.063384
44.376	.06302
44.384	.062654
44.392	.062286
44.399	.061916
44.407	.061544
44.415	.061171
44.422	.060799
44.43	.060427
44.437	.060057
44.445	.059691
44.453	.059329
44.46	.058972
44.468	.05862
44.476	.058274
44.483	.057935
44.491	.057602
44.498	.057273
44.506	.056949
44.514	.056628
44.521	.056308
44.529	.055987
44.537	.055665
44.544	.055337
44.552	.055001
44.559	.054657
44.567	.054304
44.575	.053938
44.582	.053558
44.59	.053166
44.598	.052762
44.605	.052346
44.613	.051917
44.62	.05148
44.628	.051037
44.636	.05059
44.643	.050142
44.651	.049697
44.659	.049257
44.666	.048825
44.674	.048405
44.682	.047999
44.689	.047607
44.697	.047229
44.704	.04687
44.712	.046529
44.72	.046202
44.727	.045889
44.735	.04559
44.743	.045304
44.75	.045025
44.758	.044752
44.765	.044483
44.773	.044213
44.781	.04394
44.788	.043661
44.796	.043375
44.804	.043072
44.811	.042753
44.819	.042416
44.826	.042058
44.834	.041667
44.842	.041241
44.849	.04078
44.857	.040281
44.865	.039728
44.872	.039112
44.88	.038439
44.887	.037705
44.895	.036896
44.903	.035991
44.91	.035008
44.918	.033945
44.926	.0328
44.933	.031539
44.941	.0302
44.949	.028788
44.956	.027306
44.964	.025742
44.971	.02413
44.979	.022485
44.987	.020815
44.994	.019136
45.002	.017471
45.01	.016632
