2.279968585680918203e+00
2.279759490348085116e+00
2.279132821050329660e+00
2.278090422203839616e+00
2.276635348994469510e+00
2.274771839505566273e+00
2.272505276461738610e+00
2.269842139321586849e+00
2.266789947618101486e+00
2.263357196581696762e+00
2.259553286184722065e+00
2.255388444815716209e+00
2.250873648826629214e+00
2.246020539198783972e+00
2.240841336544788120e+00
2.235348755608765448e+00
2.229555920349398868e+00
2.223476280594612664e+00
2.217123531147685789e+00
2.210511534106743170e+00
2.203654245037828030e+00
2.196565643519116762e+00
2.189259668454672347e+00
2.181750158442261167e+00
2.174050797374331268e+00
2.166175065354786433e+00
2.158136194928833351e+00
2.149947132548430506e+00
2.141620505132780572e+00
2.133168591530975711e+00
2.124603298652158578e+00
2.115936141996655806e+00
2.107178230298546673e+00
2.098340253975374381e+00
2.089432477072540095e+00
2.080464732388380256e+00
2.071446419469182398e+00
2.062386505170817230e+00
2.053293526494709198e+00
2.044175595419263303e+00
2.035040405463364621e+00
2.025895239735394426e+00
2.016746980238576903e+00
2.007602118221688769e+00
1.998466765381974763e+00
1.989346665744875953e+00
1.980247208062365427e+00
1.971173438588066151e+00
1.962130074103273003e+00
1.953121515082332671e+00
1.944151858900026619e+00
1.935224912996045710e+00
1.926344207923521346e+00
1.917513010219365155e+00
1.908734335043776653e+00
1.900010958545195194e+00
1.891345429914962128e+00
1.882740083102855566e+00
1.874197048171094337e+00
1.865718262269934424e+00
1.857305480222809280e+00
1.848960284713287106e+00
1.840684096069717945e+00
1.832478181646814974e+00
1.824343664805816889e+00
1.816281533497529299e+00
1.808292648454212781e+00
1.800377750997934623e+00
1.792537470474461880e+00
1.784772331322589167e+00
1.777082759789718969e+00
1.769469090305231251e+00
1.761931571523341233e+00
1.754470372047860049e+00
1.747085585850960854e+00
1.739777237398514753e+00
1.732545286494339809e+00
1.725389632855568456e+00
1.718310120431253196e+00
1.711306541476119936e+00
1.704378640390889821e+00
1.697526117340690810e+00
1.690748631662220003e+00
1.684045805070495172e+00
1.677417224675220808e+00
1.670862445816748476e+00
1.664380994731008867e+00
1.657972371052488070e+00
1.651636050163977076e+00
1.645371485401395439e+00
1.639178110121564558e+00
1.633055339640583803e+00
1.627002573049913581e+00
1.621019194917127759e+00
1.615104576877776310e+00
1.609258079124596286e+00
1.603479051799880928e+00
1.597766836296697690e+00
1.592120766474109494e+00
1.586540169791481159e+00
1.581024368366563682e+00
1.575572679961890099e+00
1.570184418903626478e+00
1.564858896936969002e+00
1.559595424021833043e+00
1.554393309072397589e+00
1.549251860643871215e+00
1.544170387569700154e+00
1.539148199552160978e+00
1.534184607709242254e+00
1.529278925080382212e+00
1.524430467093690122e+00
1.519638551996929099e+00
1.514902501254562273e+00
1.510221639912913805e+00
1.505595296935450911e+00
1.501022805510076719e+00
1.496503503330105955e+00
1.492036732850711367e+00
1.487621841522261068e+00
1.483258182002085368e+00
1.478945112346064183e+00
1.474681996181257837e+00
1.470468202860895301e+00
1.466303107602781042e+00
1.462186091612263095e+00
1.458116542190726284e+00
1.454093852830612654e+00
1.450117423297822672e+00
1.446186659702383359e+00
1.442300974558118565e+00
1.438459786832125165e+00
1.434662521984717998e+00
1.430908612000514779e+00
1.427197495411267392e+00
1.423528617311040634e+00
1.419901429364265999e+00
1.416315389807158986e+00
1.412769963443069487e+00
1.409264621632080994e+00
1.405798842275416849e+00
1.402372109794949973e+00
1.398983915108232834e+00
1.395633755599432035e+00
1.392321135086394435e+00
1.389045563784267578e+00
1.385806558265881616e+00
1.382603641419205776e+00
1.379436342402108995e+00
1.376304196594677620e+00
1.373206745549311991e+00
1.370143536938796869e+00
1.367114124502559758e+00
1.364118067991279437e+00
1.361154933110032772e+00
1.358224291460134125e+00
1.355325720479815921e+00
1.352458803383880692e+00
1.349623129102477392e+00
1.346818292219099433e+00
1.344043892907936355e+00
1.341299536870683484e+00
1.338584835272879747e+00
1.335899404679920854e+00
1.333242866992773612e+00
1.330614849383528142e+00
1.328014984230800000e+00
1.325442909055114526e+00
1.322898266454290983e+00
1.320380704038906838e+00
1.317889874367895064e+00
1.315425434884319955e+00
1.312987047851374989e+00
1.310574380288670460e+00
1.308187103908822202e+00
1.305824895054382484e+00
1.303487434635157705e+00
1.301174408065956634e+00
1.298885505204753654e+00
1.296620420291336728e+00
1.294378851886444970e+00
1.292160502811411815e+00
1.289965080088351979e+00
1.287792294880887312e+00
1.285641862435445537e+00
1.283513502023134967e+00
1.281406936882211856e+00
1.279321894161151496e+00
1.277258104862336152e+00
1.275215303786354060e+00
1.273193229476935695e+00
1.271191624166519984e+00
1.269210233722465997e+00
1.267248807593897464e+00
1.265307098759204329e+00
1.263384863674191561e+00
1.261481862220867001e+00
1.259597857656900022e+00
1.257732616565718331e+00
1.255885908807256257e+00
1.254057507469357180e+00
1.252247188819821222e+00
1.250454732259109525e+00
1.248679920273669808e+00
1.246922538389927837e+00
1.245182375128893737e+00
1.243459221961422445e+00
1.241752873264088119e+00
1.240063126275688710e+00
1.238389781054374694e+00
1.236732640435382446e+00
1.235091509989396652e+00
1.233466197981489376e+00
1.231856515330693513e+00
1.230262275570136454e+00
1.228683294807782378e+00
1.227119391687749417e+00
1.225570387352205692e+00
1.224036105403822683e+00
1.222516371868811236e+00
1.221011015160500035e+00
1.219519866043463407e+00
1.218042757598201797e+00
1.216579525186354260e+00
1.215130006416440311e+00
1.213694041110119581e+00
1.212271471268987710e+00
1.210862141041862738e+00
1.209465896692579090e+00
1.208082586568289818e+00
1.206712061068244246e+00
1.205354172613055663e+00
1.204008775614452853e+00
1.202675726445488369e+00
1.201354883411216878e+00
1.200046106719835359e+00
1.198749258454263611e+00
1.197464202544182621e+00
1.196190804738493485e+00
1.194928932578220859e+00
1.193678455369838076e+00
1.192439244159008371e+00
1.191211171704739114e+00
1.189994112453944597e+00
1.188787942516406293e+00
1.187592539640131672e+00
1.186407783187089393e+00
1.185233554109344833e+00
1.184069734925555561e+00
1.182916209697846943e+00
1.181772864009043689e+00
1.180639584940272657e+00
1.179516261048906722e+00
1.178402782346865241e+00
1.177299040279252473e+00
1.176204927703333958e+00
1.175120338867845060e+00
1.174045169392624821e+00
1.172979316248573545e+00
1.171922677737925023e+00
1.170875153474826735e+00
1.169836644366233136e+00
1.168807052593093587e+00
1.167786281591840059e+00
1.166774236036165480e+00
1.165770821819089198e+00
1.164775946035303766e+00
1.163789516963800397e+00
1.162811444050769971e+00
1.161841637892767842e+00
1.160880010220142644e+00
1.159926473880733333e+00
1.158980942823814697e+00
1.158043332084296662e+00
1.157113557767169176e+00
1.156191537032195349e+00
1.155277188078841055e+00
1.154370430131437253e+00
1.153471183424581215e+00
1.152579369188760694e+00
1.151694909636201913e+00
1.150817727946942925e+00
1.149947748255116364e+00
1.149084895635456238e+00
1.148229096090000123e+00
1.147380276535014731e+00
1.146538364788108222e+00
1.145703289555557225e+00
1.144874980419816612e+00
1.144053367827232215e+00
1.143238383075940057e+00
1.142429958303953663e+00
1.141628026477430558e+00
1.140832521379128384e+00
1.140043377597030894e+00
1.139260530513151792e+00
1.138483916292512887e+00
1.137713471872286330e+00
1.136949134951110940e+00
1.136190843978563736e+00
1.135438538144796006e+00
1.134692157370334131e+00
1.133951642296024076e+00
1.133216934273138632e+00
1.132487975353632548e+00
1.131764708280545539e+00
1.131047076478549407e+00
1.130335024044645476e+00
1.129628495738991045e+00
1.128927436975881049e+00
1.128231793814849837e+00
1.127541512951917513e+00
1.126856541710966164e+00
1.126176828035245991e+00
1.125502320479007112e+00
1.124832968199260375e+00
1.124168720947660072e+00
1.123509529062508339e+00
1.122855343460883448e+00
1.122206115630876688e+00
1.121561797623954693e+00
1.120922342047431686e+00
1.120287702057054080e+00
1.119657831349694099e+00
1.119032684156155533e+00
1.118412215234083629e+00
1.117796379860980238e+00
1.117185133827324650e+00
1.116578433429792572e+00
1.115976235464578359e+00
1.115378497220814502e+00
1.114785176474088813e+00
1.114196231480052202e+00
1.113611620968133931e+00
1.113031304135326804e+00
1.112455240640088938e+00
1.111883390596312804e+00
1.111315714567395974e+00
1.110752173560393574e+00
1.110192729020256674e+00
1.109637342824153050e+00
1.109085977275872548e+00
1.108538595100315272e+00
1.107995159438052157e+00
1.107455633839974363e+00
1.106919982262011937e+00
1.106388169059933979e+00
1.105860158984219410e+00
1.105335917175006122e+00
1.104815409157107853e+00
1.104298600835107003e+00
1.103785458488515614e+00
1.103275948767005854e+00
1.102770038685707110e+00
1.102267695620573251e+00
1.101768887303816280e+00
1.101273581819398606e+00
1.100781747598598592e+00
1.100293353415630948e+00
1.099808368383336399e+00
1.099326761948923536e+00
1.098848503889780170e+00
1.098373564309338191e+00
1.097901913632997273e+00
1.097433522604108758e+00
1.096968362280011711e+00
1.096506404028128046e+00
1.096047619522109606e+00
1.095591980738044313e+00
1.095139459950708716e+00
1.094690029729875391e+00
1.094243662936674966e+00
1.093800332720003876e+00
1.093360012512983870e+00
1.092922676029473461e+00
1.092488297260623131e+00
1.092056850471479157e+00
1.091628310197638951e+00
1.091202651241946375e+00
1.090779848671235452e+00
1.090359877813118716e+00
1.089942714252820410e+00
1.089528333830051876e+00
1.089116712635929130e+00
1.088707827009935292e+00
1.088301653536920099e+00
1.087898169044146490e+00
1.087497350598371382e+00
1.087099175502969306e+00
1.086703621295094901e+00
1.086310665742882042e+00
1.085920286842685378e+00
1.085532462816350519e+00
1.085147172108532398e+00
1.084764393384040959e+00
1.084384105525225239e+00
1.084006287629394549e+00
1.083630919006270732e+00
1.083257979175478614e+00
1.082887447864065322e+00
1.082519305004057797e+00
1.082153530730048496e+00
1.081790105376815303e+00
1.081429009476975178e+00
1.081070223758661353e+00
1.080713729143245150e+00
1.080359506743070241e+00
1.080007537859233313e+00
1.079657803979382047e+00
1.079310286775550631e+00
1.078964968102017474e+00
1.078621829993194670e+00
1.078280854661544330e+00
1.077942024495522233e+00
1.077605322057547221e+00
1.077270730081999917e+00
1.076938231473243190e+00
1.076607809303675500e+00
1.076279446811799101e+00
1.075953127400325116e+00
1.075628834634293263e+00
1.075306552239222446e+00
1.074986264099283106e+00
1.074667954255491331e+00
1.074351606903928946e+00
1.074037206393986921e+00
1.073724737226626980e+00
1.073414184052671860e+00
1.073105531671111557e+00
1.072798765027435541e+00
1.072493869211984974e+00
1.072190829458323780e+00
1.071889631141634602e+00
1.071590259777131404e+00
1.071292701018495164e+00
1.070996940656326890e+00
1.070702964616622177e+00
1.070410758959264630e+00
1.070120309876536391e+00
1.069831603691652200e+00
1.069544626857306113e+00
1.069259365954241092e+00
1.068975807689833246e+00
1.068693938896696061e+00
1.068413746531302611e+00
1.068135217672622428e+00
1.067858339520776356e+00
1.067583099395710944e+00
1.067309484735884606e+00
1.067037483096974215e+00
1.066767082150595236e+00
1.066498269683038957e+00
1.066231033594025712e+00
1.065965361895472530e+00
1.065701242710274776e+00
1.065438664271108005e+00
1.065177614919236682e+00
1.064918083103345570e+00
1.064660057378379321e+00
1.064403526404400058e+00
1.064148478945457388e+00
1.063894903868472408e+00
1.063642790142134364e+00
1.063392126835815299e+00
1.063142903118488913e+00
1.062895108257673638e+00
1.062648731618379916e+00
1.062403762662073925e+00
1.062160190945653948e+00
1.061918006120436964e+00
1.061677197931161443e+00
1.061437756214997696e+00
1.061199670900572434e+00
1.060962932007005088e+00
1.060727529642956135e+00
1.060493454005685399e+00
1.060260695380120577e+00
1.060029244137942417e+00
1.059799090736674110e+00
1.059570225718786007e+00
1.059342639710807443e+00
1.059116323422453654e+00
1.058891267645759804e+00
1.058667463254225227e+00
1.058444901201968547e+00
1.058223572522894118e+00
1.058003468329866914e+00
1.057784579813894954e+00
1.057566898243327058e+00
1.057350414963054597e+00
1.057135121393724564e+00
1.056921009030962866e+00
1.056708069444605824e+00
1.056496294277940118e+00
1.056285675246952049e+00
1.056076204139585917e+00
1.055867872815011932e+00
1.055660673202898803e+00
1.055454597302699637e+00
1.055249637182944511e+00
