1.000000000000000021e-03 0.000000000000000000e+00
2.606015037593985284e-02 0.000000000000000000e+00
5.112030075187970479e-02 0.000000000000000000e+00
7.618045112781955674e-02 0.000000000000000000e+00
1.012406015037594087e-01 0.000000000000000000e+00
1.263007518796992468e-01 0.000000000000000000e+00
1.513609022556391126e-01 0.000000000000000000e+00
1.764210526315789784e-01 0.000000000000000000e+00
2.014812030075188165e-01 0.000000000000000000e+00
2.265413533834586546e-01 0.000000000000000000e+00
2.516015037593984927e-01 0.000000000000000000e+00
2.766616541353383862e-01 0.000000000000000000e+00
3.017218045112782243e-01 0.000000000000000000e+00
3.267819548872180624e-01 0.000000000000000000e+00
3.518421052631579560e-01 0.000000000000000000e+00
3.769022556390977940e-01 0.000000000000000000e+00
4.019624060150376321e-01 0.000000000000000000e+00
4.270225563909774702e-01 0.000000000000000000e+00
4.520827067669173083e-01 0.000000000000000000e+00
4.771428571428572019e-01 0.000000000000000000e+00
5.022030075187969844e-01 0.000000000000000000e+00
5.272631578947368780e-01 0.000000000000000000e+00
5.523233082706767716e-01 0.000000000000000000e+00
5.773834586466165542e-01 0.000000000000000000e+00
6.024436090225564477e-01 0.000000000000000000e+00
6.275037593984963413e-01 0.000000000000000000e+00
6.525639097744361239e-01 0.000000000000000000e+00
6.776240601503760175e-01 0.000000000000000000e+00
7.026842105263159111e-01 0.000000000000000000e+00
7.277443609022556936e-01 0.000000000000000000e+00
7.528045112781955872e-01 0.000000000000000000e+00
7.778646616541353698e-01 0.000000000000000000e+00
8.029248120300752634e-01 0.000000000000000000e+00
8.279849624060151569e-01 0.000000000000000000e+00
8.530451127819549395e-01 0.000000000000000000e+00
8.781052631578948331e-01 0.000000000000000000e+00
9.031654135338346157e-01 0.000000000000000000e+00
9.282255639097745092e-01 0.000000000000000000e+00
9.532857142857144028e-01 0.000000000000000000e+00
9.783458646616541854e-01 0.000000000000000000e+00
1.003406015037593857e+00 0.000000000000000000e+00
1.028466165413533862e+00 0.000000000000000000e+00
1.053526315789473644e+00 0.000000000000000000e+00
1.078586466165413427e+00 0.000000000000000000e+00
1.103646616541353431e+00 0.000000000000000000e+00
1.128706766917293214e+00 0.000000000000000000e+00
1.153766917293232996e+00 0.000000000000000000e+00
1.178827067669173001e+00 0.000000000000000000e+00
1.203887218045112784e+00 0.000000000000000000e+00
1.228947368421052566e+00 0.000000000000000000e+00
1.254007518796992571e+00 0.000000000000000000e+00
1.279067669172932353e+00 0.000000000000000000e+00
1.304127819548872136e+00 0.000000000000000000e+00
1.329187969924812140e+00 0.000000000000000000e+00
1.354248120300751923e+00 0.000000000000000000e+00
1.379308270676691706e+00 0.000000000000000000e+00
1.404368421052631710e+00 0.000000000000000000e+00
1.429428571428571493e+00 0.000000000000000000e+00
1.454488721804511275e+00 0.000000000000000000e+00
1.479548872180451058e+00 0.000000000000000000e+00
1.504609022556391063e+00 0.000000000000000000e+00
1.529669172932330845e+00 0.000000000000000000e+00
1.554729323308270628e+00 0.000000000000000000e+00
1.579789473684210632e+00 0.000000000000000000e+00
1.604849624060150415e+00 0.000000000000000000e+00
1.629909774436090197e+00 0.000000000000000000e+00
1.654969924812030202e+00 0.000000000000000000e+00
1.680030075187969985e+00 0.000000000000000000e+00
1.705090225563909767e+00 0.000000000000000000e+00
1.730150375939849772e+00 0.000000000000000000e+00
1.755210526315789554e+00 0.000000000000000000e+00
1.780270676691729337e+00 0.000000000000000000e+00
1.805330827067669119e+00 0.000000000000000000e+00
1.830390977443609124e+00 0.000000000000000000e+00
1.855451127819548907e+00 0.000000000000000000e+00
1.880511278195488689e+00 0.000000000000000000e+00
1.905571428571428694e+00 0.000000000000000000e+00
1.930631578947368476e+00 0.000000000000000000e+00
1.955691729323308259e+00 0.000000000000000000e+00
1.980751879699248263e+00 0.000000000000000000e+00
2.005812030075187824e+00 0.000000000000000000e+00
2.030872180451127829e+00 0.000000000000000000e+00
2.055932330827067833e+00 0.000000000000000000e+00
2.080992481203007394e+00 0.000000000000000000e+00
2.106052631578947398e+00 0.000000000000000000e+00
2.131112781954887403e+00 0.000000000000000000e+00
2.156172932330826963e+00 0.000000000000000000e+00
2.181233082706766968e+00 0.000000000000000000e+00
2.206293233082706973e+00 0.000000000000000000e+00
2.231353383458646533e+00 0.000000000000000000e+00
2.256413533834586538e+00 0.000000000000000000e+00
2.281473684210526542e+00 0.000000000000000000e+00
2.306533834586466103e+00 0.000000000000000000e+00
2.331593984962406108e+00 0.000000000000000000e+00
2.356654135338346112e+00 0.000000000000000000e+00
2.381714285714285673e+00 0.000000000000000000e+00
2.406774436090225677e+00 0.000000000000000000e+00
2.431834586466165682e+00 0.000000000000000000e+00
2.456894736842105242e+00 0.000000000000000000e+00
2.481954887218045247e+00 0.000000000000000000e+00
2.507015037593985252e+00 0.000000000000000000e+00
2.532075187969924812e+00 0.000000000000000000e+00
2.557135338345864817e+00 0.000000000000000000e+00
2.582195488721804821e+00 0.000000000000000000e+00
2.607255639097744382e+00 0.000000000000000000e+00
2.632315789473684386e+00 0.000000000000000000e+00
2.657375939849624391e+00 0.000000000000000000e+00
2.682436090225563952e+00 0.000000000000000000e+00
2.707496240601503956e+00 0.000000000000000000e+00
2.732556390977443961e+00 0.000000000000000000e+00
2.757616541353383521e+00 0.000000000000000000e+00
2.782676691729323526e+00 0.000000000000000000e+00
2.807736842105263531e+00 0.000000000000000000e+00
2.832796992481203091e+00 0.000000000000000000e+00
2.857857142857143096e+00 0.000000000000000000e+00
2.882917293233082656e+00 0.000000000000000000e+00
2.907977443609022661e+00 0.000000000000000000e+00
2.933037593984962665e+00 0.000000000000000000e+00
2.958097744360902226e+00 0.000000000000000000e+00
2.983157894736842231e+00 0.000000000000000000e+00
3.008218045112782235e+00 0.000000000000000000e+00
3.033278195488721796e+00 0.000000000000000000e+00
3.058338345864661800e+00 0.000000000000000000e+00
3.083398496240601805e+00 0.000000000000000000e+00
3.108458646616541365e+00 0.000000000000000000e+00
3.133518796992481370e+00 0.000000000000000000e+00
3.158578947368421375e+00 0.000000000000000000e+00
3.183639097744360935e+00 0.000000000000000000e+00
3.208699248120300940e+00 0.000000000000000000e+00
3.233759398496240944e+00 0.000000000000000000e+00
3.258819548872180505e+00 0.000000000000000000e+00
3.283879699248120509e+00 0.000000000000000000e+00
3.308939849624060514e+00 7.815631262525049583e-02
3.334000000000000075e+00 1.142284569138276584e-01
3.359060150375940079e+00 1.442885771543086226e-01
3.384120300751880084e+00 1.683366733466933884e-01
3.409180451127819644e+00 1.923847695390781543e-01
3.434240601503759649e+00 2.104208416833667217e-01
3.459300751879699654e+00 2.284569138276553169e-01
3.484360902255639214e+00 2.404809619238476859e-01
3.509421052631579219e+00 2.585170340681362533e-01
3.534481203007519223e+00 2.705410821643286501e-01
3.559541353383458784e+00 2.885771543086172453e-01
3.584601503759398788e+00 3.006012024048096420e-01
3.609661654135338349e+00 3.126252505010019833e-01
3.634721804511278354e+00 3.246492985971943801e-01
3.659781954887218358e+00 3.366733466933867769e-01
3.684842105263157919e+00 3.486973947895791737e-01
3.709902255639097923e+00 3.547094188376753721e-01
3.734962406015037928e+00 3.667334669338677133e-01
3.760022556390977488e+00 3.787575150300601101e-01
3.785082706766917493e+00 3.907815631262525069e-01
3.810142857142857498e+00 3.967935871743487053e-01
3.835203007518797058e+00 4.088176352705411021e-01
3.860263157894737063e+00 4.148296593186372450e-01
3.885323308270677067e+00 4.268537074148296417e-01
3.910383458646616628e+00 4.328657314629258401e-01
3.935443609022556632e+00 4.448897795591182369e-01
3.960503759398496637e+00 4.509018036072144353e-01
3.985563909774436198e+00 4.569138276553106337e-01
4.010624060150376202e+00 4.689378757515029750e-01
4.035684210526316207e+00 4.749498997995991734e-01
4.060744360902256211e+00 4.869739478957915702e-01
4.085804511278196216e+00 4.929859719438877685e-01
4.110864661654136221e+00 4.989979959919839669e-01
4.135924812030076225e+00 5.050100200400801098e-01
4.160984962406015342e+00 5.170340681362725066e-01
4.186045112781955346e+00 5.230460921843687050e-01
4.211105263157895351e+00 5.290581162324649034e-01
4.236165413533835356e+00 5.350701402805611018e-01
4.261225563909775360e+00 5.410821643286573002e-01
4.286285714285715365e+00 5.531062124248496970e-01
4.311345864661654481e+00 5.591182364729458953e-01
4.336406015037594486e+00 5.651302605210420937e-01
4.361466165413534490e+00 5.711422845691382921e-01
4.386526315789474495e+00 5.771543086172344905e-01
4.411586466165414500e+00 5.831663326653306889e-01
4.436646616541354504e+00 5.891783567134268873e-01
4.461706766917293621e+00 5.951903807615230857e-01
4.486766917293233625e+00 6.012024048096192841e-01
4.511827067669173630e+00 6.072144288577153715e-01
4.536887218045113634e+00 6.132264529058115698e-01
4.561947368421053639e+00 6.192384769539077682e-01
4.587007518796993644e+00 6.252505010020039666e-01
4.612067669172932760e+00 6.312625250501001650e-01
4.637127819548872765e+00 6.372745490981963634e-01
4.662187969924812769e+00 6.432865731462925618e-01
4.687248120300752774e+00 6.492985971943887602e-01
4.712308270676692779e+00 6.553106212424849586e-01
4.737368421052632783e+00 6.613226452905811570e-01
4.762428571428571900e+00 6.673346693386773554e-01
4.787488721804511904e+00 6.733466933867735538e-01
4.812548872180451909e+00 6.793587174348697522e-01
4.837609022556391913e+00 6.853707414829659506e-01
4.862669172932331918e+00 6.913827655310621489e-01
4.887729323308271034e+00 6.973947895791583473e-01
4.912789473684211039e+00 7.034068136272545457e-01
4.937849624060151044e+00 7.094188376753507441e-01
4.962909774436091048e+00 7.154308617234468315e-01
4.987969924812031053e+00 7.154308617234468315e-01
5.013030075187971057e+00 7.214428857715430299e-01
5.038090225563910174e+00 7.274549098196392283e-01
5.063150375939850178e+00 7.334669338677354267e-01
5.088210526315790183e+00 7.394789579158316251e-01
5.113270676691730188e+00 7.454909819639278235e-01
5.138330827067670192e+00 7.515030060120240218e-01
5.163390977443610197e+00 7.575150300601202202e-01
5.188451127819549313e+00 7.575150300601202202e-01
5.213511278195489318e+00 7.635270541082164186e-01
5.238571428571429323e+00 7.695390781563126170e-01
5.263631578947369327e+00 7.755511022044088154e-01
5.288691729323309332e+00 7.815631262525050138e-01
5.313751879699249336e+00 7.815631262525050138e-01
5.338812030075188453e+00 7.875751503006012122e-01
5.363872180451128457e+00 7.935871743486974106e-01
5.388932330827068462e+00 7.995991983967936090e-01
5.413992481203008467e+00 8.056112224448898074e-01
5.439052631578948471e+00 8.056112224448898074e-01
5.464112781954888476e+00 8.116232464929860058e-01
5.489172932330827592e+00 8.176352705410822042e-01
5.514233082706767597e+00 8.236472945891784025e-01
5.539293233082707602e+00 8.296593186372744899e-01
5.564353383458647606e+00 8.296593186372744899e-01
5.589413533834587611e+00 8.356713426853706883e-01
5.614473684210527615e+00 8.416833667334668867e-01
5.639533834586466732e+00 8.476953907815630851e-01
5.664593984962406736e+00 8.476953907815630851e-01
5.689654135338346741e+00 8.537074148296592835e-01
5.714714285714286746e+00 8.597194388777554819e-01
5.739774436090226750e+00 8.657314629258516803e-01
5.764834586466165867e+00 8.657314629258516803e-01
5.789894736842105871e+00 8.717434869739478787e-01
5.814954887218045876e+00 8.777555110220440771e-01
5.840015037593985880e+00 8.777555110220440771e-01
5.865075187969925885e+00 8.837675350701402754e-01
5.890135338345865890e+00 8.897795591182364738e-01
5.915195488721805006e+00 8.957915831663326722e-01
5.940255639097745011e+00 8.957915831663326722e-01
5.965315789473685015e+00 9.018036072144288706e-01
5.990375939849625020e+00 9.078156312625250690e-01
6.015436090225565025e+00 9.078156312625250690e-01
6.040496240601505029e+00 9.138276553106212674e-01
6.065556390977444146e+00 9.198396793587174658e-01
6.090616541353384150e+00 9.198396793587174658e-01
6.115676691729324155e+00 9.258517034068136642e-01
6.140736842105264159e+00 9.318637274549098626e-01
6.165796992481204164e+00 9.378757515030059499e-01
6.190857142857144169e+00 9.378757515030059499e-01
6.215917293233083285e+00 9.438877755511021483e-01
6.240977443609023290e+00 9.498997995991983467e-01
6.266037593984963294e+00 9.498997995991983467e-01
6.291097744360903299e+00 9.559118236472945451e-01
6.316157894736843303e+00 9.619238476953907435e-01
6.341218045112783308e+00 9.619238476953907435e-01
6.366278195488722424e+00 9.679358717434869419e-01
6.391338345864662429e+00 9.679358717434869419e-01
6.416398496240602434e+00 9.739478957915831403e-01
6.441458646616542438e+00 9.799599198396793387e-01
6.466518796992482443e+00 9.799599198396793387e-01
6.491578947368421559e+00 9.859719438877755371e-01
6.516639097744361564e+00 9.919839679358717355e-01
6.541699248120301569e+00 9.919839679358717355e-01
6.566759398496241573e+00 9.979959919839679339e-01
6.591819548872181578e+00 1.004008016032064132e+00
6.616879699248121582e+00 1.004008016032064132e+00
6.641939849624060699e+00 1.010020040080160220e+00
6.667000000000000703e+00 1.016032064128256529e+00
6.692060150375940708e+00 1.016032064128256529e+00
6.717120300751880713e+00 1.022044088176352616e+00
6.742180451127820717e+00 1.022044088176352616e+00
6.767240601503760722e+00 1.028056112224448926e+00
6.792300751879699838e+00 1.034068136272545013e+00
6.817360902255639843e+00 1.034068136272545013e+00
6.842421052631579848e+00 1.040080160320641323e+00
6.867481203007519852e+00 1.040080160320641323e+00
6.892541353383459857e+00 1.046092184368737410e+00
6.917601503759399861e+00 1.052104208416833719e+00
6.942661654135338978e+00 1.052104208416833719e+00
6.967721804511278982e+00 1.058116232464929807e+00
6.992781954887218987e+00 1.058116232464929807e+00
7.017842105263158992e+00 1.064128256513026116e+00
7.042902255639098996e+00 1.070140280561122204e+00
7.067962406015039001e+00 1.070140280561122204e+00
7.093022556390978117e+00 1.076152304609218513e+00
7.118082706766918122e+00 1.076152304609218513e+00
7.143142857142858126e+00 1.082164328657314600e+00
7.168203007518798131e+00 1.088176352705410910e+00
7.193263157894738136e+00 1.088176352705410910e+00
7.218323308270677252e+00 1.094188376753506997e+00
7.243383458646617257e+00 1.094188376753506997e+00
7.268443609022557261e+00 1.100200400801603084e+00
7.293503759398497266e+00 1.100200400801603084e+00
7.318563909774437271e+00 1.106212424849699394e+00
7.343624060150377275e+00 1.112224448897795481e+00
7.368684210526316392e+00 1.112224448897795481e+00
7.393744360902256396e+00 1.118236472945891791e+00
7.418804511278196401e+00 1.118236472945891791e+00
7.443864661654136405e+00 1.124248496993987878e+00
7.468924812030076410e+00 1.124248496993987878e+00
7.493984962406016415e+00 1.130260521042084187e+00
7.519045112781955531e+00 1.136272545090180275e+00
7.544105263157895536e+00 1.136272545090180275e+00
7.569165413533835540e+00 1.142284569138276584e+00
7.594225563909775545e+00 1.142284569138276584e+00
7.619285714285715549e+00 1.148296593186372672e+00
7.644345864661655554e+00 1.148296593186372672e+00
7.669406015037594671e+00 1.154308617234468981e+00
7.694466165413534675e+00 1.154308617234468981e+00
7.719526315789474680e+00 1.160320641282565068e+00
7.744586466165414684e+00 1.166332665330661378e+00
7.769646616541354689e+00 1.166332665330661378e+00
7.794706766917294694e+00 1.172344689378757465e+00
7.819766917293233810e+00 1.172344689378757465e+00
7.844827067669173815e+00 1.178356713426853775e+00
7.869887218045113819e+00 1.178356713426853775e+00
7.894947368421053824e+00 1.184368737474949862e+00
7.920007518796993828e+00 1.184368737474949862e+00
7.945067669172933833e+00 1.190380761523046171e+00
7.970127819548872949e+00 1.190380761523046171e+00
7.995187969924812954e+00 1.196392785571142259e+00
8.020248120300751182e+00 1.196392785571142259e+00
8.045308270676692075e+00 1.202404809619238568e+00
8.070368421052631192e+00 1.208416833667334656e+00
8.095428571428572084e+00 1.208416833667334656e+00
8.120488721804511201e+00 1.214428857715430743e+00
8.145548872180452094e+00 1.214428857715430743e+00
8.170609022556391210e+00 1.220440881763527052e+00
8.195669172932330326e+00 1.220440881763527052e+00
8.220729323308271219e+00 1.226452905811623140e+00
8.245789473684210336e+00 1.226452905811623140e+00
8.270849624060151228e+00 1.232464929859719449e+00
8.295909774436090345e+00 1.232464929859719449e+00
8.320969924812029461e+00 1.238476953907815536e+00
8.346030075187970354e+00 1.238476953907815536e+00
8.371090225563909470e+00 1.244488977955911846e+00
8.396150375939850363e+00 1.244488977955911846e+00
8.421210526315789480e+00 1.250501002004007933e+00
8.446270676691730372e+00 1.250501002004007933e+00
8.471330827067669489e+00 1.256513026052104243e+00
8.496390977443608605e+00 1.256513026052104243e+00
8.521451127819549498e+00 1.262525050100200330e+00
8.546511278195488615e+00 1.262525050100200330e+00
8.571571428571429507e+00 1.268537074148296639e+00
8.596631578947368624e+00 1.268537074148296639e+00
8.621691729323307740e+00 1.274549098196392727e+00
8.646751879699248633e+00 1.274549098196392727e+00
8.671812030075187749e+00 1.280561122244489036e+00
8.696872180451128642e+00 1.280561122244489036e+00
8.721932330827067759e+00 1.286573146292585124e+00
8.746992481203008651e+00 1.286573146292585124e+00
8.772052631578947768e+00 1.292585170340681433e+00
8.797112781954886884e+00 1.292585170340681433e+00
8.822172932330827777e+00 1.298597194388777520e+00
8.847233082706766893e+00 1.298597194388777520e+00
8.872293233082707786e+00 1.304609218436873830e+00
8.897353383458646903e+00 1.304609218436873830e+00
8.922413533834586019e+00 1.310621242484969917e+00
8.947473684210526912e+00 1.310621242484969917e+00
8.972533834586466028e+00 1.316633266533066227e+00
8.997593984962406921e+00 1.316633266533066227e+00
9.022654135338346038e+00 1.322645290581162314e+00
9.047714285714285154e+00 1.322645290581162314e+00
9.072774436090226047e+00 1.328657314629258401e+00
9.097834586466165163e+00 1.328657314629258401e+00
9.122894736842106056e+00 1.328657314629258401e+00
9.147954887218045172e+00 1.334669338677354711e+00
9.173015037593986065e+00 1.334669338677354711e+00
9.198075187969925182e+00 1.340681362725450798e+00
9.223135338345864298e+00 1.340681362725450798e+00
9.248195488721805191e+00 1.346693386773547108e+00
9.273255639097744307e+00 1.346693386773547108e+00
9.298315789473685200e+00 1.352705410821643195e+00
9.323375939849624316e+00 1.352705410821643195e+00
9.348436090225563433e+00 1.358717434869739504e+00
9.373496240601504326e+00 1.358717434869739504e+00
9.398556390977443442e+00 1.364729458917835592e+00
9.423616541353384335e+00 1.364729458917835592e+00
9.448676691729323451e+00 1.370741482965931901e+00
9.473736842105264344e+00 1.370741482965931901e+00
9.498796992481203461e+00 1.376753507014027988e+00
9.523857142857142577e+00 1.376753507014027988e+00
9.548917293233083470e+00 1.376753507014027988e+00
9.573977443609022586e+00 1.382765531062124298e+00
9.599037593984963479e+00 1.382765531062124298e+00
9.624097744360902595e+00 1.388777555110220385e+00
9.649157894736841712e+00 1.388777555110220385e+00
9.674218045112782605e+00 1.394789579158316695e+00
9.699278195488721721e+00 1.394789579158316695e+00
9.724338345864662614e+00 1.400801603206412782e+00
9.749398496240601730e+00 1.400801603206412782e+00
9.774458646616540847e+00 1.406813627254509091e+00
9.799518796992481739e+00 1.406813627254509091e+00
9.824578947368420856e+00 1.406813627254509091e+00
9.849639097744361749e+00 1.412825651302605179e+00
9.874699248120300865e+00 1.412825651302605179e+00
9.899759398496241758e+00 1.418837675350701488e+00
9.924819548872180874e+00 1.418837675350701488e+00
9.949879699248119991e+00 1.424849699398797576e+00
9.974939849624060884e+00 1.424849699398797576e+00
1.000000000000000000e+01 1.430861723446893663e+00
