9.999999999999999547e-07 0.000000000000000000e+00
2.404909418837675519e-02 0.000000000000000000e+00
4.809718837675350939e-02 0.000000000000000000e+00
7.214528256513026705e-02 0.000000000000000000e+00
9.619337675350701777e-02 0.000000000000000000e+00
1.202414709418837685e-01 0.000000000000000000e+00
1.442895651302605331e-01 0.000000000000000000e+00
1.683376593186372838e-01 0.000000000000000000e+00
1.923857535070140345e-01 0.000000000000000000e+00
2.164338476953907853e-01 0.000000000000000000e+00
2.404819418837675360e-01 0.000000000000000000e+00
2.645300360721442590e-01 0.000000000000000000e+00
2.885781302605210374e-01 0.000000000000000000e+00
3.126262244488977604e-01 0.000000000000000000e+00
3.366743186372745389e-01 0.000000000000000000e+00
3.607224128256512619e-01 0.000000000000000000e+00
3.847705070140280403e-01 0.000000000000000000e+00
4.088186012024048188e-01 0.000000000000000000e+00
4.328666953907815418e-01 0.000000000000000000e+00
4.569147895791583203e-01 0.000000000000000000e+00
4.809628837675350432e-01 0.000000000000000000e+00
5.050109779559118772e-01 0.000000000000000000e+00
5.290590721442886002e-01 0.000000000000000000e+00
5.531071663326653232e-01 0.000000000000000000e+00
5.771552605210421572e-01 0.000000000000000000e+00
6.012033547094188801e-01 0.000000000000000000e+00
6.252514488977956031e-01 0.000000000000000000e+00
6.492995430861724371e-01 0.000000000000000000e+00
6.733476372745491600e-01 0.000000000000000000e+00
6.973957314629258830e-01 0.000000000000000000e+00
7.214438256513026060e-01 0.000000000000000000e+00
7.454919198396794400e-01 0.000000000000000000e+00
7.695400140280561629e-01 0.000000000000000000e+00
7.935881082164328859e-01 0.000000000000000000e+00
8.176362024048097199e-01 0.000000000000000000e+00
8.416842965931864429e-01 0.000000000000000000e+00
8.657323907815631658e-01 0.000000000000000000e+00
8.897804849699398888e-01 0.000000000000000000e+00
9.138285791583167228e-01 0.000000000000000000e+00
9.378766733466934458e-01 0.000000000000000000e+00
9.619247675350701687e-01 0.000000000000000000e+00
9.859728617234470027e-01 0.000000000000000000e+00
1.010020955911823615e+00 0.000000000000000000e+00
1.034069050100200338e+00 0.000000000000000000e+00
1.058117144288577061e+00 0.000000000000000000e+00
1.082165238476953784e+00 0.000000000000000000e+00
1.106213332665330507e+00 0.000000000000000000e+00
1.130261426853707452e+00 0.000000000000000000e+00
1.154309521042084175e+00 0.000000000000000000e+00
1.178357615230460897e+00 0.000000000000000000e+00
1.202405709418837620e+00 0.000000000000000000e+00
1.226453803607214343e+00 0.000000000000000000e+00
1.250501897795591066e+00 0.000000000000000000e+00
1.274549991983967789e+00 0.000000000000000000e+00
1.298598086172344734e+00 0.000000000000000000e+00
1.322646180360721457e+00 0.000000000000000000e+00
1.346694274549098180e+00 0.000000000000000000e+00
1.370742368737474903e+00 0.000000000000000000e+00
1.394790462925851626e+00 0.000000000000000000e+00
1.418838557114228349e+00 0.000000000000000000e+00
1.442886651302605072e+00 0.000000000000000000e+00
1.466934745490982017e+00 0.000000000000000000e+00
1.490982839679358740e+00 0.000000000000000000e+00
1.515030933867735463e+00 0.000000000000000000e+00
1.539079028056112186e+00 0.000000000000000000e+00
1.563127122244488909e+00 0.000000000000000000e+00
1.587175216432865632e+00 0.000000000000000000e+00
1.611223310621242355e+00 0.000000000000000000e+00
1.635271404809619300e+00 0.000000000000000000e+00
1.659319498997996023e+00 0.000000000000000000e+00
1.683367593186372746e+00 0.000000000000000000e+00
1.707415687374749469e+00 0.000000000000000000e+00
1.731463781563126192e+00 0.000000000000000000e+00
1.755511875751502915e+00 0.000000000000000000e+00
1.779559969939879638e+00 0.000000000000000000e+00
1.803608064128256583e+00 0.000000000000000000e+00
1.827656158316633306e+00 0.000000000000000000e+00
1.851704252505010029e+00 0.000000000000000000e+00
1.875752346693386752e+00 0.000000000000000000e+00
1.899800440881763475e+00 0.000000000000000000e+00
1.923848535070140198e+00 0.000000000000000000e+00
1.947896629258516921e+00 0.000000000000000000e+00
1.971944723446893866e+00 0.000000000000000000e+00
1.995992817635270589e+00 0.000000000000000000e+00
2.020040911823647534e+00 0.000000000000000000e+00
2.044089006012024257e+00 0.000000000000000000e+00
2.068137100200400980e+00 0.000000000000000000e+00
2.092185194388777703e+00 0.000000000000000000e+00
2.116233288577154426e+00 0.000000000000000000e+00
2.140281382765531148e+00 0.000000000000000000e+00
2.164329476953907871e+00 0.000000000000000000e+00
2.188377571142284594e+00 0.000000000000000000e+00
2.212425665330661317e+00 0.000000000000000000e+00
2.236473759519038484e+00 0.000000000000000000e+00
2.260521853707415207e+00 0.000000000000000000e+00
2.284569947895791930e+00 0.000000000000000000e+00
2.308618042084168653e+00 0.000000000000000000e+00
2.332666136272545376e+00 0.000000000000000000e+00
2.356714230460922099e+00 0.000000000000000000e+00
2.380762324649298822e+00 0.000000000000000000e+00
2.404810418837675545e+00 0.000000000000000000e+00
2.428858513026052268e+00 0.000000000000000000e+00
2.452906607214428991e+00 0.000000000000000000e+00
2.476954701402805714e+00 0.000000000000000000e+00
2.501002795591182437e+00 0.000000000000000000e+00
2.525050889779559160e+00 0.000000000000000000e+00
2.549098983967935883e+00 0.000000000000000000e+00
2.573147078156313050e+00 0.000000000000000000e+00
2.597195172344689773e+00 0.000000000000000000e+00
2.621243266533066496e+00 0.000000000000000000e+00
2.645291360721443219e+00 0.000000000000000000e+00
2.669339454909819942e+00 0.000000000000000000e+00
2.693387549098196665e+00 0.000000000000000000e+00
2.717435643286573388e+00 0.000000000000000000e+00
2.741483737474950111e+00 0.000000000000000000e+00
2.765531831663326834e+00 0.000000000000000000e+00
2.789579925851703557e+00 0.000000000000000000e+00
2.813628020040080280e+00 0.000000000000000000e+00
2.837676114228457003e+00 0.000000000000000000e+00
2.861724208416833726e+00 0.000000000000000000e+00
2.885772302605210449e+00 0.000000000000000000e+00
2.909820396793587616e+00 0.000000000000000000e+00
2.933868490981964339e+00 0.000000000000000000e+00
2.957916585170341062e+00 0.000000000000000000e+00
2.981964679358717785e+00 0.000000000000000000e+00
3.006012773547094508e+00 0.000000000000000000e+00
3.030060867735471231e+00 0.000000000000000000e+00
3.054108961923847954e+00 0.000000000000000000e+00
3.078157056112224677e+00 0.000000000000000000e+00
3.102205150300601399e+00 0.000000000000000000e+00
3.126253244488978122e+00 0.000000000000000000e+00
3.150301338677354845e+00 0.000000000000000000e+00
3.174349432865731568e+00 0.000000000000000000e+00
3.198397527054108291e+00 0.000000000000000000e+00
3.222445621242485014e+00 0.000000000000000000e+00
3.246493715430861737e+00 0.000000000000000000e+00
3.270541809619238904e+00 0.000000000000000000e+00
3.294589903807615627e+00 0.000000000000000000e+00
3.318637997995992350e+00 0.000000000000000000e+00
3.342686092184369073e+00 0.000000000000000000e+00
3.366734186372745796e+00 0.000000000000000000e+00
3.390782280561122519e+00 0.000000000000000000e+00
3.414830374749499242e+00 0.000000000000000000e+00
3.438878468937875965e+00 0.000000000000000000e+00
3.462926563126252688e+00 0.000000000000000000e+00
3.486974657314629411e+00 0.000000000000000000e+00
3.511022751503006134e+00 0.000000000000000000e+00
3.535070845691382857e+00 0.000000000000000000e+00
3.559118939879759580e+00 0.000000000000000000e+00
3.583167034068136303e+00 0.000000000000000000e+00
3.607215128256513470e+00 0.000000000000000000e+00
3.631263222444890193e+00 0.000000000000000000e+00
3.655311316633266916e+00 0.000000000000000000e+00
3.679359410821643639e+00 0.000000000000000000e+00
3.703407505010020362e+00 0.000000000000000000e+00
3.727455599198397085e+00 0.000000000000000000e+00
3.751503693386773808e+00 0.000000000000000000e+00
3.775551787575150531e+00 0.000000000000000000e+00
3.799599881763527254e+00 0.000000000000000000e+00
3.823647975951903977e+00 0.000000000000000000e+00
3.847696070140280700e+00 0.000000000000000000e+00
3.871744164328657423e+00 0.000000000000000000e+00
3.895792258517034146e+00 0.000000000000000000e+00
3.919840352705410869e+00 0.000000000000000000e+00
3.943888446893788036e+00 0.000000000000000000e+00
3.967936541082164759e+00 0.000000000000000000e+00
3.991984635270541482e+00 0.000000000000000000e+00
4.016032729458918205e+00 0.000000000000000000e+00
4.040080823647294928e+00 0.000000000000000000e+00
4.064128917835671650e+00 0.000000000000000000e+00
4.088177012024048373e+00 0.000000000000000000e+00
4.112225106212425096e+00 0.000000000000000000e+00
4.136273200400801819e+00 0.000000000000000000e+00
4.160321294589178542e+00 0.000000000000000000e+00
4.184369388777555265e+00 0.000000000000000000e+00
4.208417482965931988e+00 0.000000000000000000e+00
4.232465577154308711e+00 0.000000000000000000e+00
4.256513671342685434e+00 0.000000000000000000e+00
4.280561765531062157e+00 0.000000000000000000e+00
4.304609859719438880e+00 0.000000000000000000e+00
4.328657953907815603e+00 0.000000000000000000e+00
4.352706048096192326e+00 0.000000000000000000e+00
4.376754142284569049e+00 0.000000000000000000e+00
4.400802236472945772e+00 0.000000000000000000e+00
4.424850330661322495e+00 0.000000000000000000e+00
4.448898424849700106e+00 0.000000000000000000e+00
4.472946519038076829e+00 0.000000000000000000e+00
4.496994613226453552e+00 0.000000000000000000e+00
4.521042707414830275e+00 0.000000000000000000e+00
4.545090801603206998e+00 0.000000000000000000e+00
4.569138895791583721e+00 0.000000000000000000e+00
4.593186989979960444e+00 0.000000000000000000e+00
4.617235084168337167e+00 0.000000000000000000e+00
4.641283178356713890e+00 0.000000000000000000e+00
4.665331272545090613e+00 0.000000000000000000e+00
4.689379366733467336e+00 0.000000000000000000e+00
4.713427460921844059e+00 0.000000000000000000e+00
4.737475555110220782e+00 0.000000000000000000e+00
4.761523649298597505e+00 4.809619238476953856e-02
4.785571743486974228e+00 8.657314629258516803e-02
4.809619837675350951e+00 1.106212424849699338e-01
4.833667931863727674e+00 1.322645290581162258e-01
4.857716026052104397e+00 1.490981963927855702e-01
4.881764120240481120e+00 1.659318637274549146e-01
4.905812214428857843e+00 1.803607214428857575e-01
4.929860308617234566e+00 1.947895791583166281e-01
4.953908402805611288e+00 2.068136272545089971e-01
4.977956496993988011e+00 2.188376753507013939e-01
5.002004591182364734e+00 2.308617234468937629e-01
5.026052685370741457e+00 2.404809619238476859e-01
5.050100779559118180e+00 2.501002004008016089e-01
5.074148873747494903e+00 2.621242484969939501e-01
5.098196967935871626e+00 2.693386773547093993e-01
5.122245062124248349e+00 2.789579158316632945e-01
5.146293156312625960e+00 2.885771543086172453e-01
5.170341250501002683e+00 2.981963927855711405e-01
5.194389344689379406e+00 3.054108216432865341e-01
5.218437438877756129e+00 3.150300601202404849e-01
5.242485533066132852e+00 3.222444889779558785e-01
5.266533627254509575e+00 3.294589178356713277e-01
5.290581721442886298e+00 3.366733466933867769e-01
5.314629815631263021e+00 3.438877755511021705e-01
5.338677909819639744e+00 3.511022044088176197e-01
5.362726004008016467e+00 3.583166332665330689e-01
5.386774098196393190e+00 3.655310621242484626e-01
5.410822192384769913e+00 3.727454909819639117e-01
5.434870286573146636e+00 3.799599198396793609e-01
5.458918380761523359e+00 3.871743486973947546e-01
5.482966474949900082e+00 3.919839679358717022e-01
5.507014569138276805e+00 3.991983967935871513e-01
5.531062663326653528e+00 4.064128256513026005e-01
5.555110757515030251e+00 4.112224448897795481e-01
5.579158851703406974e+00 4.184368737474949973e-01
5.603206945891783697e+00 4.232464929859719449e-01
5.627255040080160420e+00 4.304609218436873386e-01
5.651303134268537143e+00 4.352705410821642862e-01
5.675351228456913866e+00 4.400801603206412893e-01
5.699399322645290589e+00 4.472945891783566830e-01
5.723447416833667312e+00 4.521042084168336306e-01
5.747495511022044035e+00 4.569138276553105782e-01
5.771543605210420758e+00 4.641282565130260274e-01
5.795591699398797481e+00 4.689378757515029750e-01
5.819639793587175092e+00 4.737474949899799226e-01
5.843687887775551815e+00 4.785571142284568702e-01
5.867735981963928538e+00 4.857715430861723194e-01
5.891784076152305261e+00 4.905811623246492670e-01
5.915832170340681984e+00 4.953907815631262146e-01
5.939880264529058707e+00 5.002004008016032177e-01
5.963928358717435430e+00 5.050100200400801098e-01
5.987976452905812152e+00 5.098196392785571129e-01
6.012024547094188875e+00 5.146292585170340050e-01
6.036072641282565598e+00 5.194388777555110082e-01
6.060120735470942321e+00 5.242484969939879003e-01
6.084168829659319044e+00 5.290581162324649034e-01
6.108216923847695767e+00 5.338677354709419065e-01
6.132265018036072490e+00 5.386773547094187986e-01
6.156313112224449213e+00 5.434869739478958017e-01
6.180361206412825936e+00 5.482965931863726938e-01
6.204409300601202659e+00 5.531062124248496970e-01
6.228457394789579382e+00 5.579158316633265891e-01
6.252505488977956105e+00 5.627254509018035922e-01
6.276553583166332828e+00 5.675350701402804843e-01
6.300601677354709551e+00 5.723446893787574874e-01
6.324649771543086274e+00 5.747494989979959890e-01
6.348697865731462997e+00 5.795591182364728811e-01
6.372745959919839720e+00 5.843687374749498842e-01
6.396794054108216443e+00 5.891783567134267763e-01
6.420842148296593166e+00 5.939879759519037794e-01
6.444890242484969889e+00 5.963927855711422810e-01
6.468938336673346612e+00 6.012024048096191731e-01
6.492986430861723335e+00 6.060120240480961762e-01
6.517034525050100946e+00 6.108216432865730683e-01
6.541082619238477669e+00 6.132264529058115698e-01
6.565130713426854392e+00 6.180360721442885730e-01
6.589178807615231115e+00 6.228456913827654651e-01
6.613226901803607838e+00 6.252505010020039666e-01
6.637274995991984561e+00 6.300601202404809698e-01
6.661323090180361284e+00 6.348697394789578619e-01
6.685371184368738007e+00 6.372745490981963634e-01
6.709419278557114730e+00 6.420841683366733665e-01
6.733467372745491453e+00 6.468937875751502586e-01
6.757515466933868176e+00 6.492985971943887602e-01
6.781563561122244899e+00 6.541082164328656523e-01
6.805611655310621622e+00 6.589178356713426554e-01
6.829659749498998345e+00 6.613226452905811570e-01
6.853707843687375068e+00 6.661322645290580491e-01
6.877755937875751791e+00 6.685370741482965506e-01
6.901804032064128513e+00 6.733466933867735538e-01
6.925852126252505236e+00 6.757515030060119443e-01
6.949900220440881959e+00 6.805611222444889474e-01
6.973948314629258682e+00 6.829659318637274490e-01
6.997996408817635405e+00 6.877755511022043411e-01
7.022044503006012128e+00 6.925851703406813442e-01
7.046092597194388851e+00 6.949899799599198458e-01
7.070140691382765574e+00 6.997995991983967379e-01
7.094188785571142297e+00 7.022044088176352394e-01
7.118236879759519020e+00 7.070140280561122426e-01
7.142284973947895743e+00 7.094188376753506331e-01
7.166333068136272466e+00 7.142284569138276362e-01
7.190381162324650077e+00 7.166332665330661378e-01
7.214429256513026800e+00 7.190380761523045283e-01
7.238477350701403523e+00 7.238476953907815314e-01
7.262525444889780246e+00 7.262525050100200330e-01
7.286573539078156969e+00 7.310621242484969251e-01
7.310621633266533692e+00 7.334669338677354267e-01
7.334669727454910415e+00 7.382765531062124298e-01
7.358717821643287138e+00 7.406813627254508203e-01
7.382765915831663861e+00 7.454909819639278235e-01
7.406814010020040584e+00 7.478957915831663250e-01
7.430862104208417307e+00 7.503006012024048266e-01
7.454910198396794030e+00 7.551102204408817187e-01
7.478958292585170753e+00 7.575150300601202202e-01
7.503006386773547476e+00 7.623246492985971123e-01
7.527054480961924199e+00 7.647294589178356139e-01
7.551102575150300922e+00 7.671342685370741155e-01
7.575150669338677645e+00 7.719438877755511186e-01
7.599198763527054368e+00 7.743486973947895091e-01
7.623246857715431091e+00 7.767535070140280107e-01
7.647294951903807814e+00 7.815631262525050138e-01
7.671343046092184537e+00 7.839679358717434043e-01
7.695391140280561260e+00 7.863727454909819059e-01
7.719439234468937983e+00 7.911823647294589090e-01
7.743487328657314706e+00 7.935871743486974106e-01
7.767535422845691429e+00 7.959919839679358011e-01
7.791583517034068151e+00 8.008016032064128042e-01
7.815631611222444874e+00 8.032064128256513058e-01
7.839679705410821597e+00 8.056112224448896963e-01
7.863727799599198320e+00 8.104208416833666995e-01
7.887775893787575932e+00 8.128256513026052010e-01
7.911823987975952654e+00 8.152304609218437026e-01
7.935872082164329377e+00 8.200400801603205947e-01
7.959920176352706100e+00 8.224448897795590963e-01
7.983968270541082823e+00 8.248496993987975978e-01
8.008016364729458658e+00 8.272545090180359884e-01
8.032064458917835381e+00 8.320641282565129915e-01
8.056112553106212104e+00 8.344689378757514930e-01
8.080160647294588827e+00 8.368737474949899946e-01
8.104208741482965550e+00 8.392785571142283851e-01
8.128256835671342273e+00 8.440881763527053883e-01
8.152304929859718996e+00 8.464929859719438898e-01
8.176353024048095719e+00 8.488977955911822804e-01
8.200401118236472442e+00 8.513026052104207819e-01
8.224449212424849165e+00 8.561122244488977850e-01
8.248497306613225888e+00 8.585170340681362866e-01
8.272545400801602611e+00 8.609218436873746771e-01
8.296593494989979334e+00 8.633266533066131787e-01
8.320641589178356057e+00 8.657314629258516803e-01
8.344689683366732780e+00 8.705410821643285724e-01
8.368737777555109503e+00 8.729458917835670739e-01
8.392785871743486226e+00 8.753507014028055755e-01
8.416833965931862949e+00 8.777555110220440771e-01
8.440882060120239672e+00 8.825651302605209692e-01
8.464930154308616395e+00 8.849699398797594707e-01
8.488978248496993118e+00 8.873747494989979723e-01
8.513026342685369841e+00 8.897795591182364738e-01
8.537074436873746563e+00 8.921843687374748644e-01
8.561122531062123286e+00 8.945891783567133659e-01
8.585170625250500009e+00 8.993987975951903691e-01
8.609218719438876732e+00 9.018036072144288706e-01
8.633266813627253455e+00 9.042084168336672612e-01
8.657314907815630178e+00 9.066132264529057627e-01
8.681363002004006901e+00 9.090180360721442643e-01
8.705411096192383624e+00 9.114228456913827658e-01
8.729459190380760347e+00 9.162324649298596579e-01
8.753507284569137070e+00 9.186372745490981595e-01
8.777555378757513793e+00 9.210420841683366611e-01
8.801603472945890516e+00 9.234468937875750516e-01
8.825651567134267239e+00 9.258517034068135532e-01
8.849699661322643962e+00 9.282565130260520547e-01
8.873747755511020685e+00 9.306613226452905563e-01
8.897795849699399184e+00 9.354709418837674484e-01
8.921843943887775907e+00 9.378757515030059499e-01
8.945892038076152630e+00 9.402805611222444515e-01
8.969940132264529353e+00 9.426853707414829531e-01
8.993988226452906076e+00 9.450901803607213436e-01
9.018036320641282799e+00 9.474949899799598452e-01
9.042084414829659522e+00 9.498997995991983467e-01
9.066132509018036245e+00 9.523046092184368483e-01
9.090180603206412968e+00 9.547094188376753499e-01
9.114228697394789691e+00 9.595190380761522420e-01
9.138276791583166414e+00 9.619238476953907435e-01
9.162324885771543137e+00 9.643286573146292451e-01
9.186372979959919860e+00 9.667334669338676356e-01
9.210421074148296583e+00 9.691382765531061372e-01
9.234469168336673306e+00 9.715430861723446387e-01
9.258517262525050029e+00 9.739478957915831403e-01
9.282565356713426752e+00 9.763527054108216419e-01
9.306613450901803475e+00 9.787575150300600324e-01
9.330661545090180198e+00 9.811623246492985340e-01
9.354709639278556921e+00 9.835671342685370355e-01
9.378757733466933644e+00 9.859719438877755371e-01
9.402805827655310367e+00 9.907815631262524292e-01
9.426853921843687090e+00 9.931863727454909307e-01
9.450902016032063813e+00 9.955911823647294323e-01
9.474950110220440536e+00 9.979959919839679339e-01
9.498998204408817259e+00 1.000400801603206435e+00
9.523046298597193982e+00 1.002805611222444826e+00
9.547094392785570705e+00 1.005210420841683217e+00
9.571142486973947427e+00 1.007615230460921829e+00
9.595190581162324150e+00 1.010020040080160220e+00
9.619238675350700873e+00 1.012424849699398832e+00
9.643286769539077596e+00 1.014829659318637223e+00
9.667334863727454319e+00 1.017234468937875613e+00
9.691382957915831042e+00 1.019639278557114226e+00
9.715431052104207765e+00 1.022044088176352616e+00
9.739479146292584488e+00 1.024448897795591229e+00
9.763527240480961211e+00 1.026853707414829620e+00
9.787575334669337934e+00 1.029258517034068010e+00
9.811623428857714657e+00 1.031663326653306623e+00
9.835671523046091380e+00 1.034068136272545013e+00
9.859719617234468103e+00 1.036472945891783626e+00
9.883767711422844826e+00 1.038877755511022016e+00
9.907815805611221549e+00 1.041282565130260407e+00
9.931863899799598272e+00 1.043687374749499019e+00
9.955911993987974995e+00 1.046092184368737410e+00
9.979960088176351718e+00 1.048496993987975801e+00
1.000400818236472844e+01 1.050901803607214413e+00
1.002805627655310516e+01 1.053306613226452804e+00
1.005210437074148189e+01 1.055711422845691416e+00
1.007615246492985861e+01 1.058116232464929807e+00
1.010020055911823533e+01 1.060521042084168197e+00
1.012424865330661206e+01 1.062925851703406810e+00
1.014829674749498878e+01 1.065330661322645200e+00
1.017234484168336550e+01 1.067735470941883813e+00
1.019639293587174222e+01 1.070140280561122204e+00
1.022044103006011895e+01 1.072545090180360594e+00
1.024448912424849567e+01 1.074949899799599207e+00
1.026853721843687417e+01 1.077354709418837597e+00
1.029258531262525089e+01 1.079759519038076210e+00
1.031663340681362762e+01 1.082164328657314600e+00
1.034068150100200434e+01 1.084569138276552991e+00
1.036472959519038106e+01 1.086973947895791603e+00
1.038877768937875778e+01 1.089378757515029994e+00
1.041282578356713451e+01 1.091783567134268385e+00
1.043687387775551123e+01 1.094188376753506997e+00
1.046092197194388795e+01 1.096593186372745388e+00
1.048497006613226468e+01 1.098997995991984000e+00
1.050901816032064140e+01 1.101402805611222391e+00
1.053306625450901812e+01 1.103807615230460781e+00
1.055711434869739485e+01 1.106212424849699394e+00
1.058116244288577157e+01 1.108617234468937784e+00
1.060521053707414829e+01 1.111022044088176397e+00
1.062925863126252501e+01 1.113426853707414788e+00
1.065330672545090174e+01 1.115831663326653178e+00
1.067735481963927846e+01 1.115831663326653178e+00
1.070140291382765518e+01 1.118236472945891791e+00
1.072545100801603191e+01 1.120641282565130181e+00
1.074949910220440863e+01 1.123046092184368794e+00
1.077354719639278535e+01 1.125450901803607184e+00
1.079759529058116208e+01 1.127855711422845575e+00
1.082164338476953880e+01 1.130260521042084187e+00
1.084569147895791552e+01 1.132665330661322578e+00
1.086973957314629224e+01 1.135070140280560969e+00
1.089378766733466897e+01 1.137474949899799581e+00
1.091783576152304569e+01 1.139879759519037972e+00
1.094188385571142241e+01 1.142284569138276584e+00
1.096593194989979914e+01 1.144689378757514975e+00
1.098998004408817586e+01 1.147094188376753365e+00
1.101402813827655258e+01 1.147094188376753365e+00
1.103807623246492930e+01 1.149498997995991978e+00
1.106212432665330603e+01 1.151903807615230368e+00
1.108617242084168275e+01 1.154308617234468981e+00
1.111022051503005947e+01 1.156713426853707372e+00
1.113426860921843620e+01 1.159118236472945762e+00
1.115831670340681292e+01 1.161523046092184375e+00
1.118236479759518964e+01 1.163927855711422765e+00
1.120641289178356637e+01 1.166332665330661378e+00
1.123046098597194309e+01 1.168737474949899768e+00
1.125450908016031981e+01 1.171142284569138159e+00
1.127855717434869653e+01 1.171142284569138159e+00
1.130260526853707326e+01 1.173547094188376771e+00
1.132665336272544998e+01 1.175951903807615162e+00
1.135070145691382670e+01 1.178356713426853553e+00
1.137474955110220343e+01 1.180761523046092165e+00
1.139879764529058015e+01 1.183166332665330556e+00
1.142284573947895687e+01 1.185571142284569168e+00
1.144689383366733360e+01 1.187975951903807559e+00
1.147094192785571032e+01 1.190380761523045949e+00
1.149499002204408704e+01 1.190380761523045949e+00
1.151903811623246376e+01 1.192785571142284562e+00
1.154308621042084049e+01 1.195190380761522952e+00
1.156713430460921721e+01 1.197595190380761565e+00
1.159118239879759393e+01 1.199999999999999956e+00
1.161523049298597066e+01 1.199999999999999956e+00
1.163927858717434916e+01 1.199999999999999956e+00
1.166332668136272588e+01 1.199999999999999956e+00
1.168737477555110260e+01 1.199999999999999956e+00
1.171142286973947932e+01 1.199999999999999956e+00
1.173547096392785605e+01 1.199999999999999956e+00
1.175951905811623277e+01 1.199999999999999956e+00
1.178356715230460949e+01 1.199999999999999956e+00
1.180761524649298622e+01 1.199999999999999956e+00
1.183166334068136294e+01 1.199999999999999956e+00
1.185571143486973966e+01 1.199999999999999956e+00
1.187975952905811639e+01 1.199999999999999956e+00
1.190380762324649311e+01 1.199999999999999956e+00
1.192785571743486983e+01 1.199999999999999956e+00
1.195190381162324655e+01 1.199999999999999956e+00
1.197595190581162328e+01 1.199999999999999956e+00
1.200000000000000000e+01 1.199999999999999956e+00
