1.202007400667236103e+00
1.703774598807293039e-01
1.687615753926604845e-01
1.682703265844998630e-01
1.680061823222671613e-01
1.677422360143861479e-01
1.674190331092872963e-01
1.670222573909819763e-01
1.665500812067900183e-01
1.660038742795896249e-01
1.653856393642709754e-01
1.646974445817590560e-01
1.639413964931271950e-01
1.631197099192553679e-01
1.622347572196031762e-01
1.612890808525948849e-01
1.602853790391723932e-01
1.592264769508423550e-01
1.581152925830670852e-01
1.569548028289084463e-01
1.557480125756929845e-01
1.544979279571183084e-01
1.532075339433022765e-01
1.518797759771301215e-01
1.505175451706429191e-01
1.491236665324260080e-01
1.477008897285980726e-01
1.462518819422241600e-01
1.447792224653517423e-01
1.432853987230355841e-01
1.417728034851795382e-01
1.402437330685061267e-01
1.387003863682375604e-01
1.371448645884306150e-01
1.355791715626418481e-01
1.340052145744583811e-01
1.324248056011430585e-01
1.308396629145573420e-01
1.292514129821878133e-01
1.276615926181260130e-01
1.260716513397133476e-01
1.244829538905213584e-01
1.228967828946204294e-01
1.213143416109435657e-01
1.197367567598878885e-01
1.181650813974846059e-01
1.166002978152132358e-01
1.150433204462078945e-01
1.134949987609596977e-01
1.119561201378428822e-01
1.104274126958163516e-01
1.089095480785017139e-01
1.074031441805469445e-01
1.059087678087232004e-01
1.044269372715741911e-01
1.029581248927362996e-01
1.015027594441173103e-01
1.000612284961693715e-01
9.863388068333779624e-02
9.722102788356450087e-02
9.582294731139689992e-02
9.443988352482986237e-02
9.307205034653295850e-02
9.171963270051788908e-02
9.038278836568101882e-02
8.906164964794041627e-02
8.775632497294298673e-02
8.646690040150059597e-02
8.519344107008366973e-02
8.393599255879356791e-02
8.269458218933521676e-02
8.146922025555720925e-02
8.025990118916223603e-02
7.906660466317710911e-02
7.788929663579363671e-02
7.672793033713587452e-02
7.558244720149125129e-02
7.445277774747373345e-02
7.333884240855556569e-02
7.224055231631561214e-02
7.115781003869466048e-02
7.009051027547483215e-02
6.903854051311643369e-02
6.800178164101247646e-02
6.698010853115093921e-02
6.597339058306375681e-02
6.498149223590955759e-02
6.400427344941256314e-02
6.304159015532834198e-02
6.209329468103495786e-02
6.115923614674536463e-02
6.023926083780643120e-02
5.933321255343890904e-02
5.844093293323041061e-02
5.756226176262921324e-02
5.669703725860089638e-02
5.584509633658154421e-02
5.500627485977286485e-02
5.418040787179048690e-02
5.336732981361977379e-02
5.256687472576782039e-02
5.177887643647876431e-02
5.100316873680470903e-02
5.023958554330690274e-02
4.948796104910372501e-02
4.874812986394069098e-02
4.801992714394041906e-02
4.730318871163006339e-02
4.659775116682438045e-02
4.590345198891092326e-02
4.522012963104414529e-02
4.454762360673840405e-02
4.388577456931186394e-02
4.323442438461599924e-02
4.259341619745477675e-02
4.196259449208459419e-02
4.134180514714141941e-02
4.073089548535922116e-02
4.012971431838226882e-02
3.953811198698509860e-02
3.895594039698877659e-02
3.838305305113393767e-02
3.781930507717839313e-02
3.726455325244993483e-02
3.671865602508310455e-02
3.618147353215984963e-02
3.565286761494477347e-02
3.513270183141555675e-02
3.462084146625975939e-02
3.411715353851104554e-02
3.362150680698047095e-02
3.313377177363675818e-02
3.265382068507113184e-02
3.218152753218613688e-02
3.171676804822696344e-02
3.125941970527847114e-02
3.080936170933513268e-02
3.036647499405137340e-02
2.993064221326846575e-02
2.950174773241301396e-02
2.907967761884962254e-02
2.866431963127697574e-02
2.825556320823638043e-02
2.785329945581238587e-02
2.745742113458909950e-02
2.706782264592873938e-02
2.668440001763156336e-02
2.630705088903485117e-02
2.593567449560190905e-02
2.557017165305610837e-02
2.521044474110047118e-02
2.485639768677199921e-02
2.450793594746897633e-02
2.416496649369247185e-02
2.382739779153615969e-02
2.349513978495968575e-02
2.316810387787719347e-02
2.284620291609212872e-02
2.252935116910341484e-02
2.221746431181179440e-02
2.191045940615004781e-02
2.160825488265892547e-02
2.131077052203093902e-02
2.101792743664226276e-02
2.072964805208981839e-02
2.044585608875247595e-02
2.016647654339001269e-02
1.989143567079893968e-02
1.962066096553220784e-02
1.935408114370286425e-02
1.909162612487834421e-02
1.883322701407949204e-02
1.857881608389113162e-02
1.832832675669713793e-02
1.808169358704586616e-02
1.783885224415439341e-02
1.759973949455934453e-02
1.736429318492065457e-02
1.713245222498354856e-02
1.690415657070391472e-02
1.667934720754424630e-02
1.645796613394125835e-02
1.623995634495114040e-02
1.602526181607558109e-02
1.581382748727130916e-02
1.560559924714555353e-02
1.540052391734088831e-02
1.519854923711030925e-02
1.499962384808469634e-02
1.480369727923340310e-02
1.461071993202077424e-02
1.442064306575696446e-02
1.423341878314612202e-02
1.404900001603016750e-02
1.386734051133015587e-02
1.368839481718300138e-02
1.351211826927681964e-02
1.333846697737979710e-02
1.316739781206691280e-02
1.299886839163931496e-02
1.283283706923958080e-02
1.266926292015886114e-02
1.250810572933586974e-02
1.234932597904797938e-02
1.219288483678947557e-02
1.203874414333963583e-02
1.188686640101731078e-02
1.173721476211978150e-02
1.158975301754520612e-02
1.144444558559734419e-02
1.130125750096972956e-02
1.116015440390842779e-02
1.102110252955069807e-02
1.088406869743880311e-02
1.074902030120564005e-02
1.061592529843191288e-02
1.048475220067071265e-02
1.035547006363955226e-02
1.022804847757708378e-02
1.010245755776168625e-02
9.978667935191243982e-03
9.856650747419860165e-03
9.736377629553505733e-03
9.617820705396724554e-03
9.500952578753531219e-03
9.385746324877765681e-03
9.272175482070854277e-03
9.160214043426057745e-03
9.049836448715598003e-03
8.941017576419706125e-03
8.833732735895539340e-03
8.727957659682598207e-03
8.623668495944357762e-03
8.520841801042572036e-03
8.419454532243230219e-03
8.319484040550835513e-03
8.220908063670991084e-03
8.123704719097575577e-03
8.027852497322452568e-03
7.933330255167939452e-03
7.840117209237032828e-03
7.748192929481443302e-03
7.657537332885321589e-03
7.568130677262122422e-03
7.479953555163083162e-03
7.392986887895764553e-03
7.307211919650319527e-03
7.222610211731585357e-03
7.139163636896300909e-03
7.056854373791723693e-03
6.975664901496332788e-03
6.895577994158606089e-03
6.816576715733403506e-03
6.738644414814775642e-03
6.661764719561382407e-03
6.585921532715755845e-03
6.511099026713485817e-03
6.437281638881844556e-03
6.364454066725994813e-03
6.292601263301430235e-03
6.221708432670620958e-03
6.151761025443152307e-03
6.082744734397001717e-03
6.014645490180615603e-03
5.947449457092517100e-03
5.881143028939623402e-03
5.815712824970188308e-03
5.751145685882082942e-03
5.687428669903822100e-03
5.624549048947689173e-03
5.562494304833341154e-03
5.501252125580526758e-03
5.440810401769850813e-03
5.381157222970700191e-03
5.322280874234120406e-03
5.264169832650289829e-03
5.206812763969389385e-03
5.150198519284093952e-03
5.094316131773230123e-03
5.039154813504958391e-03
4.984703952298683537e-03
4.930953108644549159e-03
4.877892012679582202e-03
4.825510561218958328e-03
4.773798814841873767e-03
4.722746995030896108e-03
4.672345481363676840e-03
4.622584808755986555e-03
4.573455664755621784e-03
4.524948886885289158e-03
4.477055460034815547e-03
4.429766513900409118e-03
4.383073320471301756e-03
4.336967291562099716e-03
4.291439976390075753e-03
4.246483059197068803e-03
4.202088356914745679e-03
4.158247816872369558e-03
4.114953514546247811e-03
4.072197651350604151e-03
4.029972552468579286e-03
3.988270664722479673e-03
3.947084554483303032e-03
3.906406905617824075e-03
3.866230517473359315e-03
3.826548302898920284e-03
3.787353286302830649e-03
3.748638601744680443e-03
3.710397491062866846e-03
3.672623302035696227e-03
3.635309486575507513e-03
3.598449598956152129e-03
3.562037294072009901e-03
3.526066325728731323e-03
3.490530544964951139e-03
3.455423898404064685e-03
3.420740426636054848e-03
3.386474262628230356e-03
3.352619630164711904e-03
3.319170842314269308e-03
3.286122299925260670e-03
3.253468490147984078e-03
3.221203984983463456e-03
3.189323439858395785e-03
3.157821592225382341e-03
3.126693260188708520e-03
3.095933341154262757e-03
3.065536810503845678e-03
3.035498720293270097e-03
3.005814197973716729e-03
2.976478445135364182e-03
2.947486736274480650e-03
2.918834417581463257e-03
2.890516905750998601e-03
2.862529686813278934e-03
2.834868314986012904e-03
2.807528411546704808e-03
2.780505663725059244e-03
2.753795823614993334e-03
2.727394707105891807e-03
2.701298192832683395e-03
2.675502221144778880e-03
2.650002793092727602e-03
2.624795969433243396e-03
2.599877869651447213e-03
2.575244671000367653e-03
2.550892607557554963e-03
2.526817969297925556e-03
2.503017101183209556e-03
2.479486402267104539e-03
2.456222324816179688e-03
2.433221373446511730e-03
2.410480104274684808e-03
2.387995124084369043e-03
2.365763089506964234e-03
2.343780706216630049e-03
2.322044728139606440e-03
2.300551956676869306e-03
2.279299239940418050e-03
2.258283472003054081e-03
2.237501592161050042e-03
2.216950584209268719e-03
2.196627475729309286e-03
2.176529337389663480e-03
2.156653282258061671e-03
2.136996465125660157e-03
2.117556081842779554e-03
2.098329368666266691e-03
2.079313601617802185e-03
2.060506095853658921e-03
2.041904205044664175e-03
2.023505320767386706e-03
2.005306871905358779e-03
1.987306324060661000e-03
1.969501178975585458e-03
1.951888973963989684e-03
1.934467281352772071e-03
1.917233707932218013e-03
1.900185894416226394e-03
1.883321514911410902e-03
1.866638276395373060e-03
1.850133918203728444e-03
1.833806211525698324e-03
1.817652958908517373e-03
1.801671993770000450e-03
1.785861179919206836e-03
1.770218411085675535e-03
1.754741610455859890e-03
1.739428730218067331e-03
1.724277751114505416e-03
1.709286682001136953e-03
1.694453559414788426e-03
1.679776447147492439e-03
1.665253435828090633e-03
1.650882642510490992e-03
1.636662210269207310e-03
1.622590307801293060e-03
1.608665129035086877e-03
1.594884892745314711e-03
1.581247842174772012e-03
1.567752244662023878e-03
1.554396391275497669e-03
1.541178596453457840e-03
1.528097197650063379e-03
1.515150554987078260e-03
1.502337050911547187e-03
1.489655089858870881e-03
1.477103097921631534e-03
1.464679522523710045e-03
1.452382832099704786e-03
1.440211515779794144e-03
1.428164083079595716e-03
1.416239063595100883e-03
1.404435006702631824e-03
1.392750481263655771e-03
1.381184075334464072e-03
1.369734395880400132e-03
1.358400068494995542e-03
1.347179737123377959e-03
1.336072063790373372e-03
1.325075728332847586e-03
1.314189428136500757e-03
1.303411877876803782e-03
1.292741809264152247e-03
1.282177970793174594e-03
1.271719127495933013e-03
1.261364060699209826e-03
1.251111567785703716e-03
1.240960461958810117e-03
1.230909572011554091e-03
1.220957742098851499e-03
1.211103831513587852e-03
1.201346714466271790e-03
1.191685279868094898e-03
1.182118431117514098e-03
1.172645085890224991e-03
1.163264175932392794e-03
1.153974646857258181e-03
1.144775457944853915e-03
1.135665581944982766e-03
1.126644004883216223e-03
1.117709725870043693e-03
1.108861756912912604e-03
1.100099122731304502e-03
1.091420860574714201e-03
1.082826020043391050e-03
1.074313662912030091e-03
1.065882862956067916e-03
1.057532705780839287e-03
1.049262288653218106e-03
1.041070720336128045e-03
1.032957120925341284e-03
1.024920621689056699e-03
1.016960364909792617e-03
1.009075503728874704e-03
1.001265201993212835e-03
9.935286341044879174e-04
9.858649848707157215e-04
9.782734493600118639e-04
9.707532327566516066e-04
9.633035502194029062e-04
9.559236267419065443e-04
9.486126970152906901e-04
9.413700052928881653e-04
9.341948052569688061e-04
9.270863598876027175e-04
9.200439413333932328e-04
9.130668307842546797e-04
9.061543183462115320e-04
8.993057029179347787e-04
8.925202920692247620e-04
8.857974019214227010e-04
8.791363570294536160e-04
8.725364902658304649e-04
8.659971427063516960e-04
8.595176635174001665e-04
8.530974098451645686e-04
8.467357467063426355e-04
8.404320468805905617e-04
8.341856908045302069e-04
8.279960664673628691e-04
8.218625693081087116e-04
8.157846021142335343e-04
8.097615749219639735e-04
8.037929049179602312e-04
7.978780163425047353e-04
7.920163403941443908e-04
7.862073151357281981e-04
7.804503854018412156e-04
7.747450027076039671e-04
7.690906251588550731e-04
7.634867173635949194e-04
7.579327503448525559e-04
7.524282014546740957e-04
7.469725542895618844e-04
7.415652986069701160e-04
7.362059302432167425e-04
7.308939510324388190e-04
7.256288687268119212e-04
7.204101969179627259e-04
