1.202007400673611448e+00
1.572681285591139289e-01
1.585850824542969217e-01
1.587694882516346995e-01
1.584879201985283648e-01
1.580084634297480861e-01
1.574343081717235471e-01
1.568032328347710169e-01
1.561288171211707432e-01
1.554156770184597636e-01
1.546651269554584762e-01
1.538773629869371884e-01
1.530523290597479436e-01
1.521900579100074202e-01
1.512907930133566559e-01
1.503550173309022298e-01
1.493834430015623937e-01
1.483769860156165799e-01
1.473367366018683844e-01
1.462639299922652569e-01
1.451599194238691048e-01
1.440261519560253611e-01
1.428641471187072076e-01
1.416754781855794065e-01
1.404617557989819576e-01
1.392246136748436780e-01
1.379656961418003758e-01
1.366866473011986993e-01
1.353891016253741530e-01
1.340746758378048020e-01
1.327449619401147030e-01
1.314015212680503530e-01
1.300458794721884859e-01
1.286795223301184787e-01
1.273038923058960326e-01
1.259203857800915427e-01
1.245303508803368986e-01
1.231350858479427490e-01
1.217358378814182712e-01
1.203338024024293296e-01
1.189301226941543582e-01
1.175258898661337009e-01
1.161221431035737578e-01
1.147198701627488854e-01
1.133200080775492308e-01
1.119234440455241508e-01
1.105310164647511501e-01
1.091435160957520273e-01
1.077616873253240543e-01
1.063862295115990259e-01
1.050177983919617225e-01
1.036570075375313621e-01
1.023044298398734231e-01
1.009605990173436108e-01
9.962601113012241327e-02
9.830112609441743476e-02
9.698636918767425397e-02
9.568213253779775385e-02
9.438877659049565993e-02
9.310663154977801004e-02
9.183599878753148649e-02
9.057715221883011480e-02
8.933033964032889573e-02
8.809578402967238597e-02
8.687368480436577500e-02
8.566421903903242985e-02
8.446754264033777548e-02
8.328379147925089876e-02
8.211308248055808334e-02
8.095551466983352817e-02
7.981117017826068472e-02
7.868011520588956420e-02
7.756240094405565666e-02
7.645806445780685412e-02
7.536712952930170462e-02
7.428960746319424047e-02
7.322549785509427367e-02
7.217478932425121230e-02
7.113746021160670396e-02
7.011347924440983204e-02
6.910280616859598712e-02
6.810539235011180137e-02
6.712118134638762890e-02
6.615010944913221613e-02
6.519210619960796871e-02
6.424709487752930381e-02
6.331499296470456672e-02
6.239571258450530428e-02
6.148916091821840513e-02
6.059524059931922779e-02
5.971385008666200284e-02
5.884488401753643766e-02
5.798823354153666981e-02
5.714378663613740167e-02
5.631142840482938200e-02
5.549104135865619986e-02
5.468250568194350097e-02
5.388569948298470996e-02
5.310049903042148717e-02
5.232677897601160227e-02
5.156441256446763627e-02
5.081327183099613315e-02
5.007322778716223610e-02
4.934415059566111400e-02
4.862590973455197668e-02
4.791837415149786950e-02
4.722141240851328303e-02
4.653489281770857577e-02
4.585868356849262528e-02
4.519265284667638854e-02
4.453666894589475289e-02
4.389060037174899453e-02
4.325431593904875693e-02
4.262768486251771599e-02
4.201057684130410363e-02
4.140286213762881667e-02
4.080441164987546471e-02
4.021509698043056885e-02
3.963479049854098935e-02
3.906336539846866351e-02
3.850069575319222531e-02
3.794665656389427377e-02
3.740112380547371690e-02
3.686397446829139946e-02
3.633508659636060234e-02
3.581433932218192062e-02
3.530161289840771932e-02
3.479678872650979887e-02
3.429974938262795453e-02
3.381037864075041310e-02
3.332856149338510321e-02
3.285418416986248674e-02
3.238713415240902088e-02
3.192730019011758708e-02
3.147457231094549779e-02
3.102884183184896963e-02
3.059000136717237445e-02
3.015794483539092213e-02
2.973256746431425165e-02
2.931376579483743403e-02
2.890143768333831853e-02
2.849548230279851449e-02
2.809580014273352008e-02
2.770229300800790620e-02
2.731486401660729313e-02
2.693341759643650205e-02
2.655785948120909304e-02
2.618809670548956706e-02
2.582403759894974851e-02
2.546559177988805961e-02
2.511267014807313722e-02
2.476518487695406751e-02
2.442304940528815249e-02
2.408617842822869184e-02
2.375448788791851076e-02
2.342789496362242610e-02
2.310631806144509970e-02
2.278967680366023735e-02
2.247789201769545900e-02
2.217088572479240099e-02
2.186858112838386409e-02
2.157090260220969127e-02
2.127777567819705284e-02
2.098912703413685285e-02
2.070488448117289298e-02
2.042497695113107067e-02
2.014933448370715904e-02
1.987788821353578955e-02
1.961057035715500427e-02
1.934731419988841225e-02
1.908805408266000397e-02
1.883272538875559524e-02
1.858126453054783495e-02
1.833360893619731188e-02
1.808969703634317680e-02
1.784946825079474983e-02
1.761286297523481648e-02
1.737982256794879873e-02
1.715028933658363508e-02
1.692420652495142327e-02
1.670151829988218359e-02
1.648216973813640060e-02
1.626610681338394246e-02
1.605327638325564424e-02
1.584362617647458796e-02
1.563710478007293569e-02
1.543366162670017569e-02
1.523324698202671579e-02
1.503581193224926005e-02
1.484130837169990447e-02
1.464968899056497305e-02
1.446090726271646171e-02
1.427491743365866261e-02
1.409167450859372117e-02
1.391113424060867396e-02
1.373325311898568497e-02
1.355798835763915959e-02
1.338529788367917236e-02
1.321514032610555424e-02
1.304747500463159481e-02
1.288226191864095226e-02
1.271946173627693313e-02
1.255903578366607438e-02
1.240094603427518635e-02
1.224515509840614323e-02
1.209162621282290108e-02
1.194032323051742381e-02
1.179121061060917248e-02
1.164425340838179564e-02
1.149941726545541422e-02
1.135666840009348123e-02
1.121597359764619009e-02
1.107730020112755384e-02
1.094061610192760721e-02
1.080588973065739998e-02
1.067309004812709745e-02
1.054218653645693816e-02
1.041314919031883016e-02
1.028594850830848693e-02
1.016055548444751849e-02
1.003694159981388147e-02
9.915078814299609425e-03
9.794939558495578680e-03
9.676496725701082269e-03
9.559723664057138276e-03
9.444594168804477941e-03
9.331082474661495096e-03
9.219163248323117982e-03
9.108811581080105552e-03
9.000002981554200768e-03
8.892713368552058670e-03
8.786919064032873428e-03
8.682596786190693167e-03
8.579723642649047730e-03
8.478277123767512941e-03
8.378235096056431408e-03
8.279575795702050212e-03
8.182277822197379577e-03
8.086320132079280812e-03
7.991682032769687957e-03
7.898343176519594458e-03
7.806283554454386715e-03
7.715483490719993696e-03
7.625923636726600861e-03
7.537584965490375100e-03
7.450448766070968953e-03
7.364496638103038180e-03
7.279710486421891481e-03
7.196072515779768260e-03
7.113565225653213642e-03
7.032171405139471705e-03
6.951874127939929732e-03
6.872656747431100076e-03
6.794502891819318054e-03
6.717396459380144645e-03
6.641321613779748757e-03
6.566262779477671438e-03
6.492204637208905983e-03
6.419132119545601853e-03
6.347030406534647992e-03
6.275884921413042890e-03
6.205681326396668591e-03
6.136405518543382870e-03
6.068043625688689623e-03
6.000582002452454870e-03
5.934007226315681297e-03
5.868306093766149575e-03
5.803465616512458979e-03
5.739473017763565069e-03
5.676315728575374864e-03
5.613981384260253484e-03
5.552457820861340064e-03
5.491733071687682211e-03
5.431795363912104990e-03
5.372633115227995471e-03
5.314234930566101751e-03
5.256589598868995940e-03
5.199686089923031933e-03
5.143513551246125734e-03
5.088061305031076412e-03
5.033318845142764099e-03
4.979275834169006459e-03
4.925922100523592168e-03
4.873247635600787969e-03
4.821242590980252471e-03
4.769897275682068692e-03
4.719202153470071319e-03
4.669147840203364576e-03
4.619725101235026311e-03
4.570924848856648681e-03
4.522738139789023344e-03
4.475156172716703885e-03
4.428170285867039611e-03
4.381771954631800275e-03
4.335952789231439439e-03
4.290704532420816855e-03
4.246019057235528998e-03
4.201888364778651706e-03
4.158304582046505431e-03
4.115259959793380641e-03
4.072746870433956168e-03
4.030757805983175429e-03
3.989285376032621240e-03
3.948322305763057004e-03
3.907861433991769058e-03
3.867895711255307355e-03
3.828418197925567094e-03
3.789422062359782024e-03
3.750900579083021706e-03
3.712847127003156278e-03
3.675255187657382790e-03
3.638118343489549385e-03
3.601430276158693652e-03
3.565184764876678375e-03
3.529375684775928196e-03
3.493997005305584085e-03
3.459042788656311544e-03
3.424507188212877820e-03
3.390384447033799060e-03
3.356668896358399982e-03
3.323354954139613390e-03
3.290437123603043822e-03
3.257909991831295718e-03
3.225768228373172321e-03
3.194006583877582236e-03
3.162619888751232091e-03
3.131603051840170775e-03
3.100951059134162639e-03
3.070658972494234428e-03
3.040721928402321736e-03
3.011135136732721786e-03
2.981893879545452746e-03
2.952993509900347317e-03
2.924429450692249237e-03
2.896197193506240206e-03
2.868292297493343478e-03
2.840710388265247407e-03
2.813447156808927124e-03
2.786498358419835144e-03
2.759859811653709877e-03
2.733527397296861561e-03
2.707497057354104220e-03
2.681764794054413044e-03
2.656326668873885185e-03
2.631178801575607615e-03
2.606317369266141458e-03
2.581738605468544313e-03
2.557438799211116109e-03
2.533414294132335133e-03
2.509661487600818933e-03
2.486176829850860002e-03
2.462956823132604264e-03
2.439998020877166395e-03
2.417297026875768647e-03
2.394850494473328619e-03
2.372655125775784742e-03
2.350707670870969077e-03
2.329004927063066908e-03
2.307543738119854741e-03
2.286320993533329064e-03
2.265333627792454323e-03
2.244578619668793386e-03
2.224052991513933691e-03
2.203753808569451546e-03
2.183678178288049783e-03
2.163823249666563513e-03
2.144186212590425047e-03
2.124764297189073170e-03
2.105554773202242616e-03
2.086554949357373109e-03
2.067762172757057690e-03
2.049173828277469234e-03
2.030787337976376096e-03
2.012600160511564349e-03
1.994609790568904664e-03
1.976813758300071614e-03
1.959209628769836061e-03
1.941795001412641554e-03
1.924567509498086157e-03
1.907524819605773943e-03
1.890664631108675102e-03
1.873984675665239016e-03
1.857482716720136942e-03
1.841156549013028007e-03
1.825003998095986023e-03
1.809022919858538922e-03
1.793211200060958318e-03
1.777566753875134149e-03
1.762087525433227598e-03
1.746771487383596850e-03
1.731616640454410267e-03
1.716621013024206702e-03
1.701782660699756831e-03
1.687099665900870750e-03
1.672570137451976843e-03
1.658192210180525717e-03
1.643964044522068903e-03
1.629883826131742815e-03
1.615949765502162298e-03
1.602160097587597984e-03
1.588513081434439434e-03
1.575006999817546568e-03
1.561640158882629265e-03
1.548410887794494017e-03
1.535317538391125320e-03
1.522358484843138425e-03
1.509532123319117349e-03
1.496836871656206502e-03
1.484271169036134813e-03
1.471833475666385052e-03
1.459522272466776344e-03
1.447336060760913900e-03
1.435273361972680059e-03
1.423332717327720470e-03
1.411512687559701631e-03
1.399811852621272784e-03
1.388228811399718496e-03
1.376762181437240140e-03
1.365410598655648119e-03
1.354172717085537709e-03
1.343047208599759202e-03
1.332032762651261725e-03
1.321128086014988941e-03
1.310331902534016355e-03
1.299642952869713196e-03
1.289059994255812832e-03
1.278581800256588198e-03
1.268207160528623308e-03
1.257934880586615827e-03
1.247763781572720863e-03
1.237692700029628320e-03
1.227720487677243276e-03
1.217846011192884369e-03
1.208068151994882468e-03
1.198385806029765230e-03
1.188797883562653281e-03
1.179303308970947603e-03
1.169901020541374475e-03
1.160589970270127112e-03
1.151369123666181639e-03
1.142237459557658577e-03
1.133193969901269979e-03
1.124237659594698674e-03
1.115367546291901393e-03
1.106582660221372850e-03
1.097882044007092569e-03
1.089264752492426821e-03
1.080729852566607264e-03
1.072276422994072323e-03
1.063903554246239990e-03
1.055610348336122111e-03
1.047395918655271438e-03
1.039259389813460433e-03
1.031199897480593319e-03
1.023216588231324296e-03
1.015308619391837655e-03
1.007475158889060193e-03
9.997153851022679786e-04
9.920284867168613092e-04
9.844136625803826587e-04
9.768701215608389943e-04
9.693970824070421164e-04
9.619937736112157403e-04
9.546594332736011964e-04
9.473933089691749391e-04
9.401946576163504711e-04
9.330627453477071840e-04
9.259968473826724967e-04
9.189962479021381025e-04
9.120602399249475500e-04
9.051881251862385668e-04
8.983792140176683188e-04
8.916328252294432148e-04
8.849482859940697738e-04
8.783249317318537683e-04
8.717621059982407763e-04
8.652591603726371037e-04
8.588154543491223133e-04
8.524303552285897572e-04
8.461032380126334330e-04
8.398334852990087772e-04
8.336204871785429273e-04
8.274636411337457729e-04
8.213623519387438414e-04
8.153160315608735552e-04
8.093240990636076234e-04
8.033859805109812117e-04
7.975011088734086000e-04
7.916689239348840418e-04
7.858888722016086747e-04
7.801604068118536380e-04
7.744829874472707086e-04
7.688560802454361088e-04
7.632791577136629384e-04
7.577516986441736307e-04
7.522731880303658259e-04
7.468431169844480261e-04
7.414609826561943630e-04
7.361262881528847241e-04
7.308385424604734977e-04
