1.202007400631690981e+00
1.591507934638918820e-01
1.569878124953743570e-01
1.557831384857857604e-01
1.551100913389692193e-01
1.546785030910773073e-01
1.543405541517327006e-01
1.540190957760729784e-01
1.536737789106791263e-01
1.532838278308509550e-01
1.528390023198027692e-01
1.523348056447076659e-01
1.517699140954593962e-01
1.511447772095441955e-01
1.504608425894361223e-01
1.497201193527482321e-01
1.489249283511452637e-01
1.480777570821178446e-01
1.471811741181056343e-01
1.462377777621996222e-01
1.452501645665189578e-01
1.442209094649785361e-01
1.431525527494892647e-01
1.420475911212793485e-01
1.409084712125652505e-01
1.397375846532477872e-01
1.385372641540591754e-01
1.373097803081306245e-01
1.360573389452996163e-01
1.347820789477944814e-01
1.334860704763188854e-01
1.321713135760958779e-01
1.308397371418593413e-01
1.294931982240870583e-01
1.281334816589650150e-01
1.267623000034305281e-01
1.253812937550710938e-01
1.239920318352585316e-01
1.225960123128082419e-01
1.211946633448899163e-01
1.197893443117364343e-01
1.183813471220298147e-01
1.169718976663822879e-01
1.155621573973485972e-01
1.141532250154444483e-01
1.127461382419435026e-01
1.113418756606186638e-01
1.099413586119852293e-01
1.085454531250706622e-01
1.071549718731298756e-01
1.057706761411546237e-01
1.043932777943016865e-01
1.030234412376945102e-01
1.016617853591820775e-01
1.003088854478016989e-01
9.896527508167368703e-02
9.763144798003023372e-02
9.630785981493407422e-02
9.499492997900894908e-02
9.369304330623433319e-02
9.240255174346138911e-02
9.112377597089287018e-02
8.985700697026455241e-02
8.860250753989035166e-02
8.736051375615087877e-02
8.613123638131577053e-02
8.491486221789315558e-02
8.371155540995524336e-02
8.252145869209508156e-02
8.134469458685270049e-02
8.018136655160072734e-02
7.903156007600120603e-02
7.789534373125914235e-02
7.677277017244804602e-02
7.566387709528303585e-02
7.456868814872945339e-02
7.348721380488684729e-02
7.241945218759540670e-02
7.136538986122453743e-02
7.032500258110725710e-02
6.929825600706243649e-02
6.828510638144980049e-02
6.728550117316260681e-02
6.629937968895736888e-02
6.532667365346735144e-02
6.436730775924270898e-02
6.342120018810198934e-02
6.248826310504889542e-02
6.156840312598472337e-02
6.066152176039014965e-02
5.976751583011231939e-02
5.888627786536907577e-02
5.801769647902550731e-02
5.716165672016645244e-02
5.631804040794643335e-02
5.548672644666344245e-02
5.466759112296113582e-02
5.386050838603207574e-02
5.306535011164537768e-02
5.228198635080943957e-02
5.151028556382155482e-02
5.075011484044157639e-02
5.000134010687894842e-02
4.926382632026919672e-02
4.853743765126826426e-02
4.782203765537230977e-02
4.711748943354671093e-02
4.642365578271038379e-02
4.574039933660450225e-02
4.506758269754958940e-02
4.440506855955797527e-02
4.375271982327363224e-02
4.311039970315290459e-02
4.247797182731496285e-02
4.185530033043911163e-02
4.124224994009702966e-02
4.063868605685717200e-02
4.004447482851611340e-02
3.945948321876106141e-02
3.888357907058161145e-02
3.831663116470978431e-02
3.775850927336869139e-02
3.720908420959138235e-02
3.666822787235237552e-02
3.613581328775346269e-02
3.561171464648373031e-02
3.509580733776909711e-02
3.458796798000537964e-02
3.408807444827773037e-02
3.359600589893591005e-02
3.311164279140486194e-02
3.263486690739193091e-02
3.216556136764306406e-02
3.170361064639832388e-02
3.124890058368207796e-02
3.080131839556467938e-02
3.036075268251320694e-02
2.992709343595796948e-02
2.950023204318053677e-02
2.908006129063235926e-02
2.866647536578572839e-02
2.825936985760808470e-02
2.785864175575582247e-02
2.746418944856778011e-02
2.707591271994209611e-02
2.669371274517436110e-02
2.631749208582249283e-02
2.594715468367744110e-02
2.558260585389574363e-02
2.522375227735862771e-02
2.487050199231637115e-02
2.452276438536907591e-02
2.418045018184102057e-02
2.384347143559243515e-02
2.351174151831719392e-02
2.318517510836995074e-02
2.286368817916116167e-02
2.254719798716573256e-02
2.223562305957105939e-02
2.192888318160979635e-02
2.162689938360182543e-02
2.132959392774128049e-02
2.103689029465345001e-02
2.074871316975198179e-02
2.046498842941950683e-02
2.018564312703706454e-02
1.991060547888380897e-02
1.963980484993009881e-02
1.937317173954075655e-02
1.911063776710927864e-02
1.885213565764229035e-02
1.859759922730514978e-02
1.834696336894948987e-02
1.810016403763376955e-02
1.785713823615298762e-02
1.761782400058617068e-02
1.738216038587732382e-02
1.715008745145878491e-02
1.692154624692580531e-02
1.669647879777599181e-02
1.647482809121720432e-02
1.625653806205577118e-02
1.604155357867076068e-02
1.582982042908241335e-02
1.562128530711885330e-02
1.541589579869095256e-02
1.521360036817582910e-02
1.501434834491849335e-02
1.481808990985246204e-02
1.462477608224636155e-02
1.443435870657861810e-02
1.424679043954369187e-02
1.406202473719327106e-02
1.388001584221590888e-02
1.370071877135463356e-02
1.352408930296982933e-02
1.335008396474284161e-02
1.317866002152704580e-02
1.300977546334595482e-02
1.284338899353852648e-02
1.267946001705415847e-02
1.251794862889752183e-02
1.235881560272305245e-02
1.220202237958154315e-02
1.204753105681620647e-02
1.189530437711107044e-02
1.174530571768928576e-02
1.159749907966330269e-02
1.145184907753443032e-02
1.130832092884370699e-02
1.116688044397080859e-02
1.102749401608290637e-02
1.089012861123143418e-02
1.075475175859579198e-02
1.062133154087398744e-02
1.048983658481790829e-02
1.036023605191384658e-02
1.023249962920581499e-02
1.010659752026115722e-02
9.982500436276672828e-03
9.860179587325232017e-03
9.739606673739938450e-03
9.620753877635248447e-03
9.503593854564694465e-03
9.388099725311372171e-03
9.274245067812067131e-03
9.162003909213145905e-03
9.051350718054521766e-03
8.942260396584036930e-03
8.834708273196628658e-03
8.728670095000331391e-03
8.624122020504436381e-03
8.521040612431285063e-03
8.419402830647213648e-03
8.319186025213028829e-03
8.220367929552035297e-03
8.122926653733535118e-03
8.026840677870114571e-03
7.932088845628402704e-03
7.838650357850014336e-03
7.746504766282352218e-03
7.655631967416757361e-03
7.566012196433978890e-03
7.477626021252801840e-03
7.390454336682978666e-03
7.304478358679341969e-03
7.219679618695939646e-03
7.136039958138665901e-03
7.053541522915081873e-03
6.972166758079150796e-03
6.891898402570819163e-03
6.812719484047309246e-03
6.734613313805878389e-03
6.657563481796033647e-03
6.581553851719764564e-03
6.506568556218812228e-03
6.432591992146763707e-03
6.359608815925160870e-03
6.287603938982605327e-03
6.216562523274398767e-03
6.146469976882195686e-03
6.077311949691969334e-03
6.009074329149761799e-03
5.941743236092198073e-03
5.875305020652542981e-03
5.809746258239351958e-03
5.745053745587660153e-03
5.681214496880524975e-03
5.618215739940745149e-03
5.556044912490093468e-03
5.494689658476751074e-03
5.434137824467909217e-03
5.374377456107653009e-03
5.315396794638683857e-03
5.257184273486524909e-03
5.199728514905110552e-03
5.143018326683068686e-03
5.087042698909347016e-03
5.031790800796969929e-03
4.977251977564294515e-03
4.923415747372463826e-03
4.870271798317999182e-03
4.817809985480043210e-03
4.766020328020487661e-03
4.714893006336600897e-03
4.664418359265341471e-03
4.614586881337636934e-03
4.565389220082787490e-03
4.516816173381113173e-03
4.468858686864737861e-03
4.421507851365041701e-03
4.374754900406491349e-03
4.328591207745426453e-03
4.283008284953503976e-03
4.237997779044523627e-03
4.193551470144541576e-03
4.149661269203365130e-03
4.106319215747963533e-03
4.063517475675934403e-03
4.021248339089063956e-03
3.979504218165831782e-03
3.938277645072135909e-03
3.897561269909852622e-03
3.857347858702294286e-03
3.817630291415778469e-03
3.778401560017132302e-03
3.739654766565605505e-03
3.701383121339780168e-03
3.663579940997564732e-03
3.626238646769558427e-03
3.589352762684656396e-03
3.552915913827810104e-03
3.516921824628667544e-03
3.481364317181202556e-03
3.446237309593276361e-03
3.411534814365834237e-03
3.377250936801139743e-03
3.343379873439443657e-03
3.309915910523574586e-03
3.276853422491077424e-03
3.244186870493210098e-03
3.211910800940249132e-03
3.180019844073128307e-03
3.148508712560072528e-03
3.117372200118537825e-03
3.086605180161458746e-03
3.056202604467819165e-03
3.026159501876790614e-03
2.996470977004881287e-03
2.967132208986029366e-03
2.938138450234056061e-03
2.909485025226990051e-03
2.881167329312834396e-03
2.853180827536685744e-03
2.825521053488453359e-03
2.798183608170937316e-03
2.771164158887901106e-03
2.744458438151795195e-03
2.718062242610753791e-03
2.691971431994414233e-03
2.666181928078215514e-03
2.640689713666178554e-03
2.615490831591372415e-03
2.590581383733794093e-03
2.565957530055747345e-03
2.541615487654030545e-03
2.517551529828505105e-03
2.493761985167369712e-03
2.470243236647926086e-03
2.446991720753488933e-03
2.424003926605528079e-03
2.401276395110645522e-03
2.378805718123047468e-03
2.356588537620924947e-03
2.334621544897531008e-03
2.312901479766266231e-03
2.291425129779376627e-03
2.270189329460318116e-03
2.249190959549477505e-03
2.228426946262777267e-03
2.207894260563175812e-03
2.187589917444630015e-03
2.167510975228761991e-03
2.147654534873149820e-03
2.128017739291799930e-03
2.108597772687209170e-03
2.089391859894153616e-03
2.070397265734191024e-03
2.051611294381841880e-03
2.033031288741189626e-03
2.014654629833239653e-03
1.996478736193962444e-03
1.978501063282258905e-03
1.960719102898289806e-03
1.943130382611569108e-03
1.925732465198961478e-03
1.908522948091840449e-03
1.891499462833133843e-03
1.874659674543294576e-03
1.858001281395215039e-03
1.841522014098271980e-03
1.825219635391047389e-03
1.809091939542438942e-03
1.793136751861299861e-03
1.777351928214421705e-03
1.761735354552442694e-03
1.746284946443940004e-03
1.730998648617129059e-03
1.715874434509327435e-03
1.700910305824138071e-03
1.686104292095712536e-03
1.671454450260580725e-03
1.656958864236469323e-03
1.642615644508256924e-03
1.628422927720707359e-03
1.614378876278050419e-03
1.600481677950233881e-03
1.586729545485645416e-03
1.573120716230303048e-03
1.559653451753386690e-03
1.546326037478795669e-03
1.533136782323058162e-03
1.520084018339025716e-03
1.507166100365467344e-03
1.494381405682415100e-03
1.481728333672356970e-03
1.469205305486731951e-03
1.456810763718068827e-03
1.444543172077464429e-03
1.432401015077296429e-03
1.420382797719191466e-03
1.408487045187005330e-03
1.396712302544933591e-03
1.385057134440369079e-03
1.373520124811773149e-03
1.362099876601181696e-03
1.350795011471373668e-03
1.339604169527738951e-03
1.328526009044489996e-03
1.317559206195432087e-03
1.306702454789002111e-03
1.295954466007669722e-03
1.285313968151421829e-03
1.274779706385455527e-03
1.264350442491926369e-03
1.254024954625656369e-03
1.243802037073758141e-03
1.233680500019136358e-03
1.223659169307742727e-03
1.213736886219600724e-03
1.203912507243374815e-03
1.194184903854693391e-03
1.184552962297858109e-03
1.175015583371095962e-03
1.165571682215225295e-03
1.156220188105612371e-03
1.146960044247511291e-03
1.137790207574590397e-03
1.128709648550602638e-03
1.119717350974330870e-03
1.110812311787415197e-03
1.101993540885362003e-03
1.093260060931418960e-03
1.084610907173493618e-03
1.076045127263788783e-03
1.067561781081382373e-03
1.059159940557594971e-03
1.050838689503935837e-03
1.042597123442942425e-03
1.034434349441454380e-03
1.026349485946676313e-03
1.018341662624620836e-03
1.010410020201203771e-03
1.002553710305653049e-03
9.947718953165066765e-04
9.870637482098584825e-04
9.794284524100333334e-04
9.718652016425370112e-04
9.643731997892521224e-04
9.569516607459164700e-04
9.495998082817401226e-04
9.423168759012226546e-04
9.351021067080394784e-04
9.279547532710423702e-04
9.208740774923651921e-04
9.138593504774266416e-04
9.069098524069922271e-04
9.000248724112190320e-04
8.932037084454970020e-04
8.864456671683427352e-04
8.797500638209787734e-04
8.731162221088687933e-04
8.665434740849992318e-04
8.600311600348846831e-04
8.535786283634015864e-04
8.471852354832628542e-04
8.408503457051794095e-04
8.345733311296616884e-04
8.283535715405541304e-04
8.221904543000049369e-04
8.160833742451342309e-04
8.100317335861895261e-04
8.040349418062570259e-04
7.980924155624437516e-04
7.922035785885716977e-04
7.863678615992448053e-04
7.805847021954668858e-04
7.748535447715471439e-04
7.691738404234304497e-04
7.635450468584123549e-04
7.579666283061576443e-04
7.524380554310306640e-04
7.469588052457565080e-04
7.415283610263332650e-04
7.361462122281790636e-04
7.308118544035366836e-04
7.255247891201244571e-04
7.202845238808703969e-04
7.150905720450090580e-04
7.099424527500765520e-04
