2.229061730692267207e-01
2.220218196757441365e-01
2.213350563389451242e-01
2.204127601165280781e-01
2.192669338638637555e-01
2.179116862861235904e-01
2.163627639245978840e-01
2.146370654152264246e-01
2.127521642748415043e-01
2.107258624175649964e-01
2.085757914866074592e-01
2.063190734680365734e-01
2.039720465480506228e-01
2.015500572746928842e-01
1.990673161062525287e-01
1.965368105140034849e-01
1.939702679515123152e-01
1.913781600955644091e-01
1.887697396311247555e-01
1.861531012974294574e-01
1.835352597414381948e-01
1.809222377703230966e-01
1.783191597204878132e-01
1.757303457676354652e-01
1.731594040237309506e-01
1.706093181636928191e-01
1.680825290805965377e-01
1.655810096814807619e-01
1.631063324156055150e-01
1.606597294881592919e-01
1.582421459722117285e-01
1.558542862084980329e-01
1.534966539931819640e-01
1.511695871132411328e-01
1.488732868106784346e-01
1.466078427510224547e-01
1.443732540471360515e-01
1.421694468530462774e-01
1.399962889993377757e-01
1.378536020954491126e-01
1.357411714775910994e-01
1.336587543359239183e-01
1.316060863120999402e-01
1.295828868191658823e-01
1.275888633003424977e-01
1.256237146115087022e-01
1.236871336842100960e-01
1.217788096014966320e-01
1.198984291976218919e-01
1.180456782742695249e-01
1.162202425102995956e-01
1.144218081285981459e-01
1.126500623723052374e-01
1.109046938331476467e-01
1.091853926665827534e-01
1.074918507217931807e-01
1.058237616089934413e-01
1.041808207219350330e-01
1.025627252296846398e-01
1.009691740486601125e-01
9.939986780337844996e-02
9.785450878230608773e-02
9.633280089355131248e-02
9.483444962382255039e-02
9.335916200299428092e-02
9.190664657583851038e-02
9.047661338178161761e-02
8.906877394309833940e-02
8.768284126154556046e-02
8.631852982317235468e-02
8.497555561084718656e-02
8.365363612391137071e-02
8.235249040424975908e-02
8.107183906806986196e-02
7.981140434261638217e-02
7.857091010706483691e-02
7.735008193688278078e-02
7.614864715092985181e-02
7.496633486065179541e-02
7.380287602074936393e-02
7.265800348075118764e-02
7.153145203697319765e-02
7.042295848440402461e-02
6.933226166809058899e-02
6.825910253366007652e-02
6.720322417665379466e-02
6.616437189038734679e-02
6.514229321209825951e-02
6.413673796718635800e-02
6.314745831136132914e-02
6.217420877057220491e-02
6.121674627860586998e-02
6.027483021227299231e-02
5.934822242411938453e-02
5.843668727262162771e-02
5.753999164985726389e-02
5.665790500663082929e-02
5.579019937507840449e-02
5.493664938876750836e-02
5.409703230032861937e-02
5.327112799665892351e-02
5.245871901175449409e-02
5.165959053722701116e-02
5.087353043056478535e-02
5.010032922121088195e-02
4.933978011453540868e-02
4.859167899375962940e-02
4.785582441993151831e-02
4.713201763001089589e-02
4.642006253315731495e-02
4.571976570529374950e-02
4.503093638202798621e-02
4.435338645000754670e-02
4.368693043679442584e-02
4.303138549932655765e-02
4.238657141105195425e-02
4.175231054780290108e-02
4.112842787248673082e-02
4.051475091866538203e-02
3.991110977308944679e-02
3.931733705725637407e-02
3.873326790805753372e-02
3.815873995757754905e-02
3.759359331210754968e-02
3.703767053042669039e-02
3.649081660141576672e-02
3.595287892105079874e-02
3.542370726883292686e-02
3.490315378370277555e-02
3.439107293948645561e-02
3.388732151992325525e-02
3.339175859331286467e-02
3.290424548682900630e-02
3.242464576053678132e-02
3.195282518115320075e-02
3.148865169558464489e-02
3.103199540427985584e-02
3.058272853442581610e-02
3.014072541302306382e-02
2.970586243986292341e-02
2.927801806044472155e-02
2.885707273884535393e-02
2.844290893057924499e-02
2.803541105546454235e-02
2.763446547051820815e-02
2.723996044290457816e-02
2.685178612295209891e-02
2.646983451725878553e-02
2.609399946190434430e-02
2.572417659578484644e-02
2.536026333408147176e-02
2.500215884188351778e-02
2.464976400797137812e-02
2.430298141877941520e-02
2.396171533254349770e-02
2.362587165364692446e-02
2.329535790717385951e-02
2.297008321367819197e-02
2.264995826417813551e-02
2.233489529538030746e-02
2.202480806514561101e-02
2.171961182819526215e-02
2.141922331207305602e-02
2.112356069335766251e-02
2.083254357413863098e-02
2.054609295875383518e-02
2.026413123079691403e-02
1.998658213039326836e-02
1.971337073175067137e-02
1.944442342098530452e-02
1.917966787422406907e-02
1.891903303598876235e-02
1.866244909785782363e-02
1.840984747741044453e-02
1.816116079745296735e-02
1.791632286552567038e-02
1.767526865369420039e-02
1.743793427862050383e-02
1.720425698191664632e-02
1.697417511077966082e-02
1.674762809890551624e-02
1.652455644768246676e-02
1.630490170766227959e-02
1.608860646030808167e-02
1.587561430001606030e-02
1.566586981641133330e-02
1.545931857691448461e-02
1.525590710957783029e-02
1.505558288618876958e-02
1.485829430563786156e-02
1.466399067755115582e-02
1.447262220618144093e-02
1.428413997455846990e-02
1.409849592889489411e-02
1.391564286324428225e-02
1.373553440441113889e-02
1.355812499710666759e-02
1.338336988935111792e-02
1.321122511811790787e-02
1.304164749521621695e-02
1.287459459341117572e-02
1.271002473277765311e-02
1.254789696728409593e-02
1.238817107160441328e-02
1.223080752815545839e-02
1.207576751435539796e-02
1.192301289010128280e-02
1.177250618546345044e-02
1.162421058859202348e-02
1.147808993383342586e-02
1.133410869005488722e-02
1.119223194917192896e-02
1.105242541487791268e-02
1.091465539157096543e-02
1.077888877347702584e-02
1.064509303396513062e-02
1.051323621505041023e-02
1.038328691708688412e-02
1.025521428864068982e-02
1.012898801654587080e-02
1.000457831613843496e-02
9.881955921663663350e-03
9.761092076858029348e-03
9.641958525699224555e-03
9.524527503323658439e-03
9.408771727108479130e-03
9.294664387913589496e-03
9.182179141484432192e-03
9.071290100009286525e-03
8.961971823831696438e-03
8.854199313311912969e-03
8.747948000838912455e-03
8.643193742986960554e-03
8.539912812816267615e-03
8.438081892314104604e-03
8.337678064975007422e-03
8.238678808517283653e-03
8.141061987732851890e-03
8.044805847468824642e-03
7.949889005738397518e-03
7.856290446958666407e-03
7.763989515312965696e-03
7.672965908235911299e-03
7.583199670019058133e-03
7.494671185533951542e-03
7.407361174072197955e-03
7.321250683298923152e-03
7.236321083318347433e-03
7.152554060850156714e-03
7.069931613512185284e-03
6.988436044210558605e-03
6.908049955633588195e-03
6.828756244847414975e-03
6.750538097992820827e-03
6.673378985079828248e-03
6.597262654879518240e-03
6.522173129910208492e-03
6.448094701518343116e-03
6.375011925048408405e-03
6.302909615105042190e-03
6.231772840902242809e-03
6.161586921698710556e-03
6.092337422319063153e-03
6.024010148757833090e-03
5.956591143865384679e-03
5.890066683113859107e-03
5.824423270442568960e-03
5.759647634180161194e-03
5.695726723042572777e-03
5.632647702205895168e-03
5.570397949452006101e-03
5.508965051385985093e-03
5.448336799723806946e-03
5.388501187648995702e-03
5.329446406237467113e-03
5.271160840947978349e-03
5.213633068178711444e-03
5.156851851887192355e-03
5.100806140273162273e-03
5.045485062523279683e-03
4.990877925615623545e-03
4.936974211184322857e-03
4.883763572441651539e-03
4.831235831157416026e-03
4.779380974694447289e-03
4.728189153098774807e-03
4.677650676244028867e-03
4.627756011028156917e-03
4.578495778622649996e-03
4.529860751771947781e-03
4.481841852143476738e-03
4.434430147725956957e-03
4.387616850276244811e-03
4.341393312812967184e-03
4.295751027156773788e-03
4.250681621515251668e-03
4.206176858113195791e-03
4.162228630865657045e-03
4.118828963094503179e-03
4.075970005286443966e-03
4.033644032892655905e-03
3.991843444168576178e-03
3.950560758053296012e-03
3.909788612088120618e-03
3.869519760372967365e-03
3.829747071560487236e-03
3.790463526886471944e-03
3.751662218236890591e-03
3.713336346249701894e-03
3.675479218451453700e-03
3.638084247428258634e-03
3.601144949029540850e-03
3.564654940605020954e-03
3.528607939273449394e-03
3.492997760222902280e-03
3.457818315042305701e-03
3.423063610082677580e-03
3.388727744848653040e-03
3.354804910418731148e-03
3.321289387894486769e-03
3.288175546877812518e-03
3.255457843975385467e-03
3.223130821330582804e-03
3.191189105181430063e-03
3.159627404445220725e-03
3.128440509327978358e-03
3.097623289959342430e-03
3.067170695051798374e-03
3.037077750584317361e-03
3.007339558509255269e-03
2.977951295482739354e-03
2.948908211617651005e-03
2.920205629258996408e-03
2.891838941781173320e-03
2.863803612406808693e-03
2.836095173046543957e-03
2.808709223159658232e-03
2.781641428634807831e-03
2.754887520691032092e-03
2.728443294797872412e-03
2.702304609615108818e-03
2.676467385950934055e-03
2.650927605738758602e-03
2.625681311032442792e-03
2.600724603018715261e-03
2.576053641047453859e-03
2.551664641679094771e-03
2.527553877748709744e-03
2.503717677446542795e-03
2.480152423415004238e-03
2.456854551861091616e-03
2.433820551684898886e-03
2.411046963623162190e-03
2.388530379407724242e-03
2.366267440939083012e-03
2.344254839473922710e-03
2.322489314827300578e-03
2.300967654588510249e-03
2.279686693350643778e-03
2.258643311953608193e-03
2.237834436740364103e-03
2.217257038825911925e-03
2.196908133379229123e-03
2.176784778917433775e-03
2.156884076612282462e-03
2.137203169608730986e-03
2.117739242354993272e-03
2.098489519944600219e-03
2.079451267469451491e-03
2.060621789384032426e-03
2.041998428880951316e-03
2.023578567276665581e-03
2.005359623408031321e-03
1.987339053039387845e-03
1.969514348279391338e-03
1.951883037008086009e-03
1.934442682313788561e-03
1.917190881939317190e-03
1.900125267738084862e-03
1.883243505139005651e-03
1.866543292620871783e-03
1.850022361195366579e-03
1.833678473899129401e-03
1.817509425294157235e-03
1.801513040976888578e-03
1.785687177095473914e-03
1.770029719875153415e-03
1.754538585151803895e-03
1.739211717913194660e-03
1.724047091848025966e-03
1.709042708902560161e-03
1.694196598844645990e-03
1.679506818835138030e-03
1.664971453006347177e-03
1.650588612047755284e-03
1.636356432798429308e-03
1.622273077846450888e-03
1.608336735134782832e-03
1.594545617573952211e-03
1.580897962660981907e-03
1.567392032104779039e-03
1.554026111457562599e-03
1.540798509752634108e-03
1.527707559148003399e-03
1.514751614575852827e-03
1.501929053397920138e-03
1.489238275066474956e-03
1.476677700790944613e-03
1.464245773209900707e-03
1.451940956068587018e-03
1.439761733901633815e-03
1.427706611721018615e-03
1.415774114709122044e-03
1.403962787916734163e-03
1.392271195966159145e-03
1.380697922758965549e-03
1.369241571188634142e-03
1.357900762857815538e-03
1.346674137800161868e-03
1.335560354206802736e-03
1.324558088157028538e-03
1.313666033353557121e-03
1.302882900861935611e-03
1.292207418854209207e-03
1.281638332356689787e-03
1.271174403001864867e-03
1.260814408784143763e-03
1.250557143819704424e-03
1.240401418110065801e-03
1.230346057309469670e-03
1.220389902496086436e-03
1.210531809946709461e-03
1.200770650915194667e-03
1.191105311414318623e-03
1.181534692001232718e-03
1.172057707566167336e-03
1.162673287124655350e-03
1.153380373612981338e-03
1.144177923686802737e-03
1.135064907523084974e-03
1.126040308625065635e-03
1.117103123630350248e-03
1.108252362122057492e-03
1.099487046442804367e-03
1.090806211511794995e-03
1.082208904644636847e-03
1.073694185376112718e-03
1.065261125285560644e-03
1.056908807825159479e-03
1.048636328150770588e-03
1.040442792955488960e-03
1.032327320305785135e-03
1.024289039480119970e-03
1.016327090810170176e-03
1.008440625524488748e-03
1.000628805594499030e-03
9.928908035830418671e-04
9.852258024950863880e-04
9.776329956309231725e-04
9.701115864414174093e-04
9.626607883857087695e-04
9.552798247909367879e-04
9.479679287141659812e-04
9.407243428065411705e-04
9.335483191792929951e-04
9.264391192720313091e-04
9.193960137228918052e-04
9.124182822407852318e-04
9.055052134794476862e-04
8.986561049135739863e-04
8.918702627167090754e-04
8.851470016410577062e-04
8.784856448990698312e-04
8.718855240469147814e-04
8.653459788695906391e-04
8.588663572678423850e-04
8.524460151468163946e-04
8.460843163063050268e-04
8.397806323327322228e-04
8.335343424927127171e-04
8.273448336281851844e-04
8.212115000532019390e-04
8.151337434522084365e-04
8.091109727798170229e-04
8.031426041621387906e-04
7.972280607995672896e-04
7.913667728709915423e-04
7.855581774394323992e-04
7.798017183591472289e-04
7.740968461840012829e-04
7.684430180773227891e-04
7.628396977229470917e-04
7.572863552377590490e-04
7.517824670853317766e-04
7.463275159910006578e-04
7.409209908580910529e-04
7.355623866854035754e-04
7.302512044859425138e-04
7.249869512067875447e-04
7.197691396501818125e-04
