1.202007400666895265e+00
1.691730102024346649e-01
1.694642981922863667e-01
1.697199867546718977e-01
1.697210592678735919e-01
1.695505805999419358e-01
1.692566563743123920e-01
1.688617832500255156e-01
1.683769819396681577e-01
1.678086180596708721e-01
1.671612761982486928e-01
1.664388944441133611e-01
1.656451803198545347e-01
1.647837450214303112e-01
1.638581353740358182e-01
1.628718338455998893e-01
1.618282520958711779e-01
1.607307258269908279e-01
1.595825122320802536e-01
1.583867893630097889e-01
1.571466564354583040e-01
1.558651343121963961e-01
1.545451657175490323e-01
1.531896149930379036e-01
1.518012673771313992e-01
1.503828278913459382e-01
1.489369199607819827e-01
1.474660839083814790e-01
1.459727754531074395e-01
1.444593643228772872e-01
1.429281330697488028e-01
1.413812761514432470e-01
1.398208993217924523e-01
1.382490193541334456e-01
1.366675641063551105e-01
1.350783729241026854e-01
1.334831973692915119e-01
1.318837022542621307e-01
1.302814669571590589e-01
1.286779869910926466e-01
1.270746757980330821e-01
1.254728667378689488e-01
1.238738152433629114e-01
1.222787011127033779e-01
1.206886309127616769e-01
1.191046404678590270e-01
1.175276974107986316e-01
1.159587037749202215e-01
1.143984986080069377e-01
1.128478605909197935e-01
1.113075106458165098e-01
1.097781145207245013e-01
1.082602853390172704e-01
1.067545861040138794e-01
1.052615321504846158e-01
1.037815935362468162e-01
1.023151973682904642e-01
1.008627300590969195e-01
9.942453950977159227e-02
9.800093721757643928e-02
9.659220030623676123e-02
9.519857347812228643e-02
9.382027088798199077e-02
9.245747793848055340e-02
9.111035299821179656e-02
8.977902904324287781e-02
8.846361522358377194e-02
8.716419835620910217e-02
8.588084434649444210e-02
8.461359954008383644e-02
8.336249200734935361e-02
8.212753276266693270e-02
8.090871692084589117e-02
7.970602479304364496e-02
7.851942292455237060e-02
7.734886507681258683e-02
7.619429315602653519e-02
7.505563809068080405e-02
7.393282066028387944e-02
7.282575227753698699e-02
7.173433572614523746e-02
7.065846585636598176e-02
6.959803024037804209e-02
6.855290978943530400e-02
6.752297933474685210e-02
6.650810817390648277e-02
6.550816058466316094e-02
6.452299630772492800e-02
6.355247100022858031e-02
6.259643666142239438e-02
6.165474203207074039e-02
6.072723296897984679e-02
5.981375279600041617e-02
5.891414263281131991e-02
5.802824170268502252e-02
5.715588762042046744e-02
5.629691666153661955e-02
5.545116401378508836e-02
5.461846401196748108e-02
5.379865035701993092e-02
5.299155632023980905e-02
5.219701493351939364e-02
5.141485916637821701e-02
5.064492209056300348e-02
4.988703703292925867e-02
4.914103771728478565e-02
4.840675839584639151e-02
4.768403397090323348e-02
4.697270010727962186e-02
4.627259333612879222e-02
4.558355115057107637e-02
4.490541209367157616e-02
4.423801583920305286e-02
4.358120326563386798e-02
4.293481652374814966e-02
4.229869909828108676e-02
4.167269586394041492e-02
4.105665313614304673e-02
4.045041871680984946e-02
3.985384193550980253e-02
3.926677368624463538e-02
3.868906646015548428e-02
3.812057437439451274e-02
3.756115319741350905e-02
3.701066037089414951e-02
3.646895502853665649e-02
3.593589801190685828e-02
3.541135188353802116e-02
3.489518093746508259e-02
3.438725120735854762e-02
3.388743047242700340e-02
3.339558826123024959e-02
3.291159585355028089e-02
3.243532628045565913e-02
3.196665432267922075e-02
3.150545650743796777e-02
3.105161110380003434e-02
3.060499811670410950e-02
3.016549927973791526e-02
2.973299804676284366e-02
2.930737958247384839e-02
2.888853075198111880e-02
2.847634010949091563e-02
2.807069788615081107e-02
2.767149597714571932e-02
2.727862792809101697e-02
2.689198892079579239e-02
2.651147575845184609e-02
2.613698685029781574e-02
2.576842219581509594e-02
2.540568336849703679e-02
2.504867349924641204e-02
2.469729725942680296e-02
2.435146084362595914e-02
2.401107195215279946e-02
2.367603977331256618e-02
2.334627496548510178e-02
2.302168963904759752e-02
2.270219733815271451e-02
2.238771302240856811e-02
2.207815304846937748e-02
2.177343515157211321e-02
2.147347842702906212e-02
2.117820331170778420e-02
2.088753156550929649e-02
2.060138625286770525e-02
2.031969172428015405e-02
2.004237359789302897e-02
1.976935874114672809e-02
1.950057525250186927e-02
1.923595244325312925e-02
1.897542081944290915e-02
1.871891206388818715e-02
1.846635901832527349e-02
1.821769566568503043e-02
1.797285711250567672e-02
1.773177957148856093e-02
1.749440034420614298e-02
1.726065780396757177e-02
1.703049137884557820e-02
1.680384153487324631e-02
1.658064975941121733e-02
1.636085854469279677e-02
1.614441137154805708e-02
1.593125269331100921e-02
1.572132791991415895e-02
1.551458340216899968e-02
1.531096641624015396e-02
1.511042514830810736e-02
1.491290867942867901e-02
1.471836697058591034e-02
1.452675084794069135e-02
1.433801198827695800e-02
1.415210290464239025e-02
1.396897693218999460e-02
1.378858821421269365e-02
1.361089168837810448e-02
1.343584307315761478e-02
1.326339885445367885e-02
1.309351627242077119e-02
1.292615330848227891e-02
1.276126867254038372e-02
1.259882179037847584e-02
1.243877279125651589e-02
1.228108249569508613e-02
1.212571240344842947e-02
1.197262468166686127e-02
1.182178215324237135e-02
1.167314828534087370e-02
1.152668717811602961e-02
1.138236355360383589e-02
1.124014274479765915e-02
1.109999068489929581e-02
1.096187389674604419e-02
1.082575948241158367e-02
1.069161511297810410e-02
1.055940901847825415e-02
1.042910997800499708e-02
1.030068730998631721e-02
1.017411086262463155e-02
1.004935100449642037e-02
9.926378615312255599e-03
9.805165076833819923e-03
9.685682263946315471e-03
9.567902535883342566e-03
9.451798727603766270e-03
9.337344141316733515e-03
9.224512538154025498e-03
9.113278129986296730e-03
9.003615571383322136e-03
8.895499951712943984e-03
8.788906787380071708e-03
8.683812014200818427e-03
8.580191979911449759e-03
8.478023436809858579e-03
8.377283534526406769e-03
8.277949812923224987e-03
8.180000195120211426e-03
8.083412980644284415e-03
7.988166838701547118e-03
7.894240801568678037e-03
7.801614258103893411e-03
7.710266947373031927e-03
7.620178952390606504e-03
7.531330693973484723e-03
7.443702924704847373e-03
7.357276723007373856e-03
7.272033487323070582e-03
7.187954930398304278e-03
7.105023073672563950e-03
7.023220241769051117e-03
6.942529057083686103e-03
6.862932434474905245e-03
6.784413576047290152e-03
6.706955966031945097e-03
6.630543365759129608e-03
6.555159808722688282e-03
6.480789595734506685e-03
6.407417290167269006e-03
6.335027713284096737e-03
6.263605939653408249e-03
6.193137292647650505e-03
6.123607340024398056e-03
6.055001889587892025e-03
5.987306984930614896e-03
5.920508901252125554e-03
5.854594141255045278e-03
5.789549431115707974e-03
5.725361716529223099e-03
5.662018158826560843e-03
5.599506131162942241e-03
5.537813214776162070e-03
5.476927195313678783e-03
5.416836059226711603e-03
5.357527990230823503e-03
5.298991365831320390e-03
5.241214753912199278e-03
5.184186909387996679e-03
5.127896770916968994e-03
5.072333457674263121e-03
5.017486266184719920e-03
4.963344667213438755e-03
4.909898302713560161e-03
4.857136982829925696e-03
4.805050682957686010e-03
4.753629540854742604e-03
4.702863853807281655e-03
4.652744075846994808e-03
4.603260815019669452e-03
4.554404830703306234e-03
4.506167030975513979e-03
4.458538470029358922e-03
4.411510345636092227e-03
4.365073996654315197e-03
4.319220900585139800e-03
4.273942671171258520e-03
4.229231056040609615e-03
4.185077934392580391e-03
4.141475314726579364e-03
4.098415332612050967e-03
4.055890248499284881e-03
4.013892445569663438e-03
3.972414427625690567e-03
3.931448817018810826e-03
3.890988352615541105e-03
3.851025887799932636e-03
3.811554388512996498e-03
3.772566931327023514e-03
3.734056701555546649e-03
3.696016991397152625e-03
3.658441198113020036e-03
3.621322822237565096e-03
3.584655465821487245e-03
3.548432830706351165e-03
3.512648716830821423e-03
3.477297020566997611e-03
3.442371733087141398e-03
3.407866938759768118e-03
3.373776813574490534e-03
3.340095623595556226e-03
3.306817723442961442e-03
3.273937554800937164e-03
3.241449644953301248e-03
3.209348605345158003e-03
3.177629130170314588e-03
3.146285994983860895e-03
3.115314055340109769e-03
3.084708245454349795e-03
3.054463576888941014e-03
3.024575137262681523e-03
2.995038088983232455e-03
2.965847668002323349e-03
2.936999182592839319e-03
2.908488012148107045e-03
2.880309606002154441e-03
2.852459482271094051e-03
2.824933226715213835e-03
2.797726491620961334e-03
2.770834994703114812e-03
2.744254518026154315e-03
2.717980906944667853e-03
2.692010069062707265e-03
2.666337973211511340e-03
2.640960648444962144e-03
2.615874183053067733e-03
2.591074723592861045e-03
2.566558473935936103e-03
2.542321694333210015e-03
2.518360700495831783e-03
2.494671862692266536e-03
2.471251604861206090e-03
2.448096403740067286e-03
2.425202788008748098e-03
2.402567337448046052e-03
2.380186682113288009e-03
2.358057501521939204e-03
2.336176523855505987e-03
2.314540525175419125e-03
2.293146328652357745e-03
2.271990803809154861e-03
2.251070865776669955e-03
2.230383474562600433e-03
2.209925634333067580e-03
2.189694392706483927e-03
2.169686840059599237e-03
2.149900108845746380e-03
2.130331372924460908e-03
2.110977846903078475e-03
2.091836785489229345e-03
2.072905482854854077e-03
2.054181272010705168e-03
2.035661524192091017e-03
2.017343648254631833e-03
1.999225090080584792e-03
1.981303331995444388e-03
1.963575892194188710e-03
1.946040324177545060e-03
1.928694216197772036e-03
1.911535190713832327e-03
1.894560903855914587e-03
1.877769044898943340e-03
1.861157335745034858e-03
1.844723530414839373e-03
1.828465414547274150e-03
1.812380804907836500e-03
1.796467548905257561e-03
1.780723524116089402e-03
1.765146637817620757e-03
1.749734826528324700e-03
1.734486055556229466e-03
1.719398318554762883e-03
1.704469637086102312e-03
1.689698060191806512e-03
1.675081663970580696e-03
1.660618551163112969e-03
1.646306850744002747e-03
1.632144717520165548e-03
1.618130331736120520e-03
1.604261898685857123e-03
1.590537648331102937e-03
1.576955834925803301e-03
1.563514736647030057e-03
1.550212655231849495e-03
1.537047915620169463e-03
1.524018865603631772e-03
1.511123875480119456e-03
1.498361337714032657e-03
1.485729666602167431e-03
1.473227297945020348e-03
1.460852688723553346e-03
1.448604316781124156e-03
1.436480680510827989e-03
1.424480298547712914e-03
1.412601709466234550e-03
1.400843471482469309e-03
1.389204162161267490e-03
1.377682378128111586e-03
1.366276734785771543e-03
1.354985866035405022e-03
1.343808424002229532e-03
1.332743078765673619e-03
1.321788518093896083e-03
1.310943447182457257e-03
1.300206588397377410e-03
1.289576681022237912e-03
1.279052481009339054e-03
1.268632760734892187e-03
1.258316308758148164e-03
1.248101929584310727e-03
1.237988443431300555e-03
1.227974686000335046e-03
1.218059508249925071e-03
1.208241776173700054e-03
1.198520370581710294e-03
1.188894186885163830e-03
1.179362134884604776e-03
1.169923138561416260e-03
1.160576135872752905e-03
1.151320078549539216e-03
1.142153931897801683e-03
1.133076674603048124e-03
1.124087298537781261e-03
1.115184808572057366e-03
1.106368222386890521e-03
1.097636570290830109e-03
1.088988895039096376e-03
1.080424251655928702e-03
1.071941707259326058e-03
1.063540340888830156e-03
1.055219243335768237e-03
1.046977516976372018e-03
1.038814275607249579e-03
1.030728644283614810e-03
1.022719759159874779e-03
1.014786767332848247e-03
1.006928826687242349e-03
9.991451057436576480e-04
9.914347835088379093e-04
9.837970493283263763e-04
9.762311027413035679e-04
9.687361533376972382e-04
9.613114206175259017e-04
9.539561338523218576e-04
9.466695319487328101e-04
9.394508633142213119e-04
9.322993857247623920e-04
9.252143661946206831e-04
9.181950808480567787e-04
9.112408147930673363e-04
9.043508619969453394e-04
8.975245251638098130e-04
8.907611156139687075e-04
8.840599531650922922e-04
8.774203660152436789e-04
8.708416906275415030e-04
8.643232716167528100e-04
8.578644616374847065e-04
8.514646212740318047e-04
8.451231189319358388e-04
8.388393307311918599e-04
8.326126404010127536e-04
8.264424391761583709e-04
8.203281256948711207e-04
8.142691058983283613e-04
8.082647929314984003e-04
8.023146070456288687e-04
7.964179755020597742e-04
7.905743324775544364e-04
7.847831189709536916e-04
7.790437827113077564e-04
7.733557780672593689e-04
7.677185659578654496e-04
7.621316137647244672e-04
7.565943952452976184e-04
7.511063904476513982e-04
7.456670856263560368e-04
7.402759731596550560e-04
7.349325514678463128e-04
7.296363249328939376e-04
7.243868038191023572e-04
