1.202007400664506953e+00
1.654028505759864709e-01
1.659726452630127247e-01
1.659692726118161821e-01
1.656058825743950969e-01
1.650693174585540490e-01
1.644439086725835164e-01
1.637638655770181639e-01
1.630420902435875952e-01
1.622826663480224085e-01
1.614861815827655644e-01
1.606520253192200987e-01
1.597793780318858547e-01
1.588676187201234213e-01
1.579164696789699396e-01
1.569260237499027211e-01
1.558967213530212115e-01
1.548293086438438104e-01
1.537247911534429246e-01
1.525843891723974166e-01
1.514094972976987308e-01
1.502016487839702708e-01
1.489624845633851780e-01
1.476937265002693234e-01
1.463971543695709865e-01
1.450745860671064369e-01
1.437278606136319081e-01
1.423588235765382570e-01
1.409693145908136325e-01
1.395611567107230278e-01
1.381361473649312943e-01
1.366960507213770826e-01
1.352425912953003073e-01
1.337774486558599707e-01
1.323022531046511852e-01
1.308185822142952370e-01
1.293279581276741141e-01
1.278318455288979527e-01
1.263316502062170887e-01
1.248287181350479919e-01
1.233243350162942231e-01
1.218197262114748963e-01
1.203160570218532177e-01
1.188144332638951667e-01
1.173159020981263539e-01
1.158214530727292302e-01
1.143320193471895896e-01
1.128484790649100233e-01
1.113716568470321244e-01
1.099023253827342700e-01
1.084412070940905665e-01
1.069889758560705201e-01
1.055462587546333597e-01
1.041136378679274749e-01
1.026916520575848896e-01
1.012807987587652364e-01
9.988153575923632010e-02
9.849428295915285680e-02
9.711942410447535479e-02
9.575730848810437568e-02
9.440825261382045086e-02
9.307254181902945012e-02
9.175043185309256222e-02
9.044215040874445388e-02
8.914789860473017191e-02
8.786785241830190329e-02
8.660216406673779121e-02
8.535096333742062114e-02
8.411435886638789217e-02
8.289243936556493775e-02
8.168527479915489720e-02
8.049291750987154492e-02
7.931540329589387150e-02
7.815275243957636730e-02
7.700497068904230136e-02
7.587205019393702954e-02
7.475397039663933541e-02
7.365069888034082857e-02
7.256219217538786848e-02
7.148839652536252698e-02
7.042924861435505279e-02
6.938467625689620499e-02
6.835459905201919650e-02
6.733892900289330241e-02
6.633757110347002217e-02
6.535042389354170367e-02
6.437737998358086799e-02
6.341832655072657254e-02
6.247314580720024491e-02
6.154171544243799280e-02
6.062390904016221743e-02
5.971959647158048279e-02
5.882864426586965206e-02
5.795091595903705678e-02
5.708627242223646842e-02
5.623457217055206903e-02
5.539567165323547315e-02
5.456942552633692323e-02
5.375568690863163218e-02
5.295430762169788669e-02
5.216513841498027215e-02
5.138802917661120656e-02
5.062282913075456803e-02
4.986938702217956487e-02
4.912755128874562310e-02
4.839717022245364902e-02
4.767809211968063177e-02
4.697016542117889160e-02
4.627323884241048985e-02
4.558716149474243556e-02
4.491178299800568235e-02
4.424695358490641356e-02
4.359252419773627929e-02
4.294834657781749360e-02
4.231427334810086011e-02
4.169015808928990680e-02
4.107585540987746670e-02
4.047122101043010983e-02
3.987611174246764173e-02
3.929038566223330003e-02
3.871390207967350533e-02
3.814652160289007388e-02
3.758810617834591056e-02
3.703851912706973559e-02
3.649762517710373327e-02
3.596529049241453668e-02
3.544138269849114037e-02
3.492577090482587576e-02
3.441832572447045546e-02
3.391891929085449897e-02
3.342742527203050595e-02
3.294371888251504399e-02
3.246767689287421293e-02
3.199917763719964392e-02
3.153810101861516391e-02
3.108432851294313723e-02
3.063774317064350480e-02
3.019822961715966370e-02
2.976567405176245781e-02
2.933996424500366282e-02
2.892098953487848984e-02
2.850864082178377473e-02
2.810281056235888753e-02
2.770339276229753095e-02
2.731028296819933490e-02
2.692337825853890684e-02
2.654257723382227180e-02
2.616778000598824969e-02
2.579888818712637588e-02
2.543580487755761968e-02
2.507843465334166563e-02
2.472668355325784162e-02
2.438045906530120210e-02
2.403967011275331619e-02
2.370422703985796548e-02
2.337404159714509891e-02
2.304902692644431733e-02
2.272909754561770745e-02
2.241416933304820475e-02
2.210415951191570597e-02
2.179898663428685157e-02
2.149857056504855812e-02
2.120283246570894148e-02
2.091169477809182164e-02
2.062508120794675354e-02
2.034291670849328049e-02
2.006512746392328031e-02
1.979164087287525395e-02
1.952238553190272299e-02
1.925729121894769261e-02
1.899628887683824444e-02
1.873931059682164280e-02
1.848628960214685271e-02
1.823716023170907780e-02
1.799185792376545648e-02
1.775031919973465294e-02
1.751248164808880126e-02
1.727828390834538347e-02
1.704766565517018551e-02
1.682056758259559484e-02
1.659693138836311477e-02
1.637669975839615641e-02
1.615981635140803854e-02
1.594622578365089902e-02
1.573587361381034028e-02
1.552870632805085360e-02
1.532467132521357980e-02
1.512371690217255080e-02
1.492579223935098544e-02
1.473084738640062855e-02
1.453883324804618529e-02
1.434970157009849562e-02
1.416340492563580335e-02
1.397989670135649058e-02
1.379913108410399554e-02
1.362106304756459906e-02
1.344564833913890547e-02
1.327284346698837450e-02
1.310260568725596896e-02
1.293489299146240862e-02
1.276966409407596578e-02
1.260687842025999365e-02
1.244649609379092602e-02
1.228847792515353095e-02
1.213278539980814155e-02
1.197938066663053504e-02
1.182822652652415485e-02
1.167928642120300703e-02
1.153252442214459071e-02
1.138790521971100138e-02
1.124539411243855730e-02
1.110495699649332105e-02
1.096656035529062177e-02
1.083017124927999376e-02
1.069575730589047285e-02
1.056328670963677455e-02
1.043272819238595314e-02
1.030405102377847035e-02
1.017722500180797372e-02
1.005222044355303171e-02
9.929008176061867794e-03
9.807559527387701634e-03
9.687846317772469754e-03
9.569840850977989061e-03
9.453515905761822324e-03
9.338844727496459566e-03
9.225801019930261054e-03
9.114358937088101048e-03
9.004493075309333988e-03
8.896178465421761272e-03
8.789390565049957568e-03
8.684105251055894079e-03
8.580298812109065851e-03
8.477947941385961805e-03
8.377029729395786203e-03
8.277521656930717647e-03
8.179401588139489573e-03
8.082647763721820255e-03
7.987238794242030454e-03
7.893153653560119193e-03
7.800371672378876055e-03
7.708872531903852854e-03
7.618636257616578922e-03
7.529643213156841930e-03
7.441874094315045589e-03
7.355309923129335105e-03
7.269932042089812321e-03
7.185722108444703160e-03
7.102662088608962219e-03
7.020734252672701167e-03
6.939921169007591713e-03
6.860205698971015044e-03
6.781570991704020772e-03
6.704000479023661772e-03
6.627477870407708256e-03
6.551987148067903860e-03
6.477512562114664217e-03
6.404038625806699782e-03
6.331550110888233517e-03
6.260032043009411580e-03
6.189469697230458659e-03
6.119848593606729524e-03
6.051154492854176302e-03
5.983373392092944214e-03
5.916491520669215493e-03
5.850495336051724470e-03
5.785371519803714918e-03
5.721106973628079309e-03
5.657688815484014644e-03
5.595104375774747306e-03
5.533341193604403990e-03
5.472387013103456252e-03
5.412229779820699506e-03
5.352857637181004935e-03
5.294258923008119191e-03
5.236422166110228128e-03
5.179336082928213437e-03
5.122989574244923849e-03
5.067371721954458223e-03
5.012471785890274846e-03
4.958279200711509377e-03
4.904783572845503037e-03
4.851974677486862834e-03
4.799842455650607000e-03
4.748377011279428586e-03
4.697568608403514256e-03
4.647407668352459414e-03
4.597884767017672465e-03
4.548990632164938604e-03
4.500716140795767498e-03
4.453052316557177051e-03
4.405990327198051025e-03
4.359521482072801699e-03
4.313637229689333899e-03
4.268329155302600167e-03
4.223588978551408649e-03
4.179408551138624230e-03
4.135779854552942315e-03
4.092694997832994203e-03
4.050146215371079605e-03
4.008125864757686001e-03
3.966626424664553528e-03
3.925640492766277641e-03
3.885160783699996307e-03
3.845180127061456100e-03
3.805691465437950703e-03
3.766687852476486003e-03
3.728162450987247689e-03
3.690108531081110615e-03
3.652519468341035996e-03
3.615388742026472146e-03
3.578709933309976408e-03
3.542476723546044825e-03
3.506682892570855015e-03
3.471322317032987312e-03
3.436388968753617545e-03
3.401876913117154663e-03
3.367780307489989973e-03
3.334093399668160325e-03
3.300810526352717864e-03
3.267926111652543972e-03
3.235434665614079185e-03
3.203330782777260872e-03
3.171609140757432766e-03
3.140264498852749723e-03
3.109291696676338718e-03
3.078685652812837917e-03
3.048441363499259163e-03
3.018553901329043294e-03
2.989018413979510798e-03
2.959830122961742017e-03
2.930984322392917243e-03
2.902476377790330457e-03
2.874301724887037227e-03
2.846455868468345755e-03
2.818934381229036123e-03
2.791732902650894462e-03
2.764847137899980028e-03
2.738272856743559271e-03
2.712005892486212075e-03
2.686042140924526419e-03
2.660377559320448691e-03
2.635008165392588395e-03
2.609930036325519738e-03
2.585139307796291679e-03
2.560632173018007225e-03
2.536404881800504059e-03
2.512453739627402722e-03
2.488775106749107312e-03
2.465365397291948649e-03
2.442221078382950366e-03
2.419338669289643716e-03
2.396714740575167472e-03
2.374345913267887891e-03
2.352228858045780305e-03
2.330360294434669858e-03
2.308736990020706509e-03
2.287355759676366548e-03
2.266213464799869161e-03
2.245307012568044467e-03
2.224633355201734077e-03
2.204189489244279699e-03
2.183972454852251954e-03
2.163979335098539531e-03
2.144207255287440463e-03
2.124653382281537373e-03
2.105314923840172821e-03
2.086189127969275380e-03
2.067273282282464011e-03
2.048564713372919878e-03
2.030060786196299233e-03
2.011758903463833469e-03
1.993656505046279004e-03
1.975751067387628446e-03
1.958040102929058373e-03
1.940521159542699320e-03
1.923191819974907728e-03
1.906049701299115723e-03
1.889092454378021304e-03
1.872317763334725152e-03
1.855723345033150583e-03
1.839306948566786504e-03
1.823066354756637400e-03
1.806999375657097114e-03
1.791103854070738230e-03
1.775377663070740316e-03
1.759818705531743721e-03
1.744424913668324436e-03
1.729194248581487946e-03
1.714124699812588984e-03
1.699214284904739230e-03
1.684461048971591050e-03
1.669863064273436563e-03
1.655418429800150412e-03
1.641125270861297806e-03
1.626981738683040950e-03
1.612986010011622671e-03
1.599136286723573620e-03
1.585430795442422736e-03
1.571867787161582456e-03
1.558445536873627685e-03
1.545162343205741485e-03
1.532016528061047123e-03
1.519006436265988441e-03
1.506130435223344615e-03
1.493386914571299094e-03
1.480774285847697965e-03
1.468290982160135255e-03
1.455935457861286210e-03
1.443706188229669811e-03
1.431601669155540667e-03
1.419620416832002201e-03
1.407760967451080489e-03
1.396021876904797367e-03
1.384401720491160604e-03
1.372899092624844768e-03
1.361512606552617646e-03
1.350240894073438929e-03
1.339082605262924752e-03
1.328036408202551942e-03
1.317100988712955993e-03
1.306275050091709397e-03
1.295557312855279359e-03
1.284946514485133234e-03
1.274441409177960900e-03
1.264040767599882440e-03
1.253743376644615541e-03
1.243548039195492040e-03
1.233453573891366744e-03
1.223458814896123854e-03
1.213562611672063755e-03
1.203763828756674020e-03
1.194061345543199473e-03
1.184454056064489138e-03
1.174940868780381805e-03
1.165520706368533077e-03
1.156192505518398523e-03
1.146955216728603880e-03
1.137807804107462701e-03
1.128749245176663982e-03
1.119778530678060616e-03
1.110894664383503582e-03
1.102096662907636011e-03
1.093383555523672274e-03
1.084754383982011175e-03
1.076208202331831350e-03
1.067744076745216547e-03
1.059361085344352228e-03
1.051058318031214758e-03
1.042834876319912330e-03
1.034689873171708210e-03
1.026622432832684229e-03
1.018631690673707556e-03
1.010716793033085859e-03
1.002876897061588191e-03
9.951111705698127436e-04
9.874187918780070669e-04
9.797989496681668454e-04
9.722508428383540378e-04
9.647736803594086094e-04
9.573666811337140691e-04
9.500290738561637189e-04
9.427600968773911525e-04
9.355589980688918186e-04
9.284250346903700178e-04
9.213574732590414746e-04
9.143555894209358294e-04
9.074186678241871230e-04
9.005460019942146963e-04
8.937368942108572800e-04
8.869906553873201961e-04
8.803066049509739423e-04
8.736840707259915838e-04
8.671223888177240127e-04
8.606209034987912822e-04
8.541789670970428893e-04
8.477959398849718633e-04
8.414711899710236066e-04
8.352040931923660231e-04
8.289940330094136686e-04
8.228404004017969261e-04
8.167425937659768915e-04
8.107000188144063320e-04
8.047120884760801569e-04
7.987782227987293236e-04
7.928978488523580684e-04
7.870704006342610750e-04
7.812953189754173614e-04
7.755720514483450219e-04
7.699000522762354352e-04
7.642787822435103805e-04
7.587077086076392122e-04
7.531863050123158414e-04
7.477140514018502417e-04
7.422904339368693438e-04
7.369149449112775583e-04
7.315870826703863928e-04
7.263063515302457980e-04
7.210722616982079280e-04
7.158843291946193369e-04
