7.684196737762818627e-03
1.485823485929807682e-02
1.481605625106205935e-02
1.476178464398504239e-02
1.469565156350249521e-02
1.461793511315140348e-02
1.452895754265903089e-02
1.442908213640838218e-02
1.431870972252661904e-02
1.419827490108148405e-02
1.406824206500024814e-02
1.392910128139904745e-02
1.378136409789029564e-02
1.362555933540638906e-02
1.346222892507584028e-02
1.329192384203463015e-02
1.311520018349173790e-02
1.293261543239287298e-02
1.274472494146789391e-02
1.255207866600479075e-02
1.235521816699249563e-02
1.215467389990489838e-02
1.195096279839443290e-02
1.174458615649135937e-02
1.153602780784902283e-02
1.132575259611134574e-02
1.111420512665589957e-02
1.090180878672460107e-02
1.068896501845205058e-02
1.047605282732014427e-02
1.026342850721638847e-02
1.005142556239440460e-02
9.840354806283990036e-03
9.630504617078221655e-03
9.422141330414275998e-03
9.215509750104607101e-03
9.010833758744408659e-03
8.808317011087423917e-03
8.608143694229764345e-03
8.410479339935772458e-03
8.215471675708456434e-03
8.023251502534288829e-03
7.833933588541284673e-03
7.647617569063903421e-03
7.464388844807046119e-03
7.284319470976165223e-03
7.107469031293860671e-03
6.933885491802837912e-03
6.763606030290337211e-03
6.596657837961758704e-03
6.433058890763620162e-03
6.272818688375825409e-03
6.115938959504020958e-03
5.962414332608917053e-03
5.812232971627026741e-03
5.665377176629458542e-03
5.521823949706040728e-03
5.381545526573499813e-03
5.244509874685610029e-03
5.110681158760180080e-03
4.980020174801132703e-03
4.852484753788492353e-03
4.728030136283364188e-03
4.606609319288568899e-03
4.488173376667703787e-03
4.372671754510886778e-03
4.260052542795635978e-03
4.150262724689971275e-03
4.043248404816490379e-03
3.938955017769395391e-03
3.837327518147394534e-03
3.738310553290828415e-03
3.641848619908052455e-03
3.547886205685971822e-03
3.456367916951694815e-03
3.367238593406577177e-03
3.280443410856051945e-03
3.195927972874199052e-03
3.113638392230395468e-03
3.033521362893893715e-03
2.955524223354075858e-03
2.879595011970828393e-03
2.805682515011681619e-03
2.733736307987971997e-03
2.663706790866345129e-03
2.595545217676676480e-03
2.529203721039164406e-03
2.464635332033630801e-03
2.401793995865939349e-03
2.340634583713362225e-03
2.281112901115826992e-03
2.223185693243024535e-03
2.166810647360174064e-03
2.111946392769237669e-03
2.058552498487120457e-03
2.006589468912366430e-03
1.956018737687824794e-03
1.906802659976022593e-03
1.858904503330658167e-03
1.812288437322656393e-03
1.766919522098598554e-03
1.722763695994118443e-03
1.679787762341752302e-03
1.637959375588594543e-03
1.597247026834564291e-03
1.557620028882780944e-03
1.519048500898152222e-03
1.481503352745392691e-03
1.444956269088141588e-03
1.409379693308503590e-03
1.374746811305957135e-03
1.341031535232405179e-03
1.308208487206981947e-03
1.276252983055280697e-03
1.245141016108685739e-03
1.214849241099069362e-03
1.185354958180203809e-03
1.156636097095397860e-03
1.128671201523595048e-03
1.101439413619004345e-03
1.074920458757609417e-03
1.049094630516807800e-03
1.023942775890868823e-03
9.994462807568175056e-04
9.755870556011118043e-04
9.523475215095593676e-04
9.297105964383662940e-04
9.076596817520759131e-04
8.861786490487839549e-04
8.652518272689823080e-04
8.448639900866883670e-04
8.250003435835993925e-04
8.056465142146216523e-04
7.867885370512033840e-04
7.684128443098394920e-04
7.505062541607645512e-04
7.330559598137318918e-04
7.160495188761801556e-04
6.994748429894984696e-04
6.833201877233082084e-04
6.675741427420820318e-04
6.522256222259709265e-04
6.372638555470218997e-04
6.226783781976140582e-04
6.084590229651608024e-04
5.945959113430623845e-04
5.810794451847101387e-04
5.679002985808822212e-04
5.550494099701767893e-04
5.425179744646819709e-04
5.302974363962756647e-04
5.183794820700248678e-04
5.067560327252794341e-04
4.954192376994912559e-04
4.843614677828767174e-04
4.735753087690460351e-04
4.630535551901511222e-04
4.527892042316969748e-04
4.427754498274675534e-04
4.330056769224385456e-04
4.234734559061496405e-04
4.141725372071408369e-04
4.050968460473212572e-04
3.962404773491898669e-04
3.875976907922356923e-04
3.791629060183179323e-04
3.709306979743283461e-04
3.628957923948546074e-04
3.550530614190614909e-04
3.473975193358555644e-04
3.399243184547264224e-04
3.326287451022434281e-04
3.255062157342134086e-04
3.185522731640697013e-04
3.117625829054815746e-04
3.051329296201254582e-04
2.986592136749296393e-04
2.923374477993723880e-04
2.861637538423529928e-04
2.801343596274988128e-04
2.742455958994870907e-04
2.684938933641879298e-04
2.628757798132533925e-04
2.573878773395707649e-04
2.520268996292578372e-04
2.467896493396000727e-04
2.416730155517963976e-04
2.366739713016026946e-04
2.317895711807000812e-04
2.270169490129405210e-04
2.223533155954468066e-04
2.177959565108451227e-04
2.133422300014586252e-04
2.089895649074111875e-04
2.047354586669317979e-04
2.005774753730980235e-04
1.965132438919356937e-04
1.925404560327371225e-04
1.886568647740510514e-04
1.848602825416950798e-04
1.811485795378034696e-04
1.775196821190312137e-04
1.739715712215262754e-04
1.705022808340163083e-04
1.671098965140603381e-04
1.637925539492855102e-04
1.605484375598312718e-04
1.573757791412580119e-04
1.542728565491092042e-04
1.512379924203156336e-04
1.482695529317357163e-04
1.453659465964917850e-04
1.425256230937135425e-04
1.397470721329963420e-04
1.370288223527382364e-04
1.343694402483205604e-04
1.317675291337328967e-04
1.292217281315534254e-04
1.267307111929886977e-04
1.242931861461754974e-04
1.219078937714639267e-04
1.195736069040359263e-04
1.172891295615134357e-04
1.150532960972602879e-04
1.128649703782784453e-04
1.107230449855217810e-04
1.086264404386480363e-04
1.065741044407960043e-04
1.045650111477520051e-04
1.025981604554411253e-04
1.006725773087629972e-04
9.878731103056244498e-05
9.694143466855160551e-05
9.513404436117714035e-05
9.336425872240701950e-05
9.163121824235831209e-05
8.993408470530776008e-05
8.827204062557901629e-05
8.664428869647889243e-05
8.505005125793673165e-05
8.348856977617304478e-05
8.195910434018142542e-05
8.046093317111522192e-05
7.899335214517225548e-05
7.755567433141419265e-05
7.614722954028967680e-05
7.476736388627753941e-05
7.341543936207264452e-05
7.209083342492005595e-05
7.079293859383836186e-05
6.952116205855601492e-05
6.827492529909272171e-05
6.705366371532907180e-05
6.585682626801322580e-05
6.468387512786293438e-05
6.353428533616049345e-05
6.240754447311558774e-05
6.130315233639139127e-05
6.022062062788871063e-05
5.915947264884177783e-05
5.811924300398737891e-05
5.709947731298399489e-05
5.609973193032030686e-05
5.511957367230575701e-05
5.415857955178888264e-05
5.321633651976391858e-05
5.229244121441445738e-05
5.138649971614803115e-05
5.049812731024607532e-05
4.962694825487127409e-05
4.877259555605715434e-05
4.793471074817386954e-05
4.711294368058811197e-05
4.630695231028373129e-05
4.551640249913751070e-05
4.474096781744127572e-05
4.398032935219993396e-05
4.323417552066255204e-05
4.250220188899217152e-05
4.178411099502155578e-05
4.107961217656791252e-05
4.038842140372563542e-05
3.971026111580357128e-05
3.904486006225886649e-05
3.839195314834847536e-05
3.775128128413825950e-05
3.712259123787662446e-05
3.650563549357941441e-05
3.590017211092213812e-05
3.530596459085543393e-05
3.472278174254466408e-05
3.415039755553539739e-05
3.358859107425168162e-05
3.303714627569765897e-05
3.249585195116490196e-05
3.196450158988944310e-05
3.144289326650759808e-05
3.093082953117737467e-05
3.042811730222019084e-05
2.993456776195287810e-05
2.944999625493393541e-05
2.897422218892034952e-05
2.850706893821654478e-05
2.804836374957628007e-05
2.759793765047538418e-05
2.715562535969848356e-05
2.672126520030363955e-05
2.629469901448817814e-05
2.587577208095370745e-05
2.546433303424427123e-05
2.506023378582239387e-05
2.466332944762657613e-05
2.427347825719247128e-05
2.389054150475606076e-05
2.351438346204269645e-05
2.314487131327777145e-05
2.278187508724696631e-05
2.242526759166096025e-05
2.207492434864927107e-05
2.173072353235109470e-05
2.139254590773544010e-05
2.106027477051872080e-05
2.073379588997359177e-05
2.041299745113071435e-05
2.009777000048605514e-05
1.978800639123966384e-05
1.948360173110445074e-05
1.918445333083007681e-05
1.889046065412991666e-05
1.860152526884374422e-05
1.831755079907303595e-05
1.803844287898449523e-05
1.776410910719397054e-05
1.749445900247243612e-05
1.722940396066186108e-05
1.696885721239617644e-05
1.671273378197189971e-05
1.646095044712578943e-05
1.621342570003707221e-05
1.597007970880099276e-05
1.573083428014579137e-05
1.549561282327279285e-05
1.526434031386447900e-05
1.503694325959995967e-05
1.481334966621992244e-05
1.459348900431336793e-05
1.437729217717879963e-05
1.416469148925235656e-05
1.395562061508649030e-05
1.375001456958604206e-05
1.354780967848186844e-05
1.334894354962556909e-05
1.315335504505735896e-05
1.296098425370648268e-05
1.277177246461287271e-05
1.258566214085787067e-05
1.240259689413952540e-05
1.222252145994319268e-05
1.204538167304572349e-05
1.187112444410488797e-05
1.169969773615710960e-05
1.153105054214030928e-05
1.136513286289838244e-05
1.120189568526548021e-05
1.104129096123247178e-05
1.088327158719215366e-05
1.072779138382286264e-05
1.057480507643902411e-05
1.042426827560727401e-05
1.027613745862961388e-05
1.013036995087926347e-05
9.986923908050726213e-06
9.845758298515679542e-06
9.706832886335297185e-06
9.570108214250375750e-06
9.435545587556063579e-06
9.303107058021226544e-06
9.172755408191638347e-06
9.044454136149547097e-06
8.918167440640237538e-06
8.793860206279166446e-06
8.671497989564407822e-06
8.551047004597501906e-06
8.432474109614469191e-06
8.315746793695412859e-06
8.200833163530667439e-06
8.087701930893867615e-06
7.976322400031133670e-06
7.866664455411441934e-06
7.758698550000656417e-06
7.652395693474340290e-06
7.547727440784777906e-06
7.444665881091132552e-06
7.343183626870680365e-06
7.243253803142415028e-06
7.144850037180947314e-06
7.047946448159777343e-06
6.952517637349248049e-06
6.858538678204424174e-06
6.765985106891867321e-06
6.674832912937585835e-06
6.585058530107932307e-06
6.496638827454918637e-06
6.409551100554707131e-06
6.323773062976148962e-06
6.239282837934983790e-06
6.156058950082876011e-06
6.074080317461065938e-06
5.993326243709495420e-06
5.913776410401444284e-06
5.835410869486003367e-06
5.758210035999975193e-06
5.682154680780768209e-06
5.607225923642978883e-06
5.533405226234270191e-06
5.460674385419499650e-06
5.389015526739525177e-06
5.318411097898760083e-06
5.248843862372025886e-06
5.180296893369689049e-06
5.112753567695740377e-06
5.046197559786419483e-06
4.980612836022180179e-06
4.915983648936924322e-06
4.852294531718943639e-06
4.789530292761924593e-06
4.727676010280340454e-06
4.666717027200084187e-06
4.606638945954580932e-06
4.547427623487013250e-06
4.489069166417439960e-06
4.431549926178223246e-06
4.374856494333645618e-06
4.318975698044157738e-06
4.263894595438219205e-06
4.209600471312121493e-06
4.156080832755548132e-06
4.103323404888026740e-06
4.051316126829986322e-06
4.000047147478383729e-06
3.949504821703095434e-06
3.899677706317921462e-06
3.850554556294338797e-06
3.802124321102632454e-06
3.754376140931243963e-06
3.707299343197472930e-06
3.660883438962034849e-06
3.615118119561997567e-06
3.569993253099723414e-06
3.525498881342894211e-06
3.481625216309632721e-06
3.438362637147339974e-06
3.395701687072550732e-06
3.353633070258107311e-06
3.312147648867604480e-06
3.271236440174401714e-06
3.230890613613281918e-06
3.191101488034244832e-06
3.151860528939325886e-06
3.113159345716297136e-06
3.074989689121478466e-06
3.037343448542816167e-06
3.000212649587439501e-06
2.963589451494267280e-06
2.927466144745629481e-06
2.891835148651248919e-06
2.856689009006857523e-06
2.822020395794483252e-06
2.787822100917378960e-06
2.754087036025494853e-06
2.720808230298743710e-06
2.687978828332098957e-06
2.655592088108170477e-06
2.623641378858006818e-06
2.592120179157326802e-06
2.561022074891460618e-06
2.530340757367064777e-06
2.500070021360620879e-06
2.470203763372049345e-06
2.440735979740829364e-06
2.411660764862629473e-06
2.382972309456575873e-06
2.354664898875920181e-06
2.326732911360398280e-06
2.299170816451299534e-06
2.271973173382243527e-06
2.245134629411340849e-06
2.218649918383790468e-06
2.192513859098638422e-06
2.166721353875029292e-06
2.141267387052129485e-06
2.116147023603770121e-06
2.091355407611672266e-06
2.066887761072120228e-06
2.042739382300779144e-06
2.018905644784701902e-06
1.995381995782509791e-06
1.972163955081771025e-06
1.949247113706289129e-06
1.926627132698814530e-06
