-7.329426927753578349e-07
4.311856695517213463e-03
6.777578337409965667e-03
7.508805175338897388e-03
7.501865519393286115e-03
7.235548275523603565e-03
6.889271895142479001e-03
6.529335765115249629e-03
6.180800195691022597e-03
5.852968523499930097e-03
5.548714279061575660e-03
5.268148254852311405e-03
5.010180126353288438e-03
4.773230355986383434e-03
4.555569428491247456e-03
4.355481694984040392e-03
4.171342349875242252e-03
4.001650054834490940e-03
3.845036682060055597e-03
3.700265398066192313e-03
3.566223074413627046e-03
3.441910247790355357e-03
3.326430358039686886e-03
3.218979172424117803e-03
3.118834849785186245e-03
3.025348845401504196e-03
2.937937717795932775e-03
2.856075823220095410e-03
2.779288844693082391e-03
2.707148084529732105e-03
2.639265443286468310e-03
2.575289008734435187e-03
2.514899182641111130e-03
2.457805279104647352e-03
2.403742534785906909e-03
2.352469478004688610e-03
2.303765610063408364e-03
2.257429357930970919e-03
2.213276262798614599e-03
2.171137373708133950e-03
2.130857819595907525e-03
2.092295536780197640e-03
2.055320132044740830e-03
2.019811864258526986e-03
1.985660729759651348e-03
1.952765638871127194e-03
1.921033672552445752e-03
1.890379409760005631e-03
1.860724317367624383e-03
1.831996195539753892e-03
1.804128672461207707e-03
1.777060743085200154e-03
1.750736347270622330e-03
1.725103983251208067e-03
1.700116352918890289e-03
1.675730035794793186e-03
1.651905188979861444e-03
1.628605270649248439e-03
1.605796784994634229e-03
1.583449046683717883e-03
1.561533963193727616e-03
1.540025833475132866e-03
1.518901161633545108e-03
1.498138484398067434e-03
1.477718211289964301e-03
1.457622476512186261e-03
1.437835001651918774e-03
1.418340968403917959e-03
1.399126900551746341e-03
1.380180554541918627e-03
1.361490818026351007e-03
1.343047615813495891e-03
1.324841822689516767e-03
1.306865182623196666e-03
1.289110233940712284e-03
1.271570240016101474e-03
1.254239125114151553e-03
1.237111415041666556e-03
1.220182182257902341e-03
1.203446995140639974e-03
1.186901871139302593e-03
1.170543233523735089e-03
1.154367871507828254e-03
1.138372903492885450e-03
1.122555743229773422e-03
1.106914068687976172e-03
1.091445793455972065e-03
1.076149040486915238e-03
1.061022118020078960e-03
1.046063497540446413e-03
1.031271793623327482e-03
1.016645745520617945e-03
1.002184200381593194e-03
9.878860979760984741e-04
9.737504568155431897e-04
9.597763615679483998e-04
9.459629516703585731e-04
9.323094110544137949e-04
9.188149588888137312e-04
9.054788412733477850e-04
8.923003238056924965e-04
8.792786849502103128e-04
8.664132101482536303e-04
8.537031866166538063e-04
8.411478987627913923e-04
8.287466241816098238e-04
8.164986301767097800e-04
8.044031707659946365e-04
7.924594841257487365e-04
7.806667904391249163e-04
7.690242901104934505e-04
7.575311623115699817e-04
7.461865638315617628e-04
7.349896282005383748e-04
7.239394650611882852e-04
7.130351597601644002e-04
7.022757731425476307e-04
6.916603415242063508e-04
6.811878768250277140e-04
6.708573668411235225e-04
6.606677756479632660e-04
6.506180441048794137e-04
6.407070904682817545e-04
6.309338110783116894e-04
6.212970811224968878e-04
6.117957554579956866e-04
6.024286694907502859e-04
5.931946400913780263e-04
5.840924665478923646e-04
5.751209315460278524e-04
5.662788021710889142e-04
5.575648309207798577e-04
5.489777567318597637e-04
5.405163060039137228e-04
5.321791936307998993e-04
5.239651240201371931e-04
5.158727921117868716e-04
5.079008843780842596e-04
5.000480798163422363e-04
4.923130509211341450e-04
4.846944646397999745e-04
4.771909833074669213e-04
4.698012655586226690e-04
4.625239672177521282e-04
4.553577421648231796e-04
4.483012431738631694e-04
4.413531227270213225e-04
4.345120338003715353e-04
4.277766306269925665e-04
4.211455694243463189e-04
4.146175091030805931e-04
4.081911119412053512e-04
4.018650442350652657e-04
3.956379769189724820e-04
3.895085861617515136e-04
3.834755539313099300e-04
3.775375685369551453e-04
3.716933251409624737e-04
3.659415262500094424e-04
3.602808821731150885e-04
3.547101114614516649e-04
3.492279413221541988e-04
3.438331080044435364e-04
3.385243571671454010e-04
3.333004442217539151e-04
3.281601346515578368e-04
3.231022043134040562e-04
3.181254397147021979e-04
3.132286382722088256e-04
3.084106085510519542e-04
3.036701704844410425e-04
2.990061555765900661e-04
2.944174070852338459e-04
2.899027801901709082e-04
2.854611421439396139e-04
2.810913724068373246e-04
2.767923627672716686e-04
2.725630174474423886e-04
2.684022531951664892e-04
2.643089993627569271e-04
2.602821979719172605e-04
2.563208037679004753e-04
2.524237842620579569e-04
2.485901197613604729e-04
2.448188033900514245e-04
2.411088410989088607e-04
2.374592516660839459e-04
2.338690666885440573e-04
2.303373305656659052e-04
2.268631004721803526e-04
2.234454463269078728e-04
2.200834507507038113e-04
2.167762090200102160e-04
2.135228290121124906e-04
2.103224311453571105e-04
2.071741483127559217e-04
2.040771258108416619e-04
2.010305212625994277e-04
1.980335045365669234e-04
1.950852576600838409e-04
1.921849747297462731e-04
1.893318618173119527e-04
1.865251368722844149e-04
1.837640296195394848e-04
1.810477814573440824e-04
1.783756453483851222e-04
1.757468857113472088e-04
1.731607783088955251e-04
1.706166101326430382e-04
1.681136792881130989e-04
1.656512948757507195e-04
1.632287768722831274e-04
1.608454560088899189e-04
1.585006736500302392e-04
1.561937816696497435e-04
1.539241423263822323e-04
1.516911281399140120e-04
1.494941217640875981e-04
1.473325158616715133e-04
1.452057129768552382e-04
1.431131254097723802e-04
1.410541750881931522e-04
1.390282934415755880e-04
1.370349212737515031e-04
1.350735086354315831e-04
1.331435146990392576e-04
1.312444076315275510e-04
1.293756644683980697e-04
1.275367709892967179e-04
1.257272215919351605e-04
1.239465191690564550e-04
1.221941749841905787e-04
1.204697085490444438e-04
1.187726475013887361e-04
1.171025274845605385e-04
1.154588920259667147e-04
1.138412924188010567e-04
1.122492876030749975e-04
1.106824440484428947e-04
1.091403356379200740e-04
1.076225435524202033e-04
1.061286561561091671e-04
1.046582688848714807e-04
1.032109841326148337e-04
1.017864111416428300e-04
1.003841658928095735e-04
9.900387099678737671e-05
9.764515558786610874e-05
9.630765521712733785e-05
9.499101174804062259e-05
9.369487325385757257e-05
9.241889391422836023e-05
9.116273391547448748e-05
8.992605935030923271e-05
8.870854211990176347e-05
8.750985983665737810e-05
8.632969572905736572e-05
8.516773854628138872e-05
8.402368246614089675e-05
8.289722700229292863e-05
8.178807691444667813e-05
8.069594211860323639e-05
7.962053759908753405e-05
7.856158332208415312e-05
7.751880414979197436e-05
7.649192975672677820e-05
7.548069454596738586e-05
7.448483756845609288e-05
7.350410244139330589e-05
7.253823726992194697e-05
7.158699456844308019e-05
7.065013118431540053e-05
6.972740822154178020e-05
6.881859096715795844e-05
6.792344881709405158e-05
6.704175520473308375e-05
6.617328752946646830e-05
6.531782708721594732e-05
6.447515900160368082e-05
6.364507215627828514e-05
6.282735912865112019e-05
6.202181612428700117e-05
6.122824291279116351e-05
6.044644276460947157e-05
5.967622238851080741e-05
5.891739187084657530e-05
5.816976461522477802e-05
5.743315728343145429e-05
5.670738973743724660e-05
5.599228498208442124e-05
5.528766910908783957e-05
5.459337124191168694e-05
5.390922348146768119e-05
5.323506085273654035e-05
5.257072125250785224e-05
5.191604539794140348e-05
5.127087677586610471e-05
5.063506159328597849e-05
5.000844872836141393e-05
4.939088968252422582e-05
4.878223853339697487e-05
4.818235188845955397e-05
4.759108883957505892e-05
4.700831091843744105e-05
4.643388205237894553e-05
4.586766852167707589e-05
4.530953891695580952e-05
4.475936409768677696e-05
4.421701715139733424e-05
4.368237335350856344e-05
4.315531012809990021e-05
4.263570700878680967e-05
4.212344560150892820e-05
4.161840954652644626e-05
4.112048448215327467e-05
4.062955800869444070e-05
4.014551965327217757e-05
3.966826083492864814e-05
3.919767483073344618e-05
3.873365674241558044e-05
3.827610346337290343e-05
3.782491364663350346e-05
3.737998767315584226e-05
3.694122762071060757e-05
3.650853723347056344e-05
3.608182189206138286e-05
3.566098858429025585e-05
3.524594587599102222e-05
3.483660388304918055e-05
3.443287424348207622e-05
3.403467009000187802e-05
3.364190602352860708e-05
3.325449808651732017e-05
3.287236373756289638e-05
3.249542182572220619e-05
3.212359256580737341e-05
3.175679751389778838e-05
3.139495954339069860e-05
3.103800282160745978e-05
3.068585278641798792e-05
3.033843612387129683e-05
2.999568074568482502e-05
2.965751576761855633e-05
2.932387148797866542e-05
2.899467936646534327e-05
2.866987200354236104e-05
2.834938312040000428e-05
2.803314753863405119e-05
2.772110116119616086e-05
2.741318095274910906e-05
2.710932492124552932e-05
2.680947209911852981e-05
2.651356252544795681e-05
2.622153722792149312e-05
2.593333820549042186e-05
2.564890841123680955e-05
2.536819173543067543e-05
2.509113298911443534e-05
2.481767788777876414e-05
2.454777303567908957e-05
2.428136590984254287e-05
2.401840484504045597e-05
2.375883901849279629e-05
2.350261843541787284e-05
2.324969391415862056e-05
2.300001707211483999e-05
2.275354031179374709e-05
2.251021680708790057e-05
2.227000048964000094e-05
2.203284603585588318e-05
2.179870885368883769e-05
2.156754507020925608e-05
2.133931151871356220e-05
2.111396572676204692e-05
2.089146590396234577e-05
2.067177093014367311e-05
2.045484034377145446e-05
2.024063433065970445e-05
2.002911371250678149e-05
1.982023993609966148e-05
1.961397506257202180e-05
1.941028175658827433e-05
1.920912327618721013e-05
1.901046346232454422e-05
1.881426672916227915e-05
1.862049805388095862e-05
1.842912296727283806e-05
1.824010754411525018e-05
1.805341839398660951e-05
1.786902265193884840e-05
1.768688796973278419e-05
1.750698250678242224e-05
1.732927492172963102e-05
1.715373436379325229e-05
1.698033046450483444e-05
1.680903332938565962e-05
1.663981353013524667e-05
1.647264209648362603e-05
1.630749050859078432e-05
1.614433068932235067e-05
1.598313499685990511e-05
1.582387621733881555e-05
1.566652755754767093e-05
1.551106263792066247e-05
1.535745548562554073e-05
1.520568052760168407e-05
1.505571258392493724e-05
1.490752686122983638e-05
1.476109894626051705e-05
1.461640479938351246e-05
1.447342074848624485e-05
1.433212348282386810e-05
1.419249004689548890e-05
1.405449783465019715e-05
1.391812458363920972e-05
1.378334836926946685e-05
1.365014759925622360e-05
1.351850100807351027e-05
1.338838765159166331e-05
1.325978690175575954e-05
1.313267844128959516e-05
1.300704225870931801e-05
1.288285864317808184e-05
1.276010817960749557e-05
1.263877174385220038e-05
1.251883049774616518e-05
1.240026588467468462e-05
1.228305962477763495e-05
1.216719371050111105e-05
1.205265040216176053e-05
1.193941222353256134e-05
1.182746195757213921e-05
1.171678264225873947e-05
1.160735756632708140e-05
1.149917026535267739e-05
1.139220451766467875e-05
1.128644434038885288e-05
1.118187398567492052e-05
1.107847793681633849e-05
1.097624090462202222e-05
1.087514782363809428e-05
1.077518384864648058e-05
1.067633435104755449e-05
1.057858491548074313e-05
1.048192133636329483e-05
1.038632961445786625e-05
1.029179595370131397e-05
1.019830675788760508e-05
1.010584862752098644e-05
1.001440835662543518e-05
9.923972929755196505e-06
9.834529518899581347e-06
9.746065480546248889e-06
9.658568352732097056e-06
9.572025852203423617e-06
9.486425871608587947e-06
9.401756476619484756e-06
9.318005903342913140e-06
9.235162555585076907e-06
9.153215002155207653e-06
9.072151974401910143e-06
8.991962363538294944e-06
8.912635218224353271e-06
8.834159742073762937e-06
8.756525291253591803e-06
8.679721372073038920e-06
8.603737638688639317e-06
8.528563890759451488e-06
8.454190071254761644e-06
8.380606264166857576e-06
8.307802692337216862e-06
8.235769715344286209e-06
8.164497827377239025e-06
8.093977655139240223e-06
8.024199955804672111e-06
7.955155615078852958e-06
7.886835645106400942e-06
7.819231182678026433e-06
7.752333487175511485e-06
7.686133938782301904e-06
7.620624036639979858e-06
7.555795396951858743e-06
7.491639751341129256e-06
7.428148944938135325e-06
7.365314934751007137e-06
7.303129787962979222e-06
7.241585680229805950e-06
7.180674894041919987e-06
7.120389817126497866e-06
7.060722940883315394e-06
7.001666858719336880e-06
6.943214264644765651e-06
6.885357951667830217e-06
6.828090810350050995e-06
6.771405827358490753e-06
6.715296083939850161e-06
6.659754754621541072e-06
6.604775105753371079e-06
6.550350494114786715e-06
6.496474365637175925e-06
