4.229387009676935813e-08
7.798618560942604215e-03
4.248992310154914818e-03
2.605205038325918588e-03
1.695719228456401195e-03
1.130618466333289376e-03
7.423119186149526073e-04
4.547545418806627133e-04
2.311573318039081705e-04
5.229439370142016327e-05
-9.284504470606401514e-05
-2.112255694930063529e-04
-3.076831615262358563e-04
-3.858371918861235668e-04
-4.485432447408465445e-04
-4.981316883920987142e-04
-5.365435946108737791e-04
-5.654155864084250667e-04
-5.861378243712288619e-04
-5.998967394487904380e-04
-6.077082691716527299e-04
-6.104446106517652905e-04
-6.088561959338406170e-04
-6.035899525685039721e-04
-5.952045787706604146e-04
-5.841833745106634213e-04
-5.709450518781331941e-04
-5.558528661542685512e-04
-5.392223470616432134e-04
-5.213278607376300739e-04
-5.024081929401498373e-04
-4.826713112870463247e-04
-4.622984372211934789e-04
-4.414475360893292091e-04
-4.202563154297390600e-04
-3.988448064190073411e-04
-3.773175910948344891e-04
-3.557657277265400186e-04
-3.342684183907911207e-04
-3.128944557832354567e-04
-2.917034806511076554e-04
-2.707470763876585699e-04
-2.500697234149852036e-04
-2.297096325855753991e-04
-2.096994740766924663e-04
-1.900670158765075009e-04
-1.708356839293342954e-04
-1.520250543639445210e-04
-1.336512867218321880e-04
-1.157275058877917117e-04
-9.826413939738665236e-05
-8.126921582217668286e-05
-6.474862921735161352e-05
-4.870637391523893148e-05
-3.314475336377576802e-05
-1.806456623594710929e-05
-3.465272597807423255e-06
1.065485746720523801e-05
2.429861065493869426e-05
3.746971086352533477e-05
5.017271164288456117e-05
6.241289930146559617e-05
7.419620546917710590e-05
8.552912807205822175e-05
9.641865980284146994e-05
1.068722233023451369e-04
1.168976123275775611e-04
1.265029383275533144e-04
1.356965818657001634e-04
1.444871484134528064e-04
1.528834281273240179e-04
1.608943591957029884e-04
1.685289944737457127e-04
1.757964710762455120e-04
1.827059826987128155e-04
1.892667544235812507e-04
1.954880198017425847e-04
2.013790000270847909e-04
2.069488850367228751e-04
2.122068163886501983e-04
2.171618717649771583e-04
2.218230509989548493e-04
2.261992634797076770e-04
2.302993168680736620e-04
2.341319069968573921e-04
2.377056088766929358e-04
2.410288687386633467e-04
2.441099970152370020e-04
2.469571622104379670e-04
2.495783855835424455e-04
2.519815365912176112e-04
2.541743290251692209e-04
2.561643178042887674e-04
2.579588963599285822e-04
2.595652945787943131e-04
2.609905772550224893e-04
2.622416430136655053e-04
2.633252236679134179e-04
2.642478839739745918e-04
2.650160217513046674e-04
2.656358683424013610e-04
2.661134893660352212e-04
2.664547857662820721e-04
2.666654951001030819e-04
2.667511930625412358e-04
2.667172952175789809e-04
2.665690589117432970e-04
2.663115853594860672e-04
2.659498218765910600e-04
2.654885642415734165e-04
2.649324591737414595e-04
2.642860069167542484e-04
2.635535639033963380e-04
2.627393454974299883e-04
2.618474287982545555e-04
2.608817554932342953e-04
2.598461347568626159e-04
2.587442461757150547e-04
2.575796426993847278e-04
2.563557536045174882e-04
2.550758874680510396e-04
2.537432351377142715e-04
2.523608726996731904e-04
2.509317644332080045e-04
2.494587657484163726e-04
2.479446261022055591e-04
2.463919918896290183e-04
2.448034093060430863e-04
2.431813271718169295e-04
2.415280997260784378e-04
2.398459893794913707e-04
2.381371694234764964e-04
2.364037266995342541e-04
2.346476642192038542e-04
2.328709037404292650e-04
2.310752882919029022e-04
2.292625846511791015e-04
2.274344857685826307e-04
2.255926131449946471e-04
2.237385191513178734e-04
2.218736892979953181e-04
2.199995444562963373e-04
2.181174430199208638e-04
2.162286830179787408e-04
2.143345041731170716e-04
2.124360899103445879e-04
2.105345693089859000e-04
2.086310190083680966e-04
2.067264650565552627e-04
2.048218847120661899e-04
2.029182081949410616e-04
2.010163203870287709e-04
1.991170624842337816e-04
1.972212336012725499e-04
1.953295923261343754e-04
1.934428582336899486e-04
1.915617133475043077e-04
1.896868035621746180e-04
1.878187400169686796e-04
1.859581004304574725e-04
1.841054303917428884e-04
1.822612446089798223e-04
1.804260281208941463e-04
1.786002374659549717e-04
1.767843018154113203e-04
1.749786240677166701e-04
1.731835819075233185e-04
1.713995288276621112e-04
1.696267951190182121e-04
1.678656888242263429e-04
1.661164966598001531e-04
1.643794849069995156e-04
1.626549002701162185e-04
1.609429707067440624e-04
1.592439062270830058e-04
1.575578996655363061e-04
1.558851274254415930e-04
1.542257501953724790e-04
1.525799136419720727e-04
1.509477490753802730e-04
1.493293740914424406e-04
1.477248931907581013e-04
1.461343983735361113e-04
1.445579697131348963e-04
1.429956759090962798e-04
1.414475748168123970e-04
1.399137139607858373e-04
1.383941310245742368e-04
1.368888543255927944e-04
1.353979032687266794e-04
1.339212887845408031e-04
1.324590137494822658e-04
1.310110733905179160e-04
1.295774556724496119e-04
1.281581416713301730e-04
1.267531059337684415e-04
1.253623168190591704e-04
1.239857368309626583e-04
1.226233229341298307e-04
1.212750268581535391e-04
1.199407953906129993e-04
1.186205706548525677e-04
1.173142903807766974e-04
1.160218881608422276e-04
1.147432936974394246e-04
1.134784330392123717e-04
1.122272288076617768e-04
1.109896004141398379e-04
1.097654642679143455e-04
1.085547339744154704e-04
1.073573205270168839e-04
1.061731324881949362e-04
1.050020761642382958e-04
1.038440557721006326e-04
1.026989735985161232e-04
1.015667301525908643e-04
1.004472243120493045e-04
9.934035346080273511e-05
9.824601362341562217e-05
9.716409959054431427e-05
9.609450504111753384e-05
9.503712265675812773e-05
9.399184423281759404e-05
9.295856078221948903e-05
9.193716263666478026e-05
9.092753954050815585e-05
8.992958074284000615e-05
8.894317508273175176e-05
8.796821107163890850e-05
8.700457697161246412e-05
8.605216086942915545e-05
8.511085074666192331e-05
8.418053454695524011e-05
8.326110023928226219e-05
8.235243587812546360e-05
8.145442966042432814e-05
8.056696997967585866e-05
7.968994547677818376e-05
7.882324508856112751e-05
7.796675809314692447e-05
7.712037415304104891e-05
7.628398335628169889e-05
7.545747625386921992e-05
7.464074389635130108e-05
7.383367786739099920e-05
7.303617031596651335e-05
7.224811398569730859e-05
7.146940224331855835e-05
7.069992910444333300e-05
6.993958925819868187e-05
6.918827808996574381e-05
6.844589170216300842e-05
6.771232693502183869e-05
6.698748138339007325e-05
6.627125341467410865e-05
6.556354218416904378e-05
6.486424764888330103e-05
6.417327058114377799e-05
6.349051258046535398e-05
6.281587608404675315e-05
6.214926437713421618e-05
6.149058160138410071e-05
6.083973276298731649e-05
6.019662373969837064e-05
5.956116128658842221e-05
5.893325304174429607e-05
5.831280753062070756e-05
5.769973417000480361e-05
5.709394327057782075e-05
5.649534603992024961e-05
5.590385458421079324e-05
5.531938190885611243e-05
5.474184191972417341e-05
5.417114942310674125e-05
5.360722012476501768e-05
5.304997062967786899e-05
5.249931844013360312e-05
5.195518195411125584e-05
5.141748046302269901e-05
5.088613414909252378e-05
5.036106408229480349e-05
4.984219221691571885e-05
4.932944138811759917e-05
4.882273530774401552e-05
4.832199856019306323e-05
4.782715659782321108e-05
4.733813573596729946e-05
4.685486314836210641e-05
4.637726686141041771e-05
4.590527574895966506e-05
4.543881952667666509e-05
4.497782874596222973e-05
4.452223478837472818e-05
4.407196985893919750e-05
4.362696698044879630e-05
4.318715998640621493e-05
4.275248351485115664e-05
4.232287300178979461e-05
4.189826467394515923e-05
4.147859554251660596e-05
4.106380339563473039e-05
4.065382679180606511e-05
4.024860505261229263e-05
3.984807825556452640e-05
3.945218722700037710e-05
3.906087353468885355e-05
3.867407948069359516e-05
3.829174809414140606e-05
3.791382312348767200e-05
3.754024902970303060e-05
3.717097097838830100e-05
3.680593483287029118e-05
3.644508714625486036e-05
3.608837515458522376e-05
3.573574676914284326e-05
3.538715056910640293e-05
3.504253579430635017e-05
3.470185233759645599e-05
3.436505073800199612e-05
3.403208217273720406e-05
3.370289845060205297e-05
3.337745200434616557e-05
3.305569588341250646e-05
3.273758374683535647e-05
3.242306985626033428e-05
3.211210906849832627e-05
3.180465682856495601e-05
3.150066916284938553e-05
3.120010267172211647e-05
3.090291452294510087e-05
3.060906244455538369e-05
3.031850471824156605e-05
3.003120017217103535e-05
2.974710817462928320e-05
2.946618862699574914e-05
2.918840195746124516e-05
2.891370911396371783e-05
2.864207155818747732e-05
2.837345125863875381e-05
2.810781068445352077e-05
2.784511279903080570e-05
2.758532105363178409e-05
2.732839938124376097e-05
2.707431219036653708e-05
2.682302435870655692e-05
2.657450122755673332e-05
2.632870859530059586e-05
2.608561271170453216e-05
2.584518027209271529e-05
2.560737841144823413e-05
2.537217469859214745e-05
2.513953713071620812e-05
2.490943412735690466e-05
2.468183452529492029e-05
2.445670757265134369e-05
2.423402292373617393e-05
2.401375063338458040e-05
2.379586115194881379e-05
2.358032531961911103e-05
2.336711436175944060e-05
2.315619988323091473e-05
2.294755386360117775e-05
2.274114865217247849e-05
2.253695696282675997e-05
2.233495186922289442e-05
2.213510679995021156e-05
2.193739553370306023e-05
2.174179219474573987e-05
2.154827124790733534e-05
2.135680749422648697e-05
2.116737606641075188e-05
2.097995242415214923e-05
2.079451234990854991e-05
2.061103194431316454e-05
2.042948762198293654e-05
2.024985610728819195e-05
2.007211443002478217e-05
1.989623992121070331e-05
1.972221020920148109e-05
1.955000321540310672e-05
1.937959715041825043e-05
1.921097050999465218e-05
1.904410207124313309e-05
1.887897088862523087e-05
1.871555629036351145e-05
1.855383787453537150e-05
1.839379550543948736e-05
1.823540930995695467e-05
1.807865967393348193e-05
1.792352723863255523e-05
1.776999289727616247e-05
1.761803779155389951e-05
1.746764330813486483e-05
1.731879107549959360e-05
1.717146296045428679e-05
1.702564106492265348e-05
1.688130772276107383e-05
1.673844549648420001e-05
1.659703717420383344e-05
1.645706576650133007e-05
1.631851450341283402e-05
1.618136683129253495e-05
1.604560641004544873e-05
1.591121711003498483e-05
1.577818300925475412e-05
1.564648839047242803e-05
1.551611773848185857e-05
1.538705573720150266e-05
1.525928726705370891e-05
1.513279740225271131e-05
1.500757140810424915e-05
1.488359473843306875e-05
1.476085303302058606e-05
1.463933211497536605e-05
1.451901798826851437e-05
1.439989683530828996e-05
1.428195501441631784e-05
1.416517905750363401e-05
1.404955566759558225e-05
1.393507171659945548e-05
1.382171424291337928e-05
1.370947044922307253e-05
1.359832770025251577e-05
1.348827352043315885e-05
1.337929559193506567e-05
1.327138175233342307e-05
1.316451999257751512e-05
1.305869845489717276e-05
1.295390543076569680e-05
1.285012935874488585e-05
1.274735882271093597e-05
1.264558254965750150e-05
1.254478940786453006e-05
1.244496840498290255e-05
1.234610868612299152e-05
1.224819953196074118e-05
1.215123035698829710e-05
1.205519070759697746e-05
1.196007026038895516e-05
1.186585882030069361e-05
1.177254631907064545e-05
1.168012281322809480e-05
1.158857848274990704e-05
1.149790362908759421e-05
1.140808867377583303e-05
1.131912415663465948e-05
1.123100073429483696e-05
1.114370917856562549e-05
1.105724037491832677e-05
1.097158532096221950e-05
1.088673512488678953e-05
1.080268100407068495e-05
1.071941428356212034e-05
1.063692639458595748e-05
1.055520887328040991e-05
1.047425335913510909e-05
1.039405159369107151e-05
1.031459541916625891e-05
1.023587677711162163e-05
1.015788770707160579e-05
1.008062034537137492e-05
1.000406692363624715e-05
9.928219767728672270e-06
9.853071296403338250e-06
9.778614020076217185e-06
9.704840539621272002e-06
9.631743545176837956e-06
9.559315814941546664e-06
9.487550214061262128e-06
9.416439693423417427e-06
9.345977288573285190e-06
9.276156118575096059e-06
9.206969384900636592e-06
9.138410370356268584e-06
9.070472438035947219e-06
9.003149030238469014e-06
8.936433667441547209e-06
8.870319947269976560e-06
8.804801543507877727e-06
8.739872205044620670e-06
8.675525754984481222e-06
8.611756089581730928e-06
8.548557177326866383e-06
8.485923058079698108e-06
8.423847841999744450e-06
8.362325708733198541e-06
8.301350906438623566e-06
8.240917750995515668e-06
8.181020625058613689e-06
8.121653977177018785e-06
8.062812320970766592e-06
8.004490234300335139e-06
7.946682358429010576e-06
7.889383397173274171e-06
7.832588116154980628e-06
7.776291341931946538e-06
7.720487961304281212e-06
7.665172920447883837e-06
7.610341224217206609e-06
7.555987935377527791e-06
