4.266574221334281172e-03
8.040703873447130334e-03
8.024546381676002024e-03
8.004181003461233873e-03
7.979659769207836373e-03
7.951043259493275478e-03
7.918400722741161107e-03
7.881809838148250494e-03
7.841356384892183076e-03
7.797133864750073994e-03
7.749243091237253273e-03
7.697791750450874888e-03
7.642893936646477822e-03
7.584669664973239279e-03
7.523244363740019987e-03
7.458748348779741487e-03
7.391316282726718978e-03
7.321086622297683089e-03
7.248201056930228883e-03
7.172803942384832661e-03
7.095041733066228228e-03
7.015062416917004252e-03
6.933014956808378551e-03
6.849048742278095701e-03
6.763313055343538743e-03
6.675956553943697587e-03
6.587126776315230421e-03
6.496969669280170355e-03
6.405629143084426609e-03
6.313246655049248139e-03
6.219960823876676155e-03
6.125907076047988967e-03
6.031217325337917372e-03
5.936019686044027854e-03
5.840438220170295069e-03
5.744592718421271012e-03
5.648598514500471207e-03
5.552566331979498677e-03
5.456602162635847998e-03
5.360807175018559960e-03
5.265277651737791838e-03
5.170104953864948852e-03
5.075375510680751184e-03
4.981170832948111568e-03
4.887567547794258518e-03
4.794637453293819178e-03
4.702447590846830887e-03
4.611060333419871732e-03
4.520533487823943757e-03
4.430920409206394982e-03
4.342270126057097557e-03
4.254627474050282077e-03
4.168033237199606986e-03
4.082524294859060481e-03
3.998133773208876335e-03
3.914891199984401639e-03
3.832822661304006832e-03
3.751950959546105323e-03
3.672295771328128438e-03
3.593873804752085316e-03
3.516698955166326634e-03
3.440782458775975845e-03
3.366133043524329859e-03
3.292757076764942815e-03
3.220658709286044336e-03
3.149840015337897290e-03
3.080301128380699867e-03
3.012040372326592851e-03
2.945054388072360606e-03
2.879338255227718250e-03
2.814885608924915742e-03
2.751688751683053005e-03
2.689738760288369699e-03
2.629025587730852379e-03
2.569538160224450578e-03
2.511264469381314663e-03
2.454191659619069966e-03
2.398306110909644972e-03
2.343593516978838363e-03
2.290038959085110258e-03
2.237626975505419436e-03
2.186341626886275594e-03
2.136166557585560295e-03
2.087085053175410498e-03
2.039080094251341947e-03
1.992134406696591340e-03
1.946230508570229081e-03
1.901350753758889725e-03
1.857477372552294309e-03
1.814592509291029776e-03
1.772678257226110608e-03
1.731716690748329960e-03
1.691689895108677193e-03
1.652579993783918379e-03
1.614369173597777476e-03
1.577039707745874191e-03
1.540573976829730544e-03
1.504954488019370762e-03
1.470163892471218915e-03
1.436185001081425727e-03
1.403000798711892582e-03
1.370594456952770913e-03
1.338949345540755816e-03
1.308049042503113806e-03
1.277877343132829404e-03
1.248418267848967452e-03
1.219656069043348248e-03
1.191575236964998027e-03
1.164160504726794018e-03
1.137396852486532908e-03
1.111269510865866986e-03
1.085763963671236782e-03
1.060865949960029288e-03
1.036561465509423840e-03
1.012836763733464306e-03
9.896783560905144089e-04
9.670730120311743852e-04
9.450077585137206786e-04
9.234698791324174759e-04
9.024469128931003050e-04
8.819266526635189318e-04
8.618971433325917043e-04
8.423466797022359032e-04
8.232638041456932527e-04
8.046373040468686021e-04
7.864562090497433837e-04
7.687097881407855063e-04
7.513875465762932934e-04
7.344792226780346616e-04
7.179747845174492887e-04
7.018644264957340888e-04
6.861385658386333092e-04
6.707878390230109528e-04
6.558030981398138169e-04
6.411754072115051972e-04
6.268960384714890657e-04
6.129564686155866606e-04
5.993483750299774320e-04
5.860636320195123034e-04
5.730943070192745991e-04
5.604326568189346670e-04
5.480711237934454564e-04
5.360023321487100614e-04
5.242190841869830446e-04
5.127143566022546129e-04
5.014812967970533157e-04
4.905132192415418433e-04
4.798036018587213897e-04
4.693460824591207917e-04
4.591344552122892352e-04
4.491626671641369447e-04
4.394248147996935899e-04
4.299151406572112536e-04
4.206280299919299857e-04
4.115580074878496608e-04
4.026997340266267136e-04
3.940480035092153578e-04
3.855977397289345751e-04
3.773439933031774306e-04
3.692819386594137633e-04
3.614068710763251001e-04
3.537142037809754198e-04
3.461994651042451534e-04
3.388582956901482974e-04
3.316864457600408943e-04
3.246797724374095805e-04
3.178342371225776697e-04
3.111459029259767473e-04
3.046109321550504942e-04
2.982255838552460496e-04
2.919862114049066480e-04
2.858892601633289767e-04
2.799312651711607729e-04
2.741088489017577115e-04
2.684187190662487414e-04
2.628576664648232916e-04
2.574225628916977605e-04
2.521103590870391259e-04
2.469180827359554529e-04
2.418428365173484794e-04
2.368817961966835728e-04
2.320322087662677181e-04
2.272913906285703054e-04
2.226567258262713775e-04
2.181256643113480670e-04
2.136957202601519692e-04
2.093644704277597044e-04
2.051295525448999107e-04
2.009886637510606595e-04
1.969395590714933706e-04
1.929800499275903948e-04
1.891080026877818337e-04
1.853213372533810751e-04
1.816180256806790815e-04
1.779960908371743520e-04
1.744536050928449482e-04
1.709886890445420557e-04
1.675995102722950591e-04
1.642842821275555852e-04
1.610412625536277972e-04
1.578687529348471474e-04
1.547650969763348803e-04
1.517286796122188045e-04
1.487579259421214107e-04
1.458513001954317553e-04
1.430073047224836367e-04
1.402244790112215211e-04
1.375013987296350810e-04
1.348366747938703795e-04
1.322289524602524816e-04
1.296769104399423322e-04
1.271792600384560152e-04
1.247347443158148357e-04
1.223421372708699659e-04
1.200002430450942666e-04
1.177078951469738414e-04
1.154639556994602325e-04
1.132673147040861396e-04
1.111168893255438147e-04
1.090116231959640619e-04
1.069504857359061795e-04
1.049324714940624387e-04
1.029565995043155700e-04
1.010219126593541312e-04
9.912747710112027684e-05
9.727238162680269568e-05
9.545573711125507669e-05
9.367667594319227661e-05
9.193435147818008828e-05
9.022793750430318127e-05
8.855662772240654925e-05
8.691963524060943545e-05
8.531619208136527975e-05
8.374554870118915866e-05
8.220697352480886826e-05
8.069975248910497042e-05
7.922318860031239338e-05
7.777660150377741877e-05
7.635932706261171297e-05
7.497071694965126742e-05
7.361013824890565865e-05
7.227697306766580178e-05
7.097061815919125389e-05
6.969048455451153773e-05
6.843599720489090550e-05
6.720659463253939524e-05
6.600172859106061914e-05
6.482086373492664606e-05
6.366347729732573044e-05
6.252905877614658525e-05
6.141710962885168991e-05
6.032714297442444130e-05
5.925868330364805298e-05
5.821126619740969163e-05
5.718443805078822918e-05
5.617775580603661322e-05
5.519078669110481555e-05
5.422310796606908783e-05
5.327430667542929215e-05
5.234397940670659809e-05
5.143173205613009354e-05
5.053717959933325642e-05
4.965994586892240477e-05
4.879966333673625933e-05
4.795597290324396761e-05
4.712852369040236995e-05
4.631697284165357039e-05
4.552098532579971606e-05
4.474023374687161221e-05
4.397439815809496403e-05
4.322316588089508227e-05
4.248623132874754558e-05
4.176329583527970790e-05
4.105406748705067374e-05
4.035826096006361234e-05
3.967559736100953688e-05
3.900580407227387508e-05
3.834861460095037979e-05
3.770376843165734341e-05
3.707101088313864684e-05
3.645009296844520995e-05
3.584077125875415715e-05
3.524280775040825324e-05
3.465596973576101750e-05
3.408002967671490120e-05
3.351476508178487045e-05
3.295995838632644309e-05
3.241539683565992778e-05
3.188087237076872170e-05
3.135618151781973935e-05
3.084112527928676651e-05
3.033550902867451060e-05
2.983914240747629053e-05
2.935183922482490496e-05
2.887341735963376397e-05
2.840369866495404526e-05
2.794250887522666668e-05
2.748967751541764003e-05
2.704503781225815593e-05
2.660842660834123656e-05
2.617968427771084347e-05
2.575865464379148651e-05
2.534518489945557454e-05
2.493912552872311718e-05
2.454033023077092628e-05
2.414865584555232853e-05
2.376396228142067013e-05
2.338611244429876826e-05
2.301497216882055695e-05
2.265041015112034738e-05
2.229229788300500856e-05
2.194050958813048192e-05
2.159492215939274475e-05
2.125541509813278952e-05
2.092187045440956598e-05
2.059417276943408396e-05
2.027220901841686468e-05
1.995586855576327259e-05
1.964504306081044693e-05
1.933962648556499610e-05
1.903951500322373686e-05
1.874460695774950452e-05
1.845480281563474748e-05
1.817000511755347624e-05
1.789011843217823858e-05
1.761504931052243833e-05
1.734470624170374485e-05
1.707899960941114983e-05
1.681784164986017290e-05
1.656114641033680246e-05
1.630882970904628412e-05
1.606080909559458843e-05
1.581700381282209226e-05
1.557733475909559308e-05
1.534172445179876973e-05
1.511009699162538154e-05
1.488237802740758551e-05
1.465849472252168976e-05
1.443837572117368922e-05
1.422195111613621611e-05
1.400915241681566205e-05
1.379991251851306786e-05
1.359416567198152896e-05
1.339184745389945192e-05
1.319289473799915011e-05
1.299724566693791122e-05
1.280483962455593011e-05
1.261561720925834593e-05
1.242952020752691579e-05
1.224649156829948575e-05
1.206647537792177296e-05
1.188941683552302868e-05
1.171526222934887718e-05
1.154395891305189968e-05
1.137545528308633581e-05
1.120970075627902896e-05
1.104664574804914461e-05
1.088624165108174763e-05
1.072844081448463720e-05
1.057319652350616321e-05
1.042046297959318742e-05
1.027019528087910519e-05
1.012234940351828698e-05
9.976882182636314113e-06
9.833751294538072078e-06
9.692915238968749452e-06
9.554333321625478994e-06
9.417965637211555844e-06
9.283773053123465567e-06
9.151717193041284369e-06
9.021760421150935407e-06
8.893865826655432405e-06
8.767997208779669039e-06
8.644119061933274841e-06
8.522196561120689521e-06
8.402195548005363565e-06
8.284082516989967762e-06
8.167824601767500523e-06
8.053389562015247319e-06
7.940745770581850502e-06
7.829862200815642206e-06
7.720708414285478761e-06
7.613254548521235591e-06
7.507471305347051528e-06
7.403329939422876319e-06
7.300802246604771720e-06
7.199860553353851229e-06
7.100477705549494782e-06
7.002627058107909655e-06
6.906282464541409243e-06
6.811418267034413257e-06
6.718009286244452761e-06
6.626030811898280795e-06
6.535458593223372306e-06
6.446268829602784134e-06
6.358438161695968662e-06
6.271943662358027514e-06
6.186762828133499216e-06
6.102873570732486240e-06
6.020254208645293943e-06
5.938883459063353234e-06
5.858740430011325501e-06
5.779804612429473148e-06
5.702055872624621598e-06
5.625474444818807918e-06
5.550040923841882688e-06
5.475736258028865997e-06
5.402541742192182837e-06
5.330439010746228066e-06
5.259410031177202320e-06
5.189437097258467046e-06
5.120502822880371958e-06
5.052590135521538536e-06
4.985682270403144301e-06
4.919762764183127594e-06
4.854815449249062534e-06
4.790824447880225838e-06
4.727774166647360560e-06
4.665649290863339739e-06
4.604434779114736088e-06
4.544115858150322903e-06
4.484678017439016125e-06
4.426107004336044504e-06
4.368388818902027683e-06
4.311509709181526462e-06
4.255456166378803913e-06
4.200214920190640807e-06
4.145772934198154511e-06
4.092117401505688073e-06
4.039235740194362571e-06
3.987115589129043799e-06
3.935744803751737786e-06
3.885111451905009396e-06
3.835203809835146412e-06
3.786010358236500844e-06
3.737519778378664982e-06
3.689720948273104365e-06
3.642602938977055400e-06
3.596155011045643155e-06
3.550366610760057201e-06
3.505227366852945107e-06
3.460727086916596333e-06
3.416855754185072955e-06
3.373603524097318426e-06
3.330960721201909029e-06
3.288917835972456054e-06
3.247465521665532004e-06
3.206594591322120171e-06
3.166296014815164408e-06
3.126560915928770406e-06
3.087380569496010213e-06
3.048746398587215004e-06
3.010649971834621086e-06
2.973083000678331216e-06
2.936037336760538439e-06
2.899504969365799717e-06
2.863478022867692386e-06
2.827948754266664707e-06
2.792909550752300460e-06
2.758352927309257397e-06
2.724271524437040147e-06
2.690658105781937501e-06
2.657505555971931662e-06
2.624806878349794128e-06
2.592555192900078013e-06
2.560743734048265564e-06
2.529365848613795302e-06
2.498414993831595504e-06
2.467884735290044321e-06
2.437768745037995990e-06
2.408060799595283815e-06
2.378754778154879614e-06
2.349844660693997116e-06
2.321324526175390815e-06
2.293188550781664970e-06
2.265431006182043871e-06
2.238046257818862307e-06
2.211028763225741407e-06
2.184373070437432521e-06
2.158073816320488918e-06
2.132125725049316295e-06
2.106523606526682490e-06
2.081262354875480449e-06
2.056336946964776550e-06
2.031742440916000663e-06
2.007473974743670448e-06
1.983526764844980416e-06
1.959896104705870164e-06
1.936577363543870496e-06
1.913565984941643184e-06
1.890857485541604104e-06
1.868447453852221716e-06
1.846331548886779644e-06
1.824505499046839441e-06
1.802965100775083603e-06
1.781706217525495455e-06
1.760724778502910805e-06
1.740016777552061818e-06
1.719578272051214340e-06
1.699405381788061159e-06
