2.739338875130492360e-08
2.045525884971875763e-02
2.357852293386430292e-02
2.496507768706026156e-02
2.567519302332019887e-02
2.599255280261482393e-02
2.607275018212572987e-02
2.600342797325548572e-02
2.583440578431812559e-02
2.559475451458260650e-02
2.530217873464964476e-02
2.496810990822743298e-02
2.460046041374481726e-02
2.420511381551391020e-02
2.378673537030946000e-02
2.334921701621939238e-02
2.289592513974738480e-02
2.242984121227440189e-02
2.195364370581365590e-02
2.146975750198385630e-02
2.098038514531555890e-02
2.048752790115012171e-02
1.999300109257057950e-02
1.949844625870201381e-02
1.900534158508064911e-02
1.851501142751633272e-02
1.802863538151243394e-02
1.754725712970027496e-02
1.707179316886849735e-02
1.660304144128284254e-02
1.614168985165315845e-02
1.568832462887483764e-02
1.524343848277011533e-02
1.480743850553354474e-02
1.438065377186832465e-02
1.396334259898818382e-02
1.355569943594571967e-02
1.315786136041817433e-02
1.276991416931502928e-02
1.239189805711568906e-02
1.202381288245748039e-02
1.166562302906629274e-02
1.131726187169692331e-02
1.097863586137300812e-02
1.064962824692304404e-02
1.033010245177957802e-02
1.001990512624691826e-02
9.718868896195271070e-03
9.426814829305345256e-03
9.143554639875026147e-03
8.868892652740033647e-03
8.602627546140642970e-03
8.344553892568051801e-03
8.094463515584834901e-03
7.852146679626482648e-03
7.617393128653639038e-03
7.389992988429470826e-03
7.169737546133491540e-03
6.956419919894598139e-03
6.749835629842818562e-03
6.549783081267772020e-03
6.356063969528096165e-03
6.168483615507928258e-03
5.986851239563979396e-03
5.810980181158423644e-03
5.640688070663598709e-03
5.475796959197773948e-03
5.316133411694726717e-03
5.161528567948405616e-03
5.011818175810874021e-03
4.866842600299706341e-03
4.726446811960200931e-03
4.590480357457832512e-03
4.458797315035444367e-03
4.331256237170297632e-03
4.207720082513714474e-03
4.088056138912768943e-03
3.972135939157012477e-03
3.859835170817373096e-03
3.751033581460764058e-03
3.645614880287768172e-03
3.543466637157105179e-03
3.444480179814506798e-03
3.348550490022607611e-03
3.255576099235273687e-03
3.165458984309561276e-03
3.078104463734128698e-03
2.993421094740965089e-03
2.911320571630799346e-03
2.831717625589501297e-03
2.754529926208518654e-03
2.679677984905489297e-03
2.607085060385624323e-03
2.536677066276562999e-03
2.468382481005058568e-03
2.402132260012315897e-03
2.337859750324982559e-03
2.275500607539305067e-03
2.214992715208321215e-03
2.156276106660302491e-03
2.099292889204419296e-03
2.043987170739833877e-03
1.990304988715690948e-03
1.938194241418840502e-03
1.887604621545884397e-03
1.838487552018135606e-03
1.790796123990789955e-03
1.744485037001972496e-03
1.699510541213412407e-03
1.655830381686552218e-03
1.613403744633773278e-03
1.572191205595900240e-03
1.532154679480140754e-03
1.493257372411056858e-03
1.455463735328222947e-03
1.418739419278347742e-03
1.383051232349419594e-03
1.348367098183980099e-03
1.314656016026724853e-03
1.281888022244096663e-03
1.250034153270014863e-03
1.219066409931336258e-03
1.188957723088829082e-03
1.159681920561638066e-03
1.131213695280841635e-03
1.103528574628716676e-03
1.076602890916234737e-03
1.050413752963833035e-03
1.024939018735517796e-03
1.000157268994777190e-03
9.760477819366278210e-04
9.525905087645294327e-04
9.297660501723169863e-04
9.075556336977045474e-04
8.859410919185958973e-04
8.649048414487074763e-04
8.444298627166315881e-04
8.244996804856684867e-04
8.050983450925857689e-04
7.862104143780910539e-04
7.678209362771423003e-04
7.499154320486102997e-04
7.324798801202877033e-04
7.155007005202454256e-04
6.989647398769743012e-04
6.828592569644030595e-04
6.671719087730123947e-04
6.518907370806239880e-04
6.370041555152792991e-04
6.225009370768415850e-04
6.083702021132743635e-04
5.946014067252097671e-04
5.811843315860822654e-04
5.681090711626328796e-04
5.553660233177951317e-04
5.429458792852991664e-04
5.308396139978284554e-04
5.190384767574775585e-04
5.075339822383557629e-04
4.963179018003963192e-04
4.853822551151845341e-04
4.747193020788121253e-04
4.643215350108987715e-04
4.541816711252459333e-04
4.442926452615861277e-04
4.346476028695992139e-04
4.252398932365123699e-04
4.160630629471289452e-04
4.071108495699231702e-04
3.983771755610665500e-04
3.898561423746825213e-04
3.815420247771270871e-04
3.734292653529900610e-04
3.655124692005991293e-04
3.577863988041745996e-04
3.502459690822575336e-04
3.428862426017557246e-04
3.357024249547267952e-04
3.286898602885171918e-04
3.218440269875677833e-04
3.151605334989859126e-04
3.086351142959979882e-04
3.022636259786074800e-04
2.960420435014218072e-04
2.899664565267745086e-04
2.840330658989578361e-04
2.782381802345782265e-04
2.725782126245120097e-04
2.670496774445272302e-04
2.616491872706522477e-04
2.563734498936620448e-04
2.512192654330990655e-04
2.461835235435613930e-04
2.412632007117605770e-04
2.364553576418114010e-04
2.317571367239961626e-04
2.271657595852618066e-04
2.226785247191396643e-04
2.182928051909773729e-04
2.140060464163538712e-04
2.098157640111965891e-04
2.057195417098390275e-04
2.017150293494717351e-04
1.977999409176831448e-04
1.939720526633602099e-04
1.902292012661318101e-04
1.865692820629201757e-04
1.829902473315419740e-04
1.794901046277133714e-04
1.760669151735834589e-04
1.727187922966425275e-04
1.694438999181810954e-04
1.662404510879651113e-04
1.631067065639000462e-04
1.600409734368562608e-04
1.570416037975006483e-04
1.541069934438359481e-04
1.512355806283010521e-04
1.484258448449229321e-04
1.456763056516119500e-04
1.429855215296540582e-04
1.403520887776782162e-04
1.377746404393724730e-04
1.352518452633738036e-04
1.327824066955717139e-04
1.303650619010462898e-04
1.279985808156142082e-04
1.256817652267275427e-04
1.234134478807894821e-04
1.211924916186666619e-04
1.190177885357160008e-04
1.168882591680901425e-04
1.148028517021708832e-04
1.127605412086911553e-04
1.107603288988016162e-04
1.088012414024092697e-04
1.068823300682112721e-04
1.050026702835766304e-04
1.031613608155917028e-04
1.013575231703251893e-04
9.959030097198939661e-05
9.785885935943350517e-05
9.616238440065931221e-05
9.450008252438337028e-05
9.287117996827143134e-05
9.127492224313904165e-05
8.971057361227262350e-05
8.817741658677533611e-05
8.667475143436338604e-05
8.520189570321039967e-05
8.375818375935162763e-05
8.234296633661347621e-05
8.095561010078864209e-05
7.959549722511524738e-05
7.826202497802033412e-05
7.695460532379654896e-05
7.567266453302015400e-05
7.441564280476794906e-05
7.318299390015277676e-05
7.197418478497704590e-05
7.078869528348012317e-05
6.962601774121210505e-05
6.848565669819670900e-05
6.736712856988101312e-05
6.626996133893503721e-05
6.519369425383048783e-05
6.413787753681109280e-05
6.310207209995124665e-05
6.208584926907859125e-05
6.108879051494217041e-05
6.011048719249305957e-05
5.915054028680935902e-05
5.820856016622939013e-05
5.728416634260685974e-05
5.637698723760914388e-05
5.548665995575716094e-05
5.461283006380389724e-05
5.375515137556228866e-05
5.291328574352056023e-05
5.208690285523124002e-05
5.127568003583995586e-05
5.047930205566592969e-05
4.969746094311604869e-05
4.892985580295486120e-05
4.817619263832715909e-05
4.743618417946047193e-05
4.670954971532025702e-05
4.599601493033788176e-05
4.529531174592472828e-05
4.460717816573535408e-05
4.393135812516391325e-05
4.326760134470998000e-05
4.261566318762333204e-05
4.197530452138560332e-05
4.134629158213726696e-05
4.072839584307601680e-05
4.012139388717318061e-05
3.952506728161483474e-05
3.893920245691037517e-05
3.836359058850570401e-05
3.779802748180436164e-05
3.724231345984278574e-05
3.669625325429080474e-05
3.615965589908998179e-05
3.563233462698290910e-05
3.511410676830057026e-05
3.460479365325778772e-05
3.410422051564718265e-05
3.361221639997502949e-05
3.312861407056095299e-05
3.265324992294391977e-05
3.218596389778140699e-05
3.172659939664815423e-05
3.127500320039300905e-05
3.083102538919426337e-05
3.039451926481353503e-05
2.996534127510431207e-05
2.954335093962958512e-05
2.912841077832949963e-05
2.872038624092936241e-05
2.831914563888857420e-05
2.792456007834946766e-05
2.753650339550789392e-05
2.715485209324468199e-05
2.677948527926174723e-05
2.641028460585976656e-05
2.604713421140030411e-05
2.568992066302818966e-05
2.533853290061955724e-05
2.499286218276544277e-05
2.465280203355297843e-05
2.431824819041247630e-05
2.398909855436462740e-05
2.366525314029939997e-05
2.334661402894532082e-05
2.303308532040699411e-05
2.272457308805556861e-05
2.242098533416858548e-05
2.212223194653343782e-05
2.182822465579976326e-05
2.153887699432224513e-05
2.125410425567011001e-05
2.097382345519383746e-05
2.069795329170706324e-05
2.042641410996058030e-05
2.015912786383062570e-05
1.989601808094507035e-05
1.963700982748414154e-05
1.938202967439387112e-05
1.913100566402787129e-05
1.888386727791363805e-05
1.864054540485393757e-05
1.840097231027810486e-05
1.816508160587328676e-05
1.793280822048047121e-05
1.770408837097402647e-05
1.747885953441798325e-05
1.725706042072363837e-05
1.703863094573366662e-05
1.682351220523918184e-05
1.661164644940857455e-05
1.640297705788548529e-05
1.619744851562773870e-05
1.599500638883638495e-05
1.579559730205588953e-05
1.559916891543768869e-05
1.540566990237794698e-05
1.521504992836051572e-05
1.502725962943966186e-05
1.484225059177079510e-05
1.465997533145651668e-05
1.448038727488477387e-05
1.430344073934263394e-05
1.412909091453828248e-05
1.395729384388561358e-05
1.378800640677980109e-05
1.362118630105202083e-05
1.345679202574366172e-05
1.329478286444931440e-05
1.313511886896218631e-05
1.297776084321845998e-05
1.282267032770715530e-05
1.266980958421741583e-05
1.251914158087185162e-05
1.237062997758020527e-05
1.222423911167283288e-05
1.207993398416381679e-05
1.193768024584111249e-05
1.179744418422908693e-05
1.165919271028468706e-05
1.152289334590027334e-05
1.138851421120985526e-05
1.125602401269488186e-05
1.112539203097858343e-05
1.099658810941523996e-05
1.086958264256898296e-05
1.074434656512726079e-05
1.062085134098622113e-05
1.049906895262809782e-05
1.037897189069543306e-05
1.026053314372680330e-05
1.014372618834813530e-05
1.002852497938301715e-05
9.914903940314761713e-06
9.802837954092771933e-06
9.692302353842590154e-06
9.583272914040914239e-06
9.475725841769912930e-06
9.369637768057794579e-06
9.264985739701373202e-06
9.161747210924718398e-06
9.059900035457940407e-06
8.959422458635028306e-06
8.860293109809760950e-06
8.762490994793617046e-06
8.665995488490471312e-06
8.570786327777648472e-06
8.476843604432317232e-06
8.384147758223225088e-06
8.292679570216918820e-06
8.202420156145610338e-06
8.113350959939549895e-06
8.025453747502436758e-06
7.938710600378819630e-06
7.853103909778733215e-06
7.768616370645445377e-06
7.685230975809215407e-06
7.602931010342187889e-06
7.521700045980258073e-06
7.441521935639627061e-06
7.362380808127429185e-06
7.284261062863239514e-06
7.207147364825995474e-06
7.131024639459081811e-06
7.055878067810595944e-06
6.981693081714122675e-06
6.908455359121721562e-06
6.836150819390483333e-06
6.764765618837743978e-06
6.694286146344098606e-06
6.624699018900125720e-06
6.555991077497779373e-06
6.488149382865374984e-06
6.421161211439580069e-06
6.355014051385800186e-06
6.289695598632246164e-06
6.225193753066652833e-06
6.161496614825011787e-06
6.098592480522844825e-06
6.036469839691855770e-06
5.975117371284092512e-06
5.914523940163257021e-06
5.854678593689161032e-06
5.795570558453346612e-06
5.737189237011750593e-06
5.679524204620884178e-06
5.622565206167946683e-06
5.566302153140035770e-06
5.510725120471387480e-06
5.455824343793286409e-06
5.401590216384404052e-06
5.348013286385225924e-06
5.295084254067310510e-06
5.242793969035250602e-06
5.191133427616670870e-06
5.140093770234522441e-06
5.089666278793444156e-06
5.039842374243582309e-06
4.990613614036741496e-06
4.941971689757799271e-06
4.893908424747826669e-06
4.846415771750380156e-06
4.799485810654332468e-06
4.753110746251988155e-06
4.707282906036420142e-06
4.661994738074210012e-06
4.617238808903494240e-06
4.573007801360348901e-06
4.529294512732811808e-06
4.486091852575284243e-06
4.443392840926817480e-06
4.401190606256761428e-06
4.359478383690732051e-06
4.318249513084659188e-06
4.277497437280673725e-06
4.237215700329532715e-06
4.197397945645272553e-06
4.158037914455961156e-06
4.119129444049173394e-06
4.080666466095786578e-06
4.042643005084963429e-06
4.005053176723927263e-06
3.967891186435726193e-06
3.931151327701209333e-06
3.894827980733532889e-06
3.858915610909441591e-06
3.823408767320216395e-06
3.788302081399799590e-06
3.753590265527494524e-06
3.719268111673266422e-06
