1.842933657519816447e-08
7.690865743649603556e-03
4.916219662235810778e-03
3.085408839277032408e-03
2.081833798805001693e-03
1.535317454022921491e-03
1.249338110555171149e-03
1.116723095450031580e-03
1.076187077172786541e-03
1.091317613361156855e-03
1.139815572090746056e-03
1.207707213890241594e-03
1.286092326875036334e-03
1.369245134019856031e-03
1.453467799284189352e-03
1.536379071443783441e-03
1.616463073682647932e-03
1.692778007851581832e-03
1.764765403302422878e-03
1.832123742641165965e-03
1.894723922313428389e-03
1.952552236768339937e-03
2.005671662417541062e-03
2.054195421532368886e-03
2.098268854607242967e-03
2.138056956031989843e-03
2.173735795996223352e-03
2.205486625170828292e-03
2.233491841074737409e-03
2.257932251899234799e-03
2.278985247576785760e-03
2.296823606499535844e-03
2.311614747772062183e-03
2.323520295312053383e-03
2.332695859303229782e-03
2.339290968033408153e-03
2.343449102508692126e-03
2.345307799995519516e-03
2.344998802397427196e-03
2.342648232405271803e-03
2.338376785360275593e-03
2.332299928436479524e-03
2.324528101274843297e-03
2.315166914204755746e-03
2.304317341446427293e-03
2.292075907696553526e-03
2.278534867209758025e-03
2.263782374955039447e-03
2.247902649771163497e-03
2.230976129668191081e-03
2.213079619603302000e-03
2.194286432085503814e-03
2.174666521094596738e-03
2.154286609742058108e-03
2.133210312167121547e-03
2.111498250088078565e-03
2.089208164435977372e-03
2.066395022480945007e-03
2.043111120774615801e-03
2.019406184269843807e-03
1.995327461871072502e-03
1.970919818695727761e-03
1.946225825270252738e-03
1.921285843841617031e-03
1.896138112000960276e-03
1.870818823745279023e-03
1.845362208122127952e-03
1.819800605552645894e-03
1.794164541942199669e-03
1.768482800644073866e-03
1.742782492354795400e-03
1.717089122993208268e-03
1.691426659622184345e-03
1.665817594453592896e-03
1.640283006963311847e-03
1.614842624177927673e-03
1.589514879136918850e-03
1.564316967578006706e-03
1.539264902862594190e-03
1.514373569172081709e-03
1.489656773001633416e-03
1.465127292976590350e-03
1.440796928011138251e-03
1.416676543847275116e-03
1.392776117988851628e-03
1.369104783064480557e-03
1.345670868648087036e-03
1.322481941558340110e-03
1.299544844676327931e-03
1.276865734310559915e-03
1.254450116127921568e-03
1.232302879701812704e-03
1.210428331693760287e-03
1.188830227712722254e-03
1.167511802876392089e-03
1.146475801117804354e-03
1.125724503260341425e-03
1.105259753911636824e-03
1.085082987187494094e-03
1.065195251329324007e-03
1.045597232219681741e-03
1.026289275856965850e-03
1.007271409802301156e-03
9.885433636467155349e-04
9.701045885244818142e-04
9.519542757088849489e-04
9.340913743218277237e-04
9.165146081895443001e-04
8.992224918763793394e-04
8.822133459301085244e-04
8.654853113578769115e-04
8.490363633825908979e-04
8.328643244846709037e-04
8.169668767836241359e-04
8.013415737575142750e-04
7.859858513559029886e-04
7.708970385096250563e-04
7.560723670787461914e-04
7.415089812500630720e-04
7.272039464201577891e-04
7.131542575761637632e-04
6.993568472041262335e-04
6.858085927444450974e-04
6.725063236084041947e-04
6.594468277890986078e-04
6.466268580733397844e-04
6.340431378819055873e-04
6.216923667470220438e-04
6.095712254555909863e-04
5.976763808648222123e-04
5.860044904097351688e-04
5.745522063205724811e-04
5.633161795594030571e-04
5.522930634935737130e-04
5.414795173179628648e-04
5.308722092408185147e-04
5.204678194400638074e-04
5.102630428110757057e-04
5.002545915063133291e-04
4.904391972881480153e-04
4.808136136953968204e-04
4.713746180403278899e-04
4.621190132445222713e-04
4.530436295176463774e-04
4.441453258937960095e-04
4.354209916306608875e-04
4.268675474779459983e-04
4.184819468251574554e-04
4.102611767354571960e-04
4.022022588688944694e-04
3.943022503068191833e-04
3.865582442763832545e-04
3.789673707909637615e-04
3.715267972000965788e-04
3.642337286641630727e-04
3.570854085529906333e-04
3.500791187738215007e-04
3.432121800364688804e-04
3.364819520557760322e-04
3.298858336958705620e-04
3.234212630641938066e-04
3.170857175527901800e-04
3.108767138350608007e-04
3.047918078181633848e-04
2.988285945572499562e-04
2.929847081297918231e-04
2.872578214783428328e-04
2.816456462186481637e-04
2.761459324209020920e-04
2.707564683609525410e-04
2.654750802502646467e-04
2.602996319391961445e-04
2.552280246014259073e-04
2.502581963987183622e-04
2.453881221284390105e-04
2.406158128544484231e-04
2.359393155244159535e-04
2.313567125747072195e-04
2.268661215213865605e-04
2.224656945444928062e-04
2.181536180602644092e-04
2.139281122869358552e-04
2.097874308023576432e-04
2.057298600981522950e-04
2.017537191251950928e-04
1.978573588384612914e-04
1.940391617363454977e-04
1.902975413982781487e-04
1.866309420201374262e-04
1.830378379481548904e-04
1.795167332132592390e-04
1.760661610645437056e-04
1.726846835025452680e-04
1.693708908156644924e-04
1.661234011149169789e-04
1.629408598741214319e-04
1.598219394690466514e-04
1.567653387207787008e-04
1.537697824426322219e-04
1.508340209882989889e-04
1.479568298054201553e-04
1.451370089922485586e-04
1.423733828573770410e-04
1.396647994855286523e-04
1.370101303061964067e-04
1.344082696677556868e-04
1.318581344154405805e-04
1.293586634753171843e-04
1.269088174423154552e-04
1.245075781742494361e-04
1.221539483897785558e-04
1.198469512728881427e-04
1.175856300824112201e-04
1.153690477661272753e-04
1.131962865819912295e-04
1.110664477232173433e-04
1.089786509498004636e-04
1.069320342252282546e-04
1.049257533595214021e-04
1.029589816564704930e-04
1.010309095680536200e-04
9.914074435326338279e-05
9.728770974287276861e-05
9.547104561013568496e-05
9.369000764621552158e-05
9.194386704172855852e-05
9.023191017401154153e-05
8.855343829864422247e-05
8.690776724795557114e-05
8.529422713358781705e-05
8.371216205473475808e-05
8.216092981214765886e-05
8.063990162677432444e-05
7.914846186355278281e-05
7.768600776065939881e-05
7.625194916372554784e-05
7.484570826491518793e-05
7.346671934642969015e-05
7.211442853006331676e-05
7.078829353052578678e-05
6.948778341391434129e-05
6.821237836051378099e-05
6.696156943325472460e-05
6.573485834866264559e-05
6.453175725479648917e-05
6.335178851159008466e-05
6.219448447631454290e-05
6.105938729347693775e-05
5.994604868877378875e-05
5.885402976658754684e-05
5.778290081260255414e-05
5.673224109959539181e-05
5.570163869746413309e-05
5.469069028729904130e-05
5.369900097868292993e-05
5.272618413139653449e-05
5.177186118049643076e-05
5.083566146443044026e-05
4.991722205812127030e-05
4.901618760793545948e-05
4.813221017104504296e-05
4.726494905765235848e-05
4.641407067728818629e-05
4.557924838677106314e-05
4.476016234334700901e-05
4.395649935911519895e-05
4.316795275958874140e-05
4.239422224485664718e-05
4.163501375399889973e-05
4.089003933165279251e-05
4.015901699831734471e-05
3.944167062262774631e-05
3.873772979667232499e-05
3.804692971421657098e-05
3.736901105099941763e-05
3.670371984801166089e-05
3.605080739702204499e-05
3.541003012846900957e-05
3.478114950226418361e-05
3.416393190022908098e-05
3.355814852133025722e-05
3.296357527900649548e-05
3.237999270063885023e-05
3.180718582953803903e-05
3.124494412812848181e-05
3.069306138459086371e-05
3.015133562024986677e-05
2.961956899962574899e-05
2.909756774230571618e-05
2.858514203673775017e-05
2.808210595568343587e-05
2.758827737375336441e-05
2.710347788652851407e-05
2.662753273183997277e-05
2.616027071185580505e-05
2.570152411796769156e-05
2.525112865656690573e-05
2.480892337658982023e-05
2.437475059871209521e-05
2.394845584605376335e-05
2.352988777641859642e-05
2.311889811580931361e-05
2.271534159363832616e-05
2.231907587925012942e-05
2.192996151973468838e-05
2.154786187926365962e-05
2.117264307945408467e-05
2.080417394136638583e-05
2.044232592855722651e-05
2.008697309150395160e-05
1.973799201281161171e-05
1.939526175442046589e-05
1.905866380506079076e-05
1.872808202950134295e-05
1.840340261859577399e-05
1.808451404034706363e-05
1.777130699248620746e-05
1.746367435527267813e-05
1.716151114624164613e-05
1.686471447522050953e-05
1.657318350075070228e-05
1.628681938698106266e-05
1.600552526219795060e-05
1.572920617763683406e-05
1.545776906742772047e-05
1.519112270920111635e-05
1.492917768601224628e-05
1.467184634870636943e-05
1.441904277902496354e-05
1.417068275385093451e-05
1.392668371001044687e-05
1.368696470972021029e-05
1.345144640709584598e-05
1.322005101514857777e-05
1.299270227347484859e-05
1.276932541691060590e-05
1.254984714441915808e-05
1.233419558905711076e-05
1.212230028841395194e-05
1.191409215570464207e-05
1.170950345129789407e-05
1.150846775528949218e-05
1.131091994024006047e-05
1.111679614474925274e-05
1.092603374737465262e-05
1.073857134142424417e-05
1.055434870990191590e-05
1.037330680144708502e-05
1.019538770623034713e-05
1.002053463285305480e-05
9.848691885704088868e-06
9.679804842118532564e-06
9.513819931217085924e-06
9.350684611948520492e-06
9.190347352603132086e-06
9.032757610099735918e-06
8.877865810008599517e-06
8.725623326959567268e-06
8.575982465448049886e-06
8.428896441031531647e-06
8.284319361919886953e-06
8.142206210923927471e-06
8.002512828094348867e-06
7.865195893100877306e-06
7.730212908637560786e-06
7.597522183680724167e-06
7.467082817465215773e-06
7.338854683564541730e-06
7.212798414452072672e-06
7.088875386222169415e-06
6.967047703733902690e-06
6.847278186223162614e-06
6.729530352814793703e-06
6.613768408792653285e-06
6.499957231752341432e-06
6.388062358434239824e-06
6.278049971414598036e-06
6.169886886464913589e-06
6.063540539948110489e-06
5.958978976507084749e-06
5.856170836936133637e-06
5.755085346683358400e-06
5.655692304027368424e-06
5.557962068903758768e-06
5.461865551825924290e-06
5.367374203019094001e-06
5.274460001942984124e-06
5.183095446719989203e-06
5.093253544030619442e-06
5.004907799221989711e-06
4.918032206432572429e-06
4.832601239093891964e-06
4.748589840584427470e-06
4.665973415025636833e-06
4.584727818316566943e-06
4.504829349337033669e-06
4.426254741316556030e-06
4.348981153431197286e-06
4.272986162510574510e-06
4.198247754974772399e-06
4.124744318771142728e-06
4.052454635841820762e-06
3.981357874342591774e-06
3.911433581177965956e-06
3.842661674774147625e-06
3.775022437911616493e-06
3.708496510679495323e-06
3.643064883636387808e-06
3.578708891071913411e-06
3.515410204414125846e-06
3.453150825772624547e-06
3.391913081599352886e-06
3.331679616526833287e-06
3.272433387257636386e-06
3.214157656611890034e-06
3.156835987706697579e-06
3.100452238242525403e-06
3.044990554932547596e-06
2.990435367914447305e-06
2.936771385497670238e-06
2.883983588783967545e-06
2.832057226603269159e-06
2.780977810424886028e-06
2.730731109297348846e-06
2.681303145132252689e-06
2.632680187856453254e-06
2.584848750749901806e-06
2.537795585907116011e-06
2.491507679697080374e-06
2.445972248445545345e-06
2.401176734012031755e-06
2.357108799679463677e-06
2.313756325971764104e-06
2.271107406543939703e-06
2.229150344298818033e-06
2.187873647408621039e-06
2.147266025553074891e-06
2.107316386117596621e-06
2.068013830534197339e-06
2.029347650762176812e-06
1.991307325594630780e-06
1.953882517360327440e-06
1.917063068394258368e-06
1.880838997843593107e-06
1.845200498297268157e-06
1.810137932617383466e-06
1.775641830873151530e-06
1.741702887139631875e-06
1.708311956594668987e-06
1.675460052465681164e-06
1.643138343263610476e-06
1.611338149786273299e-06
1.580050942446133782e-06
1.549268338486598890e-06
1.518982099300239038e-06
1.489184127833540334e-06
1.459866465939827098e-06
1.431021291954553811e-06
1.402640918093385078e-06
1.374717788161176487e-06
1.347244475018707007e-06
1.320213678363812869e-06
1.293618222373212267e-06
1.267451053431199849e-06
1.241705238025710048e-06
1.216373960467305851e-06
1.191450520819246056e-06
1.166928332839626986e-06
1.142800921854421770e-06
1.119061922855812179e-06
1.095705078454881411e-06
1.072724236976696063e-06
1.050113350614498740e-06
1.027866473482501700e-06
1.005977759869415882e-06
9.844414624384478667e-07
9.632519304603038153e-07
9.424036080242500571e-07
9.218910325352707084e-07
9.017088328602685160e-07
8.818517278260316023e-07
8.623145245539721966e-07
8.430921169684831919e-07
8.241794841789808079e-07
8.055716890574509283e-07
7.872638766836708921e-07
7.692512729427684669e-07
7.515291830964418028e-07
7.340929903811051877e-07
7.169381546325150639e-07
7.000602109364168971e-07
6.834547683047939336e-07
6.671175084232326321e-07
6.510441843363336707e-07
6.352306191982140476e-07
6.196727050753844051e-07
6.043664017330199557e-07
5.893077354107791265e-07
5.744927977854364858e-07
5.599177446733456875e-07
