-1.352689755946708591e-06
1.751692355950136559e-02
1.703353882833752095e-02
1.708559172878543891e-02
1.709575967559810727e-02
1.704519389496825590e-02
1.694985928710581943e-02
1.682377161029885437e-02
1.667658360351275890e-02
1.651439950550421046e-02
1.634083322730821991e-02
1.615791432388732213e-02
1.596675576453394224e-02
1.576799624426561755e-02
1.556206817852463439e-02
1.534934628072822521e-02
1.513022097222805305e-02
1.490512768116129989e-02
1.467455206703079627e-02
1.443902333665993826e-02
1.419910265704318365e-02
1.395537047220616299e-02
1.370841463284314631e-02
1.345882016581988021e-02
1.320716092250814877e-02
1.295399304594155310e-02
1.269985006165300426e-02
1.244523935124277475e-02
1.219063976788413960e-02
1.193650017449811133e-02
1.168323871499469223e-02
1.143124265955338878e-02
1.118086869323531816e-02
1.093244354201673013e-02
1.068626485100096675e-02
1.044260224686303223e-02
1.020169853038881309e-02
9.963770956229462197e-03
9.729012565970461893e-03
9.497593547791689100e-03
9.269662601707450919e-03
9.045348293997874586e-03
8.824760388072432765e-03
8.607991142034199239e-03
8.395116565488938004e-03
8.186197630209670131e-03
7.981281430696360313e-03
7.780402292039708019e-03
7.583582823497330393e-03
7.390834917014062547e-03
7.202160690634470605e-03
7.017553377283060854e-03
6.836998159833656240e-03
6.660472953751061381e-03
6.487949138831481700e-03
6.319392241819320709e-03
6.154762571791545789e-03
5.994015810338262744e-03
5.837103558628819154e-03
5.683973843477521486e-03
5.534571584577948830e-03
5.388839024995263106e-03
5.246716127060901090e-03
5.108140935695875545e-03
4.973049911188341145e-03
4.841378233349468568e-03
4.713060078934435196e-03
4.588028874111653790e-03
4.466217523706047902e-03
4.347558618838313557e-03
4.231984624520403540e-03
4.119428048682424043e-03
4.009821594013814050e-03
3.903098293913757726e-03
3.799191633818329791e-03
3.698035659017536413e-03
3.599565070071831466e-03
3.503715306823061877e-03
3.410422621958171356e-03
3.319624144989419094e-03
3.231257937481296118e-03
3.145263040276262065e-03
3.061579513435680727e-03
2.980148469529525241e-03
2.900912100910436973e-03
2.823813701494672351e-03
2.748797683603958902e-03
2.675809590317720834e-03
2.604796103780822412e-03
2.535705049886889401e-03
2.468485399680731950e-03
2.403087267849704153e-03
2.339461908601189223e-03
2.277561709207879485e-03
2.217340181507032430e-03
2.158751951566416794e-03
2.101752747758094727e-03
2.046299387433176808e-03
1.992349762369036853e-03
1.939862823182366769e-03
1.888798562828647529e-03
1.839117999351791346e-03
1.790783157985931413e-03
1.743757052745525471e-03
1.698003667588819090e-03
1.653487937248626291e-03
1.610175727824382941e-03
1.568033817201233042e-03
1.527029875363191281e-03
1.487132444666887680e-03
1.448310920123831906e-03
1.410535529741597897e-03
1.373777314966395918e-03
1.338008111264385631e-03
1.303200528876553030e-03
1.269327933775124930e-03
1.236364428843855388e-03
1.204284835311396351e-03
1.173064674453796119e-03
1.142680149575872172e-03
1.113108128300783865e-03
1.084326125158079470e-03
1.056312284504166109e-03
1.029045363761069793e-03
1.002504716992314027e-03
9.766702788167899805e-04
9.515225486630851269e-04
9.270425753697016363e-04
9.032119421236551411e-04
8.800127517491840648e-04
8.574276123360867995e-04
8.354396232095808329e-04
8.140323612396991931e-04
7.931898674860739934e-04
7.728966341757938230e-04
7.531375920079685492e-04
7.338980977843827767e-04
7.151639223570970547e-04
6.969212388915830333e-04
6.791566114408083450e-04
6.618569838168581127e-04
6.450096687679073622e-04
6.286023374403743860e-04
6.126230091324441152e-04
5.970600413258032998e-04
5.819021199908641683e-04
5.671382501613098700e-04
5.527577467704382049e-04
5.387502257437454777e-04
5.251055953409656477e-04
5.118140477433565528e-04
4.988660508771713357e-04
4.862523404711519286e-04
4.739639123392123585e-04
4.619920148843220642e-04
4.503281418163961394e-04
4.389640250794195190e-04
4.278916279838516196e-04
4.171031385358402914e-04
4.065909629586308797e-04
3.963477194038535645e-04
3.863662318442005967e-04
3.766395241428000819e-04
3.671608142962206776e-04
3.579235088462519266e-04
3.489211974516799814e-04
3.401476476227321423e-04
3.315967996061659219e-04
3.232627614208703065e-04
3.151398040400543504e-04
3.072223567120825681e-04
2.995050024227423314e-04
2.919824734849332110e-04
2.846496472626939547e-04
2.775015420180878406e-04
2.705333128801612800e-04
2.637402479337274687e-04
2.571177644206568851e-04
2.506614050552531778e-04
2.443668344452142450e-04
2.382298356197548540e-04
2.322463066586010177e-04
2.264122574201899818e-04
2.207238063649339798e-04
2.151771774737145607e-04
2.097686972543437141e-04
2.044947918369623434e-04
1.993519841547952112e-04
1.943368912071396929e-04
1.894462214008444236e-04
1.846767719733318760e-04
1.800254264862366515e-04
1.754891523963888567e-04
1.710649986948923967e-04
1.667500936167781896e-04
1.625416424159774711e-04
1.584369252068371678e-04
1.544332948666250305e-04
1.505281750009747907e-04
1.467190579662358584e-04
1.430035029513446610e-04
1.393791341142818223e-04
1.358436387724675583e-04
1.323947656464722006e-04
1.290303231532518549e-04
1.257481777495986122e-04
1.225462523234976150e-04
1.194225246322458590e-04
1.163750257836444757e-04
1.134018387636136931e-04
1.105010970043781405e-04
1.076709829947687040e-04
1.049097269293596782e-04
1.022156053979169743e-04
9.958694011104148231e-05
9.702209666297483220e-05
9.451948332983448270e-05
9.207754990125578980e-05
8.969478654745140938e-05
8.736972271580110093e-05
8.510092606200375513e-05
8.288700140783952395e-05
8.072658973303574697e-05
7.861836719168042097e-05
7.656104415881573809e-05
7.455336430388957508e-05
7.259410368945809174e-05
7.068206989641691350e-05
6.881610117314283423e-05
6.699506560881250932e-05
6.521786033067392585e-05
6.348341072278061703e-05
6.179066966763684392e-05
6.013861680866194572e-05
5.852625783371274233e-05
5.695262377770997895e-05
5.541677034614870005e-05
5.391777725671152667e-05
5.245474759878028878e-05
5.102680721241256966e-05
4.963310408290870480e-05
4.827280775260763419e-05
4.694510875048714334e-05
4.564921803509079879e-05
4.438436645504001952e-05
4.314980422340116111e-05
4.194480040689433156e-05
4.076864242913843747e-05
3.962063558766899953e-05
3.850010258366455898e-05
3.740638306631034190e-05
3.633883318742456796e-05
3.529682516968954485e-05
3.427974688690554834e-05
3.328700145451703011e-05
3.231800683250880655e-05
3.137219543891446593e-05
3.044901377311761144e-05
2.954792205039246571e-05
2.866839384591503894e-05
2.780991574824022222e-05
2.697198702270853628e-05
2.615411928351903700e-05
2.535583617536859742e-05
2.457667306218350842e-05
2.381617672660316326e-05
2.307390507506294148e-05
2.234942685285879680e-05
2.164232136547815071e-05
2.095217820821883398e-05
2.027859700296760136e-05
1.962118714158292480e-05
1.897956753650791094e-05
1.835336637840385442e-05
1.774222089927675260e-05
1.714577714287537775e-05
1.656368974069657868e-05
1.599562169414251830e-05
1.544124416253477464e-05
1.490023625632985442e-05
1.437228483645800942e-05
1.385708431831500132e-05
1.335433648160055723e-05
1.286375028473625295e-05
1.238504168411458918e-05
1.191793345847126530e-05
1.146215503769989187e-05
1.101744233600057261e-05
1.058353758983036700e-05
1.016018919957125684e-05
9.747151575744463851e-06
9.344184989176474137e-06
8.951055424940952622e-06
8.567534440285955909e-06
8.193399025947921708e-06
7.828431471449118684e-06
7.472419233832060385e-06
7.125154809715840945e-06
6.786435610412414568e-06
6.456063840680725673e-06
6.133846380660795537e-06
5.819594670348082771e-06
5.513124597680503692e-06
5.214256388941494035e-06
4.922814502352324194e-06
4.638627524183623446e-06
4.361528068026496295e-06
4.091352675610898665e-06
3.827941721384762447e-06
3.571139318795827372e-06
3.320793228961395136e-06
3.076754771998423848e-06
2.838878740560167031e-06
2.607023315222948140e-06
2.381049982434831554e-06
2.160823454347728073e-06
1.946211590879175312e-06
1.737085323224867846e-06
1.533318580009972601e-06
1.334788214918312182e-06
1.141373936046777282e-06
9.529582373474420510e-07
7.694263315641437490e-07
5.906660850618127791e-07
4.165679538982821098e-07
2.470249221266975058e-07
8.193244106603784543e-08
-7.881162976992353659e-08
-2.353070799437185282e-07
-3.876514041802118889e-07
-5.359398574718281401e-07
-6.802655077175604638e-07
-8.207192883291286454e-07
-9.573900485340407612e-07
-1.090364602964268338e-06
-1.219727779933961206e-06
-1.345562468284306707e-06
-1.467949663435523597e-06
-1.586968511882355095e-06
-1.702696355011946374e-06
-1.815208771619225926e-06
-1.924579619312618301e-06
-2.030881075068567707e-06
-2.134183674590846671e-06
-2.234556351009828458e-06
-2.332066472433117179e-06
-2.426779878331131712e-06
-2.518760915679464545e-06
-2.608072473460858402e-06
-2.694776017045197411e-06
-2.778931621198221823e-06
-2.860598002375269408e-06
-2.939832550628178182e-06
-3.016691360156105055e-06
-3.091229259549573702e-06
-3.163499841183535553e-06
-3.233555489660392254e-06
-3.301447410009607988e-06
-3.367225654912569813e-06
-3.430939151213938798e-06
-3.492635725953134541e-06
-3.552362131885207480e-06
-3.610164072017211580e-06
-3.666086223842136287e-06
-3.720172262991778112e-06
-3.772464886085606426e-06
-3.823005833389406408e-06
-3.871835910569543220e-06
-3.918995010283956345e-06
-3.964522132809371465e-06
-4.008455406716368851e-06
-4.050832108537393529e-06
-4.091688682423694731e-06
-4.131060758945289919e-06
-4.168983173685115051e-06
-4.205489985431128969e-06
-4.240614493562619248e-06
-4.274389255557283926e-06
-4.306846103707702858e-06
-4.338016161657040367e-06
-4.367929860218772979e-06
-4.396616953277117367e-06
-4.424106533089869777e-06
-4.450427045094393718e-06
-4.475606302478035927e-06
-4.499671500740828402e-06
-4.522649231148041115e-06
-4.544565494794132407e-06
-4.565445715503244584e-06
-4.585314753038036443e-06
-4.604196915608252487e-06
-4.622115972394561598e-06
-4.639095165480441654e-06
-4.655157221715961011e-06
-4.670324364304148212e-06
-4.684618323983269390e-06
-4.698060349994596269e-06
-4.710671220963369382e-06
-4.722471255299144628e-06
-4.733480321412718238e-06
-4.743717847873971184e-06
-4.753202833040837237e-06
-4.761953854760441615e-06
-4.769989079576147523e-06
-4.777326272012132470e-06
-4.783982803317873509e-06
-4.789975660368105373e-06
-4.795321454016336475e-06
-4.800036427450634124e-06
-4.804136464440156027e-06
-4.807637097161099453e-06
-4.810553513946415724e-06
-4.812900566967868814e-06
-4.814692779572304585e-06
-4.815944353572639355e-06
-4.816669176286237817e-06
-4.816880827509245108e-06
-4.816592586222179889e-06
-4.815817437244317502e-06
-4.814568077626013846e-06
-4.812856923092910012e-06
-4.810696114074681667e-06
-4.808097521828596827e-06
-4.805072754319389030e-06
-4.801633161890408891e-06
-4.797789843099748866e-06
-4.793553650046300877e-06
-4.788935193748115678e-06
-4.783944849621396508e-06
-4.778592762329568744e-06
-4.772888851024802792e-06
-4.766842814227541344e-06
-4.760464134539386465e-06
-4.753762083458018572e-06
-4.746745725897921384e-06
-4.739423924708403152e-06
-4.731805345095765088e-06
-4.723898458838610805e-06
-4.715711548603221689e-06
-4.707252711914106841e-06
-4.698529865304757597e-06
-4.689550748121292175e-06
-4.680322926486422484e-06
-4.670853796914654273e-06
-4.661150590062101982e-06
-4.651220374373314566e-06
-4.641070059470363579e-06
-4.630706399657392864e-06
-4.620135997259458112e-06
-4.609365305954119197e-06
-4.598400633867238874e-06
-4.587248146826689595e-06
-4.575913871402612247e-06
-4.564403697884893672e-06
-4.552723383259354139e-06
-4.540878554022812222e-06
-4.528874709098135977e-06
-4.516717222465213678e-06
-4.504411345920102656e-06
-4.491962211730712213e-06
-4.479374835093680286e-06
-4.466654116785173224e-06
-4.453804845568512557e-06
-4.440831700582640203e-06
-4.427739253737071089e-06
-4.414531971966251009e-06
-4.401214219524097732e-06
-4.387790260241713108e-06
-4.374264259540422095e-06
-4.360640286677357043e-06
-4.346922316785262117e-06
-4.333114232798780895e-06
-4.319219827580545484e-06
-4.305242805764733572e-06
-4.291186785608685834e-06
-4.277055300981378456e-06
-4.262851803056004185e-06
-4.248579662122690594e-06
-4.234242169335885856e-06
-4.219842538391281538e-06
-4.205383907218657074e-06
-4.190869339557374602e-06
-4.176301826585010711e-06
-4.161684288454504404e-06
-4.147019575848614173e-06
-4.132310471426452916e-06
-4.117559691312666725e-06
-4.102769886521573402e-06
-4.087943644323507075e-06
-4.073083489642629231e-06
-4.058191886409257478e-06
-4.043271238832396176e-06
-4.028323892687611916e-06
-4.013352136590006299e-06
-3.998358203178371391e-06
-3.983344270418528631e-06
-3.968312462628311544e-06
-3.953264851738156595e-06
-3.938203458412105554e-06
-3.923130253083272785e-06
