6.165568592766518112e-07
2.627185151426054271e-02
2.933708893822364536e-02
3.073253547733652627e-02
3.120572109920677351e-02
3.124308811376697720e-02
3.105754435305051186e-02
3.074651806695699249e-02
3.035821862085986630e-02
2.991833671661250221e-02
2.944154040846354986e-02
2.893682143841097218e-02
2.841014202332090011e-02
2.786580223783738028e-02
2.730716443217501982e-02
2.673704133821453929e-02
2.615790381197835232e-02
2.557199056869043780e-02
2.498136453935739104e-02
2.438794045228170893e-02
2.379349733952878035e-02
2.319968361554347255e-02
2.260801896459917193e-02
2.201989533098675997e-02
2.143657819246313004e-02
2.085920866014069619e-02
2.028880658694421496e-02
1.972627466819198636e-02
1.917240341498660169e-02
1.862787683478658515e-02
1.809327864027186414e-02
1.756909881305846952e-02
1.705574036437672303e-02
1.655352615520536488e-02
1.606270566018338369e-02
1.558346158121306883e-02
1.511591623672279422e-02
1.466013767059636159e-02
1.421614544061082161e-02
1.378391605969362180e-02
1.336338807461729013e-02
1.295446677603446020e-02
1.255702854120555913e-02
1.217092481660594569e-02
1.179598575207132551e-02
1.143202350142570427e-02
1.107883520681079634e-02
1.073620568545598924e-02
1.040390983842523140e-02
1.008171480118353301e-02
9.769381855689665550e-03
9.466668123326355336e-03
9.173328057276065525e-03
8.889114752116336268e-03
8.613781087472105122e-03
8.347080721522610533e-03
8.088768949115211424e-03
7.838603438148596808e-03
7.596344856885160583e-03
7.361757403753849821e-03
7.134609250303316358e-03
6.914672906960352486e-03
6.701725520418301725e-03
6.495549110622617604e-03
6.295930754562758559e-03
6.102662723371597014e-03
5.915542578583079213e-03
5.734373232774865430e-03
5.558962979311340979e-03
5.389125495349986542e-03
5.224679821871457477e-03
5.065450324053024853e-03
4.911266634928357355e-03
4.761963584940383590e-03
4.617381119738341901e-03
4.477364208204511961e-03
4.341762742540558433e-03
4.210431431981258646e-03
4.083229691519098779e-03
3.960021526830600179e-03
3.840675416480045321e-03
3.725064192289071537e-03
3.613064918686016615e-03
3.504558771683622450e-03
3.399430918104942058e-03
3.297570395525375141e-03
3.198869993366636796e-03
3.103226135507497745e-03
3.010538764683656342e-03
2.920711228953856622e-03
2.833650170398801897e-03
2.749265416246494172e-03
2.667469872530083344e-03
2.588179420377297556e-03
2.511312815010229797e-03
2.436791587491159670e-03
2.364539949252807572e-03
2.294484699424401489e-03
2.226555134931375822e-03
2.160682963385611877e-03
2.096802218710424812e-03
2.034849179483542644e-03
1.974762289947090774e-03
1.916482083644017011e-03
1.859951109623717968e-03
1.805113861156282034e-03
1.751916706905705043e-03
1.700307824492414957e-03
1.650237136381220264e-03
1.601656248035187137e-03
1.554518388265385730e-03
1.508778351706462897e-03
1.464392443366454568e-03
1.421318425166923126e-03
1.379515464426272608e-03
1.338944084204421328e-03
1.299566115465583972e-03
1.261344650978444941e-03
1.224244000906864411e-03
1.188229650025894720e-03
1.153268216505300495e-03
1.119327412206067279e-03
1.086376004437140334e-03
1.054383779112296263e-03
1.023321505266691113e-03
9.931609008688915136e-04
9.638745998965596003e-04
9.354361206151418908e-04
9.078198350212718848e-04
8.810009394038083785e-04
8.549554259881749808e-04
8.296600556108435888e-04
8.050923313960197661e-04
7.812304733893914339e-04
7.580533941174530431e-04
7.355406750342011928e-04
7.136725438240183088e-04
6.924298525225370963e-04
6.717940564348203305e-04
6.517471938096358131e-04
6.322718662467737526e-04
6.133512198102144533e-04
5.949689268164025683e-04
5.771091682758264533e-04
5.597566169607467177e-04
5.428964210776751837e-04
5.265141885167376554e-04
5.105959716645011104e-04
4.951282527502866900e-04
4.800979297117799146e-04
4.654923025574875489e-04
4.512990602080879220e-04
4.375062678002439439e-04
4.241023544321190566e-04
4.110761013388566508e-04
3.984166304772361351e-04
3.861133935061202070e-04
3.741561611515183453e-04
3.625350129351385129e-04
3.512403272587455525e-04
3.402627718284762155e-04
3.295932944080673561e-04
3.192231138869651148e-04
3.091437116534129074e-04
2.993468232621149228e-04
2.898244303820509023e-04
2.805687530209523164e-04
2.715722420068411970e-04
2.628275717278490196e-04
2.543276331122583584e-04
2.460655268452354707e-04
2.380345568144135652e-04
2.302282237687782926e-04
2.226402191941125638e-04
2.152644193875915266e-04
2.080948797312326078e-04
2.011258291528889768e-04
1.943516647702298538e-04
1.877669467104796407e-04
1.813663931011454914e-04
1.751448752222217796e-04
1.690974128198612732e-04
1.632191695699881072e-04
1.575054486895416069e-04
1.519516886921727032e-04
1.465534592782987192e-04
1.413064573594253483e-04
1.362065032104488587e-04
1.312495367448059125e-04
1.264316139088981735e-04
1.217489031937692872e-04
1.171976822547678138e-04
1.127743346416715118e-04
1.084753466316175819e-04
1.042973041617513354e-04
1.002368898605523307e-04
9.629088017067674100e-05
9.245614256481861717e-05
8.872963284717594594e-05
8.510839254018045391e-05
8.158954635374467015e-05
7.817029973182577679e-05
7.484793647777157383e-05
7.161981645112038160e-05
6.848337333792292874e-05
6.543611248889705083e-05
6.247560882467619416e-05
5.959950480666806154e-05
5.680550846844312018e-05
5.409139150953251075e-05
5.145498744658199284e-05
4.889418982183484205e-05
4.640695046591988615e-05
4.399127781334392332e-05
4.164523527029879264e-05
3.936693963089446334e-05
3.715455954215562788e-05
3.500631401538573231e-05
3.292047098271014494e-05
3.089534589590444970e-05
2.892930036972424801e-05
2.702074086345862008e-05
2.516811740443944206e-05
2.336992234756214308e-05
2.162468917373085500e-05
1.993099132319071817e-05
1.828744106336290535e-05
1.669268839148253201e-05
1.514541996876637030e-05
1.364435808668737398e-05
1.218825966366618522e-05
1.077591527133557545e-05
9.406148189850809687e-06
8.077813490506975897e-06
6.789797145970037276e-06
5.541015166061076300e-06
4.330412758956758424e-06
3.156963517013921112e-06
2.019668626737021391e-06
9.175561011979884555e-07
-1.503199650518453159e-07
-1.184880119640723317e-06
-2.187020253524836513e-06
-3.157612284550084097e-06
-4.097504818731634506e-06
-5.007523793746724907e-06
-5.888473103538934857e-06
-6.741135204420272275e-06
-7.566271705504821518e-06
-8.364623939689932948e-06
-9.136913520050043183e-06
-9.883842879722547410e-06
-1.060609579646518666e-05
-1.130433790220250607e-05
-1.197921717801150426e-05
-1.263136443514066649e-05
-1.326139378206603584e-05
-1.386990307875696319e-05
-1.445747437778590573e-05
-1.502467435281997410e-05
-1.557205471534402042e-05
-1.610015261961228263e-05
-1.660949105577348700e-05
-1.710057923219088000e-05
-1.757391294737924720e-05
-1.802997495077862417e-05
-1.846923529412143874e-05
-1.889215167243960350e-05
-1.929916975587858693e-05
-1.969072351223226909e-05
-2.006723552006582802e-05
-2.042911727385570325e-05
-2.077676947994131174e-05
-2.111058234459399399e-05
-2.143093585436539383e-05
-2.173820004797285074e-05
-2.203273528150981003e-05
-2.231489248545071995e-05
-2.258501341535687344e-05
-2.284343089540260202e-05
-2.309046905455181234e-05
-2.332644355768064297e-05
-2.355166182893429617e-05
-2.376642326959738314e-05
-2.397101947032494410e-05
-2.416573441670039041e-05
-2.435084469001430382e-05
-2.452661966217948067e-05
-2.469332168522797740e-05
-2.485120627592567506e-05
-2.500052229548091720e-05
-2.514151212373163128e-05
-2.527441182926255505e-05
-2.539945133485837763e-05
-2.551685457795417530e-05
-2.562683966742621428e-05
-2.572961903571699456e-05
-2.582539958687964126e-05
-2.591438284099616498e-05
-2.599676507426607592e-05
-2.607273745565878524e-05
-2.614248617961614272e-05
-2.620619259548518328e-05
-2.626403333331586210e-05
-2.631618042632735501e-05
-2.636280143019287589e-05
-2.640405953892761769e-05
-2.644011369802467306e-05
-2.647111871413637530e-05
-2.649722536218367111e-05
-2.651858048967796892e-05
-2.653532711795847271e-05
-2.654760454086375814e-05
-2.655554842096027871e-05
-2.655929088309213012e-05
-2.655896060546920488e-05
-2.655468290818126790e-05
-2.654657983985608805e-05
-2.653477026137127746e-05
-2.651936992812139413e-05
-2.650049156935201336e-05
-2.647824496605909482e-05
-2.645273702637593468e-05
-2.642407185931666038e-05
-2.639235084636100431e-05
-2.635767271131171646e-05
-2.632013358823760468e-05
-2.627982708767255437e-05
-2.623684436114705209e-05
-2.619127416385735473e-05
-2.614320291612769767e-05
-2.609271476251924903e-05
-2.603989163033898496e-05
-2.598481328577201084e-05
-2.592755738919802028e-05
-2.586819954868153752e-05
-2.580681337228703722e-05
-2.574347051896990702e-05
-2.567824074797398260e-05
-2.561119196741670027e-05
-2.554239028113570762e-05
-2.547190003464481901e-05
-2.539978385971700185e-05
-2.532610271781041749e-05
-2.525091594263444923e-05
-2.517428128149366845e-05
-2.509625493525306832e-05
-2.501689159782299928e-05
-2.493624449415113444e-05
-2.485436541773856510e-05
-2.477130476655600686e-05
-2.468711157868992760e-05
-2.460183356661882668e-05
-2.451551715094901562e-05
-2.442820749293144383e-05
-2.433994852641069043e-05
-2.425078298900122141e-05
-2.416075245231261856e-05
-2.406989735136792481e-05
-2.397825701341473471e-05
-2.388586968600582740e-05
-2.379277256432382946e-05
-2.369900181771970245e-05
-2.360459261569723360e-05
-2.350957915332565733e-05
-2.341399467572454187e-05
-2.331787150220264261e-05
-2.322124104961706842e-05
-2.312413385538632655e-05
-2.302657959946236067e-05
-2.292860712629304118e-05
-2.283024446579541922e-05
-2.273151885411666689e-05
-2.263245675360318389e-05
-2.253308387257530672e-05
-2.243342518417040365e-05
-2.233350494530535725e-05
-2.223334671447696516e-05
-2.213297336972470356e-05
-2.203240712583650059e-05
-2.193166955104318321e-05
-2.183078158358293152e-05
-2.172976354770426543e-05
-2.162863516910522595e-05
-2.152741559020033763e-05
-2.142612338508066057e-05
-2.132477657381756466e-05
-2.122339263658109840e-05
-2.112198852743707827e-05
-2.102058068770260610e-05
-2.091918505903744445e-05
-2.081781709618463216e-05
-2.071649177937320496e-05
-2.061522362648478358e-05
-2.051402670476011456e-05
-2.041291464247289871e-05
-2.031190063998053187e-05
-2.021099748091808237e-05
-2.011021754257537981e-05
-2.000957280664712688e-05
-1.990907486911520230e-05
-1.980873495031240493e-05
-1.970856390454110244e-05
-1.960857222945621843e-05
-1.950877007533029231e-05
-1.940916725398568899e-05
-1.930977324748180273e-05
-1.921059721671879766e-05
-1.911164800967589088e-05
-1.901293416957478837e-05
-1.891446394274941048e-05
-1.881624528637597897e-05
-1.871828587601249459e-05
-1.862059311284161074e-05
-1.852317413094019209e-05
-1.842603580418938908e-05
-1.832918475307016297e-05
-1.823262735134700943e-05
-1.813636973250344378e-05
-1.804041779600409526e-05
-1.794477721359705907e-05
-1.784945343517360588e-05
-1.775445169469013821e-05
-1.765977701585103268e-05
-1.756543421766887939e-05
-1.747142792000884110e-05
-1.737776254870957048e-05
-1.728444234085753183e-05
-1.719147134985094010e-05
-1.709885345023548893e-05
-1.700659234252847773e-05
-1.691469155792133192e-05
-1.682315446280546598e-05
-1.673198426326211375e-05
-1.664118400932243996e-05
-1.655075659928870589e-05
-1.646070478382265353e-05
-1.637103116993394311e-05
-1.628173822496230573e-05
-1.619282828035537806e-05
-1.610430353545127706e-05
-1.601616606108901690e-05
-1.592841780319117378e-05
-1.584106058612346247e-05
-1.575409611621713643e-05
-1.566752598498829236e-05
-1.558135167234177233e-05
-1.549557454969847039e-05
-1.541019588310891728e-05
-1.532521683618269645e-05
-1.524063847299422953e-05
-1.515646176091019942e-05
-1.507268757342139830e-05
-1.498931669272389277e-05
-1.490634981245547394e-05
-1.482378754017079103e-05
-1.474163039990639585e-05
-1.465987883456155247e-05
-1.457853320832952845e-05
-1.449759380898186820e-05
-1.441706085007955044e-05
-1.433693447328849679e-05
-1.425721475043443641e-05
-1.417790168562475403e-05
-1.409899521730105069e-05
-1.402049522021734683e-05
-1.394240150736425654e-05
-1.386471383190414784e-05
-1.378743188896429107e-05
-1.371055531747470530e-05
-1.363408370192283953e-05
-1.355801657399641347e-05
-1.348235341434093295e-05
-1.340709365414307232e-05
-1.333223667666149511e-05
-1.325778181888503449e-05
-1.318372837292816482e-05
-1.311007558754243028e-05
-1.303682266955906908e-05
-1.296396878523268720e-05
-1.289151306165854609e-05
-1.281945458807413894e-05
-1.274779241710144413e-05
-1.267652556605782893e-05
-1.260565301818942950e-05
-1.253517372379343391e-05
-1.246508660144554471e-05
-1.239539053912261271e-05
-1.232608439526401664e-05
-1.225716699987917909e-05
-1.218863715563543127e-05
-1.212049363876270853e-05
-1.205273520019295710e-05
-1.198536056640614885e-05
-1.191836844040649870e-05
-1.185175750270373527e-05
-1.178552641211622706e-05
-1.171967380670314392e-05
-1.165419830459438837e-05
-1.158909850482239891e-05
