-1.622479375352192497e+10
8.715049825081155888e-02
5.711414636492850860e-02
4.489882898239727638e-02
3.843421536294888696e-02
3.457870950267327714e-02
3.212135086305600851e-02
3.047829621729913896e-02
2.933575737804128281e-02
2.851419192222204302e-02
2.790575923245341983e-02
2.744280066562510001e-02
2.708114731360122818e-02
2.679093695199252778e-02
2.655137444246635781e-02
2.634762879073049291e-02
2.616892512435864404e-02
2.600732755858237155e-02
2.585693558993762409e-02
2.571333679338483336e-02
2.557322386095606248e-02
2.543412042629578096e-02
2.529418100984370810e-02
2.515204276367777325e-02
2.500671421239752945e-02
2.485749090264466332e-02
2.470389092102642792e-02
2.454560526310611834e-02
2.438245941478278667e-02
2.421438346726079160e-02
2.404138877046602119e-02
2.386354962345649255e-02
2.368098886326475139e-02
2.349386648335283212e-02
2.330237061459516923e-02
2.310671035528066852e-02
2.290711005260703814e-02
2.270380472772526304e-02
2.249703640434708163e-02
2.228705115450679841e-02
2.207409671519977579e-02
2.185842056170317349e-02
2.164026834798171706e-02
2.141988264336269765e-02
2.119750191006541939e-02
2.097335967721480898e-02
2.074768387663006308e-02
2.052069631216202339e-02
2.029261224041101208e-02
2.006364004478689012e-02
1.983398098810162935e-02
1.960382903203350402e-02
1.937337071349043427e-02
1.914278506970568117e-02
1.891224360543031224e-02
1.868191029629673316e-02
1.845194162365659807e-02
1.822248663646952593e-02
1.799368703678805304e-02
1.776567728557276737e-02
1.753858472602809471e-02
1.731252972200736373e-02
1.708762580924227947e-02
1.686397985740750727e-02
1.664169224126998969e-02
1.642085701926543351e-02
1.620156211806844659e-02
1.598388952183382727e-02
1.576791546494615837e-02
1.555371062713439834e-02
1.534134033002709785e-02
1.513086473428271184e-02
1.492233903644923920e-02
1.471581366488994291e-02
1.451133447415164923e-02
1.430894293712547949e-02
1.410867633469314875e-02
1.391056794215561609e-02
1.371464721231641093e-02
1.352093995475600607e-02
1.332946851103589125e-02
1.314025192561318889e-02
1.295330611225153916e-02
1.276864401585786624e-02
1.258627576942838999e-02
1.240620884622689601e-02
1.222844820702273516e-02
1.205299644230506395e-02
1.187985390962587040e-02
1.170901886582087492e-02
1.154048759444070704e-02
1.137425452814877502e-02
1.121031236632874517e-02
1.104865218788386727e-02
1.088926355933117485e-02
1.073213463828404102e-02
1.057725227240924326e-02
1.042460209395890125e-02
1.027416861002317106e-02
1.012593528854921487e-02
9.979884640310299204e-03
9.835998296925607676e-03
9.694257085041790845e-03
9.554641096785720933e-03
9.417129756692510512e-03
9.281701885123894158e-03
9.148335758358605574e-03
9.017009165523282022e-03
8.887699462380549420e-03
8.760383622197664977e-03
8.635038283728579955e-03
8.511639796495718002e-03
8.390164263468280481e-03
8.270587581192145876e-03
8.152885477573423856e-03
8.037033547339422768e-03
7.923007285348449003e-03
7.810782117782189005e-03
7.700333431371442217e-03
7.591636600717377448e-03
7.484667013825330173e-03
7.379400095890442657e-03
7.275811331506343294e-03
7.173876285252456242e-03
7.073570620885316629e-03
6.974870119073495189e-03
6.877750693842221708e-03
6.782188407750355807e-03
6.688159485884526134e-03
6.595640328708185507e-03
6.504607523898142674e-03
6.415037857107730446e-03
6.326908321837576565e-03
6.240196128371344741e-03
6.154878711886802023e-03
6.070933739767081505e-03
5.988339118140340034e-03
5.907072997749285292e-03
5.827113779129033944e-03
5.748440117157915807e-03
5.671030925023634595e-03
5.594865377671620621e-03
5.519922914673847103e-03
5.446183242667768098e-03
5.373626337309866940e-03
5.302232444832855052e-03
5.231982083166997199e-03
5.162856042724817129e-03
5.094835386840745883e-03
5.027901451860827819e-03
4.962035846961088126e-03
4.897220453683015506e-03
4.833437425189490710e-03
4.770669185321541050e-03
4.708898427394192510e-03
4.648108112820681370e-03
4.588281469508626031e-03
4.529401990149395374e-03
4.471453430271221663e-03
4.414419806194169738e-03
4.358285392849214901e-03
4.303034721459431111e-03
4.248652577127920438e-03
4.195123996314054082e-03
4.142434264221783735e-03
4.090568912124670220e-03
4.039513714593434557e-03
3.989254686667775829e-03
3.939778081002209831e-03
3.891070384909545155e-03
3.843118317410354479e-03
3.795908826222493815e-03
3.749429084722866179e-03
3.703666488898083031e-03
3.658608654261819026e-03
3.614243412758177953e-03
3.570558809670165701e-03
3.527543100503960360e-03
3.485184747888281365e-03
3.443472418459547768e-03
3.402394979765466232e-03
3.361941497167064696e-03
3.322101230760265977e-03
3.282863632302568391e-03
3.244218342162819013e-03
3.206155186283865532e-03
3.168664173174073895e-03
3.131735490908837960e-03
3.095359504162953357e-03
3.059526751268304423e-03
3.024227941301749212e-03
2.989453951196763271e-03
2.955195822875955614e-03
2.921444760436875399e-03
2.888192127343591764e-03
2.855429443672008460e-03
2.823148383364948444e-03
2.791340771555184119e-03
2.759998581875366952e-03
2.729113933849669493e-03
2.698679090292310789e-03
2.668686454742497105e-03
2.639128568949544729e-03
2.609998110377764746e-03
2.581287889761085808e-03
2.552990848685654512e-03
2.525100057201301595e-03
2.497608711492738109e-03
2.470510131560521572e-03
2.443797758951093968e-03
2.417465154525233473e-03
2.391505996258036504e-03
2.365914077066211263e-03
2.340683302691104473e-03
2.315807689589499674e-03
2.291281362889474593e-03
2.267098554364244123e-03
2.243253600424433003e-03
2.219740940186065714e-03
2.196555113531228898e-03
2.173690759229573999e-03
2.151142613076251209e-03
2.128905506064926456e-03
2.106974362609426166e-03
2.085344198774263802e-03
2.064010120543580129e-03
2.042967322140487596e-03
2.022211084345526544e-03
2.001736772867079850e-03
1.981539836735324300e-03
1.961615806730598877e-03
1.941960293826872075e-03
1.922568987679618147e-03
1.903437655134343487e-03
1.884562138761536332e-03
1.865938355428253814e-03
1.847562294881477385e-03
1.829430018369215816e-03
1.811537657288253556e-03
1.793881411849218566e-03
1.776457549772736400e-03
1.759262405013117814e-03
1.742292376498921769e-03
1.725543926900829916e-03
1.709013581426166439e-03
1.692697926630515326e-03
1.676593609261312068e-03
1.660697335115202122e-03
1.645005867912940900e-03
1.629516028216260182e-03
1.614224692344512491e-03
1.599128791320625353e-03
1.584225309842368645e-03
1.569511285261171452e-03
1.554983806594689710e-03
1.540640013551142218e-03
1.526477095567635445e-03
1.512492290882905266e-03
1.498682885610502780e-03
1.485046212837959345e-03
1.471579651752596973e-03
1.458280626764230092e-03
1.445146606663394451e-03
1.432175103785127135e-03
1.419363673196727405e-03
1.406709911891956821e-03
1.394211458012106775e-03
1.381865990075281658e-03
1.369671226216784277e-03
1.357624923460809541e-03
1.345724876987031138e-03
1.333968919422501287e-03
1.322354920141322054e-03
1.310880784594070647e-03
1.299544453621015450e-03
1.288343902808408714e-03
1.277277141841448582e-03
1.266342213869231514e-03
1.255537194891687136e-03
1.244860193150953975e-03
1.234309348534967654e-03
1.223882831998812648e-03
1.213578844985629956e-03
1.203395618877944884e-03
1.193331414435672144e-03
1.183384521266539480e-03
1.173553257290960161e-03
1.163835968231996532e-03
1.154231027101548790e-03
1.144736833701198719e-03
1.135351814143481519e-03
1.126074420361611317e-03
1.116903129648294524e-03
1.107836444191212522e-03
1.098872890625823828e-03
1.090011019588166263e-03
1.081249405284090415e-03
1.072586645064932398e-03
1.064021359004296841e-03
1.055552189497932503e-03
1.047177800855170204e-03
1.038896878908124322e-03
1.030708130627777663e-03
1.022610283740066350e-03
1.014602086363503020e-03
1.006682306637252111e-03
9.988497323667466787e-04
9.911031706759665383e-04
9.834414476619368628e-04
9.758634080567762936e-04
9.683679149021795496e-04
9.609538492207914118e-04
9.536201097002372506e-04
9.463656123809283116e-04
9.391892903525267400e-04
9.320900934512987845e-04
9.250669879683481867e-04
9.181189563589597924e-04
9.112449969610469935e-04
9.044441237158196145e-04
8.977153659008862974e-04
8.910577678535869239e-04
8.844703887187499447e-04
8.779523021829049867e-04
8.715025962300337881e-04
8.651203728864409470e-04
8.588047479840543730e-04
8.525548509195068902e-04
8.463698244183248676e-04
8.402488243086647657e-04
8.341910192954937742e-04
8.281955907398774741e-04
8.222617324409320361e-04
8.163886504235495778e-04
8.105755627298982802e-04
8.048216992153633953e-04
7.991263013478189237e-04
7.934886220080095143e-04
7.879079252970377922e-04
7.823834863478484891e-04
7.769145911369346180e-04
7.715005363022608975e-04
7.661406289629635324e-04
7.608341865452672437e-04
7.555805366019630043e-04
7.503790166571988607e-04
7.452289740230710891e-04
7.401297656448591056e-04
7.350807579411533510e-04
7.300813266426509074e-04
7.251308566380565424e-04
7.202287418233144223e-04
7.153743849499516472e-04
7.105671974838578819e-04
7.058065994522966236e-04
7.010920193133429734e-04
6.964228938080019304e-04
6.917986678296461633e-04
6.872187942870144894e-04
6.826827339780905390e-04
6.781899554542114572e-04
6.737399348957229250e-04
6.693321559931852960e-04
6.649661098163672790e-04
6.606412947014472792e-04
6.563572161288888651e-04
6.521133866101980203e-04
6.479093255742363056e-04
6.437445592533119765e-04
6.396186205763765287e-04
6.355310490619991981e-04
6.314813907066785248e-04
6.274691978906954404e-04
6.234940292646484750e-04
6.195554496606359152e-04
6.156530299861184830e-04
6.117863471302165124e-04
6.079549838673425910e-04
6.041585287652750935e-04
6.003965760932317153e-04
5.966687257310532289e-04
5.929745830810517759e-04
5.893137589811914268e-04
5.856858696193789626e-04
5.820905364508632829e-04
5.785273861134143658e-04
5.749960503460549432e-04
5.714961659155637363e-04
5.680273745276576136e-04
5.645893227597120756e-04
5.611816619814913309e-04
5.578040482780988185e-04
5.544561423813654244e-04
5.511376095967968070e-04
5.478481197311868556e-04
5.445873470251161308e-04
5.413549700858943936e-04
5.381506718173945103e-04
5.349741393563256509e-04
5.318250640080623981e-04
5.287031411818077231e-04
5.256080703277543620e-04
5.225395548769107279e-04
5.194973021802606894e-04
5.164810234492556162e-04
5.134904336967505145e-04
5.105252516814928754e-04
5.075851998486147210e-04
5.046700042772300776e-04
5.017793946251458692e-04
4.989131040722405430e-04
4.960708692727244795e-04
4.932524302998508858e-04
4.904575305944014474e-04
4.876859169182790055e-04
4.849373393001066290e-04
4.822115509914848275e-04
4.795083084156992470e-04
4.768273711237558388e-04
4.741685017457530904e-04
4.715314659460290159e-04
4.689160323798624574e-04
4.663219726490641648e-04
4.637490612566796955e-04
4.611970755685756984e-04
4.586657957683648590e-04
4.561550048163276472e-04
4.536644884112206455e-04
4.511940349494203417e-04
4.487434354838448769e-04
4.463124836902032655e-04
4.439009758236966974e-04
4.415087106852677579e-04
4.391354895836308003e-04
4.367811163001888985e-04
4.344453970519523978e-04
4.321281404584542685e-04
4.298291575062229697e-04
4.275482615152537136e-04
4.252852681054797301e-04
4.230399951654639779e-04
4.208122628173160962e-04
4.186018933882706961e-04
4.164087113782688476e-04
4.142325434277616125e-04
4.120732182890662898e-04
4.099305667970565281e-04
4.078044218389642595e-04
4.056946183250698112e-04
4.036009931622785984e-04
4.015233852234789680e-04
3.994616353237834261e-04
3.974155861903305720e-04
3.953850824345295223e-04
3.933699705329640750e-04
3.913700987918655727e-04
3.893853173293493342e-04
3.874154780467709003e-04
3.854604346054113506e-04
3.835200424013862630e-04
3.815941585432192085e-04
3.796826418263066216e-04
3.777853527113794740e-04
3.759021533011885907e-04
3.740329073187442788e-04
3.721774800846677778e-04
3.703357384949867992e-04
3.685075510007074229e-04
3.666927875858316810e-04
3.648913197482617221e-04
3.631030204767071723e-04
3.613277642346979235e-04
3.595654269343828702e-04
3.578158859243174561e-04
3.560790199643726339e-04
3.543547092108578767e-04
3.526428351949828510e-04
3.509432808064261167e-04
3.492559302755715578e-04
3.475806691519700564e-04
3.459173842914609054e-04
3.442659638377421061e-04
3.426262972017202202e-04
3.409982750506301841e-04
3.393817892873851605e-04
3.377767330339231933e-04
3.361830006181065755e-04
3.346004875572905490e-04
3.330290905401156465e-04
3.314687074140731937e-04
3.299192371690740089e-04
3.283805799223493693e-04
3.268526369062385584e-04
3.253353104488709846e-04
3.238285039646182639e-04
3.223321219378849634e-04
3.208460699102300140e-04
3.193702544654897224e-04
3.179045832168991836e-04
3.164489647953239171e-04
