-3.238547579759605713e+11
3.981670334788178778e-02
5.449993422874399585e-02
5.574897374916787385e-02
5.528821008611162213e-02
5.466677230904037899e-02
5.416955532814604624e-02
5.382763870900442171e-02
5.361213825907018560e-02
5.348403672620127836e-02
5.340825711438546008e-02
5.335697263683503166e-02
5.330946265904934478e-02
5.325096507977944427e-02
5.317138788571718067e-02
5.306416754257137214e-02
5.292534505869905814e-02
5.275285119735961814e-02
5.254596751933071630e-02
5.230492645762740977e-02
5.203061774144845941e-02
5.172437457993028787e-02
5.138781891857036044e-02
5.102275007863532608e-02
5.063106506699011078e-02
5.021470190262133926e-02
4.977559961223843032e-02
4.931567026370409224e-02
4.883677967207100679e-02
4.834073434159957827e-02
4.782927288434279944e-02
4.730406064837788804e-02
4.676668664498606631e-02
4.621866212191916290e-02
4.566142031464970330e-02
4.509631704082162074e-02
4.452463189787136955e-02
4.394756989179349205e-02
4.336626337316928925e-02
4.278177419068285303e-02
4.219509599676918299e-02
4.160715665697711785e-02
4.101882072675344659e-02
4.043089196802718277e-02
3.984411588406433502e-02
3.925918225530855565e-02
3.867672766244223403e-02
3.809733798507619618e-02
3.752155086639219483e-02
3.694985813564466426e-02
3.638270818141875473e-02
3.582050826987259740e-02
3.526362680281414086e-02
3.471239551147342617e-02
3.416711158244245539e-02
3.362803971310501794e-02
3.309541409419836100e-02
3.256944031815223184e-02
3.205029721200425286e-02
3.153813859436849221e-02
3.103309495641082272e-02
3.053527506700004501e-02
3.004476750287099485e-02
2.956164210456879715e-02
2.908595135960223566e-02
2.861773171420800566e-02
2.815700481553173873e-02
2.770377868600681914e-02
2.725804883202154194e-02
2.681979928906885746e-02
2.638900360549167878e-02
2.596562576730310212e-02
2.554962106619695916e-02
2.514093691339658321e-02
2.473951360142390143e-02
2.434528501642141407e-02
2.395817930319354971e-02
2.357811948534394020e-02
2.320502404280144759e-02
2.283880744887101244e-02
2.247938066910659671e-02
2.212665162392801754e-02
2.178052561716592450e-02
2.144090573236057118e-02
2.110769319883765149e-02
2.078078772922364870e-02
2.046008783023056665e-02
2.014549108832630608e-02
1.983689443186875678e-02
1.953419437121617364e-02
1.923728721826445387e-02
1.894606928670428125e-02
1.866043707435016685e-02
1.838028742872443999e-02
1.810551769705726066e-02
1.783602586179089400e-02
1.757171066257878778e-02
1.731247170581129424e-02
1.705820956248915721e-02
1.680882585542042840e-02
1.656422333634477440e-02
1.632430595396372475e-02
1.608897891343108455e-02
1.585814872797630670e-02
1.563172326332251671e-02
1.540961177548005878e-02
1.519172494238052451e-02
1.497797488992214099e-02
1.476827521287193967e-02
1.456254099105280808e-02
1.436068880122931546e-02
1.416263672505557736e-02
1.396830435344931232e-02
1.377761278775646581e-02
1.359048463788781191e-02
1.340684401783942548e-02
1.322661653880330412e-02
1.304972930007974874e-02
1.287611087806395105e-02
1.270569131348597836e-02
1.253840209708578790e-02
1.237417615392066850e-02
1.221294782646742405e-02
1.205465285661899699e-02
1.189922836678647400e-02
1.174661284019173912e-02
1.159674610045091647e-02
1.144956929057405759e-02
1.130502485149964542e-02
1.116305650021764961e-02
1.102360920756617624e-02
1.088662917579785727e-02
1.075206381596949257e-02
1.061986172520534843e-02
1.048997266392270866e-02
1.036234753302012201e-02
1.023693835113914652e-02
1.011369823195806816e-02
9.992581361655927807e-03
9.873542976494231738e-03
9.756539340557424111e-03
9.641527723745380030e-03
9.528466379973066225e-03
9.417314525606901299e-03
9.308032318197989596e-03
9.200580835453608941e-03
9.094922054587284421e-03
8.991018831874031392e-03
8.888834882616158950e-03
8.788334761392402328e-03
8.689483842644118994e-03
8.592248301624083595e-03
8.496595095672798692e-03
8.402491945840973031e-03
8.309907318890585870e-03
8.218810409608590106e-03
8.129171123513634356e-03
8.040960059878754507e-03
7.954148495148194442e-03
7.868708366648213826e-03
7.784612256710676803e-03
7.701833377091071853e-03
7.620345553747798206e-03
7.540123211966509587e-03
7.461141361813750095e-03
7.383375583912998863e-03
7.306802015567104291e-03
7.231397337174039208e-03
7.157138758996151040e-03
7.084004008203415026e-03
7.011971316247311847e-03
6.941019406542459080e-03
6.871127482410921417e-03
6.802275215359365745e-03
6.734442733607348686e-03
6.667610610910923441e-03
6.601759855662914234e-03
6.536871900255869505e-03
6.472928590705029350e-03
6.409912176537968520e-03
6.347805300926046002e-03
6.286590991071427936e-03
6.226252648824814884e-03
6.166774041553635399e-03
6.108139293222070165e-03
6.050332875710662250e-03
5.993339600345093388e-03
5.937144609649669391e-03
5.881733369303088210e-03
5.827091660291827679e-03
5.773205571282025161e-03
5.720061491174099899e-03
5.667646101835677186e-03
5.615946371049895802e-03
5.564949545609376713e-03
5.514643144614694847e-03
5.465014952926949832e-03
5.416053014797528320e-03
5.367745627649078699e-03
5.320081336031678987e-03
5.273048925720447144e-03
5.226637417969470789e-03
5.180836063911842260e-03
5.135634339104244717e-03
5.091021938207651587e-03
5.046988769809024333e-03
5.003524951366689066e-03
4.960620804293824904e-03
4.918266849170072064e-03
4.876453801053060033e-03
4.835172564942702422e-03
4.794414231333199439e-03
4.754170071890051474e-03
4.714431535231877746e-03
4.675190242833249243e-03
4.636437985012564766e-03
4.598166717034724016e-03
4.560368555292848569e-03
4.523035773626116196e-03
4.486160799684002498e-03
4.449736211416421838e-03
4.413754733630703697e-03
4.378209234652485904e-03
4.343092723053221249e-03
4.308398344474051456e-03
4.274119378524066093e-03
4.240249235750725987e-03
4.206781454693997446e-03
4.173709699006877827e-03
4.141027754663850757e-03
4.108729527201981924e-03
4.076809039080364627e-03
4.045260427061547759e-03
4.014077939680449347e-03
3.983255934771667839e-03
3.952788877055191108e-03
3.922671335784277957e-03
3.892897982441967386e-03
3.863463588513749158e-03
3.834363023287989947e-03
3.805591251737627800e-03
3.777143332431176503e-03
3.749014415505680375e-03
3.721199740684300039e-03
3.693694635354516365e-03
3.666494512667428651e-03
3.639594869706330726e-03
3.612991285686817378e-03
3.586679420211513758e-03
3.560655011550561966e-03
3.534913874972733794e-03
3.509451901121174444e-03
3.484265054415347507e-03
3.459349371504716331e-03
3.434700959745073945e-03
3.410315995715951232e-03
3.386190723791093760e-03
3.362321454701611145e-03
3.338704564182393142e-03
3.315336491605425095e-03
3.292213738673499535e-03
3.269332868143681736e-03
3.246690502559212987e-03
3.224283323028043213e-03
3.202108068035336430e-03
3.180161532264413893e-03
3.158440565457221183e-03
3.136942071300330426e-03
3.115663006333146967e-03
3.094600378883871628e-03
3.073751248029443772e-03
3.053112722573469995e-03
3.032681960060790161e-03
3.012456165798038654e-03
2.992432591908622541e-03
2.972608536404353075e-03
2.952981342277949395e-03
2.933548396615304199e-03
2.914307129732396362e-03
2.895255014323527831e-03
2.876389564634651563e-03
2.857708335658015741e-03
2.839208922330804796e-03
2.820888958770861876e-03
2.802746117510634960e-03
2.784778108761987170e-03
2.766982679694329761e-03
2.749357613716751914e-03
2.731900729795011529e-03
2.714609881771412603e-03
2.697482957696895056e-03
2.680517879188215602e-03
2.663712600790013596e-03
2.647065109359525437e-03
2.630573423451298964e-03
2.614235592729219348e-03
2.598049697382087686e-03
2.582013847556741126e-03
2.566126182799166600e-03
2.550384871510269491e-03
2.534788110413410678e-03
2.519334124030825350e-03
2.504021164174252689e-03
2.488847509443115058e-03
2.473811464736463961e-03
2.458911360771365295e-03
2.444145553616827726e-03
2.429512424231283774e-03
2.415010378012061310e-03
2.400637844360620221e-03
2.386393276243570227e-03
2.372275149774560887e-03
2.358281963798170011e-03
2.344412239488447014e-03
2.330664519947678315e-03
2.317037369819141546e-03
2.303529374908075411e-03
2.290139141803537726e-03
2.276865297519359288e-03
2.263706489130656863e-03
2.250661383428997908e-03
2.237728666568905567e-03
2.224907043741231050e-03
2.212195238837422195e-03
2.199591994128891059e-03
2.187096069945049237e-03
2.174706244369106756e-03
2.162421312929874162e-03
2.150240088301114127e-03
2.138161400017102309e-03
2.126184094175531669e-03
2.114307033163065341e-03
2.102529095377336787e-03
2.090849174960052181e-03
2.079266181524097590e-03
2.067779039905515148e-03
2.056386689895717268e-03
2.045088086001900507e-03
2.033882197197023345e-03
2.022768006682662545e-03
2.011744511648538847e-03
2.000810723047363737e-03
1.989965665362136704e-03
1.979208376391650148e-03
1.968537907023559796e-03
1.957953321025218685e-03
1.947453694834733184e-03
1.937038117351574940e-03
1.926705689738739125e-03
1.916455525219795675e-03
1.906286748888375016e-03
1.896198497513656989e-03
1.886189919358516320e-03
1.876260173987231994e-03
1.866408432095845171e-03
1.856633875324975591e-03
1.846935696092844026e-03
1.837313097420301133e-03
1.827765292767402627e-03
1.818291505865543556e-03
1.808890970558918454e-03
1.799562930642428782e-03
1.790306639712468950e-03
1.781121361005277848e-03
1.772006367256384607e-03
1.762960940548286004e-03
1.753984372163674976e-03
1.745075962449549323e-03
1.736235020674214979e-03
1.727460864889840408e-03
1.718752821799229835e-03
1.710110226626371244e-03
1.701532422978990766e-03
1.693018762731091087e-03
1.684568605889502635e-03
1.676181320475977898e-03
1.667856282403068491e-03
1.659592875360216269e-03
1.651390490690518575e-03
1.643248527282592519e-03
1.635166391452447243e-03
1.627143496838012737e-03
1.619179264287451403e-03
1.611273121753242776e-03
1.603424504186268251e-03
1.595632853432560339e-03
1.587897618137157352e-03
1.580218253634413372e-03
1.572594221860290631e-03
1.565024991249552855e-03
1.557510036643616758e-03
1.550048839198181483e-03
1.542640886289525781e-03
1.535285671427244480e-03
1.527982694162988153e-03
1.520731460007196389e-03
1.513531480340724045e-03
1.506382272331352468e-03
1.499283358852743220e-03
1.492234268402059527e-03
1.485234535018475910e-03
1.478283698209459374e-03
1.471381302868834950e-03
1.464526899201956667e-03
1.457720042652654868e-03
1.450960293828185144e-03
1.444247218428618140e-03
1.437580387171788487e-03
1.430959375729790040e-03
1.424383764653702755e-03
1.417853139309643851e-03
1.411367089812376463e-03
1.404925210956697867e-03
1.398527102157487434e-03
1.392172367382871201e-03
1.385860615091161208e-03
1.379591458173790031e-03
1.373364513891361938e-03
1.367179403814366978e-03
1.361035753766781653e-03
1.354933193765228694e-03
1.348871357965686357e-03
1.342849884607311139e-03
1.336868415954262090e-03
1.330926598245074644e-03
1.325024081638481732e-03
1.319160520160567174e-03
1.313335571653917455e-03
1.307548897726995563e-03
1.301800163703070723e-03
1.296089038572034724e-03
1.290415194942218235e-03
1.284778308992651219e-03
1.279178060424213115e-03
1.273614132416778233e-03
1.268086211581920253e-03
1.262593987917171034e-03
1.257137154763388054e-03
1.251715408761455706e-03
1.246328449809430694e-03
1.240975981017689023e-03
1.235657708672510680e-03
1.230373342190116404e-03
1.225122594080918503e-03
1.219905179905556025e-03
1.214720818239811706e-03
1.209569230633755765e-03
1.204450141573998323e-03
1.199363278447496128e-03
1.194308371503582933e-03
1.189285153819108487e-03
1.184293361261135047e-03
1.179332732452964549e-03
1.174403008739721699e-03
1.169503934152604785e-03
1.164635255377799439e-03
1.159796721719841273e-03
1.154988085072750081e-03
1.150209099885168840e-03
1.145459523130831769e-03
1.140739114274591515e-03
1.136047635243997433e-03
1.131384850397987307e-03
1.126750526496911320e-03
1.122144432674110348e-03
1.117566340403941538e-03
1.113016023477797489e-03
1.108493257971687740e-03
1.103997822220259550e-03
1.099529496789708460e-03
1.095088064449356580e-03
1.090673310145895414e-03
1.086285020978738913e-03
1.081922986170047452e-03
1.077586997042745409e-03
1.073276846993653777e-03
1.068992331470841606e-03
1.064733247944094074e-03
1.060499395888037100e-03
1.056290576752383359e-03
1.052106593940838053e-03
1.047947252786673999e-03
1.043812360533413752e-03
1.039701726307740159e-03
1.035615161100400528e-03
1.031552477743113982e-03
1.027513490886367009e-03
1.023498016979651482e-03
1.019505874250592470e-03
1.015536882682299691e-03
1.011590863994493716e-03
1.007667641622189691e-03
1.003767040697711721e-03
9.998888880291545433e-04
9.960330120821758726e-04
9.921992429611226072e-04
9.883874123877145479e-04
9.845973536863894537e-04
9.808289017632088047e-04
9.770818930887603670e-04
