6.734108492542335205e+11
5.153312067929149975e-02
2.810856157373997632e-02
1.724107185269252440e-02
1.122323367823963025e-02
7.482644967630847077e-03
4.912021181675552128e-03
3.008554610278491026e-03
1.528883990128626635e-03
3.457728193461129251e-04
-6.136896207387110280e-04
-1.395655846388788035e-03
-2.032200498583769388e-03
-2.547350002003678782e-03
-2.960075495963110370e-03
-3.285869137729768852e-03
-3.537641955009274142e-03
-3.726284348442909788e-03
-3.861049281541628631e-03
-3.949834843888666569e-03
-3.999404190067501474e-03
-4.015562727831323286e-03
-4.003303794601453802e-03
-3.966929822337927902e-03
-3.910153793485804385e-03
-3.836184553057009339e-03
-3.747798765460164105e-03
-3.647401765777935623e-03
-3.537079147339916574e-03
-3.418640605327816218e-03
-3.293657292481988463e-03
-3.163493727555977131e-03
-3.029335118619691514e-03
-2.892210816425766495e-03
-2.753014492597571916e-03
-2.612521537686873785e-03
-2.471404092955875598e-03
-2.330244062297204266e-03
-2.189544395972742308e-03
-2.049738891594543588e-03
-1.911200720593253521e-03
-1.774249856515197621e-03
-1.639159555694824633e-03
-1.506162018461765228e-03
-1.375453340858312501e-03
-1.247197851164116855e-03
-1.121531912104289930e-03
-9.985672587462524064e-04
-8.783939321173050985e-04
-7.610828605235653299e-04
-6.466881337281460418e-04
-5.352490086800720803e-04
-4.267916807121352463e-04
-3.213308494531830206e-04
-2.188711047961255929e-04
-1.194081550923709045e-04
-2.292991680241662777e-05
7.058251778935265008e-05
1.611540200496808239e-04
2.488146591279605246e-04
3.335990195423299554e-04
4.155455925853868138e-04
4.946962330683035702e-04
5.710956739981565278e-04
6.447910926725697323e-04
7.158317225794963434e-04
7.842685059267218151e-04
8.501537826242078211e-04
9.135410116900555266e-04
9.744845216499431473e-04
1.033039287114068117e-03
1.089260728562857494e-03
1.143204533283759261e-03
1.194926495094783547e-03
1.244482371186572678e-03
1.291927754342836465e-03
1.337317959039907578e-03
1.380707920127566268e-03
1.422152102909191029e-03
1.461704423581622336e-03
1.499418178981137828e-03
1.535345984935432284e-03
1.569539722225510303e-03
1.602050489717177228e-03
1.632928563814139977e-03
1.662223363720904956e-03
1.689983422079377462e-03
1.716256360340784326e-03
1.741088868582485460e-03
1.764526689296497253e-03
1.786614604823322239e-03
1.807396428050944692e-03
1.826914996155171167e-03
1.845212167014054216e-03
1.862328818112768403e-03
1.878304847663603283e-03
1.893179177741011188e-03
1.906989759231869641e-03
1.919773578411332338e-03
1.931566664980399750e-03
1.942404101447525733e-03
1.952320033586252279e-03
1.961347682052583252e-03
1.969519354808824119e-03
1.976866460409620885e-03
1.983419521977225486e-03
1.989208191756075550e-03
1.994261266223373852e-03
1.998606701635319283e-03
2.002271629913066064e-03
2.005282374835104520e-03
2.007664468502312616e-03
2.009442667940231075e-03
2.010640971852328818e-03
2.011282637459643752e-03
2.011390197352413978e-03
2.010985476386784043e-03
2.010089608502241276e-03
2.008723053496197508e-03
2.006905613689546897e-03
2.004656450484310071e-03
2.001994100749637795e-03
1.998936493063041553e-03
1.995500963753338297e-03
1.991704272737981896e-03
1.987562619139682241e-03
1.983091656680091575e-03
1.978306508834126731e-03
1.973221783696299525e-03
1.967851588627889114e-03
1.962209544619897272e-03
1.956308800364237044e-03
1.950162046076009403e-03
1.943781527000920661e-03
1.937179056665794263e-03
1.930366029812002893e-03
1.923353435068220207e-03
1.916151867303650391e-03
1.908771539735898415e-03
1.901222295696891607e-03
1.893513620131681563e-03
1.885654650849666325e-03
1.877654189434085907e-03
1.869520711906602628e-03
1.861262379095895980e-03
1.852887046759787992e-03
1.844402275396284097e-03
1.835815339836122106e-03
1.827133238523792613e-03
1.818362702573184109e-03
1.809510204565656366e-03
1.800581967087877544e-03
1.791583971032073563e-03
1.782521963662020426e-03
1.773401466417023897e-03
1.764227782536709199e-03
1.755006004405146314e-03
1.745741020722890724e-03
1.736437523419898099e-03
1.727100014394578054e-03
1.717732812035466239e-03
1.708340057527957256e-03
1.698925720995392297e-03
1.689493607420988752e-03
1.680047362404568645e-03
1.670590477726996426e-03
1.661126296748083320e-03
1.651658019618862383e-03
1.642188708350866833e-03
1.632721291699112953e-03
1.623258569898755610e-03
1.613803219254306143e-03
1.604357796564093164e-03
1.594924743420378377e-03
1.585506390351820727e-03
1.576104960836044455e-03
1.566722575186529909e-03
1.557361254293843089e-03
1.548022923266723083e-03
1.538709414929284591e-03
1.529422473212305178e-03
1.520163756435266578e-03
1.510934840464495110e-03
1.501737221772714292e-03
1.492572320404672581e-03
1.483441482815095469e-03
1.474345984647573715e-03
1.465287033378448456e-03
1.456265770907627655e-03
1.447283276029054377e-03
1.438340566838336443e-03
1.429438603046451206e-03
1.420578288222174024e-03
1.411760471940803896e-03
1.402985951872715020e-03
1.394255475806627231e-03
1.385569743570513879e-03
1.376929408921867548e-03
1.368335081349369986e-03
1.359787327815720204e-03
1.351286674454055259e-03
1.342833608167337545e-03
1.334428578220858697e-03
1.326071997737265917e-03
1.317764245161168191e-03
1.309505665663124319e-03
1.301296572495669324e-03
1.293137248300268993e-03
1.285027946370531637e-03
1.276968891859020516e-03
1.268960282964526343e-03
1.261002292048951645e-03
1.253095066730436358e-03
1.245238730934294935e-03
1.237433385900876814e-03
1.229679111163006766e-03
1.221975965493227179e-03
1.214323987790644210e-03
1.206723197973103012e-03
1.199173597800973212e-03
1.191675171701156444e-03
1.184227887534472501e-03
1.176831697358604600e-03
1.169486538137975984e-03
1.162192332455624921e-03
1.154948989166904028e-03
1.147756404063171587e-03
1.140614460480415815e-03
1.133523029901883916e-03
1.126481972536508280e-03
1.119491137873129816e-03
1.112550365209408199e-03
1.105659484170740114e-03
1.098818315202088058e-03
1.092026670043821923e-03
1.085284352188464752e-03
1.078591157322339456e-03
1.071946873745677209e-03
1.065351282782733833e-03
1.058804159169479675e-03
1.052305271429965217e-03
1.045854382245137160e-03
1.039451248788791915e-03
1.033095623069080204e-03
1.026787252245142668e-03
1.020525878940636844e-03
1.014311241532617203e-03
1.008143074443079712e-03
1.002021108406525585e-03
9.959450707350825382e-04
9.899146855696372427e-04
9.839296741154246462e-04
9.779897548893856651e-04
9.720946439217836854e-04
9.662440549849105054e-04
9.604376997944807925e-04
9.546752881988140871e-04
9.489565283742340540e-04
9.432811270040364349e-04
9.376487894456886352e-04
9.320592199042465609e-04
9.265121215837890389e-04
9.210071968426269962e-04
9.155441473391867646e-04
9.101226741652368446e-04
9.047424779846657827e-04
8.994032591578271507e-04
8.941047178656624794e-04
8.888465542176149370e-04
8.836284683715334154e-04
8.784501606382555394e-04
8.733113315739782223e-04
8.682116820863949869e-04
8.631509135250681197e-04
8.581287277609206399e-04
8.531448272806052557e-04
8.481989152577806834e-04
8.432906956321595260e-04
8.384198731812286809e-04
8.335861535888611229e-04
8.287892435092647503e-04
8.240288506271564728e-04
8.193046837201567456e-04
8.146164527107480069e-04
8.099638687211196952e-04
8.053466441220180627e-04
8.007644925764889621e-04
7.962171290920583289e-04
7.917042700544829614e-04
7.872256332712712634e-04
7.827809380094308267e-04
7.783699050261105867e-04
7.739922566087908962e-04
7.696477165968218515e-04
7.653360104207251879e-04
7.610568651181814914e-04
7.568100093657825767e-04
7.525951735041225277e-04
7.484120895508983295e-04
7.442604912319961130e-04
7.401401139892627157e-04
7.360506950058187670e-04
7.319919732178270522e-04
7.279636893287033672e-04
7.239655858237714625e-04
7.199974069791448272e-04
7.160588988748273209e-04
7.121498094055933592e-04
7.082698882818760922e-04
7.044188870470868835e-04
7.005965590742846416e-04
6.968026595803866741e-04
6.930369456199514389e-04
6.892991760989453098e-04
6.855891117714119076e-04
6.819065152419145903e-04
6.782511509688671225e-04
6.746227852594266494e-04
6.710211862783754810e-04
6.674461240339102375e-04
6.638973703891881684e-04
6.603746990525571903e-04
6.568778855740031730e-04
6.534067073433735828e-04
6.499609435899333931e-04
6.465403753712628543e-04
6.431447855705929584e-04
6.397739588954731715e-04
6.364276818637826239e-04
6.331057428046182878e-04
6.298079318471927479e-04
6.265340409183917103e-04
6.232838637276749694e-04
6.200571957672984524e-04
6.168538342974372313e-04
6.136735783452973436e-04
6.105162286864640464e-04
6.073815878471222618e-04
6.042694600854048304e-04
6.011796513867295744e-04
5.981119694540293352e-04
5.950662236957615647e-04
5.920422252181367639e-04
5.890397868142382976e-04
5.860587229495894945e-04
5.830988497612654697e-04
5.801599850363547972e-04
5.772419482061863505e-04
5.743445603365593399e-04
5.714676441148647257e-04
5.686110238374286752e-04
5.657745254032953142e-04
5.629579762940206678e-04
5.601612055727844819e-04
5.573840438639621198e-04
5.546263233482395805e-04
5.518878777446278860e-04
5.491685423060221893e-04
5.464681537978854919e-04
5.437865504989147780e-04
5.411235721768381524e-04
5.384790600833078145e-04
5.358528569432419175e-04
5.332448069383932676e-04
5.306547556978014057e-04
5.280825502858021991e-04
5.255280391891492542e-04
5.229910723096864444e-04
5.204715009443638962e-04
5.179691777794648289e-04
5.154839568790592352e-04
5.130156936685725810e-04
5.105642449283465112e-04
5.081294687767634599e-04
5.057112246618089557e-04
5.033093733504134804e-04
5.009237769140195695e-04
4.985542987159252704e-04
4.962008034052889371e-04
4.938631568998097521e-04
4.915412263779561641e-04
4.892348802649770789e-04
4.869439882244641637e-04
4.846684211428087252e-04
4.824080511232065049e-04
4.801627514703366018e-04
4.779323966808135538e-04
4.757168624323071526e-04
4.735160255719961242e-04
4.713297641056879428e-04
4.691579571880488686e-04
4.670004851108355837e-04
4.648572292900166048e-04
4.627280722602211682e-04
4.606128976596401969e-04
4.585115902211445160e-04
4.564240357629589795e-04
4.543501211757838831e-04
4.522897344145793141e-04
4.502427644874629209e-04
4.482091014466060841e-04
4.461886363746891959e-04
4.441812613804607679e-04
4.421868695843045316e-04
4.402053551100237883e-04
4.382366130748494015e-04
4.362805395814461917e-04
4.343370317045902596e-04
4.324059874847296925e-04
4.304873059179925576e-04
4.285808869455287606e-04
4.266866314455164400e-04
4.248044412245022272e-04
4.229342190058549278e-04
4.210758684219939596e-04
4.192292940068398366e-04
4.173944011844898938e-04
4.155710962627789939e-04
4.137592864215111632e-04
4.119588797069084762e-04
4.101697850205088258e-04
4.083919121127266294e-04
4.066251715741930894e-04
4.048694748237657848e-04
4.031247341065302692e-04
4.013908624800333058e-04
3.996677738087317522e-04
3.979553827557769097e-04
3.962536047756870516e-04
3.945623561025790593e-04
3.928815537492802434e-04
3.912111154926734002e-04
3.895509598694779640e-04
3.879010061687004907e-04
3.862611744234190070e-04
3.846313854023453160e-04
3.830115606051620603e-04
3.814016222518645804e-04
3.798014932785420683e-04
3.782110973264973808e-04
3.766303587415809062e-04
3.750592025575372190e-04
3.734975545000018826e-04
3.719453409696260593e-04
3.704024890431867334e-04
3.688689264609301688e-04
3.673445816236853290e-04
3.658293835842041375e-04
3.643232620416103629e-04
3.628261473349603250e-04
3.613379704350272448e-04
3.598586629409705751e-04
3.583881570721203502e-04
3.569263856599835805e-04
3.554732821473560733e-04
3.540287805767761142e-04
3.525928155871937975e-04
3.511653224075317326e-04
3.497462368506898400e-04
3.483354953071060578e-04
3.469330347420918059e-04
3.455387926833974888e-04
3.441527072225447625e-04
3.427747170059447512e-04
3.414047612293469314e-04
3.400427796327321062e-04
3.386887124949833350e-04
3.373425006276686844e-04
3.360040853714885145e-04
3.346734085889480070e-04
3.333504126608044515e-04
3.320350404800720412e-04
3.307272354464707576e-04
3.294269414617634339e-04
3.281341029255369079e-04
3.268486647292068170e-04
3.255705722515767064e-04
3.242997713537310034e-04
3.230362083750382141e-04
3.217798301262675409e-04
3.205305838882566150e-04
3.192884174036958456e-04
3.180532788740197958e-04
3.168251169576308257e-04
3.156038807601291296e-04
3.143895198336466024e-04
3.131819841697414120e-04
3.119812241987318657e-04
3.107871907828130276e-04
3.095998352111717367e-04
3.084191091968779830e-04
3.072449648731101490e-04
3.060773547887141177e-04
3.049162319028742019e-04
3.037615495833367874e-04
3.026132615995269504e-04
3.014713221221043682e-04
3.003356857154138027e-04
2.992063073361528325e-04
2.980831423289309612e-04
