-9.124233440019503174e+11
1.175728950542596074e-01
1.155485255270352063e-01
1.131489017516109641e-01
1.109809060384763235e-01
1.090843831610501802e-01
1.074637194321392819e-01
1.060726588780225299e-01
1.048473003930450176e-01
1.037273156626770110e-01
1.026640179321414159e-01
1.016214455374515602e-01
1.005746619733689506e-01
9.950735459551740547e-02
9.840958829368418037e-02
9.727598181379404352e-02
9.610432626992349014e-02
9.489457840878090522e-02
9.364814356778961013e-02
9.236737180719023499e-02
9.105520646747056190e-02
8.971493988216350246e-02
8.835004372388910454e-02
8.696405113738636672e-02
8.556047483002782172e-02
8.414275023729400615e-02
8.271419630674081702e-02
8.127798878895342582e-02
7.983714251754037150e-02
7.839450023903316023e-02
7.695272628300964257e-02
7.551430385716795257e-02
7.408153508789361297e-02
7.265654315762404281e-02
7.124127604973207184e-02
6.983751152400241580e-02
6.844686302598868011e-02
6.707078629255835978e-02
6.571058646018901328e-02
6.436742551662311129e-02
6.304232996381831100e-02
6.173619858216650158e-02
6.044981020428519258e-02
5.918383142241268047e-02
5.793882416676221503e-02
5.671525310368519257e-02
5.551349281275652636e-02
5.433383471060326819e-02
5.317649369686905381e-02
5.204161450451505466e-02
5.092927774231603699e-02
4.983950562235905934e-02
4.877226736961359777e-02
4.772748431406648173e-02
4.670503466910158608e-02
4.570475800209949924e-02
4.472645940502761874e-02
4.376991337495983458e-02
4.283486741490571958e-02
4.192104536687324412e-02
4.102815048925778640e-02
4.015586829143247272e-02
3.930386913824390760e-02
3.847181063744398166e-02
3.765933982289104698e-02
3.686609514600025506e-02
3.609170828795971175e-02
3.533580580441086916e-02
3.459801061429379487e-02
3.387794334374838456e-02
3.317522353575741434e-02
3.248947073537156172e-02
3.182030546017844408e-02
3.116735006494808502e-02
3.053022950880501796e-02
2.990857203302588196e-02
2.930200975677688113e-02
2.871017919777796301e-02
2.813272172443070929e-02
2.756928394529190030e-02
2.701951804172297855e-02
2.648308204866722804e-02
2.595964008856910255e-02
2.544886256271561287e-02
2.495042630428923047e-02
2.446401469668368911e-02
2.398931776075796662e-02
2.352603221413307466e-02
2.307386150547596770e-02
2.263251582642622495e-02
2.220171210371857384e-02
2.178117397366952090e-02
2.137063174103337460e-02
2.096982232428334925e-02
2.057848918878324440e-02
2.019638226960651650e-02
1.982325788524263999e-02
1.945887864361672825e-02
1.910301334139541396e-02
1.875543685786196235e-02
1.841593004402475309e-02
1.808427960805758516e-02
1.776027799766177750e-02
1.744372328012611106e-02
1.713441902065859779e-02
1.683217415955451379e-02
1.653680288869963100e-02
1.624812452778234828e-02
1.596596340070344233e-02
1.569014871244656106e-02
1.542051442669034600e-02
1.515689914453322018e-02
1.489914598442432236e-02
1.464710246362876944e-02
1.440062038127853938e-02
1.415955570323235158e-02
1.392376844889464671e-02
1.369312257995947135e-02
1.346748589134660889e-02
1.324672990427044894e-02
1.303072976151198326e-02
1.281936412503048572e-02
1.261251507581406806e-02
1.241006801605748500e-02
1.221191157370515867e-02
1.201793750930058025e-02
1.182804062515785404e-02
1.164211867686804069e-02
1.146007228710099746e-02
1.128180486166829866e-02
1.110722250786344567e-02
1.093623395500897821e-02
1.076875047719383360e-02
1.060468581817586298e-02
1.044395611837689586e-02
1.028647984398234350e-02
1.013217771806496081e-02
9.980972653689246243e-03
9.832789688978715859e-03
9.687555924110968775e-03
9.545200460110203622e-03
9.405654339519342599e-03
9.268850488839852630e-03
9.134723662628907448e-03
9.003210389382010348e-03
8.874248918962379662e-03
8.747779171680791777e-03
8.623742688902202858e-03
8.502082585163384110e-03
8.382743501756939608e-03
8.265671561722864880e-03
8.150814326265409804e-03
8.038120752453803419e-03
7.927541152268791080e-03
7.819027152890623000e-03
7.712531658226717823e-03
7.608008811605726507e-03
7.505413959668638668e-03
7.404703617323704634e-03
7.305835433815799362e-03
7.208768159844947121e-03
7.113461615704030905e-03
7.019876660381285660e-03
6.927975161638011414e-03
6.837719967011324229e-03
6.749074875708416243e-03
6.662004611358574024e-03
6.576474795621622960e-03
6.492451922599729031e-03
6.409903334043232093e-03
6.328797195319424418e-03
6.249102472105860784e-03
6.170788907822633007e-03
6.093827001738105764e-03
6.018187987743228717e-03
5.943843813795757214e-03
5.870767121963993418e-03
5.798931229098469586e-03
5.728310108084944119e-03
5.658878369660280683e-03
5.590611244795207213e-03
5.523484567593328620e-03
5.457474758713498630e-03
5.392558809301561951e-03
5.328714265381062631e-03
5.265919212740666211e-03
5.204152262251460215e-03
5.143392535644775165e-03
5.083619651690574059e-03
5.024813712802833621e-03
4.966955292043051529e-03
4.910025420502783788e-03
4.854005575063879974e-03
4.798877666507994633e-03
4.744624028004906791e-03
4.691227403900377624e-03
4.638670938866384930e-03
4.586938167341347850e-03
4.536013003306527125e-03
4.485879730329100923e-03
4.436522991921654224e-03
4.387927782165235158e-03
4.340079436598420770e-03
4.292963623390155803e-03
4.246566334748624882e-03
4.200873878572375375e-03
4.155872870363674920e-03
4.111550225342375242e-03
4.067893150810908409e-03
4.024889138719789372e-03
3.982525958442284519e-03
3.940791649769348481e-03
3.899674516085305243e-03
3.859163117734931703e-03
3.819246265592379785e-03
3.779913014795077686e-03
3.741152658654156582e-03
3.702954722738960314e-03
3.665308959122537402e-03
3.628205340788115407e-03
3.591634056183456991e-03
3.555585503931757430e-03
3.520050287687759294e-03
3.485019211130424566e-03
3.450483273090387826e-03
3.416433662819517991e-03
3.382861755375499158e-03
3.349759107145633408e-03
3.317117451473894363e-03
3.284928694431643592e-03
3.253184910663842189e-03
3.221878339391803792e-03
3.191001380481006677e-03
3.160546590637025588e-03
3.130506679704492257e-03
3.100874507048656525e-03
3.071643078039976160e-03
3.042805540635740158e-03
3.014355182044958781e-03
2.986285425487178458e-03
2.958589827022350960e-03
2.931262072483731274e-03
2.904295974473170006e-03
2.877685469435009580e-03
2.851424614826125747e-03
2.825507586330155974e-03
2.799928675161211800e-03
2.774682285433760498e-03
2.749762931595345350e-03
2.725165235927917706e-03
2.700883926119113099e-03
2.676913832872829246e-03
2.653249887614617109e-03
2.629887120221940933e-03
2.606820656831487781e-03
2.584045717693106425e-03
2.561557615083920325e-03
2.539351751263740908e-03
2.517423616495761962e-03
2.495768787101226849e-03
2.474382923573381632e-03
2.453261768733616677e-03
2.432401145936680109e-03
2.411796957306533429e-03
2.391445182040374817e-03
2.371341874727317389e-03
2.351483163725021086e-03
2.331865249568965126e-03
2.312484403425463242e-03
2.293336965576209252e-03
2.274419343941014304e-03
2.255728012636959434e-03
2.237259510574185484e-03
2.219010440081214952e-03
2.200977465563136448e-03
2.183157312199091038e-03
2.165546764659520562e-03
2.148142665858054912e-03
2.130941915743145287e-03
2.113941470098357200e-03
2.097138339387072392e-03
2.080529587618729082e-03
2.064112331237710762e-03
2.047883738049094404e-03
2.031841026152836349e-03
2.015981462919258504e-03
2.000302363978745390e-03
1.984801092233201558e-03
1.969475056901703880e-03
1.954321712575257664e-03
1.939338558297087900e-03
1.924523136668021550e-03
1.909873032967857043e-03
1.895385874299604367e-03
1.881059328750600557e-03
1.866891104570278515e-03
1.852878949378133910e-03
1.839020649373246385e-03
1.825314028573110647e-03
1.811756948064235928e-03
1.798347305274505814e-03
1.785083033252421458e-03
1.771962099973878324e-03
1.758982507653827909e-03
1.746142292084140735e-03
1.733439521972357511e-03
1.720872298311304505e-03
1.708438753742713700e-03
1.696137051955481923e-03
1.683965387084818133e-03
1.671921983122270916e-03
1.660005093349958827e-03
1.648212999776799137e-03
1.636544012589613573e-03
1.624996469621553530e-03
1.613568735820747335e-03
1.602259202744926725e-03
1.591066288050280164e-03
1.579988435006729475e-03
1.569024112013650551e-03
1.558171812130915157e-03
1.547430052613485429e-03
1.536797374463994004e-03
1.526272341991985471e-03
1.515853542379819174e-03
1.505539585254567214e-03
1.495329102283227130e-03
1.485220746759274846e-03
1.475213193207425277e-03
1.465305136996608582e-03
1.455495293956277081e-03
1.445782400002926238e-03
1.436165210776607637e-03
1.426642501284103304e-03
1.417213065543876382e-03
1.407875716247231068e-03
1.398629284419472540e-03
1.389472619089726635e-03
1.380404586970751524e-03
1.371424072142746198e-03
1.362529975739379395e-03
1.353721215648473475e-03
1.344996726213354421e-03
1.336355457941973413e-03
1.327796377217582702e-03
1.319318466025398706e-03
1.310920721671715583e-03
1.302602156520116239e-03
1.294361797725462893e-03
1.286198686975437155e-03
1.278111880240073717e-03
1.270100447518629494e-03
1.262163472604660441e-03
1.254300052835111146e-03
1.246509298870490667e-03
1.238790334455508457e-03
1.231142296197695885e-03
1.223564333349580480e-03
1.216055607587973597e-03
1.208615292805914621e-03
1.201242574902394722e-03
1.193936651579408093e-03
1.186696732144110200e-03
1.179522037308533555e-03
1.172411799001515931e-03
1.165365260179962448e-03
1.158381674637443126e-03
1.151460306833884673e-03
1.144600431707720745e-03
1.137801334506693962e-03
1.131062310612440669e-03
1.124382665379064505e-03
1.117761713961273884e-03
1.111198781156064186e-03
1.104693201243955869e-03
1.098244317831342798e-03
1.091851483700390091e-03
1.085514060657377655e-03
1.079231419384152346e-03
1.073002939298017822e-03
1.066828008403630790e-03
1.060706023159108113e-03
1.054636388337248931e-03
1.048618516892307895e-03
1.042651829825880228e-03
1.036735756061224478e-03
1.030869732313144382e-03
1.025053202966086374e-03
1.019285619950238697e-03
1.013566442621405272e-03
1.007895137643766148e-03
1.002271178873526125e-03
9.966940472472263224e-04
9.911632306665030256e-04
9.856782238897299209e-04
9.802385284283232636e-04
9.748436524350534427e-04
9.694931106030146850e-04
9.641864240639286265e-04
9.589231202882242400e-04
9.537027329833414058e-04
9.485248020026926241e-04
9.433888732464090765e-04
9.382944985669716687e-04
9.332412356835018130e-04
9.282286480856161148e-04
9.232563049477171546e-04
9.183237810423960923e-04
9.134306566536132266e-04
9.085765174947635359e-04
9.037609546227454160e-04
8.989835643613552918e-04
8.942439482173547560e-04
8.895417128069738055e-04
8.848764697744204710e-04
8.802478357183840529e-04
8.756554321176501787e-04
8.710988852591583509e-04
8.665778261638390489e-04
8.620918905177799019e-04
8.576407186016155038e-04
8.532239552245801661e-04
8.488412496558961351e-04
8.444922555574940759e-04
8.401766309227287621e-04
8.358940380097656941e-04
8.316441432798526989e-04
8.274266173371458422e-04
8.232411348656487604e-04
8.190873745708149301e-04
8.149650191231483376e-04
8.108737550966971241e-04
8.068132729153187910e-04
8.027832667956147361e-04
7.987834346936395491e-04
7.948134782500559936e-04
7.908731027364002131e-04
7.869620170046776053e-04
7.830799334349602958e-04
7.792265678865373246e-04
7.754016396450680304e-04
7.716048713777290402e-04
7.678359890834762780e-04
7.640947220444171961e-04
7.603808027834002559e-04
7.566939670122785344e-04
7.530339535943841867e-04
7.494005044936802307e-04
7.457933647354586526e-04
7.422122823601551289e-04
7.386570083867116665e-04
7.351272967643929235e-04
7.316229043365929385e-04
7.281435907990907452e-04
7.246891186609705215e-04
7.212592532059858286e-04
7.178537624528136263e-04
7.144724171195271367e-04
7.111149905847380381e-04
7.077812588536236404e-04
7.044710005177368117e-04
7.011839967243638228e-04
6.979200311389988087e-04
6.946788899109268556e-04
6.914603616419157106e-04
6.882642373500225119e-04
6.850903104393957221e-04
6.819383766663023039e-04
6.788082341089296534e-04
6.756996831349670884e-04
6.726125263718518710e-04
6.695465686756829626e-04
6.665016171025772707e-04
6.634774808791377154e-04
6.604739713711449411e-04
6.574909020586883202e-04
6.545280885077442434e-04
6.515853483390898759e-04
6.486625012056546069e-04
6.457593687625440282e-04
6.428757746430591169e-04
6.400115444300524814e-04
6.371665056335018562e-04
6.343404876636427048e-04
6.315333218054330899e-04
6.287448411963492134e-04
6.259748807995180186e-04
6.232232773830670425e-04
6.204898694950333748e-04
6.177744974411591983e-04
6.150770032602448367e-04
6.123972307037206519e-04
6.097350252154409844e-04
6.070902339054828900e-04
6.044627055321605269e-04
6.018522904807088736e-04
5.992588407408572238e-04
5.966822098875113056e-04
5.941222530623235798e-04
5.915788269501565111e-04
