2.273222801026943054e+11
5.080865739498774403e-02
3.248931629948437205e-02
2.039747553652793144e-02
1.376551628801703231e-02
1.015251326299004830e-02
8.261181185717170194e-03
7.383460717321987943e-03
7.114195780677068370e-03
7.212546062310920547e-03
7.530971505623540452e-03
7.977004121260122815e-03
8.491756190720955999e-03
9.037361535011445568e-03
9.589389560823669001e-03
1.013213608596119641e-02
1.065563491537169227e-02
1.115372765342437233e-02
1.162279912349140076e-02
1.206093910404915093e-02
1.246738118607915169e-02
1.284212400641848717e-02
1.318567378021473502e-02
1.349886826533452933e-02
1.378275585456112395e-02
1.403851227448216221e-02
1.426738311884179211e-02
1.447064424289923323e-02
1.464957457732785073e-02
1.480543762093944338e-02
1.493946902353382455e-02
1.505286845533415629e-02
1.514679449872691208e-02
1.522236167145685215e-02
1.528063894979414528e-02
1.532264934240945564e-02
1.534937019389337465e-02
1.536173398806273127e-02
1.536062948594807409e-02
1.534690308012542914e-02
1.532136028042252462e-02
1.528476727059668860e-02
1.523785249262354924e-02
1.518130822882302056e-02
1.511579216072234111e-02
1.504192889057609506e-02
1.496031141650333574e-02
1.487150255562741386e-02
1.477603631220869573e-02
1.467441918954914826e-02
1.456713144593879683e-02
1.445462829537014215e-02
1.433734105486816901e-02
1.421567824014591253e-02
1.409002661194946882e-02
1.396075217517567246e-02
1.382820113307614562e-02
1.369270079891515834e-02
1.355456046702263606e-02
1.341407224556423472e-02
1.327151185275177170e-02
1.312713937849596668e-02
1.298120001321456662e-02
1.283392474529709837e-02
1.268553102889535822e-02
1.253622342328819528e-02
1.238619420523745518e-02
1.223562395545196857e-02
1.208468212039459644e-02
1.193352755038978863e-02
1.178230901508792172e-02
1.163116569716926563e-02
1.148022766521616944e-02
1.132961632655438144e-02
1.117944486076161148e-02
1.102981863476770741e-02
1.088083560006358752e-02
1.073258667281828949e-02
1.058515609747656683e-02
1.043862179448451499e-02
1.029305569274230336e-02
1.014852404735266944e-02
1.000508774317365734e-02
9.862802584790442140e-03
9.721719573338560849e-03
9.581885170720783051e-03
9.443341551705231041e-03
9.306126844317974545e-03
9.170275359050794606e-03
9.035817807313772931e-03
8.902781509469326338e-03
8.771190592996580548e-03
8.641066181071410668e-03
8.512426572028664040e-03
8.385287410016317722e-03
8.259661847272337099e-03
8.135560698296462334e-03
8.012992586373668402e-03
7.891964082609614906e-03
7.772479838006329800e-03
7.654542708668721218e-03
7.538153874633524154e-03
7.423312952453464675e-03
7.310018101917226119e-03
7.198266127116159652e-03
7.088052572137737428e-03
6.979371811624002220e-03
6.872217136434155549e-03
6.766580834643098896e-03
6.662454268114847977e-03
6.559827944777385511e-03
6.458691586953779762e-03
6.359034195762447439e-03
6.260844111972030390e-03
6.164109073265366945e-03
6.068816268303578454e-03
5.974952387581167201e-03
5.882503671352123931e-03
5.791455954676116846e-03
5.701794709823015950e-03
5.613505086089043417e-03
5.526571947215064284e-03
5.440979906516929532e-03
5.356713359793818796e-03
5.273756516233962799e-03
5.192093427325739086e-03
5.111708013947779961e-03
5.032584091664737969e-03
4.954705394413672082e-03
4.878055596591490684e-03
4.802618333657138194e-03
4.728377221352886295e-03
4.655315873578258490e-03
4.583417919019616704e-03
4.512667016593141511e-03
4.443046869783362496e-03
4.374541239895002320e-03
4.307133958354913972e-03
4.240808938029694275e-03
4.175550183701970397e-03
4.111341801673606966e-03
4.048168008603303392e-03
3.986013139616328971e-03
3.924861655687950091e-03
3.864698150394474396e-03
3.805507356046344825e-03
3.747274149229040674e-03
3.689983555810183447e-03
3.633620755443933703e-03
3.578171085574011201e-03
3.523620045013275970e-03
3.469953297064565234e-03
3.417156672299359599e-03
3.365216170913232219e-03
3.314117964771989833e-03
3.263848399119195776e-03
3.214393993973052588e-03
3.165741445263492437e-03
3.117877625691489740e-03
3.070789585332134308e-03
3.024464552037864351e-03
2.978889931600781082e-03
2.934053307733996974e-03
2.889942441857584754e-03
2.846545272732425857e-03
2.803849915910427981e-03
2.761844663066614913e-03
2.720517981170011979e-03
2.679858511555499589e-03
2.639855068853336206e-03
2.600496639850069513e-03
2.561772382216886967e-03
2.523671623170908873e-03
2.486183858051660422e-03
2.449298748826711503e-03
2.413006122523597696e-03
2.377295969609338755e-03
2.342158442321107259e-03
2.307583852925176870e-03
2.273562671968987203e-03
2.240085526465485088e-03
2.207143198059924316e-03
2.174726621154920991e-03
2.142826881036397069e-03
2.111435211940682066e-03
2.080542995140710616e-03
2.050141756995582654e-03
2.020223166998347253e-03
1.990779035812462183e-03
1.961801313299815774e-03
1.933282086557186474e-03
1.905213577943376535e-03
1.877588143100572537e-03
1.850398269002795359e-03
1.823636571976150478e-03
1.797295795765263549e-03
1.771368809572626546e-03
1.745848606125699476e-03
1.720728299762441793e-03
1.696001124507295899e-03
1.671660432182253686e-03
1.647699690525250560e-03
1.624112481313666478e-03
1.600892498525352536e-03
1.578033546499435502e-03
1.555529538125322020e-03
1.533374493040362552e-03
1.511562535859711787e-03
1.490087894415070835e-03
1.468944898023849532e-03
1.448127975764101905e-03
1.427631654784766724e-03
1.407450558633449589e-03
1.387579405595529281e-03
1.368013007074786458e-03
1.348746265976030756e-03
1.329774175120368440e-03
1.311091815678011585e-03
1.292694355632395542e-03
1.274577048249403433e-03
1.256735230588335028e-03
1.239164322020647191e-03
1.221859822775339666e-03
1.204817312511208272e-03
1.188032448901088500e-03
1.171500966245631048e-03
1.155218674112168387e-03
1.139181455980242674e-03
1.123385267928878051e-03
1.107826137328737914e-03
1.092500161560039373e-03
1.077403506758223273e-03
1.062532406572946897e-03
1.047883160947726822e-03
1.033452134924672805e-03
1.019235757468539560e-03
1.005230520309208231e-03
9.914329767972684948e-04
9.778397407951278097e-04
9.644474855736717700e-04
9.512529427335714161e-04
9.382529011408013986e-04
9.254442058952427885e-04
9.128237572895159246e-04
9.003885098206598769e-04
8.881354711920419476e-04
8.760617013436888811e-04
8.641643115023800448e-04
8.524404632468396414e-04
8.408873675813666182e-04
8.295022840409949083e-04
8.182825198013166101e-04
8.072254288087332696e-04
7.963284109291368651e-04
7.855889111039182637e-04
7.750044185310667189e-04
7.645724658571495524e-04
7.542906283757311314e-04
7.441565232615410252e-04
7.341678087955383347e-04
7.243221836186197748e-04
7.146173859919890958e-04
7.050511930830616336e-04
6.956214202411548087e-04
6.863259203169214118e-04
6.771625829671279462e-04
6.681293339887428573e-04
6.592241346596861007e-04
6.504449810968981893e-04
6.417899036152974190e-04
6.332569661129383576e-04
6.248442654555041997e-04
6.165499308774524678e-04
6.083721233984817900e-04
6.003090352426632137e-04
5.923588892753350876e-04
5.845199384466592818e-04
5.767904652442812363e-04
5.691687811646417572e-04
5.616532261827344996e-04
5.542421682398490645e-04
5.469340027384195224e-04
5.397271520453106319e-04
5.326200650104251366e-04
5.256112164790938124e-04
5.186991068366619828e-04
5.118822615404194920e-04
5.051592306715146918e-04
4.985285884933077227e-04
4.919889330183835341e-04
4.855388855802278414e-04
4.791770904173375811e-04
4.729022142617722579e-04
4.667129459425822802e-04
4.606079959810216451e-04
4.545860962128500660e-04
4.486459994048619393e-04
4.427864788814073194e-04
4.370063281593505877e-04
4.313043605894684163e-04
4.256794090051752022e-04
4.201303253743571275e-04
4.146559804623084489e-04
4.092552634993307237e-04
4.039270818529949736e-04
3.986703607097297208e-04
3.934840427570751586e-04
3.883670878781497748e-04
3.833184728481153769e-04
3.783371910388577675e-04
3.734222521212249291e-04
3.685726817881374018e-04
3.637875214659302969e-04
3.590658280434588789e-04
3.544066736005380136e-04
3.498091451401563745e-04
3.452723443344574150e-04
3.407953872598401546e-04
3.363774041549305593e-04
3.320175391692270495e-04
3.277149501248466379e-04
3.234688082733860881e-04
3.192782980712127738e-04
3.151426169467619331e-04
3.110609750769377513e-04
3.070325951635144435e-04
3.030567122230820587e-04
2.991325733732175252e-04
2.952594376210981864e-04
2.914365756629955229e-04
2.876632696831027403e-04
2.839388131536946247e-04
2.802625106455014503e-04
2.766336776367506189e-04
2.730516403253169244e-04
2.695157354499766456e-04
2.660253101056664349e-04
2.625797215707326160e-04
2.591783371337363917e-04
2.558205339238117659e-04
2.525056987401352870e-04
2.492332278938302892e-04
2.460025270436538847e-04
2.428130110401216513e-04
2.396641037676339181e-04
2.365552379963720142e-04
2.334858552284213573e-04
2.304554055567731297e-04
2.274633475145559913e-04
2.245091479378125143e-04
2.215922818300519737e-04
2.187122322139245512e-04
2.158684900124274719e-04
2.130605539041319219e-04
2.102879302037230502e-04
2.075501327296613852e-04
2.048466826809480779e-04
2.021771085152224146e-04
1.995409458286356852e-04
1.969377372375014090e-04
1.943670322619439617e-04
1.918283872108794696e-04
1.893213650763225786e-04
1.868455354148146341e-04
1.844004742463933866e-04
1.819857639435706886e-04
1.796009931309683338e-04
1.772457565811791369e-04
1.749196551159570845e-04
1.726222955051870400e-04
1.703532903700732959e-04
1.681122580918792409e-04
1.658988227124513770e-04
1.637126138476219239e-04
1.615532665921737276e-04
1.594204214361294447e-04
1.573137241721589419e-04
1.552328258143109707e-04
1.531773825125259947e-04
1.511470554693694623e-04
1.491415108563209913e-04
1.471604197411657822e-04
1.452034580022854016e-04
1.432703062547169282e-04
1.413606497739916534e-04
1.394741784208619606e-04
1.376105865715793186e-04
1.357695730412888935e-04
1.339508410151957207e-04
1.321540979810631455e-04
1.303790556579365045e-04
1.286254299306399673e-04
1.268929407842733781e-04
1.251813122384870525e-04
1.234902722841990652e-04
1.218195528209786715e-04
1.201688895950958624e-04
1.185380221400134104e-04
1.169266937162127817e-04
1.153346512536845836e-04
1.137616452908662978e-04
1.122074299246822449e-04
1.106717627503694956e-04
1.091544048066328543e-04
1.076551205241305098e-04
1.061736776724053755e-04
1.047098473070384728e-04
1.032634037194668508e-04
1.018341243865794610e-04
1.004217899214232546e-04
9.902618402479745896e-05
9.764709343729194302e-05
9.628430789354602837e-05
9.493762007517503321e-05
9.360682556547317290e-05
9.229172280522668359e-05
9.099211304897103503e-05
8.970780032280245564e-05
8.843859137908083312e-05
8.718429565846008700e-05
8.594472524570129224e-05
8.471969483236918563e-05
8.350902167642004770e-05
8.231252556023527234e-05
8.113002875664854230e-05
7.996135598875575567e-05
7.880633439305562149e-05
7.766479348414456751e-05
7.653656511719120203e-05
7.542148345507371232e-05
7.431938493018819258e-05
7.323010821380648849e-05
7.215349418121519420e-05
7.108938587707669399e-05
7.003762848589722978e-05
6.899806929760998742e-05
6.797055767804316417e-05
6.695494503627941185e-05
6.595108479467981510e-05
6.495883236157240503e-05
6.397804509661320083e-05
6.300858228702743702e-05
6.205030511474696198e-05
6.110307663265146516e-05
6.016676173348223244e-05
5.924122712364088272e-05
5.832634129876446138e-05
5.742197451330532942e-05
5.652799875832670295e-05
5.564428773285889918e-05
5.477071682324918811e-05
5.390716307340781555e-05
5.305350516437989938e-05
5.220962338881030007e-05
5.137539962740689248e-05
5.055071732695815001e-05
4.973546147524210426e-05
4.892951858215255356e-05
4.813277665349779966e-05
4.734512517412525767e-05
4.656645508149814816e-05
4.579665874882010712e-05
4.503562996216459169e-05
4.428326389938064267e-05
4.353945711366158378e-05
4.280410750978624890e-05
4.207711432657745831e-05
4.135837811869436109e-05
4.064780073487206380e-05
3.994528530304464198e-05
3.925073620925090268e-05
3.856405908053694986e-05
3.788516076896897289e-05
3.721394933098309821e-05
3.655033401295249007e-05
3.589422523386787134e-05
3.524553456824008890e-05
3.460417472722632226e-05
3.397005954930421012e-05
3.334310397717921148e-05
3.272322404668237539e-05
3.211033686878472793e-05
3.150436061716277436e-05
3.090521451021288613e-05
3.031281879950498137e-05
2.972709475246304578e-05
2.914796463993063469e-05
2.857535172196001838e-05
2.800918023382337196e-05
2.744937537224600987e-05
2.689586328186166497e-05
2.634857104188981225e-05
2.580742665481139397e-05
2.527235903193592037e-05
2.474329798074492714e-05
2.422017419356770063e-05
2.370291923492473529e-05
2.319146552776096826e-05
2.268574634634035192e-05
2.218569579826024096e-05
