2.336734097910651855e+11
2.305334212459138499e+00
2.290987356891439397e+00
2.283005548415755204e+00
2.278548760122059313e+00
2.275691835874311231e+00
2.273455285297192319e+00
2.271328291550555711e+00
2.269043887814282900e+00
2.266464772343494971e+00
2.263523438988215730e+00
2.260190438804620783e+00
2.256457353011040112e+00
2.252327516657937956e+00
2.247810877456799972e+00
2.242921096873659259e+00
2.237673888306765058e+00
2.232086049097273150e+00
2.226174887355732768e+00
2.219957876199370350e+00
2.213452440317682068e+00
2.206675820260076470e+00
2.199644982850831099e+00
2.192376559385428081e+00
2.184886800956079789e+00
2.177191544743536156e+00
2.169306187730867030e+00
2.161245665814409023e+00
2.153024437157937676e+00
2.144656469124389453e+00
2.136155228384593485e+00
2.127533673937717751e+00
2.118804252841099078e+00
2.109978898470726172e+00
2.101069031137604348e+00
2.092085560881041140e+00
2.083038892253470387e+00
2.073938930906529698e+00
2.064795091785455838e+00
2.055616308739847575e+00
2.046411045362301451e+00
2.037187306873210701e+00
2.027952652877974327e+00
2.018714210833756795e+00
2.009478690073699614e+00
2.000252396248654918e+00
1.991041246058995462e+00
1.981850782161207025e+00
1.972686188146297814e+00
1.963552303498585117e+00
1.954453638454895170e+00
1.945394388694364540e+00
1.936378449799293300e+00
1.927409431436177156e+00
1.918490671214732934e+00
1.909625248189996460e+00
1.900815995979632689e+00
1.892065515474673276e+00
1.883376187127280055e+00
1.874750182804126197e+00
1.866189477198072488e+00
1.857695858794654820e+00
1.849270940393091145e+00
1.840916169184149354e+00
1.832632836389783915e+00
1.824422086471231275e+00
1.816284925913992598e+00
1.808222231599497132e+00
1.800234758774276855e+00
1.792323148628367280e+00
1.784487935495291833e+00
1.776729553686454910e+00
1.769048343973168347e+00
1.761444559729536286e+00
1.753918372749731835e+00
1.746469878752981764e+00
1.739099102589581447e+00
1.731806003161027618e+00
1.724590478067134391e+00
1.717452367992764906e+00
1.710391460846393485e+00
1.703407495662491389e+00
1.696500166279232280e+00
1.689669124802755551e+00
1.682913984868667612e+00
1.676234324711256551e+00
1.669629690050315585e+00
1.663099596805113878e+00
1.656643533644736710e+00
1.650260964383500228e+00
1.643951330229763697e+00
1.637714051896185241e+00
1.631548531578976613e+00
1.625454154813399832e+00
1.619430292212387545e+00
1.613476301094835197e+00
1.607591527009775145e+00
1.601775305162349339e+00
1.596026961747114559e+00
1.590345815194074586e+00
1.584731177332382668e+00
1.579182354476532657e+00
1.573698648439478376e+00
1.568279357477019076e+00
1.562923777167425143e+00
1.557631201230117668e+00
1.552400922287040075e+00
1.547232232570078914e+00
1.542124424577768327e+00
1.537076791684330868e+00
1.532088628703841771e+00
1.527159232412343748e+00
1.522287902030322382e+00
1.517473939668069205e+00
1.512716650736090296e+00
1.508015344322816809e+00
1.503369333541495934e+00
1.498777935848304432e+00
1.494240473333345420e+00
1.489756272986321628e+00
1.485324666938397264e+00
1.480944992681783035e+00
1.476616593268462507e+00
1.472338817489340368e+00
1.468111020035114844e+00
1.463932561640019170e+00
1.459802809209566732e+00
1.455721135933283339e+00
1.451686921383500639e+00
1.447699551601040469e+00
1.443758419168715390e+00
1.439862923273452555e+00
1.436012469757786070e+00
1.432206471161471262e+00
1.428444346753869887e+00
1.424725522557786395e+00
1.421049431365293048e+00
1.417415512746179385e+00
1.413823213049499872e+00
1.410271985398743988e+00
1.406761289681104588e+00
1.403290592531247327e+00
1.399859367310044789e+00
1.396467094078617910e+00
1.393113259568071971e+00
1.389797357145282186e+00
1.386518886774986914e+00
1.383277354978582618e+00
1.380072274789826636e+00
1.376903165707740850e+00
1.373769553646972286e+00
1.370670970885811801e+00
1.367606956012135111e+00
1.364577053867428669e+00
1.361580815489109364e+00
1.358617798051318548e+00
1.355687564804333167e+00
1.352789685012813159e+00
1.349923733892934186e+00
1.347089292548639961e+00
1.344285947907069456e+00
1.341513292653326417e+00
1.338770925164664227e+00
1.336058449444221585e+00
1.333375475054382919e+00
1.330721617049865912e+00
1.328096495910609187e+00
1.325499737474558515e+00
1.322930972870390853e+00
1.320389838450266584e+00
1.317875975722687221e+00
1.315389031285465027e+00
1.312928656758909352e+00
1.310494508719247442e+00
1.308086248632352122e+00
1.305703542787779226e+00
1.303346062233194047e+00
1.301013482709201030e+00
1.298705484584597558e+00
1.296421752792123128e+00
1.294161976764679034e+00
1.291925850372081630e+00
1.289713071858352933e+00
1.287523343779580554e+00
1.285356372942343839e+00
1.283211870342759742e+00
1.281089551106116442e+00
1.278989134427151564e+00
1.276910343510950119e+00
1.274852905514500812e+00
1.272816551488903603e+00
1.270801016322235855e+00
1.268806038683087278e+00
1.266831360964777664e+00
1.264876729230229868e+00
1.262941893157557560e+00
1.261026605986300009e+00
1.259130624464361414e+00
1.257253708795635916e+00
1.255395622588307170e+00
1.253556132803839374e+00
1.251735009706650859e+00
1.249932026814461139e+00
1.248146960849331411e+00
1.246379591689363853e+00
1.244629702321087494e+00
1.242897078792500665e+00
1.241181510166789792e+00
1.239482788476696351e+00
1.237800708679553274e+00
1.236135068612954857e+00
1.234485668951084358e+00
1.232852313161678426e+00
1.231234807463621017e+00
1.229632960785171036e+00
1.228046584722802148e+00
1.226475493500668312e+00
1.224919503930671505e+00
1.223378435373134732e+00
1.221852109698064570e+00
1.220340351247013677e+00
1.218842986795515060e+00
1.217359845516090999e+00
1.215890758941841954e+00
1.214435560930579028e+00
1.212994087629520656e+00
1.211566177440543068e+00
1.210151670985947892e+00
1.208750411074789977e+00
1.207362242669705488e+00
1.205987012854278673e+00
1.204624570800901573e+00
1.203274767739157314e+00
1.201937456924683012e+00
1.200612493608530507e+00
1.199299735007013368e+00
1.197999040272025750e+00
1.196710270461825765e+00
1.195433288512293357e+00
1.194167959208632057e+00
1.192914149157527026e+00
1.191671726759736982e+00
1.190440562183137319e+00
1.189220527336170896e+00
1.188011495841736487e+00
1.186813343011488664e+00
1.185625945820546256e+00
1.184449182882603813e+00
1.183282934425442967e+00
1.182127082266826612e+00
1.180981509790789419e+00
1.179846101924296065e+00
1.178720745114278046e+00
1.177605327305035532e+00
1.176499737915998489e+00
1.175403867819847514e+00
1.174317609320977285e+00
1.173240856134305954e+00
1.172173503364429159e+00
1.171115447485098882e+00
1.170066586319032043e+00
1.169026819018039731e+00
1.167996046043482172e+00
1.166974169147020124e+00
1.165961091351687351e+00
1.164956716933254199e+00
1.163960951401895594e+00
1.162973701484144362e+00
1.161994875105140101e+00
1.161024381371147829e+00
1.160062130552369064e+00
1.159108034066013371e+00
1.158162004459643901e+00
1.157223955394789616e+00
1.156293801630814411e+00
1.155371459009039592e+00
1.154456844437121710e+00
1.153549875873676855e+00
1.152650472313145213e+00
1.151758553770897642e+00
1.150874041268576287e+00
1.149996856819664348e+00
1.149126923415288770e+00
1.148264165010240090e+00
1.147408506509214110e+00
1.146559873753274283e+00
1.145718193506518157e+00
1.144883393442961639e+00
1.144055402133621779e+00
1.143234149033807157e+00
1.142419564470602333e+00
1.141611579630553042e+00
1.140810126547538106e+00
1.140015138090834768e+00
1.139226547953365420e+00
1.138444290640135304e+00
1.137668301456838504e+00
1.136898516498651368e+00
1.136134872639192439e+00
1.135377307519657819e+00
1.134625759538123502e+00
1.133880167839010245e+00
1.133140472302715418e+00
1.132406613535402951e+00
1.131678532858948261e+00
1.130956172301043949e+00
1.130239474585447157e+00
1.129528383122390123e+00
1.128822841999125970e+00
1.128122795970625925e+00
1.127428190450414425e+00
1.126738971501550113e+00
1.126055085827737612e+00
1.125376480764579856e+00
1.124703104270960763e+00
1.124034904920559574e+00
1.123371831893494877e+00
1.122713834968094293e+00
1.122060864512788081e+00
1.121412871478127515e+00
1.120769807388922290e+00
1.120131624336494269e+00
1.119498274971055141e+00
1.118869712494189983e+00
1.118245890651459407e+00
1.117626763725108496e+00
1.117012286526889664e+00
1.116402414390991638e+00
1.115797103167070370e+00
1.115196309213387416e+00
1.114599989390050672e+00
1.114008101052354593e+00
1.113420602044217445e+00
1.112837450691720464e+00
1.112258605796739852e+00
1.111684026630672895e+00
1.111113672928257134e+00
1.110547504881481462e+00
1.109985483133587358e+00
1.109427568773156736e+00
1.108873723328285266e+00
1.108323908760846965e+00
1.107778087460838945e+00
1.107236222240805867e+00
1.106698276330352337e+00
1.106164213370732785e+00
1.105633997409515956e+00
1.105107592895335999e+00
1.104584964672709058e+00
1.104066077976934679e+00
1.103550898429067617e+00
1.103039392030955801e+00
1.102531525160364234e+00
1.102027264566154852e+00
1.101526577363544090e+00
1.101029431029427963e+00
1.100535793397770634e+00
1.100045632655061612e+00
1.099558917335839991e+00
1.099075616318278659e+00
1.098595698819833988e+00
1.098119134392954610e+00
1.097645892920859900e+00
1.097175944613366871e+00
1.096709260002783015e+00
1.096245809939855098e+00
1.095785565589781463e+00
1.095328498428267849e+00
1.094874580237653383e+00
1.094423783103081194e+00
1.093976079408724988e+00
1.093531441834074025e+00
1.093089843350261825e+00
1.092651257216452843e+00
1.092215656976276206e+00
1.091783016454313637e+00
1.091353309752626899e+00
1.090926511247345854e+00
1.090502595585297163e+00
1.090081537680677171e+00
1.089663312711777188e+00
1.089247896117752967e+00
1.088835263595434588e+00
1.088425391096182970e+00
1.088018254822792352e+00
1.087613831226430294e+00
1.087212097003625422e+00
1.086813029093290917e+00
1.086416604673791086e+00
1.086022801160052120e+00
1.085631596200704152e+00
1.085242967675269510e+00
1.084856893691385160e+00
1.084473352582066008e+00
1.084092322903002170e+00
1.083713783429894661e+00
1.083337713155827942e+00
1.082964091288675990e+00
1.082592897248544794e+00
1.082224110665250150e+00
1.081857711375824982e+00
1.081493679422067311e+00
1.081131995048115968e+00
1.080772638698059396e+00
1.080415591013576204e+00
1.080060832831611917e+00
1.079708345182079698e+00
1.079358109285596390e+00
1.079010106551247627e+00
1.078664318574381609e+00
1.078320727134433943e+00
1.077979314192778926e+00
1.077640061890612788e+00
1.077302952546860038e+00
1.076967968656112440e+00
1.076635092886591982e+00
1.076304308078140481e+00
1.075975597240238946e+00
1.075648943550048031e+00
1.075324330350478252e+00
1.075001741148282841e+00
1.074681159612178138e+00
1.074362569570985082e+00
1.074045955011797115e+00
1.073731300078172080e+00
1.073418589068346529e+00
1.073107806433473366e+00
1.072798936775883005e+00
1.072491964847365864e+00
1.072186875547479046e+00
1.071883653921871016e+00
1.071582285160632919e+00
1.071282754596666775e+00
1.070985047704076543e+00
1.070689150096580278e+00
1.070395047525940280e+00
1.070102725880416328e+00
1.069812171183236682e+00
1.069523369591087736e+00
1.069236307392626983e+00
1.068950971007009088e+00
1.068667346982435262e+00
1.068385421994717976e+00
1.068105182845867418e+00
1.067826616462690836e+00
1.067549709895413423e+00
1.067274450316316958e+00
1.067000825018390442e+00
1.066728821414004713e+00
1.066458427033596834e+00
1.066189629524377347e+00
1.065922416649048188e+00
1.065656776284541030e+00
1.065392696420766727e+00
1.065130165159385411e+00
1.064869170712587465e+00
1.064609701401892483e+00
1.064351745656962001e+00
1.064095292014426208e+00
1.063840329116727101e+00
1.063586845710973838e+00
1.063334830647813867e+00
1.063084272880316261e+00
1.062835161462869493e+00
1.062587485550094968e+00
1.062341234395769440e+00
1.062096397351763422e+00
1.061852963866993571e+00
1.061610923486383751e+00
1.061370265849844285e+00
1.061130980691257886e+00
1.060893057837482445e+00
1.060656487207364052e+00
1.060421258810760659e+00
1.060187362747580631e+00
1.059954789206830617e+00
1.059723528465674969e+00
1.059493570888506264e+00
1.059264906926030481e+00
1.059037527114357502e+00
1.058811422074106945e+00
1.058586582509522422e+00
1.058362999207597577e+00
1.058140663037211660e+00
1.057919564948276658e+00
1.057699695970891751e+00
1.057481047214512415e+00
1.057263609867125087e+00
1.057047375194433148e+00
1.056832334539053564e+00
1.056618479319721748e+00
1.056405801030505520e+00
1.056194291240029948e+00
1.055983941590710184e+00
1.055774743797992743e+00
1.055566689649606538e+00
1.055359771004823921e+00
1.055153979793726160e+00
1.054949308016484677e+00
1.054745747742640516e+00
