6.351129688370871544e+09
2.254525555064150755e+00
2.258498040591955025e+00
2.262608072879227272e+00
2.264783243834042281e+00
2.265539322611321182e+00
2.265194104111475148e+00
2.263944830833233723e+00
2.261929692033605832e+00
2.259252226281184051e+00
2.255992467482592190e+00
2.252213434683360660e+00
2.247965596820319156e+00
2.243290155122926510e+00
2.238221487895976303e+00
2.232788960787698063e+00
2.227018253391393365e+00
2.220932321443848778e+00
2.214552088232241367e+00
2.207896937095321199e+00
2.200985059131602917e+00
2.193833696253657983e+00
2.186459309070616364e+00
2.178877691120093552e+00
2.171104045101518665e+00
2.163153032469053993e+00
2.155038804612025238e+00
2.146775021571509789e+00
2.138374862580609825e+00
2.129851031503450010e+00
2.121215759361059661e+00
2.112480805482383595e+00
2.103657458342372166e+00
2.094756536799269320e+00
2.085788392187810203e+00
2.076762911538631684e+00
2.067689522059577012e+00
2.058577196918466967e+00
2.049434462299507764e+00
2.040269405659722146e+00
2.031089685081878926e+00
2.021902539602614013e+00
2.012714800385350777e+00
2.003532902604933774e+00
1.994362897912977273e+00
1.985210467358078823e+00
1.976080934642492126e+00
1.966979279605579611e+00
1.957910151834089119e+00
1.948877884309035968e+00
1.939886507008956373e+00
1.930939760398994398e+00
1.922041108744425131e+00
1.913193753196031244e+00
1.904400644602783466e+00
1.895664496014820788e+00
1.886987794846556543e+00
1.878372814675758118e+00
1.869821626660257419e+00
1.861336110558561963e+00
1.852917965345320717e+00
1.844568719416158853e+00
1.836289740379876578e+00
1.828082244438852255e+00
1.819947305360888556e+00
1.811885863047943079e+00
1.803898731708755143e+00
1.795986607644045163e+00
1.788150076653882259e+00
1.780389621077977491e+00
1.772705626480203911e+00
1.765098387989285644e+00
1.757568116307952177e+00
1.750114943402981904e+00
1.742738927888970224e+00
1.735440060118214056e+00
1.728218266989517859e+00
1.721073416488209329e+00
1.714005321969657825e+00
1.707013746198280391e+00
1.700098405153651182e+00
1.693258971615138719e+00
1.686495078536058623e+00
1.679806322217965109e+00
1.673192265295329051e+00
1.666652439540535768e+00
1.660186348498610354e+00
1.653793469960795903e+00
1.647473258285685915e+00
1.641225146576186456e+00
1.635048548720294370e+00
1.628942861303188661e+00
1.622907465397905202e+00
1.616941728241371168e+00
1.611045004802371228e+00
1.605216639247562860e+00
1.599455966311478683e+00
1.593762312575975670e+00
1.588134997664504944e+00
1.582573335356068256e+00
1.577076634623713947e+00
1.571644200601899133e+00
1.566275335487024911e+00
1.560969339375101850e+00
1.555725511040308984e+00
1.550543148657979931e+00
1.545421550475416073e+00
1.540360015433644758e+00
1.535357843743125228e+00
1.530414337416216020e+00
1.525528800759064385e+00
1.520700540825389968e+00
1.515928867834559934e+00
1.511213095556097175e+00
1.506552541662824929e+00
1.501946528054513230e+00
1.497394381153914766e+00
1.492895432176952308e+00
1.488449017378669303e+00
1.484054478276498612e+00
1.479711161852308221e+00
1.475418420734567970e+00
1.471175613361945578e+00
1.466982104129546549e+00
1.462837263518880881e+00
1.458740468212693431e+00
1.454691101195618952e+00
1.450688551841618601e+00
1.446732215989086967e+00
1.442821496004448978e+00
1.438955800835058252e+00
1.435134546052099669e+00
1.431357153884207811e+00
1.427623053242451645e+00
1.423931679737276745e+00
1.420282475688003032e+00
1.416674890125398045e+00
1.413108378787824471e+00
1.409582404111470177e+00
1.406096435215042018e+00
1.402649947879430981e+00
1.399242424522644024e+00
1.395873354170428460e+00
1.392542232422929960e+00
1.389248561417677497e+00
1.385991849789235841e+00
1.382771612625757873e+00
1.379587371422772435e+00
1.376438654034382703e+00
1.373324994622166839e+00
1.370245933601959010e+00
1.367201017588747236e+00
1.364189799339835751e+00
1.361211837696515436e+00
1.358266697524337374e+00
1.355353949652199352e+00
1.352473170810360115e+00
1.349623943567549667e+00
1.346805856267242696e+00
1.344018502963307826e+00
1.341261483355031592e+00
1.338534402721725636e+00
1.335836871856930230e+00
1.333168507002364001e+00
1.330528929781650493e+00
1.327917767133955484e+00
1.325334651247542572e+00
1.322779219493388503e+00
1.320251114358835354e+00
1.317749983381413248e+00
1.315275479082837151e+00
1.312827258903248140e+00
1.310404985135738443e+00
1.308008324861195781e+00
1.305636949883525411e+00
1.303290536665255628e+00
1.300968766263584708e+00
1.298671324266879923e+00
1.296397900731672381e+00
1.294148190120154140e+00
1.291921891238213549e+00
1.289718707174021706e+00
1.287538345237198012e+00
1.285380516898544156e+00
1.283244937730403157e+00
1.281131327347619031e+00
1.279039409349120859e+00
1.276968911260153217e+00
1.274919564475137657e+00
1.272891104201200996e+00
1.270883269402346416e+00
1.268895802744292478e+00
1.266928450539986706e+00
1.264980962695774869e+00
1.263053092658253718e+00
1.261144597361792297e+00
1.259255237176727382e+00
1.257384775858235715e+00
1.255532980495873474e+00
1.253699621463799874e+00
1.251884472371657120e+00
1.250087310016125608e+00
1.248307914333147473e+00
1.246546068350806058e+00
1.244801558142864417e+00
1.243074172782962172e+00
1.241363704299460302e+00
1.239669947630930080e+00
1.237992700582281280e+00
1.236331763781529425e+00
1.234686940637190755e+00
1.233058037296299592e+00
1.231444862603044976e+00
1.229847228058025488e+00
1.228264947778096250e+00
1.226697838456826117e+00
1.225145719325547944e+00
1.223608412114993493e+00
1.222085741017502336e+00
1.220577532649815167e+00
1.219083616016425342e+00
1.217603822473494413e+00
1.216137985693315660e+00
1.214685941629330745e+00
1.213247528481677939e+00
1.211822586663275025e+00
1.210410958766430900e+00
1.209012489529967649e+00
1.207627025806861099e+00
1.206254416532376750e+00
1.204894512692718633e+00
1.203547167294143350e+00
1.202212235332584367e+00
1.200889573763735285e+00
1.199579041473605834e+00
1.198280499249544828e+00
1.196993809751716542e+00
1.195718837485028496e+00
1.194455448771498229e+00
1.193203511723058385e+00
1.191962896214793455e+00
1.190733473858596181e+00
1.189515117977242076e+00
1.188307703578881380e+00
1.187111107331915827e+00
1.185925207540296622e+00
1.184749884119202568e+00
1.183585018571101433e+00
1.182430493962196127e+00
1.181286194899245245e+00
1.180152007506748424e+00
1.179027819404494748e+00
1.177913519685469312e+00
1.176808998894106395e+00
1.175714149004894571e+00
1.174628863401316448e+00
1.173553036855120135e+00
1.172486565505930223e+00
1.171429346841167618e+00
1.170381279676303343e+00
1.169342264135413423e+00
1.168312201632047742e+00
1.167290994850399111e+00
1.166278547726778969e+00
1.165274765431370430e+00
1.164279554350287071e+00
1.163292822067906851e+00
1.162314477349484676e+00
1.161344430124043203e+00
1.160382591467532531e+00
1.159428873586256126e+00
1.158483189800557867e+00
1.157545454528766449e+00
1.156615583271391134e+00
1.155693492595571747e+00
1.154779100119764257e+00
1.153872324498675050e+00
1.152973085408432574e+00
1.152081303531980572e+00
1.151196900544714907e+00
1.150319799100336438e+00
1.149449922816925929e+00
1.148587196263243460e+00
1.147731544945229665e+00
1.146882895292735016e+00
1.146041174646437621e+00
1.145206311244977737e+00
1.144378234212290124e+00
1.143556873545128472e+00
1.142742160100788773e+00
1.141934025585022106e+00
1.141132402540135704e+00
1.140337224333276334e+00
1.139548425144892185e+00
1.138765939957384399e+00
1.137989704543922453e+00
1.137219655457433642e+00
1.136455730019769961e+00
1.135697866311033088e+00
1.134946003159068351e+00
1.134200080129118327e+00
1.133460037513635887e+00
1.132725816322253110e+00
1.131997358271903620e+00
1.131274605777095266e+00
1.130557501940334220e+00
1.129845990542690082e+00
1.129140016034511973e+00
1.128439523526277855e+00
1.127744458779587067e+00
1.127054768198293200e+00
1.126370398819761975e+00
1.125691298306271682e+00
1.125017414936536397e+00
1.124348697597360225e+00
1.123685095775419418e+00
1.123026559549160419e+00
1.122373039580834453e+00
1.121724487108633150e+00
1.121080853938958288e+00
1.120442092438797443e+00
1.119808155528220883e+00
1.119178996672983928e+00
1.118554569877243221e+00
1.117934829676382469e+00
1.117319731129944982e+00
1.116709229814666582e+00
1.116103281817618420e+00
1.115501843729449272e+00
1.114904872637724420e+00
1.114312326120367569e+00
1.113724162239200899e+00
1.113140339533571943e+00
1.112560817014083714e+00
1.111985554156414535e+00
1.111414510895222918e+00
1.110847647618151468e+00
1.110284925159910729e+00
1.109726304796453622e+00
1.109171748239232924e+00
1.108621217629545130e+00
1.108074675532953135e+00
1.107532084933795291e+00
1.106993409229765746e+00
1.106458612226584703e+00
1.105927658132736413e+00
1.105400511554287535e+00
1.104877137489779226e+00
1.104357501325194502e+00
1.103841568828996866e+00
1.103329306147237565e+00
1.102820679798741876e+00
1.102315656670351807e+00
1.101814204012250720e+00
1.101316289433340367e+00
1.100821880896698302e+00
1.100330946715089686e+00
1.099843455546546389e+00
1.099359376390011356e+00
1.098878678581041157e+00
1.098401331787572044e+00
1.097927306005743731e+00
1.097456571555783578e+00
1.096989099077952057e+00
1.096524859528536622e+00
1.096063824175911527e+00
1.095605964596650495e+00
1.095151252671686670e+00
1.094699660582537426e+00
1.094251160807576007e+00
1.093805726118354915e+00
1.093363329575982146e+00
1.092923944527549374e+00
1.092487544602605221e+00
1.092054103709684032e+00
1.091623596032877508e+00
1.091195996028454740e+00
1.090771278421531543e+00
1.090349418202784637e+00
1.089930390625207801e+00
1.089514171200920867e+00
1.089100735698011801e+00
1.088690060137432303e+00
1.088282120789928253e+00
1.087876894173018361e+00
1.087474357048009432e+00
1.087074486417053842e+00
1.086677259520249628e+00
1.086282653832775891e+00
1.085890647062071057e+00
1.085501217145046216e+00
1.085114342245338870e+00
1.084730000750600887e+00
1.084348171269827521e+00
1.083968832630717971e+00
1.083591963877073683e+00
1.083217544266232846e+00
1.082845553266535976e+00
1.082475970554828582e+00
1.082108776013996465e+00
1.081743949730534116e+00
1.081381471992142629e+00
1.081021323285365598e+00
1.080663484293252763e+00
1.080307935893052074e+00
1.079954659153939511e+00
1.079603635334772660e+00
1.079254845881876923e+00
1.078908272426861048e+00
1.078563896784460185e+00
1.078221700950409145e+00
1.077881667099341634e+00
1.077543777582719242e+00
1.077208014926784863e+00
1.076874361830546967e+00
1.076542801163786756e+00
1.076213315965091510e+00
1.075885889439916143e+00
1.075560504958668950e+00
1.075237146054819792e+00
1.074915796423037140e+00
1.074596439917345769e+00
1.074279060549308662e+00
1.073963642486236880e+00
1.073650170049415431e+00
1.073338627712357773e+00
1.073029000099080310e+00
1.072721271982398861e+00
1.072415428282248673e+00
1.072111454064023972e+00
1.071809334536940828e+00
1.071509055052419113e+00
1.071210601102485560e+00
1.070913958318199466e+00
1.070619112468094380e+00
1.070326049456642670e+00
1.070034755322738285e+00
1.069745216238200403e+00
1.069457418506293056e+00
1.069171348560265411e+00
1.068886992961912474e+00
1.068604338400148235e+00
1.068323371689603229e+00
1.068044079769234767e+00
1.067766449700957354e+00
1.067490468668289783e+00
1.067216123975018194e+00
1.066943403043877137e+00
1.066672293415246386e+00
1.066402782745863975e+00
1.066134858807554098e+00
1.065868509485974780e+00
1.065603722779376650e+00
1.065340486797377917e+00
1.065078789759758005e+00
1.064818619995260507e+00
1.064559965940417241e+00
1.064302816138379848e+00
1.064047159237772711e+00
1.063792983991552976e+00
1.063540279255892340e+00
1.063289033989065047e+00
1.063039237250354097e+00
1.062790878198970113e+00
1.062543946092981306e+00
1.062298430288259654e+00
1.062054320237436844e+00
1.061811605488874877e+00
1.061570275685648879e+00
1.061330320564541241e+00
1.061091729955048635e+00
1.060854493778401908e+00
1.060618602046595083e+00
1.060384044861429675e+00
1.060150812413567678e+00
1.059918894981596749e+00
1.059688282931106729e+00
1.059458966713779038e+00
1.059230936866481176e+00
1.059004184010380323e+00
1.058778698850060263e+00
1.058554472172653638e+00
1.058331494846980414e+00
1.058109757822701447e+00
1.057889252129477153e+00
1.057669968876139288e+00
1.057451899249872485e+00
1.057235034515403127e+00
1.057019366014199324e+00
1.056804885163681318e+00
1.056591583456439887e+00
1.056379452459463630e+00
1.056168483813375136e+00
1.055958669231678249e+00
1.055750000500011998e+00
1.055542469475412970e+00
1.055336068085588996e+00
1.055130788328198399e+00
1.054926622270138337e+00
1.054723562046842256e+00
