2.066399170913334249e+00
2.066294872202847799e+00
2.065982178830652050e+00
2.065461697739584324e+00
2.064734436070636558e+00
2.063801794585170768e+00
2.062665558589772186e+00
2.061327886493257822e+00
2.059791296156483043e+00
2.058058649222650693e+00
2.056133133638398114e+00
2.054018244593363907e+00
2.051717764118504483e+00
2.049235739590675731e+00
2.046576461393269319e+00
2.043744439980488714e+00
2.040744382586181516e+00
2.037581169807821890e+00
2.034259832282732994e+00
2.030785527657443801e+00
2.027163518033014977e+00
2.023399148049433549e+00
2.019497823751921217e+00
2.015464992360952223e+00
2.011306123047328143e+00
2.007026688793118296e+00
2.002632149400023653e+00
1.998127935688443824e+00
1.993519434913292976e+00
1.988811977407221487e+00
1.984010824447815402e+00
1.979121157332928593e+00
1.974148067637515602e+00
1.969096548616185327e+00
1.963971487707926400e+00
1.958777660093510509e+00
1.953519723250990214e+00
1.948202212451332738e+00
1.942829537133940354e+00
1.937405978100178228e+00
1.931935685462820906e+00
1.926422677289603591e+00
1.920870838880039067e+00
1.915283922616325629e+00
1.909665548331147100e+00
1.904019204137619825e+00
1.898348247669341848e+00
1.892655907681318972e+00
1.886945285965742958e+00
1.881219359539445524e+00
1.875480983063246843e+00
1.869732891456317159e+00
1.863977702671822279e+00
1.858217920603086215e+00
1.852455938092244292e+00
1.846694040016211957e+00
1.840934406427400472e+00
1.835179115728755139e+00
1.829430147865349188e+00
1.823689387516663540e+00
1.817958627275635841e+00
1.812239570802404387e+00
1.806533835942400579e+00
1.800842957799784871e+00
1.795168391758767079e+00
1.789511516446399275e+00
1.783873636631761350e+00
1.778255986057248439e+00
1.772659730198678840e+00
1.767085968951696895e+00
1.761535739242641618e+00
1.756010017562662728e+00
1.750509722424410164e+00
1.745035716741054399e+00
1.739588810127870477e+00
1.734169761126830078e+00
1.728779279355167953e+00
1.723418027578824230e+00
1.718086623712135275e+00
1.712785642745268788e+00
1.707515618600806473e+00
1.702277045921410270e+00
1.697070381790124038e+00
1.691896047385292423e+00
1.686754429571973635e+00
1.681645882431647365e+00
1.676570728732312165e+00
1.671529261340738426e+00
1.666521744578935760e+00
1.661548415526598044e+00
1.656609485271540283e+00
1.651705140109858805e+00
1.646835542697715038e+00
1.642000833156446404e+00
1.637201130132755145e+00
1.632436531815679048e+00
1.627707116911955021e+00
1.623012945581378874e+00
1.618354060333684563e+00
1.613730486888438787e+00
1.609142234999411114e+00
1.604589299244803424e+00
1.600071659784642275e+00
1.595589283086681132e+00
1.591142122622086763e+00
1.586730119531988947e+00
1.582353203266218866e+00
1.578011292195197868e+00
1.573704294196168529e+00
1.569432107214729255e+00
1.565194619802676490e+00
1.560991711633123114e+00
1.556823253993801393e+00
1.552689110259425576e+00
1.548589136343949679e+00
1.544523181133562240e+00
1.540491086901150553e+00
1.536492689703028880e+00
1.532527819758616516e+00
1.528596301813767155e+00
1.524697955488394374e+00
1.520832595609063809e+00
1.517000032527117348e+00
1.513200072422943077e+00
1.509432517596937640e+00
1.505697166747714366e+00
1.501993815238043872e+00
1.498322255349069598e+00
1.494682276523224385e+00
1.491073665596335918e+00
1.487496207019360472e+00
1.483949683070131753e+00
1.480433874055582244e+00
1.476948558504784570e+00
1.473493513353184348e+00
1.470068514118414882e+00
1.466673335067997019e+00
1.463307749379296752e+00
1.459971529292001025e+00
1.456664446253465028e+00
1.453386271057205859e+00
1.450136773974823656e+00
1.446915724881584708e+00
1.443722893375989358e+00
1.440558048893543663e+00
1.437420960814915105e+00
1.434311398568818952e+00
1.431229131729742532e+00
1.428173930110776979e+00
1.425145563851758057e+00
1.422143803502878612e+00
1.419168420103991579e+00
1.416219185259755431e+00
1.413295871210831667e+00
1.410398250901252037e+00
1.407526098042145790e+00
1.404679187171986587e+00
1.401857293713459907e+00
1.399060194027144766e+00
1.396287665462127681e+00
1.393539486403646110e+00
1.390815436317937026e+00
1.388115295794366100e+00
1.385438846584990280e+00
1.382785871641635911e+00
1.380156155150603636e+00
1.377549482565112449e+00
1.374965640635572361e+00
1.372404417437783408e+00
1.369865602399138682e+00
1.367348986322946214e+00
1.364854361410911654e+00
1.362381521283902552e+00
1.359930261001044638e+00
1.357500377077229814e+00
1.355091667499115138e+00
1.352703931739657639e+00
1.350336970771289336e+00
1.347990587077749547e+00
1.345664584664664876e+00
1.343358769068935032e+00
1.341072947366948709e+00
1.338806928181717648e+00
1.336560521688975323e+00
1.334333539622256870e+00
1.332125795277052438e+00
1.329937103514035046e+00
1.327767280761456892e+00
1.325616145016697445e+00
1.323483515847042380e+00
1.321369214389731983e+00
1.319273063351290354e+00
1.317194887006191362e+00
1.315134511194889111e+00
1.313091763321237782e+00
1.311066472349351697e+00
1.309058468799906061e+00
1.307067584745946087e+00
1.305093653808171883e+00
1.303136511149806109e+00
1.301195993470994461e+00
1.299271939002804910e+00
1.297364187500836596e+00
1.295472580238463900e+00
1.293596959999731455e+00
1.291737171071927426e+00
1.289893059237847472e+00
1.288064471767773167e+00
1.286251257411179960e+00
1.284453266388194681e+00
1.282670350380811897e+00
1.280902362523894888e+00
1.279149157395974790e+00
1.277410591009844110e+00
1.275686520802984392e+00
1.273976805627830888e+00
1.272281305741877588e+00
1.270599882797647462e+00
1.268932399832531033e+00
1.267278721258514151e+00
1.265638712851787417e+00
1.264012241742268783e+00
1.262399176403037782e+00
1.260799386639686492e+00
1.259212743579601890e+00
1.257639119661189575e+00
1.256078388623050213e+00
1.254530425493088019e+00
1.252995106577612816e+00
1.251472309450385900e+00
1.249961912941644604e+00
1.248463797127117081e+00
1.246977843317027990e+00
1.245503934045063765e+00
1.244041953057393624e+00
1.242591785301629059e+00
1.241153316915844851e+00
1.239726435217586298e+00
1.238311028692893112e+00
1.236906986985355950e+00
1.235514200885190705e+00
1.234132562318346782e+00
1.232761964335641114e+00
1.231402301101935937e+00
1.230053467885346974e+00
1.228715361046507804e+00
1.227387878027858426e+00
1.226070917343007771e+00
1.224764378566118417e+00
1.223468162321365904e+00
