-4.490469069745225220e+11
2.736171934964251484e+00
2.724558739164511412e+00
2.713769913339764805e+00
2.703989094013430794e+00
2.693978934950715498e+00
2.683168047446149451e+00
2.671379034404421482e+00
2.658606998279601896e+00
2.644920086719739771e+00
2.630416481678705232e+00
2.615204832744071783e+00
2.599394698944179627e+00
2.583091565499286979e+00
2.566394149949091208e+00
2.549392976536462463e+00
2.532169723284611429e+00
2.514797073797922611e+00
2.497338910180851634e+00
2.479850735842040965e+00
2.462380246901891834e+00
2.444967990765375632e+00
2.427648065231574392e+00
2.410448823332482782e+00
2.393393558753430295e+00
2.376501154553776196e+00
2.359786684199187690e+00
2.343261958825354263e+00
2.326936018363564784e+00
2.310815566861798676e+00
2.294905354213513604e+00
2.279208507729007405e+00
2.263726817700703275e+00
2.248460981451595231e+00
2.233410810419888648e+00
2.218575404706859100e+00
2.203953299265540178e+00
2.189542585583291512e+00
2.175341012350011205e+00
2.161346068230835193e+00
2.147555049495919022e+00
2.133965114912772520e+00
2.120573329984487554e+00
2.107376702324981643e+00
2.094372209700532395e+00
2.081556822035404153e+00
2.068927518476759708e+00
2.056481300438181670e+00
2.044215201389914860e+00
2.032126294033919756e+00
2.020211695392326590e+00
2.008468570243928220e+00
1.996894133265351146e+00
1.985485650167583938e+00
1.974240438063654679e+00
1.963155865257524280e+00
1.952229350606907055e+00
1.941458362581023556e+00
1.930840418109341705e+00
1.920373081296123718e+00
1.910053962058781085e+00
1.899880714734361931e+00
1.889851036687233421e+00
1.879962666942440297e+00
1.870213384862049910e+00
1.860601008876142881e+00
1.851123395276168981e+00
1.841778437074461205e+00
1.832564062931757665e+00
1.823478236152198617e+00
1.814518953744155727e+00
1.805684245544098232e+00
1.796972173400134043e+00
1.788380830411369971e+00
1.779908340219072516e+00
1.771552856345395277e+00
1.763312561575743675e+00
1.755185667380625869e+00
1.747170413373173581e+00
1.739265066798910686e+00
1.731467922054104935e+00
1.723777300229812681e+00
1.716191548678592582e+00
1.708709040601310125e+00
1.701328174651655978e+00
1.694047374556192587e+00
1.686865088748045416e+00
1.679779790012463803e+00
1.672789975142764174e+00
1.665894164605307814e+00
1.659090902212314145e+00
1.652378754801489880e+00
1.645756311921595216e+00
1.639222185523120157e+00
1.632775009653518516e+00
1.626413440156312618e+00
1.620136154373702286e+00
1.613941850852231186e+00
1.607829249051217158e+00
1.601797089053642154e+00
1.595844131279362088e+00
1.589969156200406797e+00
1.584170964058315256e+00
1.578448374583325764e+00
1.572800226715504790e+00
1.567225378327643748e+00
1.561722705949986967e+00
1.556291104496797750e+00
1.550929486994764517e+00
1.545636784313280110e+00
1.540411944896662888e+00
1.535253934498337358e+00
1.530161735917058952e+00
1.525134348735201373e+00
1.520170789059237970e+00
1.515270089262398479e+00
1.510431297729619260e+00
1.505653478604838114e+00
1.500935711540671846e+00
1.496277091450570751e+00
1.491676728263481966e+00
1.487133746681064572e+00
1.482647285937558124e+00
1.478216499562287289e+00
1.473840555144885656e+00
1.469518634103272436e+00
1.465249931454403409e+00
1.461033655587864910e+00
1.456869028042266034e+00
1.452755283284549614e+00
1.448691668492172901e+00
1.444677443338191036e+00
1.440711879779278393e+00
1.436794261846665588e+00
1.432923885440035461e+00
1.429100058124354033e+00
1.425322098929654224e+00
1.421589338153742110e+00
1.417901117167880365e+00
1.414256788225369377e+00
1.410655714273080896e+00
1.407097268765871378e+00
1.403580835483932310e+00
1.400105808352989811e+00
1.396671591267387047e+00
1.393277597916006805e+00
1.389923251611007160e+00
1.386607985119382658e+00
1.383331240497283954e+00
1.380092468927085925e+00
1.376891130557198029e+00
1.373726694344556520e+00
1.370598637899799188e+00
1.367506447335069542e+00
1.364449617114421809e+00
1.361427649906834070e+00
1.358440056441747812e+00
1.355486355367108375e+00
1.352566073109920053e+00
1.349678743739227471e+00
1.346823908831526362e+00
1.344001117338540219e+00
1.341209925457366170e+00
1.338449896502917458e+00
1.335720600782664524e+00
1.333021615473598320e+00
1.330352524501438705e+00
1.327712918421982247e+00
1.325102394304642273e+00
1.322520555618043936e+00
1.319967012117747363e+00
1.317441379735979190e+00
1.314943280473390042e+00
1.312472342292779981e+00
1.310028199014775296e+00
1.307610490215411980e+00
1.305218861125585272e+00
1.302852962532375702e+00
1.300512450682149712e+00
1.298196987185476381e+00
1.295906238923768994e+00
1.293639877957670326e+00
1.291397581437109254e+00
1.289179031513022267e+00
1.286983915250712984e+00
1.284811924544791761e+00
1.282662756035713558e+00
1.280536111027836599e+00
1.278431695409003588e+00
1.276349219571612625e+00
1.274288398335137185e+00
1.272248950870095818e+00
1.270230600623407202e+00
1.268233075245135844e+00
1.266256106516599811e+00
1.264299430279779868e+00
1.262362786368067091e+00
1.260445918538257715e+00
1.258548574403827169e+00
1.256670505369419821e+00
1.254811466566550404e+00
1.252971216790494058e+00
1.251149518438338992e+00
1.249346137448171801e+00
1.247560843239387207e+00
1.245793408654094048e+00
1.244043609899601943e+00
1.242311226491954912e+00
1.240596041200502597e+00
1.238897839993491568e+00
1.237216411984655817e+00
1.235551549380765168e+00
1.233903047430158662e+00
1.232270704372198544e+00
1.230654321387650185e+00
1.229053702549970373e+00
1.227468654777480017e+00
1.225898987786401939e+00
1.224344514044759080e+00
1.222805048727099830e+00
1.221280409670059131e+00
1.219770417328702727e+00
1.218274894733679670e+00
1.216793667449129313e+00
1.215326563531376802e+00
1.213873413488334219e+00
1.212434050239665106e+00
1.211008309077647116e+00
1.209596027628737858e+00
1.208197045815840198e+00
1.206811205821229471e+00
1.205438352050149931e+00
1.204078331095061571e+00
1.202730991700524665e+00
1.201396184728701577e+00
1.200073763125482973e+00
1.198763581887207108e+00
1.197465498027971309e+00
1.196179370547525211e+00
1.194905060399723551e+00
1.193642430461548720e+00
1.192391345502660016e+00
1.191151672155503327e+00
1.189923278885918867e+00
1.188706035964288699e+00
1.187499815437173867e+00
1.186304491099456015e+00
1.185119938466961731e+00
1.183946034749560949e+00
1.182782658824748090e+00
1.181629691211661948e+00
1.180487014045573435e+00
1.179354511052805865e+00
1.178232067526097104e+00
1.177119570300375839e+00
1.176016907728973493e+00
1.174923969660220724e+00
1.173840647414474025e+00
1.172766833761520688e+00
1.171702422898367679e+00
1.170647310427423982e+00
1.169601393335048201e+00
1.168564569970460321e+00
1.167536740025017394e+00
1.166517804511837841e+00
1.165507665745777022e+00
1.164506227323734766e+00
1.163513394105303078e+00
1.162529072193737800e+00
1.161553168917250467e+00
1.160585592810616573e+00
1.159626253597092704e+00
1.158675062170640091e+00
1.157731930578438595e+00
1.156796772003702900e+00
1.155869500748778478e+00
1.154950032218521994e+00
1.154038282903960377e+00
1.153134170366218569e+00
1.152237613220713941e+00
1.151348531121616503e+00
1.150466844746560247e+00
1.149592475781613388e+00
1.148725346906491085e+00
1.147865381780014848e+00
1.147012505025809093e+00
1.146166642218232834e+00
1.145327719868543204e+00
1.144495665411281449e+00
1.143670407190887195e+00
1.142851874448523875e+00
1.142039997309125088e+00
1.141234706768645468e+00
1.140435934681521823e+00
1.139643613748337891e+00
1.138857677503687160e+00
1.138078060304226868e+00
1.137304697316935620e+00
1.136537524507547747e+00
1.135776478629182629e+00
1.135021497211149422e+00
1.134272518547936315e+00
1.133529481688369200e+00
1.132792326424953977e+00
1.132060993283374950e+00
1.131335423512171756e+00
1.130615559072571497e+00
1.129901342628488736e+00
1.129192717536680268e+00
1.128489627837053089e+00
1.127792018243132244e+00
1.127099834132669898e+00
1.126413021538406722e+00
1.125731527138981836e+00
1.125055298249974856e+00
1.124384282815097613e+00
1.123718429397519092e+00
1.123057687171325592e+00
1.122402005913114786e+00
1.121751335993718790e+00
1.121105628370054896e+00
1.120464834577108659e+00
1.119828906720030881e+00
1.119197797466366051e+00
1.118571460038391141e+00
1.117949848205581187e+00
1.117332916277186561e+00
1.116720619094919265e+00
1.116112912025759130e+00
1.115509750954866375e+00
1.114911092278600968e+00
1.114316892897649680e+00
1.113727110210257276e+00
1.113141702105560293e+00
1.112560626957021181e+00
1.111983843615964807e+00
1.111411311405205105e+00
1.110842990112778539e+00
1.110278839985760824e+00
1.109718821724187121e+00
1.109162896475050397e+00
1.108611025826404584e+00
1.108063171801543900e+00
1.107519296853274327e+00
1.106979363858271226e+00
1.106443336111516018e+00
1.105911177320821226e+00
1.105382851601433680e+00
1.104858323470716108e+00
1.104337557842911988e+00
1.103820520023981455e+00
1.103307175706518706e+00
1.102797490964741112e+00
1.102291432249552505e+00
1.101788966383679069e+00
1.101290060556876949e+00
1.100794682321206475e+00
1.100302799586380775e+00
1.099814380615178111e+00
1.099329394018922157e+00
1.098847808753026234e+00
1.098369594112605485e+00
1.097894719728149227e+00
1.097423155561257024e+00
1.096954871900436723e+00
1.096489839356963314e+00
1.096028028860792647e+00
1.095569411656543091e+00
1.095113959299523598e+00
1.094661643651827498e+00
1.094212436878478467e+00
1.093766311443629347e+00
1.093323240106820471e+00
1.092883195919283734e+00
1.092446152220307054e+00
1.092012082633645242e+00
1.091580961063981503e+00
1.091152761693442441e+00
1.090727458978156372e+00
1.090305027644869362e+00
1.089885442687595685e+00
1.089468679364330228e+00
1.089054713193792656e+00
1.088643519952227079e+00
1.088235075670243024e+00
1.087829356629697930e+00
1.087426339360628713e+00
1.087026000638221079e+00
1.086628317479820138e+00
1.086233267141988756e+00
1.085840827117599661e+00
1.085450975132970841e+00
1.085063689145041810e+00
1.084678947338583832e+00
1.084296728123454345e+00
1.083917010131884462e+00
1.083539772215806885e+00
1.083164993444216240e+00
1.082792653100570490e+00
1.082422730680224987e+00
1.082055205887899385e+00
1.081690058635184526e+00
1.081327269038076411e+00
1.080966817414550585e+00
1.080608684282161835e+00
1.080252850355683636e+00
1.079899296544773124e+00
1.079548003951672497e+00
1.079198953868937050e+00
1.078852127777196968e+00
1.078507507342947092e+00
1.078165074416367997e+00
1.077824811029172825e+00
1.077486699392487424e+00
1.077150721894755137e+00
1.076816861099670675e+00
1.076485099744140195e+00
1.076155420736272905e+00
1.075827807153391547e+00
1.075502242240077067e+00
1.075178709406231725e+00
1.074857192225175284e+00
1.074537674431758960e+00
1.074220139920509798e+00
1.073904572743795471e+00
1.073590957110014843e+00
1.073279277381813834e+00
1.072969518074319062e+00
1.072661663853401004e+00
1.072355699533955820e+00
1.072051610078210038e+00
1.071749380594048340e+00
1.071448996333362214e+00
1.071150442690418148e+00
1.070853705200251582e+00
1.070558769537076627e+00
1.070265621512718202e+00
1.069974247075066831e+00
1.069684632306546312e+00
1.069396763422610253e+00
1.069110626770249484e+00
1.068826208826523683e+00
1.068543496197110310e+00
1.068262475614869977e+00
1.067983133938433582e+00
1.067705458150805864e+00
1.067429435357984513e+00
1.067155052787600145e+00
1.066882297787571154e+00
1.066611157824776779e+00
1.066341620483746144e+00
1.066073673465364413e+00
1.065807304585593807e+00
1.065542501774212392e+00
1.065279253073567300e+00
1.065017546637345491e+00
1.064757370729356278e+00
1.064498713722333179e+00
1.064241564096747306e+00
1.063985910439638083e+00
1.063731741443455059e+00
1.063479045904919706e+00
1.063227812723893884e+00
1.062978030902270277e+00
1.062729689542868394e+00
1.062482777848350546e+00
1.062237285120150254e+00
1.061993200757407552e+00
1.061750514255927147e+00
1.061509215207141921e+00
1.061269293297090632e+00
1.061030738305412058e+00
1.060793540104344457e+00
1.060557688657744357e+00
1.060323174020111336e+00
1.060089986335629231e+00
1.059858115837215120e+00
1.059627552845582965e+00
1.059398287768317015e+00
1.059170311098955652e+00
1.058943613416088558e+00
1.058718185382462318e+00
1.058494017744097571e+00
1.058271101329419039e+00
1.058049427048390223e+00
1.057828985891666740e+00
1.057609768929750782e+00
1.057391767312162223e+00
1.057174972266618385e+00
1.056959375098219134e+00
1.056744967188648854e+00
1.056531739995381303e+00
1.056319685050898238e+00
1.056108793961914039e+00
1.055899058408613644e+00
1.055690470143894721e+00
1.055483020992620924e+00
1.055276702850885373e+00
1.055071507685280796e+00
1.054867427532178104e+00
