-7.215826617069917679e+09
2.257407812136592362e+00
2.270125481124807720e+00
2.274441034082211655e+00
2.275491332247159271e+00
2.274862381045418935e+00
2.273213161892963186e+00
2.270846998957076313e+00
2.267915763111642669e+00
2.264502219238373915e+00
2.260656056543170145e+00
2.256410561860976216e+00
2.251790649627850804e+00
2.246816848621622675e+00
2.241507329567736129e+00
2.235878955587289330e+00
2.229947832650290618e+00
2.223729597985401263e+00
2.217239567914909060e+00
2.210492808553468080e+00
2.203504163316796216e+00
2.196288255912083098e+00
2.188859479414878795e+00
2.181231977678933287e+00
2.173419622902494908e+00
2.165435991778572600e+00
2.157294341814541383e+00
2.149007588872834162e+00
2.140588286627068015e+00
2.132048608378273258e+00
2.123400331493589199e+00
2.114654824594930815e+00
2.105823037523163244e+00
2.096915494026919013e+00
2.087942287069015634e+00
2.078913076602361798e+00
2.069837089639579020e+00
2.060723122422556841e+00
2.051579544488954632e+00
2.042414304429154726e+00
2.033234937129478670e+00
2.024048572303168925e+00
2.014861944119285653e+00
2.005681401750468495e+00
1.996512920672432578e+00
1.987362114561173954e+00
1.978234247646800004e+00
1.969134247396464144e+00
1.960066717411724557e+00
1.951035950438208211e+00
1.942045941397747999e+00
1.933100400363942040e+00
1.924202765413228544e+00
1.915356215292904896e+00
1.906563681856601189e+00
1.897827862225995421e+00
1.889151230644726898e+00
1.880536049997336701e+00
1.871984382971833005e+00
1.863498102849751259e+00
1.855078903912340760e+00
1.846728311455450688e+00
1.838447691409286211e+00
1.830238259562251280e+00
1.822101090390717548e+00
1.814037125498767278e+00
1.806047181673875013e+00
1.798131958565952537e+00
1.790292045998512771e+00
1.782527930921834480e+00
1.774840004018472861e+00
1.767228565972547072e+00
1.759693833414222253e+00
1.752235944551419511e+00
1.744854964500795802e+00
1.737550890330123110e+00
1.730323655824220097e+00
1.723173135986451943e+00
1.716099151287611591e+00
1.709101471673834638e+00
1.702179820344926764e+00
1.695333877314116666e+00
1.688563282760071615e+00
1.681867640181426538e+00
1.675246519364036235e+00
1.668699459170486232e+00
1.662225970161202104e+00
1.655825537056139884e+00
1.649497621045456386e+00
1.643241661957500765e+00
1.637057080291778322e+00
1.630943279124452250e+00
1.624899645893377098e+00
1.618925554069501338e+00
1.613020364720992195e+00
1.607183427976194068e+00
1.601414084391248993e+00
1.595711666227810355e+00
1.590075498646075669e+00
1.584504900818097362e+00
1.578999186965976520e+00
1.573557667329412046e+00
1.568179649066727466e+00
1.562864437093370196e+00
1.557611334861564334e+00
1.552419645084664790e+00
1.547288670409558753e+00
1.542217714040169829e+00
1.537206080315109746e+00
1.532253075242239415e+00
1.527358006992749484e+00
1.522520186357263494e+00
1.517738927166298435e+00
1.513013546677278942e+00
1.508343365930182589e+00
1.503727710073790025e+00
1.499165908664326308e+00
1.494657295938293107e+00
1.490201211061083608e+00
1.485796998352915788e+00
1.481444007493535997e+00
1.477141593707071987e+00
1.472889117928253944e+00
1.468685946951295396e+00
1.464531453562471164e+00
1.460425016657536990e+00
1.456366021344935202e+00
1.452353859035746542e+00
1.448387927521291640e+00
1.444467631039181299e+00
1.440592380328596489e+00
1.436761592675589450e+00
1.432974691948993406e+00
1.429231108627708080e+00
1.425530279819856805e+00
1.421871649274479399e+00
1.418254667386233958e+00
1.414678791193642926e+00
1.411143484371347512e+00
1.407648217216824982e+00
1.404192466631978276e+00
1.400775716099957435e+00
1.397397455657666487e+00
1.394057181864193584e+00
1.390754397765576078e+00
1.387488612856137227e+00
1.384259343036734702e+00
1.381066110570140948e+00
1.377908444033828950e+00
1.374785878270404105e+00
1.371697954335866498e+00
1.368644219445947829e+00
1.365624226920705730e+00
1.362637536127518922e+00
1.359683712422706581e+00
1.356762327091891818e+00
1.353872957289267376e+00
1.351015185975888766e+00
1.348188601857154723e+00
1.345392799319555133e+00
1.342627378366824775e+00
1.339891944555589465e+00
1.337186108930619843e+00
1.334509487959767426e+00
1.331861703468674829e+00
1.329242382575324566e+00
1.326651157624533006e+00
1.324087666122415463e+00
1.321551550670898578e+00
1.319042458902366821e+00
1.316560043414450432e+00
1.314103961705030521e+00
1.311673876107515957e+00
1.309269453726396470e+00
1.306890366373163470e+00
1.304536290502588125e+00
1.302206907149409343e+00
1.299901901865468057e+00
1.297620964657295817e+00
1.295363789924206754e+00
1.293130076396889150e+00
1.290919527076543449e+00
1.288731849174564736e+00
1.286566754052796746e+00
1.284423957164366303e+00
1.282303177995128607e+00
1.280204140005697822e+00
1.278126570574124710e+00
1.276070200939178889e+00
1.274034766144287456e+00
1.272020004982097996e+00
1.270025659939707952e+00
1.268051477144531258e+00
1.266097206310830670e+00
1.264162600686914439e+00
1.262247417002972494e+00
1.260351415419606713e+00
1.258474359476989601e+00
1.256616016044716178e+00
1.254776155272292693e+00
1.252954550540298140e+00
1.251150978412208348e+00
1.249365218586858006e+00
1.247597053851572158e+00
1.245846270035937398e+00
1.244112655966220116e+00
1.242396003420433548e+00
1.240696107084028110e+00
1.239012764506226771e+00
1.237345776056981705e+00
1.235694944884550894e+00
1.234060076873698897e+00
1.232440980604505798e+00
1.230837467311772127e+00
1.229249350845045052e+00
1.227676447629212353e+00
1.226118576625699674e+00
1.224575559294247551e+00
1.223047219555255305e+00
1.221533383752702484e+00
1.220033880617620081e+00
1.218548541232124638e+00
1.217077198994002796e+00
1.215619689581826979e+00
1.214175850920608868e+00
1.212745523147992222e+00
1.211328548580944409e+00
1.209924771682979960e+00
1.208534039031887719e+00
1.207156199287950260e+00
1.205791103162661138e+00
1.204438603387937290e+00
1.203098554685796850e+00
1.201770813738519683e+00
1.200455239159271326e+00
1.199151691463185898e+00
1.197860033038906202e+00
1.196580128120565689e+00
1.195311842760210741e+00
1.194055044800659937e+00
1.192809603848793198e+00
1.191575391249246385e+00
1.190352280058538881e+00
1.189140145019602857e+00
1.187938862536707996e+00
1.186748310650790339e+00
1.185568369015167267e+00
1.184398918871635065e+00
1.183239843026952842e+00
1.182091025829682840e+00
1.180952353147412870e+00
1.179823712344330922e+00
1.178704992259150597e+00
1.177596083183400921e+00
1.176496876840042782e+00
1.175407266362431313e+00
1.174327146273615341e+00
1.173256412465955467e+00
1.172194962181071887e+00
1.171142693990105510e+00
1.170099507774290615e+00
1.169065304705838138e+00
1.168039987229120058e+00
1.167023459042146216e+00
1.166015625078342000e+00
1.165016391488606029e+00
1.164025665623654726e+00
1.163043356016645546e+00
1.162069372366074660e+00
1.161103625518938642e+00
1.160146027454167728e+00
1.159196491266318629e+00
1.158254931149522715e+00
1.157321262381679539e+00
1.156395401308917492e+00
1.155477265330274506e+00
1.154566772882638759e+00
1.153663843425913438e+00
1.152768397428419078e+00
1.151880356352523060e+00
1.150999642640493592e+00
1.150126179700574847e+00
1.149259891893281926e+00
1.148400704517900550e+00
1.147548543799212339e+00
1.146703336874411505e+00
1.145865011780236031e+00
1.145033497440291370e+00
1.144208723652574644e+00
1.143390621077195579e+00
1.142579121224277516e+00
1.141774156442058041e+00
1.140975659905162143e+00
1.140183565603069216e+00
1.139397808328741935e+00
1.138618323667447640e+00
1.137845047985739821e+00
1.137077918420610789e+00
1.136316872868819106e+00
1.135561849976368221e+00
1.134812789128157862e+00
1.134069630437787968e+00
1.133332314737518276e+00
1.132600783568384895e+00
1.131874979170463424e+00
1.131154844473284182e+00
1.130440323086393528e+00
1.129731359290053971e+00
1.129027898026090604e+00
1.128329884888874535e+00
1.127637266116442660e+00
1.126949988581751327e+00
1.126267999784066109e+00
1.125591247840476150e+00
1.124919681477538180e+00
1.124253250023049322e+00
1.123591903397940239e+00
1.122935592108293301e+00
1.122284267237473765e+00
1.121637880438390633e+00
1.120996383925858986e+00
1.120359730469090431e+00
1.119727873384283257e+00
1.119100766527336255e+00
1.118478364286653592e+00
1.117860621576077129e+00
1.117247493827906446e+00
1.116638936986031450e+00
1.116034907499165341e+00
1.115435362314177059e+00
1.114840258869518985e+00
1.114249555088757448e+00
1.113663209374195606e+00
1.113081180600589803e+00
1.112503428108958969e+00
1.111929911700483276e+00
1.111360591630496053e+00
1.110795428602557866e+00
1.110234383762624510e+00
1.109677418693292950e+00
1.109124495408134736e+00
1.108575576346112479e+00
1.108030624366075356e+00
1.107489602741334123e+00
1.106952475154322713e+00
1.106419205691318464e+00
1.105889758837263370e+00
1.105364099470640404e+00
1.104842192858431327e+00
1.104324004651147551e+00
1.103809500877930949e+00
1.103298647941725052e+00
1.102791412614517075e+00
1.102287762032643892e+00
1.101787663692170627e+00
1.101291085444330076e+00
1.100797995491032522e+00
1.100308362380432392e+00
1.099822155002566859e+00
1.099339342585044399e+00
1.098859894688809291e+00
1.098383781203954079e+00
1.097910972345592873e+00
1.097441438649801260e+00
1.096975150969602630e+00
1.096512080471018225e+00
1.096052198629169139e+00
1.095595477224433179e+00
1.095141888338660330e+00
1.094691404351432862e+00
1.094243997936383384e+00
1.093799642057565524e+00
1.093358309965868136e+00
1.092919975195488558e+00
1.092484611560447627e+00
1.092052193151153316e+00
1.091622694331019217e+00
1.091196089733121433e+00
1.090772354256905441e+00
1.090351463064937576e+00
1.089933391579702704e+00
1.089518115480443416e+00
1.089105610700044524e+00
1.088695853421959736e+00
1.088288820077178976e+00
1.087884487341240991e+00
1.087482832131282384e+00
1.087083831603128159e+00
1.086687463148424460e+00
1.086293704391806170e+00
1.085902533188105590e+00
1.085513927619599306e+00
1.085127865993289920e+00
1.084744326838226414e+00
1.084363288902860045e+00
1.083984731152436654e+00
1.083608632766421387e+00
1.083234973135962287e+00
1.082863731861383849e+00
1.082494888749716777e+00
1.082128423812258600e+00
1.081764317262170705e+00
1.081402549512101574e+00
1.081043101171846432e+00
1.080685953046037096e+00
1.080331086131860463e+00
1.079978481616808983e+00
1.079628120876462205e+00
1.079279985472292980e+00
1.078934057149507630e+00
1.078590317834912993e+00
1.078248749634809212e+00
1.077909334832913402e+00
1.077572055888309066e+00
1.077236895433422381e+00
1.076903836272025350e+00
1.076572861377264934e+00
1.076243953889716387e+00
1.075917097115465682e+00
1.075592274524212799e+00
1.075269469747402562e+00
1.074948666576377221e+00
1.074629848960554357e+00
1.074313001005630985e+00
1.073998106971803868e+00
1.073685151272019356e+00
1.073374118470244554e+00
1.073064993279757573e+00
1.072757760561461327e+00
1.072452405322222635e+00
1.072148912713224655e+00
1.071847268028349065e+00
1.071547456702573342e+00
1.071249464310388921e+00
1.070953276564241996e+00
1.070658879312992529e+00
1.070366258540392135e+00
1.070075400363582396e+00
1.069786291031612491e+00
1.069498916923974807e+00
1.069213264549156772e+00
1.068929320543218209e+00
1.068647071668376247e+00
1.068366504811617101e+00
1.068087606983319837e+00
1.067810365315900345e+00
1.067534767062469747e+00
1.067260799595511678e+00
1.066988450405575106e+00
1.066717707099983148e+00
1.066448557401559638e+00
1.066180989147368141e+00
1.065914990287470276e+00
1.065650548883699145e+00
1.065387653108441190e+00
1.065126291243445600e+00
1.064866451678636583e+00
1.064608122910946308e+00
1.064351293543160715e+00
1.064095952282780200e+00
1.063842087940892744e+00
1.063589689431063023e+00
1.063338745768233284e+00
1.063089246067637106e+00
1.062841179543729808e+00
1.062594535509127081e+00
1.062349303373561149e+00
1.062105472642846493e+00
1.061863032917859329e+00
1.061621973893528414e+00
1.061382285357840072e+00
1.061143957190852527e+00
1.060906979363725577e+00
1.060671341937758472e+00
1.060437035063440669e+00
1.060204048979514369e+00
1.059972374012049467e+00
1.059742000573525411e+00
1.059512919161928801e+00
1.059285120359860111e+00
1.059058594833648392e+00
1.058833333332480864e+00
1.058609326687540264e+00
1.058386565811151536e+00
1.058165041695941833e+00
1.057944745414008292e+00
1.057725668116095807e+00
1.057507801030783678e+00
1.057291135463683807e+00
1.057075662796647997e+00
1.056861374486982807e+00
1.056648262066675281e+00
1.056436317141626446e+00
1.056225531390896588e+00
1.056015896565954515e+00
1.055807404489940815e+00
1.055600047056935109e+00
1.055393816231235959e+00
1.055188704046646109e+00
1.054984702605766600e+00
