-4.046176755722471924e+11
2.253991478358147837e+00
2.265532104438990224e+00
2.268577448943099206e+00
2.268643173232509191e+00
2.267271901762692110e+00
2.265034179382578117e+00
2.262196245246964388e+00
2.258894879072421702e+00
2.255203185510623154e+00
2.251161433398065626e+00
2.246792938582871546e+00
2.242112535290252673e+00
2.237131125055193515e+00
2.231858088279244257e+00
2.226302518795578056e+00
2.220473811297507094e+00
2.214381897236904706e+00
2.208037294500608816e+00
2.201451062925409374e+00
2.194634716393013107e+00
2.187600118972862440e+00
2.180359379543422627e+00
2.172924752089088862e+00
2.165308544916199729e+00
2.157523039918761487e+00
2.149580421934685237e+00
2.141492717704472248e+00
2.133271743715376534e+00
2.124929062142366654e+00
2.116475944101753992e+00
2.107923339474300217e+00
2.099281852607589371e+00
2.090561723264070970e+00
2.081772812234973014e+00
2.072924591090460567e+00
2.064026135581908505e+00
2.055086122254332182e+00
2.046112827864979167e+00
2.037114131239468939e+00
2.028097517229737967e+00
2.019070082468365612e+00
2.010038542642404558e+00
2.001009241036578956e+00
1.991988158120466146e+00
1.982980921977741895e+00
1.973992819397001330e+00
1.965028807464139327e+00
1.956093525514451592e+00
1.947191307320260911e+00
1.938326193405234932e+00
1.929501943391201957e+00
1.920722048296334306e+00
1.911989742715247242e+00
1.903308016822643278e+00
1.894679628151400674e+00
1.886107113104720234e+00
1.877592798169699595e+00
1.869138810806296735e+00
1.860747089991724668e+00
1.852419396405503127e+00
1.844157322244981412e+00
1.835962300665048730e+00
1.827835614839197653e+00
1.819778406642014179e+00
1.811791684955558646e+00
1.803876333604266025e+00
1.796033118924728056e+00
1.788262696977982902e+00
1.780565620413270489e+00
1.772942344993005293e+00
1.765393235789451509e+00
1.757918573064037648e+00
1.750518557840759382e+00
1.743193317185116831e+00
1.735942909200401285e+00
1.728767327752894323e+00
1.721666506937749253e+00
1.714640325296894474e+00
1.707688609800358748e+00
1.700811139602087296e+00
1.694007649580908659e+00
1.687277833677257366e+00
1.680621348035739260e+00
1.674037813963313859e+00
1.667526820712653457e+00
1.661087928099607591e+00
1.654720668963648889e+00
1.648424551479544142e+00
1.642199061328349474e+00
1.636043663735235354e+00
1.629957805381601954e+00
1.623940916198273854e+00
1.617992411046483614e+00
1.612111691292881011e+00
1.606298146284588002e+00
1.600551154729928705e+00
1.594870085990239605e+00
1.589254301287853277e+00
1.583703154835082838e+00
1.578215994888803930e+00
1.572792164734925002e+00
1.567431003606894357e+00
1.562131847542045815e+00
1.556894030179531763e+00
1.551716883503187372e+00
1.546599738532710822e+00
1.541541925966145588e+00
1.536542776776611774e+00
1.531601622766032955e+00
1.526717797078436689e+00
1.521890634675267640e+00
1.517119472775019240e+00
1.512403651259350834e+00
1.507742513047728661e+00
1.503135404442523360e+00
1.498581675446374106e+00
1.494080680053540000e+00
1.489631776516817441e+00
1.485234327591580694e+00
1.480887700758339864e+00
1.476591268425189396e+00
1.472344408111362579e+00
1.468146502613165705e+00
1.463996940153319493e+00
1.459895114514829784e+00
1.455840425160361162e+00
1.451832277338024557e+00
1.447870082174500306e+00
1.443953256756294268e+00
1.440081224199907250e+00
1.436253413711657156e+00
1.432469260637848629e+00
1.428728206505917253e+00
1.425029699057182020e+00
1.421373192271754959e+00
1.417758146386165929e+00
1.414184027904197283e+00
1.410650309601401142e+00
1.407156470523769798e+00
1.403701995980947359e+00
1.400286377534400550e+00
1.396909112980905254e+00
1.393569706331720059e+00
1.390267667787736361e+00
1.387002513710966056e+00
1.383773766592597543e+00
1.380580955017931100e+00
1.377423613628441013e+00
1.374301283081189373e+00
1.371213510005835357e+00
1.368159846959432491e+00
1.365139852379223750e+00
1.362153090533615440e+00
1.359199131471502842e+00
1.356277550970107271e+00
1.353387930481488421e+00
1.350529857077858775e+00
1.347702923395848629e+00
1.344906727579830541e+00
1.342140873224439757e+00
1.339404969316378757e+00
1.336698630175633618e+00
1.334021475396168110e+00
1.331373129786207254e+00
1.328753223308189124e+00
1.326161391018453095e+00
1.323597273006745123e+00
1.321060514335608893e+00
1.318550764979724121e+00
1.316067679765230647e+00
1.313610918309147557e+00
1.311180144958860927e+00
1.308775028731790080e+00
1.306395243255241922e+00
1.304040466706514412e+00
1.301710381753263146e+00
1.299404675494187256e+00
1.297123039400044586e+00
1.294865169255050574e+00
1.292630765098661705e+00
1.290419531167789291e+00
1.288231175839443798e+00
1.286065411573853901e+00
1.283921954858061820e+00
1.281800526150015607e+00
1.279700849823174558e+00
1.277622654111645328e+00
1.275565671055850503e+00
1.273529636448754943e+00
1.271514289782641249e+00
1.269519374196458994e+00
1.267544636423743709e+00
1.265589826741128743e+00
1.263654698917420438e+00
1.261739010163289265e+00
1.259842521081530498e+00
1.257964995617949056e+00
1.256106201012805901e+00
1.254265907752907250e+00
1.252443889524258003e+00
1.250639923165330236e+00
1.248853788620941874e+00
1.247085268896709342e+00
1.245334150014129948e+00
1.243600220966221359e+00
1.241883273673797472e+00
1.240183102942293836e+00
1.238499506419211693e+00
1.236832284552135119e+00
1.235181240547317483e+00
1.233546180328865871e+00
1.231926912498485072e+00
1.230323248295789762e+00
1.228735001559182916e+00
1.227161988687295979e+00
1.225604028600979056e+00
1.224060942705835986e+00
1.222532554855310760e+00
1.221018691314311067e+00
1.219519180723353413e+00
1.218033854063251376e+00
1.216562544620311659e+00
1.215105087952054186e+00
1.213661321853438890e+00
1.212231086323590779e+00
1.210814223533034140e+00
1.209410577791408148e+00
1.208019995515674072e+00
1.206642325198799659e+00
1.205277417378919136e+00
1.203925124608961061e+00
1.202585301426732922e+00
1.201257804325467582e+00
1.199942491724819149e+00
1.198639223942295162e+00
1.197347863165134418e+00
1.196068273422613126e+00
1.194800320558778717e+00
1.193543872205593770e+00
1.192298797756509376e+00
1.191064968340437291e+00
1.189842256796119546e+00
1.188630537646906848e+00
1.187429687075916895e+00
1.186239582901581491e+00
1.185060104553577354e+00
1.183891133049121747e+00
1.182732550969639362e+00
1.181584242437801802e+00
1.180446093094903892e+00
1.179317990078613709e+00
1.178199822001052111e+00
1.177091478927230428e+00
1.175992852353800355e+00
1.174903835188160883e+00
1.173824321727874098e+00
1.172754207640407165e+00
1.171693389943192498e+00
1.170641766983990140e+00
1.169599238421571652e+00
1.168565705206688232e+00
1.167541069563347911e+00
1.166525234970379632e+00
1.165518106143283994e+00
1.164519589016371093e+00
1.163529590725174812e+00
1.162548019589133785e+00
1.161574785094559470e+00
1.160609797877849125e+00
1.159652969708977688e+00
1.158704213475230782e+00
1.157763443165209294e+00
1.156830573853062205e+00
1.155905521682979442e+00
1.154988203853921869e+00
1.154078538604583537e+00
1.153176445198592415e+00
1.152281843909942038e+00
1.151394656008641215e+00
1.150514803746595316e+00
1.149642210343698512e+00
1.148776799974148055e+00
1.147918497752962619e+00
1.147067229722716686e+00
1.146222922840471892e+00
1.145385504964919754e+00
1.144554904843709364e+00
1.143731052100986245e+00
1.142913877225105956e+00
1.142103311556551759e+00
1.141299287276029473e+00
1.140501737392744630e+00
1.139710595732866594e+00
1.138925796928159651e+00
1.138147276404795960e+00
1.137374970372336369e+00
1.136608815812880646e+00
1.135848750470382473e+00
1.135094712840126085e+00
1.134346642158368557e+00
1.133604478392133519e+00
1.132868162229162312e+00
1.132137635068021231e+00
1.131412839008353322e+00
1.130693716841280283e+00
1.129980212039952026e+00
1.129272268750237007e+00
1.128569831781551791e+00
1.127872846597831824e+00
1.127181259308636552e+00
1.126495016660390203e+00
1.125814066027752913e+00
1.125138355405122415e+00
1.124467833398261840e+00
1.123802449216054322e+00
1.123142152662381932e+00
1.122486894128124746e+00
1.121836624583278930e+00
1.121191295569194057e+00
1.120550859190924786e+00
1.119915268109698214e+00
1.119284475535491374e+00
1.118658435219717084e+00
1.118037101448027704e+00
1.117420429033211038e+00
1.116808373308204594e+00
1.116200890119203315e+00
1.115597935818878117e+00
1.114999467259684796e+00
1.114405441787278850e+00
1.113815817234024674e+00
1.113230551912600230e+00
1.112649604609692977e+00
1.112072934579792838e+00
1.111500501539072427e+00
1.110932265659359430e+00
1.110368187562192688e+00
1.109808228312971767e+00
1.109252349415182248e+00
1.108700512804716043e+00
1.108152680844264770e+00
1.107608816317797729e+00
1.107068882425123579e+00
1.106532842776523529e+00
1.106000661387468220e+00
1.105472302673408347e+00
1.104947731444637649e+00
1.104426912901236513e+00
1.103909812628081522e+00
1.103396396589928941e+00
1.102886631126571260e+00
1.102380482948059015e+00
1.101877919129992334e+00
1.101378907108881311e+00
1.100883414677569672e+00
1.100391409980724822e+00
1.099902861510395624e+00
1.099417738101624131e+00
1.098936008928130148e+00
1.098457643498047975e+00
1.097982611649729545e+00
1.097510883547604621e+00
1.097042429678095843e+00
1.096577220845599276e+00
1.096115228168514699e+00
1.095656423075332953e+00
1.095200777300778139e+00
1.094748262882008438e+00
1.094298852154860668e+00
1.093852517750157904e+00
1.093409232590059510e+00
1.092968969884467345e+00
1.092531703127480158e+00
1.092097406093897494e+00
1.091666052835771117e+00
1.091237617679007288e+00
1.090812075220010113e+00
1.090389400322377744e+00
1.089969568113639875e+00
1.089552553982041427e+00
1.089138333573370199e+00
1.088726882787830030e+00
1.088318177776951057e+00
1.087912194940551469e+00
1.087508910923730143e+00
1.087108302613910338e+00
1.086710347137915367e+00
1.086315021859090013e+00
1.085922304374458358e+00
1.085532172511919358e+00
1.085144604327481499e+00
1.084759578102538091e+00
1.084377072341172088e+00
1.083997065767503987e+00
1.083619537323071480e+00
1.083244466164247299e+00
1.082871831659688366e+00
1.082501613387822248e+00
1.082133791134365142e+00
1.081768344889874722e+00
1.081405254847334518e+00
1.081044501399769597e+00
1.080686065137898666e+00
1.080329926847808819e+00
1.079976067508671145e+00
1.079624468290478534e+00
1.079275110551818795e+00
1.078927975837674191e+00
1.078583045877249402e+00
1.078240302581833454e+00
1.077899728042680971e+00
1.077561304528931618e+00
1.077225014485546861e+00
1.076890840531281590e+00
1.076558765456677724e+00
1.076228772222085128e+00
1.075900843955709840e+00
1.075574963951686502e+00
1.075251115668173885e+00
1.074929282725480162e+00
1.074609448904207731e+00
1.074291598143423787e+00
1.073975714538855986e+00
1.073661782341109205e+00
1.073349785953905622e+00
1.073039709932349872e+00
1.072731538981213539e+00
1.072425257953242284e+00
1.072120851847486511e+00
1.071818305807651583e+00
1.071517605120470229e+00
1.071218735214093831e+00
1.070921681656507252e+00
1.070626430153962083e+00
1.070332966549428999e+00
1.070041276821070531e+00
1.069751347080735826e+00
1.069463163572469178e+00
1.069176712671041418e+00
1.068891980880500192e+00
1.068608954832734215e+00
1.068327621286060403e+00
1.068047967123826325e+00
1.067769979353030640e+00
1.067493645102962185e+00
1.067218951623851053e+00
1.066945886285545431e+00
1.066674436576194651e+00
1.066404590100958005e+00
1.066136334580723100e+00
1.065869657850843311e+00
1.065604547859889673e+00
1.065340992668419196e+00
1.065078980447756951e+00
1.064818499478794145e+00
1.064559538150803508e+00
1.064302084960262684e+00
1.064046128509699374e+00
1.063791657506546917e+00
1.063538660762012311e+00
1.063287127189963766e+00
1.063037045805825809e+00
1.062788405725491270e+00
1.062541196164246360e+00
1.062295406435706857e+00
1.062051025950769834e+00
1.061808044216576707e+00
1.061566450835488729e+00
1.061326235504075122e+00
1.061087388012114108e+00
1.060849898241604583e+00
1.060613756165792454e+00
1.060378951848204077e+00
1.060145475441696572e+00
1.059913317187515691e+00
1.059682467414367002e+00
1.059452916537497513e+00
1.059224655057787512e+00
1.058997673560855057e+00
1.058771962716170467e+00
1.058547513276179908e+00
1.058324316075440974e+00
1.058102362029768928e+00
1.057881642135391376e+00
1.057662147468113822e+00
1.057443869182495888e+00
1.057226798511035959e+00
1.057010926763366054e+00
1.056796245325455796e+00
1.056582745658827260e+00
1.056370419299776486e+00
1.056159257858606537e+00
1.055949253018866996e+00
1.055740396536606340e+00
1.055532680239628096e+00
1.055326096026759863e+00
1.055120635867127898e+00
1.054916291799442130e+00
1.054713055931288945e+00
