2.303078160857977785e+00
2.299660243196381515e+00
2.299001135337658042e+00
2.297920103321382079e+00
2.296420261197585688e+00
2.294505908388780213e+00
2.292182493459984371e+00
2.289456566660627246e+00
2.286335723395921615e+00
2.282828539896883946e+00
2.278944502286191387e+00
2.274693930265246244e+00
2.270087896670376360e+00
2.265138144143089782e+00
2.259857000128860705e+00
2.254257291363193083e+00
2.248352258925372826e+00
2.242155474844893526e+00
2.235680761136675798e+00
2.228942112024172140e+00
2.221953619987803386e+00
2.214729406154694935e+00
2.207283555426907906e+00
2.199630056632433828e+00
2.191782747878255222e+00
2.183755267189335214e+00
2.175561008432225663e+00
2.167213082448303574e+00
2.158724283258569798e+00
2.150107059150246691e+00
2.141373488413987669e+00
2.132535259468614441e+00
2.123603655087758391e+00
2.114589540427580516e+00
2.105503354547140660e+00
2.096355105110806250e+00
2.087154365965558700e+00
2.077910277293000263e+00
2.068631548046885538e+00
2.059326460399941716e+00
2.050002875939146207e+00
2.040668243364749390e+00
2.031329607465907294e+00
2.021993619163317213e+00
2.012666546426779668e+00
2.003354285893266251e+00
1.994062375027741973e+00
1.984796004685332571e+00
1.975560031948869755e+00
1.966358993130228328e+00
1.957197116837587014e+00
1.948078337023261497e+00
1.939006305938328012e+00
1.929984406930874474e+00
1.921015767034401467e+00
1.912103269301550279e+00
1.903249564846294817e+00
1.894457084564621141e+00
1.885728050510132814e+00
1.877064486906389718e+00
1.868468230782862172e+00
1.859940942225340343e+00
1.851484114235783851e+00
1.843099082199320060e+00
1.834787032959261932e+00
1.826549013503000474e+00
1.818385939263977624e+00
1.810298602046223060e+00
1.802287677579499814e+00
1.794353732714205840e+00
1.786497232265970903e+00
1.778718545520561189e+00
1.771017952410318896e+00
1.763395649373545204e+00
1.755851754908642093e+00
1.748386314834773803e+00
1.740999307270962415e+00
1.733690647345352165e+00
1.726460191646383535e+00
1.719307742427261587e+00
1.712233051575048570e+00
1.705235824355361807e+00
1.698315722943273265e+00
1.691472369750919080e+00
1.684705350561747972e+00
1.678014217481102577e+00
1.671398491712573486e+00
1.664857666168926276e+00
1.658391207926341648e+00
1.651998560530236304e+00
1.645679146160420991e+00
1.639432367663286705e+00
1.633257610458199061e+00
1.627154244324877652e+00
1.621121625078465023e+00
1.615159096138361505e+00
1.609265989996845114e+00
1.603441629593090223e+00
1.597685329597911430e+00
1.591996397614315661e+00
1.586374135298682209e+00
1.580817839407115288e+00
1.575326802771308543e+00
1.569900315208003327e+00
1.564537664365879266e+00
1.559238136513620088e+00
1.554001017272525820e+00
1.548825592297010001e+00
1.543711147906050796e+00
1.538656971668509010e+00
1.533662352945115437e+00
1.528726583389670157e+00
1.523848957411979788e+00
1.519028772604799293e+00
1.514265330137007037e+00
1.509557935115071858e+00
1.504905896914727093e+00
1.500308529484740472e+00
1.495765151624483202e+00
1.491275087236933361e+00
1.486837665558621069e+00
1.482452221368069534e+00
1.478118095173937885e+00
1.473834633384307313e+00
1.469601188458199204e+00
1.465417119040576477e+00
1.461281790081784493e+00
1.457194572942539512e+00
1.453154845485377322e+00
1.449161992153435330e+00
1.445215404037462292e+00
1.441314478931800869e+00
1.437458621380113266e+00
1.433647242711545644e+00
1.429879761067989419e+00
1.426155601423067854e+00
1.422474195593406598e+00
1.418834982242773046e+00
1.415237406879565674e+00
1.411680921848152082e+00
1.408164986314519362e+00
1.404689066246642248e+00
1.401252634389985374e+00
1.397855170238508471e+00
1.394496160001543084e+00
1.391175096566852565e+00
1.387891479460187538e+00
1.384644814801643697e+00
1.381434615259109933e+00
1.378260399998990859e+00
1.375121694634546810e+00
1.372018031171995389e+00
1.368948947954631068e+00
1.365913989605130219e+00
1.362912706966262100e+00
1.359944657040141891e+00
1.357009402926214969e+00
1.354106513758107866e+00
1.351235564639495124e+00
1.348396136579125271e+00
1.345587816425095617e+00
1.342810196798530420e+00
1.340062876026740568e+00
1.337345458075990479e+00
1.334657552483937693e+00
1.331998774291855758e+00
1.329368743976703460e+00
1.326767087383132093e+00
1.324193435655493190e+00
1.321647425169891532e+00
1.319128697466396272e+00
1.316636899181387932e+00
1.314171681980184969e+00
1.311732702489900815e+00
1.309319622232658853e+00
1.306932107559153344e+00
1.304569829582603813e+00
1.302232464113161514e+00
1.299919691592757109e+00
1.297631197030456818e+00
1.295366669938335491e+00
1.293125804267872825e+00
1.290908298346939098e+00
1.288713854817343130e+00
1.286542180572985083e+00
1.284392986698625005e+00
1.282265988409280855e+00
1.280160904990256476e+00
1.278077459737834154e+00
1.276015379900616420e+00
1.273974396621541771e+00
1.271954244880571405e+00
1.269954663438056297e+00
1.267975394778792397e+00
1.266016185056756171e+00
1.264076784040536250e+00
1.262156945059461410e+00
1.260256424950410459e+00
1.258374984005323549e+00
1.256512385919407393e+00
1.254668397740023700e+00
1.252842789816280167e+00
1.251035335749294930e+00
1.249245812343160678e+00
1.247473999556577562e+00
1.245719680455177336e+00
1.243982641164503411e+00
1.242262670823686133e+00
1.240559561539753775e+00
1.238873108342631424e+00
1.237203109140769586e+00
1.235549364677444473e+00
1.233911678487682906e+00
1.232289856855835364e+00
1.230683708773777640e+00
1.229093045899736669e+00
1.227517682517730302e+00
1.225957435497629255e+00
1.224412124255816359e+00
1.222881570716438215e+00
1.221365599273268154e+00
1.219864036752124736e+00
1.218376712373895998e+00
1.216903457718110593e+00
1.215444106687088910e+00
1.213998495470636207e+00
1.212566462511291299e+00
1.211147848470123023e+00
1.209742496193039862e+00
1.208350250677652893e+00
1.206970959040633229e+00
1.205604470485605040e+00
1.204250636271522401e+00
1.202909309681559291e+00
1.201580345992487864e+00
1.200263602444530786e+00
1.198958938211706515e+00
1.197666214372630655e+00
1.196385293881787382e+00
1.195116041541256280e+00
1.193858323972886826e+00
1.192612009590916511e+00
1.191376968575024176e+00
1.190153072843812998e+00
1.188940196028720031e+00
1.187738213448329860e+00
1.186547002083115476e+00
1.185366440550566836e+00
1.184196409080725321e+00
1.183036789492110996e+00
1.181887465168017570e+00
1.180748321033212811e+00
1.179619243530991790e+00
1.178500120600600054e+00
1.177390841655022946e+00
1.176291297559128424e+00
1.175201380608153379e+00
1.174120984506542786e+00
1.173050004347122144e+00
1.171988336590599422e+00
1.170935879045400752e+00
1.169892530847826295e+00
1.168858192442520760e+00
1.167832765563255215e+00
1.166816153214020879e+00
1.165808259650416012e+00
1.164808990361338559e+00
1.163818252050959678e+00
1.162835952620997482e+00
1.161862001153260326e+00
1.160896307892474333e+00
1.159938784229383790e+00
1.158989342684118906e+00
1.158047896889824679e+00
1.157114361576554451e+00
1.156188652555416363e+00
1.155270686702970506e+00
1.154360381945872316e+00
1.153457657245760881e+00
1.152562432584387064e+00
1.151674628948970103e+00
1.150794168317793353e+00
1.149920973646022082e+00
1.149054968851744629e+00
1.148196078802234732e+00
1.147344229300430563e+00
1.146499347071624042e+00
1.145661359750359320e+00
1.144830195867536649e+00
1.144005784837720752e+00
1.143188056946642828e+00
1.142376943338902162e+00
1.141572376005858036e+00
1.140774287773709261e+00
1.139982612291761566e+00
1.139197284020875500e+00
1.138418238222097312e+00
1.137645410945463453e+00
1.136878739018973850e+00
1.136118160037748570e+00
1.135363612353343044e+00
1.134615035063226696e+00
1.133872368000431896e+00
1.133135551723356116e+00
1.132404527505723735e+00
1.131679237326704390e+00
1.130959623861174990e+00
1.130245630470141815e+00
1.129537201191301854e+00
1.128834280729752226e+00
1.128136814448840175e+00
1.127444748361152049e+00
1.126758029119643290e+00
1.126076604008898308e+00
1.125400420936526924e+00
1.124729428424692923e+00
1.124063575601763176e+00
1.123402812194095990e+00
1.122747088517941805e+00
1.122096355471472018e+00
1.121450564526926819e+00
1.120809667722885816e+00
1.120173617656645693e+00
1.119542367476720646e+00
1.118915870875452523e+00
1.118294082081730423e+00
1.117676955853822207e+00
1.117064447472311484e+00
1.116456512733138284e+00
1.115853107940749211e+00
1.115254189901342619e+00
1.114659715916217930e+00
1.114069643775225549e+00
1.113483931750309797e+00
1.112902538589148449e+00
1.112325423508889521e+00
1.111752546189977986e+00
1.111183866770071305e+00
1.110619345838049554e+00
1.110058944428112815e+00
1.109502624013957606e+00
1.108950346503050577e+00
1.108402074230977918e+00
1.107857769955879812e+00
1.107317396852966374e+00
1.106780918509111977e+00
1.106248298917531736e+00
1.105719502472532367e+00
1.105194493964338553e+00
1.104673238573998573e+00
1.104155701868358319e+00
1.103641849795113261e+00
1.103131648677927901e+00
1.102625065211625621e+00
1.102122066457453364e+00
1.101622619838404038e+00
1.101126693134617307e+00
1.100634254478839225e+00
1.100145272351948478e+00
1.099659715578548358e+00
1.099177553322615575e+00
1.098698755083222345e+00
1.098223290690308218e+00
1.097751130300516964e+00
1.097282244393092965e+00
1.096816603765834008e+00
1.096354179531102258e+00
1.095894943111891173e+00
1.095438866237948616e+00
1.094985920941952351e+00
1.094536079555744834e+00
1.094089314706612193e+00
1.093645599313623373e+00
1.093204906584016811e+00
1.092767210009637724e+00
1.092332483363425810e+00
1.091900700695952464e+00
1.091471836332002843e+00
1.091045864867213444e+00
1.090622761164743215e+00
1.090202500352006831e+00
1.089785057817436620e+00
1.089370409207305768e+00
1.088958530422578841e+00
1.088549397615820702e+00
1.088142987188138955e+00
1.087739275786165916e+00
1.087338240299095427e+00
1.086939857855742320e+00
1.086544105821658723e+00
1.086150961796277237e+00
1.085760403610099845e+00
1.085372409321924136e+00
1.084986957216105274e+00
1.084604025799855709e+00
1.084223593800581975e+00
1.083845640163260127e+00
1.083470144047841144e+00
1.083097084826694978e+00
1.082726442082089013e+00
1.082358195603699391e+00
1.081992325386156084e+00
1.081628811626620390e+00
1.081267634722396398e+00
1.080908775268572874e+00
1.080552214055696458e+00
1.080197932067478161e+00
1.079845910478527848e+00
1.079496130652119357e+00
1.079148574137986927e+00
1.078803222670148276e+00
1.078460058164759872e+00
1.078119062717995291e+00
1.077780218603957341e+00
1.077443508272616146e+00
1.077108914347769453e+00
1.076776419625037340e+00
1.076446007069876698e+00
1.076117659815628125e+00
1.075791361161580362e+00
1.075467094571067816e+00
1.075144843669587624e+00
1.074824592242945132e+00
1.074506324235418475e+00
1.074190023747952916e+00
1.073875675036373822e+00
1.073563262509625194e+00
1.073252770728030381e+00
1.072944184401575463e+00
1.072637488388213045e+00
1.072332667692191821e+00
1.072029707462403447e+00
1.071728592990752293e+00
1.071429309710546951e+00
1.071131843194910171e+00
1.070836179155211676e+00
1.070542303439520504e+00
1.070250202031072240e+00
1.069959861046763994e+00
1.069671266735662929e+00
1.069384405477533884e+00
1.069099263781388309e+00
1.068815828284048752e+00
1.068534085748733098e+00
1.068254023063657465e+00
1.067975627240653314e+00
1.067698885413806087e+00
1.067423784838107403e+00
1.067150312888126562e+00
1.066878457056698037e+00
1.066608204953624961e+00
1.066339544304397702e+00
1.066072462948931765e+00
1.065806948840318125e+00
1.065542990043590210e+00
1.065280574734506658e+00
1.065019691198348051e+00
1.064760327828731201e+00
1.064502473126432092e+00
1.064246115698231909e+00
1.063991244255769963e+00
1.063737847614413701e+00
1.063485914692144041e+00
1.063235434508450039e+00
1.062986396183241755e+00
1.062738788935774004e+00
1.062492602083583204e+00
1.062247825041437999e+00
1.062004447320301415e+00
1.061762458526309016e+00
1.061521848359752829e+00
1.061282606614086355e+00
1.061044723174932480e+00
1.060808188019111586e+00
1.060572991213676097e+00
1.060339122914957022e+00
1.060106573367626259e+00
1.059875332903763789e+00
1.059645391941941739e+00
1.059416740986315553e+00
1.059189370625728932e+00
1.058963271532827211e+00
1.058738434463181832e+00
1.058514850254427042e+00
1.058292509825403238e+00
1.058071404175314978e+00
1.057851524382894981e+00
1.057632861605581009e+00
1.057415407078700076e+00
1.057199152114664420e+00
1.056984088102175257e+00
1.056770206505436072e+00
1.056557498863377909e+00
1.056345956788889762e+00
1.056135571968059184e+00
1.055926336159425327e+00
1.055718241193234208e+00
1.055511278970708400e+00
1.055305441463323834e+00
1.055100720712092155e+00
