1.906873268992632209e+00
1.906814484619358208e+00
1.906638189395875038e+00
1.906344556844950411e+00
1.905933875617837892e+00
1.905406548667797129e+00
1.904763092099970523e+00
1.904004133704526591e+00
1.903130411181842341e+00
1.902142770070058830e+00
1.901042161387229257e+00
1.899829639001575643e+00
1.898506356744797730e+00
1.897073565284606689e+00
1.895532608773678129e+00
1.893884921293047530e+00
1.892132023108922922e+00
1.890275516762134345e+00
1.888317083010005337e+00
1.886258476640789716e+00
1.884101522180576804e+00
1.881848109512783029e+00
1.879500189430074020e+00
1.877059769138030187e+00
1.874528907729732907e+00
1.871909711649553554e+00
1.869204330163954264e+00
1.866414950856253530e+00
1.863543795161477945e+00
1.860593113956459765e+00
1.857565183219470395e+00
1.854462299772595246e+00
1.851286777118929194e+00
1.848040941385816538e+00
1.844727127383997800e+00
1.841347674791716571e+00
1.837904924471547297e+00
1.834401214926694168e+00
1.830838878902639966e+00
1.827220240138701213e+00
1.823547610273323238e+00
1.819823285905945554e+00
1.816049545817357114e+00
1.812228648349503590e+00
1.808362828945268896e+00
1.804454297847577715e+00
1.800505237956746996e+00
1.796517802844435518e+00
1.792494114921713955e+00
1.788436263758462097e+00
1.784346304550893825e+00
1.780226256733325130e+00
1.776078102730201724e+00
1.771903786844040596e+00
1.767705214274597036e+00
1.763484250264364839e+00
1.759242719365516905e+00
1.754982404822977404e+00
1.750705048068472491e+00
1.746412348320211194e+00
1.742105962282883169e+00
1.737787503942589851e+00
1.733458544451442318e+00
1.729120612096529896e+00
1.724775192348140695e+00
1.720423727982017148e+00
1.716067619270788658e+00
1.711708224239655518e+00
1.707346858981569904e+00
1.702984798027410207e+00
1.698623274766607238e+00
1.694263481914072722e+00
1.689906572019219011e+00
1.685553658013213774e+00
1.681205813790648040e+00
1.676864074822072226e+00
1.672529438793934453e+00
1.668202866272750162e+00
1.663885281390316884e+00
1.659577572547196400e+00
1.655280593131641442e+00
1.650995162251394532e+00
1.646722065475988428e+00
1.642462055587238901e+00
1.638215853335811989e+00
1.633984148201966136e+00
1.629767599158511882e+00
1.625566835434407942e+00
1.621382457277366740e+00
1.617215036714036547e+00
1.613065118306410195e+00
1.608933219903266210e+00
1.604819833385528582e+00
1.600725425404517122e+00
1.596650438112183323e+00
1.592595289882507981e+00
1.588560376023316900e+00
1.584546069477858588e+00
1.580552721515523729e+00
1.576580662411278810e+00
1.572630202113272313e+00
1.568701630898265975e+00
1.564795220014586041e+00
1.560911222312271196e+00
1.557049872860244655e+00
1.553211389550289478e+00
1.549395973687727412e+00
1.545603810568671577e+00
1.541835070043811484e+00
1.538089907068744377e+00
1.534368462240759845e+00
1.530670862322225378e+00
1.526997220750558881e+00
1.523347638134886939e+00
1.519722202739513417e+00
1.516120990954302528e+00
1.512544067752108923e+00
1.508991487133446441e+00
1.505463292558532951e+00
1.501959517366898034e+00
1.498480185184754676e+00
1.495025310320332146e+00
1.491594898147396542e+00
1.488188945477120884e+00
1.484807440918614274e+00
1.481450365228245136e+00
1.478117691648065612e+00
1.474809386233523867e+00
1.471525408170704097e+00
1.468265710083370923e+00
1.465030238329989798e+00
1.461818933291042510e+00
1.458631729646793218e+00
1.455468556645795886e+00
1.452329338364388711e+00
1.449213993957341629e+00
1.446122437899968638e+00
1.443054580221876382e+00
1.440010326732622747e+00
1.436989579239456472e+00
1.433992235757405531e+00
1.431018190711915272e+00
1.428067335134238114e+00
1.425139556849802647e+00
1.422234740659757746e+00
1.419352768515904639e+00
1.416493519689194791e+00
1.413656870932020304e+00
1.410842696634449833e+00
1.408050868974632941e+00
1.405281258063512784e+00
1.402533732084083606e+00
1.399808157425289190e+00
1.397104398810810943e+00
1.394422319422844003e+00
1.391761781021076949e+00
1.389122644056982825e+00
1.386504767783612646e+00
1.383908010361024399e+00
1.381332228957474983e+00
1.378777279846558734e+00
1.376243018500385551e+00
1.373729299678936533e+00
1.371235977515794291e+00
1.368762905600231949e+00
1.366309937055943280e+00
1.363876924616420405e+00
1.361463720697132729e+00
1.359070177464624773e+00
1.356696146902617528e+00
1.354341480875246750e+00
1.352006031187517276e+00
1.349689649643071920e+00
1.347392188099385324e+00
1.345113498520462469e+00
1.342853433027134891e+00
1.340611843945048065e+00
1.338388583850394609e+00
1.336183505613522948e+00
1.333996462440454778e+00
1.331827307912410774e+00
1.329675896023404302e+00
1.327542081216002146e+00
1.325425718415279785e+00
1.323326663061058506e+00
1.321244771138503804e+00
1.319179899207125084e+00
1.317131904428223921e+00
1.315100644590898593e+00
1.313085978136607546e+00
1.311087764182376381e+00
1.309105862542690346e+00
1.307140133750127831e+00
1.305190439074770392e+00
1.303256640542459266e+00
1.301338600951923885e+00
1.299436183890829710e+00
1.297549253750800435e+00
1.295677675741435442e+00
1.293821315903380009e+00
1.291980041120475153e+00
1.290153719131025056e+00
1.288342218538232720e+00
1.286545408819800063e+00
1.284763160336773735e+00
1.282995344341641308e+00
1.281241832985695384e+00
1.279502499325731790e+00
1.277777217330079651e+00
1.276065861884007280e+00
1.274368308794519677e+00
1.272684434794576269e+00
1.271014117546771072e+00
1.269357235646463744e+00
1.267713668624409928e+00
1.266083296948918191e+00
1.264466002027526681e+00
1.262861666208252132e+00
1.261270172780402987e+00
1.259691405974993739e+00
1.258125250964780228e+00
1.256571593863909264e+00
1.255030321727237386e+00
1.253501322549296138e+00
1.251984485262952251e+00
1.250479699737752082e+00
1.248986856777985821e+00
1.247505848120472827e+00
1.246036566432072279e+00
1.244578905306973571e+00
1.243132759263719578e+00
1.241698023742021206e+00
1.240274595099354782e+00
1.238862370607359153e+00
1.237461248448040285e+00
1.236071127709792439e+00
1.234691908383250158e+00
1.233323491356979718e+00
1.231965778413017354e+00
1.230618672222258958e+00
1.229282076339720309e+00
1.227955895199671188e+00
1.226640034110640265e+00
1.225334399250315398e+00
1.224038897660342684e+00
1.222753437241017149e+00
1.221477926745887288e+00
1.220212275776276556e+00
1.218956394775725816e+00
1.217710195024353181e+00
