-3.175036282875897217e+11
2.294342258412032542e+00
2.312997974820699021e+00
2.318357046628395146e+00
2.320071453920153903e+00
2.320206094920361561e+00
2.319363659439621195e+00
2.317772469542238145e+00
2.315541830292676018e+00
2.312736263007385329e+00
2.309400724596977650e+00
2.305570407320195692e+00
2.301275059479368501e+00
2.296541120202705955e+00
2.291392875781693483e+00
2.285853128330269435e+00
2.279943598450092423e+00
2.273685172641208396e+00
2.267098055751572083e+00
2.260201863552948609e+00
2.253015676873051376e+00
2.245558070833588271e+00
2.237847127989186724e+00
2.229900441198728878e+00
2.221735110168508776e+00
2.213367734371675333e+00
2.204814404224263669e+00
2.196090691835213882e+00
2.187211642252680832e+00
2.178191765845049588e+00
2.169045032245402460e+00
2.159784866130761483e+00
2.150424144987358233e+00
2.140975198921188483e+00
2.131449812502459906e+00
2.121859228579453305e+00
2.112214153957448382e+00
2.102524766810260459e+00
2.092800725672677054e+00
2.083051179850404999e+00
2.073284781078648109e+00
2.063509696259591131e+00
2.053733621112104224e+00
2.043963794572960957e+00
2.034207013797041608e+00
2.024469649613387379e+00
2.014757662304934360e+00
2.005076617590655808e+00
1.995431702700481313e+00
1.985827742444680633e+00
1.976269215190375128e+00
1.966760268668866996e+00
1.957304735547239272e+00
1.947906148707504670e+00
1.938567756185225921e+00
1.929292535727925806e+00
1.920083208940754904e+00
1.910942254993910350e+00
1.901871923872261672e+00
1.892874249152930455e+00
1.883951060301731539e+00
1.875103994483158898e+00
1.866334507882747573e+00
1.857643886543421052e+00
1.849033256720490792e+00
1.840503594762151085e+00
1.832055736524286882e+00
1.823690386330051982e+00
1.815408125485903801e+00
1.807209420367046349e+00
1.799094630085695590e+00
1.791064013756588746e+00
1.783117737374149137e+00
1.775255880316378487e+00
1.767478441490394125e+00
1.759785345134635470e+00
1.752176446292711409e+00
1.744651535973553269e+00
1.737210346012459272e+00
1.729852553647151403e+00
1.722577785822757779e+00
1.715385623239066737e+00
1.708275604153224547e+00
1.701247227950325680e+00
1.694299958494166702e+00
1.687433227269759417e+00
1.680646436328840920e+00
1.673938961049122209e+00
1.667310152717554672e+00
1.660759340947402629e+00
1.654285835938558824e+00
1.647888930589892942e+00
1.641567902472255369e+00
1.635322015670095608e+00
1.629150522499428488e+00
1.623052665109353754e+00
1.617027676974057471e+00
1.611074784281786965e+00
1.605193207226994101e+00
1.599382161211488684e+00
1.593640857960058721e+00
1.587968506555862858e+00
1.582364314400455996e+00
1.576827488103078156e+00
1.571357234303631500e+00
1.565952760433459989e+00
1.560613275417796597e+00
1.555337990323566899e+00
1.550126118955997168e+00
1.544976878407268828e+00
1.539889489560293701e+00
1.534863177550445545e+00
1.529897172188009247e+00
1.524990708343853640e+00
1.520143026300712741e+00
1.515353372072352656e+00
1.510620997692718070e+00
1.505945161477032057e+00
1.501325128256733255e+00
1.496760169589984590e+00
1.492249563949394009e+00
1.487792596888488639e+00
1.483388561188413002e+00
1.479036756986165546e+00
1.474736491885667355e+00
1.470487081052885170e+00
1.466287847296069868e+00
1.462138121132192659e+00
1.458037240840586612e+00
1.453984552504666627e+00
1.449979410042624428e+00
1.446021175227897526e+00
1.442109217700177304e+00
1.438242914967656993e+00
1.434421652401199454e+00
1.430644823221023154e+00
1.426911828476537192e+00
1.423222077019782539e+00
1.419574985473126105e+00
1.415969978191536249e+00
1.412406487219988405e+00
1.408883952246389404e+00
1.405401820550401526e+00
1.401959546948536861e+00
1.398556593735875486e+00
1.395192430624689450e+00
1.391866534680345158e+00
1.388578390254646466e+00
1.385327488916998862e+00
1.382113329383559241e+00
1.378935417444603129e+00
1.375793265890371320e+00
1.372686394435508550e+00
1.369614329642356410e+00
1.366576604843227960e+00
1.363572760061807942e+00
1.360602341933873749e+00
1.357664903627428421e+00
1.354760004762390890e+00
1.351887211329956040e+00
1.349046095611742269e+00
1.346236236098816708e+00
1.343457217410678028e+00
1.340708630214330510e+00
1.337990071143464244e+00
1.335301142717868483e+00
1.332641453263109677e+00
1.330010616830562542e+00
1.327408253117831505e+00
1.324833987389616663e+00
1.322287450399084463e+00
1.319768278309790599e+00
1.317276112618149364e+00
1.314810600076555147e+00
1.312371392617132759e+00
1.309958147276166551e+00
1.307570526119247623e+00
1.305208196167135792e+00
1.302870829322377411e+00
1.300558102296692109e+00
1.298269696539139595e+00
1.296005298165093134e+00
1.293764597886022827e+00
1.291547290940097792e+00
1.289353077023625227e+00
1.287181660223329693e+00
1.285032748949465953e+00
1.282906055869802886e+00
1.280801297844440745e+00
1.278718195861492823e+00
1.276656474973628441e+00
1.274615864235466578e+00
1.272596096641822383e+00
1.270596909066824765e+00
1.268618042203863094e+00
1.266659240506406991e+00
1.264720252129654332e+00
1.262800828873033243e+00
1.260900726123522553e+00
1.259019702799831553e+00
1.257157521297377567e+00
1.255313947434095079e+00
1.253488750397059315e+00
1.251681702689910303e+00
1.249892580081072069e+00
1.248121161552771197e+00
1.246367229250826991e+00
1.244630568435223905e+00
1.242910967431451352e+00
1.241208217582582485e+00
1.239522113202133458e+00
1.237852451527632791e+00
1.236199032674935028e+00
1.234561659593257366e+00
1.232940138020929499e+00
1.231334276441838682e+00
1.229743886042582668e+00
1.228168780670286342e+00
1.226608776791128452e+00
1.225063693449499169e+00
1.223533352227841764e+00
1.222017577207125116e+00
1.220516194927968145e+00
1.219029034352383967e+00
1.217555926826151991e+00
1.216096706041799091e+00
1.214651208002181626e+00
1.213219270984661646e+00
1.211800735505867976e+00
1.210395444287040601e+00
1.209003242219920615e+00
1.207623976333223714e+00
1.206257495759645915e+00
1.204903651703415735e+00
1.203562297408377502e+00
1.202233288126600019e+00
1.200916481087500820e+00
1.199611735467470464e+00
1.198318912360011979e+00
1.197037874746346375e+00
1.195768487466531083e+00
1.194510617191027357e+00
1.193264132392747756e+00
1.192028903319565680e+00
1.190804801967270343e+00
1.189591702052964051e+00
1.188389478988908898e+00
1.187198009856788250e+00
1.186017173382407641e+00
1.184846849910795807e+00
1.183686921381721158e+00
1.182537271305615922e+00
1.181397784739884660e+00
1.180268348265611111e+00
1.179148849964639645e+00
1.178039179397032399e+00
1.176939227578911229e+00
1.175848886960631834e+00
1.174768051405350011e+00
1.173696616167908768e+00
1.172634477874086922e+00
1.171581534500191424e+00
1.170537685352958324e+00
1.169502831049807012e+00
1.168476873499405766e+00
1.167459715882551485e+00
1.166451262633364072e+00
1.165451419420785006e+00
1.164460093130376350e+00
1.163477191846416403e+00
1.162502624834285569e+00
1.161536302523131337e+00
1.160578136488827239e+00
1.159628039437189173e+00
1.158685925187480370e+00
1.157751708656168610e+00
1.156825305840953000e+00
1.155906633805047878e+00
1.154995610661712968e+00
1.154092155559038435e+00
1.153196188664971089e+00
1.152307631152583944e+00
1.151426405185574264e+00
1.150552433904000527e+00
1.149685641410245651e+00
1.148825952755199609e+00
1.147973293924672067e+00
1.147127591826006876e+00
1.146288774274923483e+00
1.145456769982560186e+00
1.144631508542719001e+00
1.143812920419323920e+00
1.143000936934066347e+00
1.142195490254251711e+00
1.141396513380835698e+00
1.140603940136651673e+00
1.139817705154815730e+00
1.139037743867326702e+00
1.138263992493832255e+00
1.137496388030578620e+00
1.136734868239531737e+00
1.135979371637666713e+00
1.135229837486427362e+00
1.134486205781346735e+00
1.133748417241831730e+00
1.133016413301105585e+00
1.132290136096306910e+00
1.131569528458743257e+00
1.130854533904289916e+00
1.130145096623947687e+00
1.129441161474536770e+00
1.128742673969536536e+00
1.128049580270069852e+00
1.127361827176024844e+00
1.126679362117307903e+00
1.126002133145238560e+00
1.125330088924068495e+00
1.124663178722637991e+00
1.124001352406152510e+00
1.123344560428088945e+00
1.122692753822226441e+00
1.122045884194789789e+00
1.121403903716725159e+00
1.120766765116080643e+00
1.120134421670511360e+00
1.119506827199890031e+00
1.118883936059035689e+00
1.118265703130548294e+00
1.117652083817750386e+00
1.117043034037741522e+00
1.116438510214543101e+00
1.115838469272363964e+00
1.115242868628949280e+00
1.114651666189043766e+00
1.114064820337938633e+00
1.113482289935128433e+00
1.112904034308047185e+00
1.112330013245912630e+00
1.111760186993650645e+00
1.111194516245915587e+00
1.110632962141193669e+00
1.110075486256000499e+00
1.109522050599157428e+00
1.108972617606157396e+00
1.108427150133608263e+00
1.107885611453761632e+00
1.107347965249122268e+00
1.106814175607130801e+00
1.106284207014933241e+00
1.105758024354216662e+00
1.105235592896125940e+00
1.104716878296255533e+00
1.104201846589710323e+00
1.103690464186237952e+00
1.103182697865436213e+00
1.102678514772023277e+00
1.102177882411182530e+00
1.101680768643966690e+00
1.101187141682778758e+00
1.100696970086906701e+00
1.100210222758130962e+00
1.099726868936386159e+00
1.099246878195496047e+00
1.098770220438957335e+00
1.098296865895793006e+00
1.097826785116459813e+00
1.097359948968814169e+00
1.096896328634136220e+00
1.096435895603211641e+00
1.095978621672465847e+00
1.095524478940154145e+00
1.095073439802608517e+00
1.094625476950528364e+00
1.094180563365336312e+00
1.093738672315573535e+00
1.093299777353353486e+00
1.092863852310857808e+00
1.092430871296891759e+00
1.092000808693475156e+00
1.091573639152490394e+00
1.091149337592373314e+00
1.090727879194849814e+00
1.090309239401719754e+00
1.089893393911681496e+00
1.089480318677204629e+00
1.089069989901441993e+00
1.088662384035191000e+00
1.088257477773884041e+00
1.087855248054636181e+00
1.087455672053320610e+00
1.087058727181689832e+00
1.086664391084537051e+00
1.086272641636890413e+00
1.085883456941254765e+00
1.085496815324880959e+00
1.085112695337080879e+00
1.084731075746573570e+00
1.084351935538867329e+00
1.083975253913681325e+00
1.083601010282398525e+00
1.083229184265552592e+00
1.082859755690352088e+00
1.082492704588234433e+00
1.082128011192454720e+00
1.081765655935704729e+00
1.081405619447767696e+00
1.081047882553201278e+00
1.080692426269048712e+00
1.080339231802590838e+00
1.079988280549113888e+00
1.079639554089718789e+00
1.079293034189154010e+00
1.078948702793675940e+00
1.078606542028942350e+00
1.078266534197929838e+00
1.077928661778877917e+00
1.077592907423265300e+00
1.077259253953807505e+00
1.076927684362483317e+00
1.076598181808586574e+00
1.076270729616802369e+00
1.075945311275311456e+00
1.075621910433915973e+00
1.075300510902191142e+00
1.074981096647660506e+00
1.074663651793996255e+00
1.074348160619240877e+00
1.074034607554052778e+00
1.073722977179975668e+00
1.073413254227727043e+00
1.073105423575512862e+00
1.072799470247361331e+00
1.072495379411478211e+00
1.072193136378623679e+00
1.071892726600511159e+00
1.071594135668224590e+00
1.071297349310655456e+00
1.071002353392963791e+00
1.070709133915054512e+00
1.070417677010074842e+00
1.070127968942930163e+00
1.069839996108820745e+00
1.069553745031793346e+00
1.069269202363315685e+00
1.068986354880862910e+00
1.068705189486529594e+00
1.068425693205651950e+00
1.068147853185451135e+00
1.067871656693693883e+00
1.067597091117367558e+00
1.067324143961373206e+00
1.067052802847235915e+00
1.066783055511829614e+00
1.066514889806117639e+00
1.066248293693910609e+00
1.065983255250638306e+00
1.065719762662137082e+00
1.065457804223452598e+00
1.065197368337657879e+00
1.064938443514683808e+00
1.064681018370166932e+00
1.064425081624309044e+00
1.064170622100752084e+00
1.063917628725467024e+00
1.063666090525655417e+00
1.063415996628663596e+00
1.063167336260914642e+00
1.062920098746846564e+00
1.062674273507869138e+00
1.062429850061330949e+00
1.062186818019497991e+00
1.061945167088547803e+00
1.061704887067573821e+00
1.061465967847599723e+00
1.061228399410610423e+00
1.060992171828590402e+00
1.060757275262577570e+00
1.060523699961723132e+00
1.060291436262369213e+00
1.060060474587132706e+00
1.059830805444001101e+00
1.059602419425440312e+00
1.059375307207513828e+00
1.059149459549009187e+00
1.058924867290577554e+00
1.058701521353882402e+00
1.058479412740758852e+00
1.058258532532382779e+00
1.058038871888449917e+00
1.057820422046363618e+00
1.057603174320434380e+00
1.057387120101085820e+00
1.057172250854072848e+00
1.056958558119707403e+00
1.056746033512094174e+00
1.056534668718374093e+00
1.056324455497976711e+00
1.056115385681884788e+00
1.055907451171901545e+00
1.055700643939931016e+00
