-8.650407548870083008e+11
2.380156728236224595e+00
2.369347579594852427e+00
2.366064257653830438e+00
2.364299348159101477e+00
2.362536130287463010e+00
2.360377565553455348e+00
2.357728380752201591e+00
2.354576830848438274e+00
2.350932596236249505e+00
2.346809637803477955e+00
2.342222394204954483e+00
2.337185590352430786e+00
2.331714690405362056e+00
2.325826212465910814e+00
2.319537797867147866e+00
2.312868101463264825e+00
2.305836586448950953e+00
2.298463285232676956e+00
2.290768563365969790e+00
2.282772905430867638e+00
2.274496730419401480e+00
2.265960237744608641e+00
2.257183281825154708e+00
2.248185271867917390e+00
2.238985093177486618e+00
2.229601046528750352e+00
2.220050802553980240e+00
2.210351368561614294e+00
2.200519065643621985e+00
2.190569514311509813e+00
2.180517627218808485e+00
2.170377607785086482e+00
2.160162953741618264e+00
2.149886464780141893e+00
2.139560253615130136e+00
2.129195759871350013e+00
2.118803766291040613e+00
2.108394416822215511e+00
2.097977236205492257e+00
2.087561150724369874e+00
2.077154509824871376e+00
2.066765108346235280e+00
2.056400209136576507e+00
2.046066565855566566e+00
2.035770445792596028e+00
2.025517652551710235e+00
2.015313548476298067e+00
2.005163076705511305e+00
1.995070782771936724e+00
1.985040835665773606e+00
1.975077048304844540e+00
1.965182897362520720e+00
1.955361542416871323e+00
1.945615844394185556e+00
1.935948383289030961e+00
1.926361475150340619e+00
1.916857188329939010e+00
1.907437358995358156e+00
1.898103605913783021e+00
1.888857344517975712e+00
1.879699800268366250e+00
1.870632021328384464e+00
1.861654890572161491e+00
1.852769136945594752e+00
1.843975346202982202e+00
1.835273971042444829e+00
1.826665340663907067e+00
1.818149669773836408e+00
1.809727067060933781e+00
1.801397543166970205e+00
1.793161018176673949e+00
1.785017328650225998e+00
1.776966234221265317e+00
1.769007423782941624e+00
1.761140521283675042e+00
1.753365091153709088e+00
1.745680643382643282e+00
1.738086638267520634e+00
1.730582490850081978e+00
1.723167575061067769e+00
1.715841227588644990e+00
1.708602751487183324e+00
1.701451419541843091e+00
1.694386477403744262e+00
1.687407146509486644e+00
1.680512626798416953e+00
1.673702099239981811e+00
1.666974728183026055e+00
1.660329663538244516e+00
1.653766042804178937e+00
1.647282992946836444e+00
1.640879632142138611e+00
1.634555071390047853e+00
1.628308416008697579e+00
1.622138767016197525e+00
1.616045222407542337e+00
1.610026878333394418e+00
1.604082830187232966e+00
1.598212173606951225e+00
1.592414005396481924e+00
1.586687424372886568e+00
1.581031532143790219e+00
1.575445433819921748e+00
1.569928238667106513e+00
1.564479060701762680e+00
1.559097019233843362e+00
1.553781239360733757e+00
1.548530852415493264e+00
1.543344996372614464e+00
1.538222816214199096e+00
1.533163464259351461e+00
1.528166100459323662e+00
1.523229892660853846e+00
1.518354016839916998e+00
1.513537657308057449e+00
1.508780006893139625e+00
1.504080267096531642e+00
1.499437648228283404e+00
1.494851369521979834e+00
1.490320659230781164e+00
1.485844754705971882e+00
1.481422902459425650e+00
1.477054358211128182e+00
1.472738386922914477e+00
1.468474262819530862e+00
1.464261269397930665e+00
1.460098699425812052e+00
1.455985854930202272e+00
1.451922047176925856e+00
1.447906596641685306e+00
1.443938832973484576e+00
1.440018094951006411e+00
1.436143730432604126e+00
1.432315096300420532e+00
1.428531558399205093e+00
1.424792491470292077e+00
1.421097279081218190e+00
1.417445313551391362e+00
1.413835995874225260e+00
1.410268735636069248e+00
1.406742950932339919e+00
1.403258068281102000e+00
1.399813522534455679e+00
1.396408756787965721e+00
1.393043222288407490e+00
1.389716378340057013e+00
1.386427692209753593e+00
1.383176639030916810e+00
1.379962701706752837e+00
1.376785370812764864e+00
1.373644144498777697e+00
1.370538528390593314e+00
1.367468035491441691e+00
1.364432186083330389e+00
1.361430507628421216e+00
1.358462534670539235e+00
1.355527808736924911e+00
1.352625878240293122e+00
1.349756298381306507e+00
1.346918631051535531e+00
1.344112444736961898e+00
1.341337314422100579e+00
1.338592821494799745e+00
1.335878553651759448e+00
1.333194104804830582e+00
1.330539074988118076e+00
1.327913070265963835e+00
1.325315702641781668e+00
1.322746589967843889e+00
1.320205355855997631e+00
1.317691629589366142e+00
1.315205046035023528e+00
1.312745245557698670e+00
1.310311873934496107e+00
1.307904582270655203e+00
1.305523026916363127e+00
1.303166869384630555e+00
1.300835776270230282e+00
1.298529419169700549e+00
1.296247474602443273e+00
1.293989623932882749e+00
1.291755553293709724e+00
1.289544953510205705e+00
1.287357520025641522e+00
1.285192952827746815e+00
1.283050956376256213e+00
1.280931239531518218e+00
1.278833515484163907e+00
1.276757501685824137e+00
1.274702919780905885e+00
1.272669495539393791e+00
1.270656958790695068e+00
1.268665043358496947e+00
1.266693486996645523e+00
1.264742031326014482e+00
1.262810421772390779e+00
1.260898407505315788e+00
1.259005741377924537e+00
1.257132179867722854e+00
1.255277483018336859e+00
1.253441414382188368e+00
1.251623740964098008e+00
1.249824233165819365e+00
1.248042664731452200e+00
1.246278812693767835e+00
1.244532457321414265e+00
1.242803382066981710e+00
1.241091373515925689e+00
1.239396221336341863e+00
1.237717718229566222e+00
1.236055659881600155e+00
1.234409844915339116e+00
1.232780074843605300e+00
1.231166154022955483e+00
1.229567889608273568e+00
1.227985091508108972e+00
1.226417572340774420e+00
1.224865147391182241e+00
1.223327634568398992e+00
1.221804854363923054e+00
1.220296629810647682e+00
1.218802786442549024e+00
1.217323152255014751e+00
1.215857557665869670e+00
1.214405835477052831e+00
1.212967820836936550e+00
1.211543351203291818e+00
1.210132266306869875e+00
1.208734408115605063e+00
1.207349620799427203e+00
1.205977750695659267e+00
1.204618646275010807e+00
1.203272158108140477e+00
1.201938138832788772e+00
1.200616443121456545e+00
1.199306927649644861e+00
1.198009451064624420e+00
1.196723873954724571e+00
1.195450058819162775e+00
1.194187870038362576e+00
1.192937173844781373e+00
1.191697838294232703e+00
1.190469733237688787e+00
1.189252730293558269e+00
1.188046702820434453e+00
1.186851525890300740e+00
1.185667076262182595e+00
1.184493232356253367e+00
1.183329874228360223e+00
1.182176883544994617e+00
1.181034143558669980e+00
1.179901539083714423e+00
1.178778956472480210e+00
1.177666283591930929e+00
1.176563409800640780e+00
1.175470225926166012e+00
1.174386624242797605e+00
1.173312498449684771e+00
1.172247743649324381e+00
1.171192256326404335e+00
1.170145934327004200e+00
1.169108676838135796e+00
1.168080384367632396e+00
1.167060958724354780e+00
1.166050302998746346e+00
1.165048321543690424e+00
1.164054919955696654e+00
1.163070005056391132e+00
1.162093484874315408e+00
1.161125268627024365e+00
1.160165266703475639e+00
1.159213390646709696e+00
1.158269553136819230e+00
1.157333667974189240e+00
1.156405650063014878e+00
1.155485415395092197e+00
1.154572881033867793e+00
1.153667965098752690e+00
1.152770586749688908e+00
1.151880666171967160e+00
1.150998124561292579e+00
1.150122884109094246e+00
1.149254867988067863e+00
1.148394000337954468e+00
1.147540206251550732e+00
1.146693411760943082e+00
1.145853543823961651e+00
1.145020530310858708e+00
1.144194299991190933e+00
1.143374782520923949e+00
1.142561908429731821e+00
1.141755609108509262e+00
1.140955816797078803e+00
1.140162464572091139e+00
1.139375486335123977e+00
1.138594816800969411e+00
1.137820391486104921e+00
1.137052146697344668e+00
1.136290019520677319e+00
1.135533947810277722e+00
1.134783870177687337e+00
1.134039725981174085e+00
1.133301455315250950e+00
1.132568999000365340e+00
1.131842298572745875e+00
1.131121296274417487e+00
1.130405935043355958e+00
1.129696158503813663e+00
1.128991910956789191e+00
1.128293137370639521e+00
1.127599783371850517e+00
1.126911795235940428e+00
1.126229119878509044e+00
1.125551704846426526e+00
1.124879498309154346e+00
1.124212449050205231e+00
1.123550506458730114e+00
1.122893620521236091e+00
1.122241741813436722e+00
1.121594821492218230e+00
1.120952811287735384e+00
1.120315663495626168e+00
1.119683330969347468e+00
1.119055767112622002e+00
1.118432925872009376e+00
1.117814761729580608e+00
1.117201229695708564e+00
1.116592285301969412e+00
1.115987884594151103e+00
1.115387984125356891e+00
1.114792540949233857e+00
1.114201512613282929e+00
1.113614857152280369e+00
1.113032533081796061e+00
1.112454499391809293e+00
1.111880715540417786e+00
1.111311141447643314e+00
1.110745737489329032e+00
1.110184464491127843e+00
1.109627283722577573e+00
1.109074156891271423e+00
1.108525046137104120e+00
1.107979914026613777e+00
1.107438723547400805e+00
1.106901438102630086e+00
1.106368021505618637e+00
1.105838437974496102e+00
1.105312652126949846e+00
1.104790628975042432e+00
1.104272333920105709e+00
1.103757732747717935e+00
1.103246791622737533e+00
1.102739477084426323e+00
1.102235756041632708e+00
1.101735595768047471e+00
1.101238963897534617e+00
1.100745828419520178e+00
1.100256157674450730e+00
1.099769920349322749e+00
1.099287085473273917e+00
1.098807622413230156e+00
1.098331500869626831e+00
1.097858690872184351e+00
1.097389162775746607e+00
1.096922887256178925e+00
1.096459835306322184e+00
1.095999978232009120e+00
1.095543287648131026e+00
1.095089735474770620e+00
1.094639293933375335e+00
1.094191935542998984e+00
1.093747633116587847e+00
1.093306359757321822e+00
1.092868088855008191e+00
1.092432794082521808e+00
1.092000449392305894e+00
1.091571029012906591e+00
1.091144507445569012e+00
1.090720859460873937e+00
1.090300060095425572e+00
1.089882084648583493e+00
1.089466908679237012e+00
1.089054508002631927e+00
1.088644858687235928e+00
1.088237937051644399e+00
1.087833719661541743e+00
1.087432183326686230e+00
1.087033305097954816e+00
1.086637062264414810e+00
1.086243432350443960e+00
1.085852393112886505e+00
1.085463922538248527e+00
1.085077998839935276e+00
1.084694600455517799e+00
1.084313706044047976e+00
1.083935294483401091e+00
1.083559344867659702e+00
1.083185836504529265e+00
1.082814748912794167e+00
1.082446061819801297e+00
1.082079755158984025e+00
1.081715809067415046e+00
1.081354203883396092e+00
1.080994920144074944e+00
1.080637938583100865e+00
1.080283240128305122e+00
1.079930805899418367e+00
1.079580617205814885e+00
1.079232655544285491e+00
1.078886902596845943e+00
1.078543340228570013e+00
1.078201950485451643e+00
1.077862715592296849e+00
1.077525617950642722e+00
1.077190640136705735e+00
1.076857764899352254e+00
1.076526975158103694e+00
1.076198254001159649e+00
1.075871584683453674e+00
1.075546950624729492e+00
1.075224335407646725e+00
1.074903722775907955e+00
1.074585096632411974e+00
1.074268441037432353e+00
1.073953740206815999e+00
1.073640978510208566e+00
1.073330140469303862e+00
1.073021210756108346e+00
1.072714174191240266e+00
1.072409015742239680e+00
1.072105720521905781e+00
1.071804273786656214e+00
1.071504660934904152e+00
1.071206867505458682e+00
1.070910879175945851e+00
1.070616681761247690e+00
1.070324261211964334e+00
1.070033603612892570e+00
1.069744695181526817e+00
1.069457522266576532e+00
1.069172071346505382e+00
1.068888329028085504e+00
1.068606282044972655e+00
1.068325917256299551e+00
1.068047221645283873e+00
1.067770182317858696e+00
1.067494786501315129e+00
1.067221021542966941e+00
1.066948874908826062e+00
1.066678334182302734e+00
1.066409387062912772e+00
1.066142021365008796e+00
1.065876225016521683e+00
1.065611986057722449e+00
1.065349292639995671e+00
1.065088133024629569e+00
1.064828495581622736e+00
1.064570368788502641e+00
1.064313741229160337e+00
1.064058601592701603e+00
1.063804938672307632e+00
1.063552741364113263e+00
1.063301998666098758e+00
1.063052699676993340e+00
1.062804833595195397e+00
1.062558389717701557e+00
1.062313357439051087e+00
1.062069726250286505e+00
1.061827485737920851e+00
1.061586625582920052e+00
1.061347135559700838e+00
1.061109005535134209e+00
1.060872225467567542e+00
1.060636785405856264e+00
1.060402675488402835e+00
1.060169885942215506e+00
1.059938407081971512e+00
1.059708229309095584e+00
1.059479343110847127e+00
1.059251739059419384e+00
1.059025407811051256e+00
1.058800340105144677e+00
1.058576526763398640e+00
1.058353958688948993e+00
1.058132626865520232e+00
1.057912522356587948e+00
1.057693636304550378e+00
1.057475959929909948e+00
1.057259484530464144e+00
1.057044201480507262e+00
1.056830102230039037e+00
1.056617178303987048e+00
1.056405421301432002e+00
1.056194822894849228e+00
1.055985374829351731e+00
1.055777068921949668e+00
1.055569897060812057e+00
1.055363851204540238e+00
1.055158923381450675e+00
