2.324675937268303461e+00
2.323974774582868275e+00
2.323225206115397512e+00
2.322107941697093114e+00
2.320597005293109305e+00
2.318687500762156350e+00
2.316380739258405708e+00
2.313681028819170482e+00
2.310594593873914526e+00
2.307129095404395258e+00
2.303293364861147552e+00
2.299097226185621512e+00
2.294551358117530970e+00
2.289667176610007182e+00
2.284456728310209961e+00
2.278932590981713524e+00
2.273107779062934597e+00
2.266995653690186074e+00
2.260609837070831851e+00
2.253964131351286593e+00
2.247072442225021227e+00
2.239948707538077954e+00
2.232606831115475199e+00
2.225060621972351438e+00
2.217323739004412708e+00
2.209409641179932660e+00
2.201331543186777040e+00
2.193102376424753253e+00
2.184734755178825427e+00
2.176240947762111855e+00
2.167632852380259934e+00
2.158921977440068307e+00
2.150119426004545531e+00
2.141235884083579677e+00
2.132281612442718632e+00
2.123266441611933786e+00
2.114199769780360505e+00
2.105090563271016624e+00
2.095947359301102431e+00
2.086778270747285724e+00
2.077590992651021651e+00
2.068392810216260980e+00
2.059190608069286554e+00
2.049990880569017904e+00
2.040799742973732123e+00
2.031622943288387440e+00
2.022465874633745386e+00
2.013333587995200347e+00
2.004230805224767931e+00
1.995161932184810194e+00
1.986131071935507197e+00
1.977142037881089776e+00
1.968198366801689803e+00
1.959303331708202034e+00
1.950459954467478330e+00
1.941671018154101258e+00
1.932939079092645951e+00
1.924266478561666993e+00
1.915655354136984734e+00
1.907107650657094755e+00
1.898625130798802907e+00
1.890209385255146923e+00
1.881861842511598049e+00
1.873583778219486184e+00
1.865376324168559696e+00
1.857240476862714429e+00
1.849177105704832069e+00
1.841186960798596672e+00
1.833270680375900463e+00
1.825428797860071839e+00
1.817661748575591929e+00
1.809969876115765208e+00
1.802353438380154493e+00
1.794812613294006987e+00
1.787347504222019268e+00
1.779958145088666566e+00
1.772644505217712885e+00
1.765406493902956786e+00
1.758243964722348895e+00
1.751156719607361634e+00
1.744144512679149717e+00
1.737207053862759532e+00
1.730344012290357725e+00
1.723555019504037444e+00
1.716839672468442934e+00
1.710197536402981777e+00
1.703628147443194241e+00
1.697131015140190380e+00
1.690705624807006036e+00
1.684351439720072507e+00
1.678067903183732223e+00
1.671854440465435854e+00
1.665710460608750942e+00
1.659635358131065441e+00
1.653628514612518696e+00
1.647689300182316963e+00
1.641817074908324958e+00
1.636011190095527201e+00
1.630270989498579182e+00
1.624595810453523859e+00
1.618984984933335092e+00
1.613437840531827261e+00
1.607953701380112621e+00
1.602531888999654264e+00
1.597171723095658358e+00
1.591872522294383474e+00
1.586633604827765609e+00
1.581454289168506833e+00
1.576333894618624498e+00
1.571271741854316062e+00
1.566267153429802050e+00
1.561319454242646287e+00
1.556427971962913048e+00
1.551592037428447757e+00
1.546810985008327144e+00
1.542084152936479713e+00
1.537410883617349455e+00
1.532790523905354529e+00
1.528222425359790693e+00
1.523705944476725360e+00
1.519240442899371324e+00
1.514825287608296378e+00
1.510459851092779360e+00
1.506143511504504984e+00
1.501875652794786298e+00
1.497655664836357925e+00
1.493482943530761720e+00
1.489356890902283403e+00
1.485276915179346791e+00
1.481242430864176507e+00
1.477252858791558765e+00
1.473307626177404295e+00
1.469406166657850843e+00
1.465547920319540509e+00
1.461732333721679655e+00
1.457958859910499783e+00
1.454226958426606320e+00
1.450536095305784867e+00
1.446885743073703656e+00
1.443275380734972746e+00
1.439704493757000492e+00
1.436172574049024764e+00
1.432679119936677514e+00
1.429223636132485042e+00
1.425805633702571740e+00
1.422424630029908599e+00
1.419080148774378713e+00
1.415771719829947761e+00
1.412498879279170616e+00
1.409261169345295883e+00
1.406058138342157982e+00
1.402889340622096803e+00
1.399754336522071929e+00
1.396652692308180566e+00
1.393583980118732635e+00
1.390547777906035343e+00
1.387543669377059974e+00
1.384571243933102824e+00
1.381630096608589486e+00
1.378719828009145498e+00
1.375840044249017291e+00
1.372990356887994867e+00
1.370170382867881731e+00
1.367379744448664614e+00
1.364618069144404755e+00
1.361884989658971978e+00
1.359180143821687725e+00
1.356503174522936783e+00
1.353853729649808990e+00
1.351231462021846852e+00
1.348636029326937935e+00
1.346067094057399105e+00
1.343524323446316115e+00
1.341007389404180072e+00
1.338515968455824545e+00
1.336049741677756586e+00
1.333608394635868777e+00
1.331191617323586929e+00
1.328799104100466311e+00
1.326430553631277265e+00
1.324085668825599749e+00
1.321764156777924804e+00
1.319465728708315799e+00
1.317190099903629674e+00
1.314936989659315492e+00
1.312706121221791200e+00
1.310497221731448114e+00
1.308310022166228270e+00
1.306144257285876353e+00
1.303999665576772271e+00
1.301875989197429639e+00
1.299772973924630648e+00
1.297690369100200636e+00
1.295627927578443028e+00
1.293585405674223976e+00
1.291562563111711137e+00
1.289559162973769713e+00
1.287574971652014622e+00
1.285609758797527924e+00
1.283663297272212622e+00
1.281735363100825476e+00
1.279825735423644417e+00
1.277934196449791671e+00
1.276060531411206567e+00
1.274204528517259405e+00
1.272365978910005690e+00
1.270544676620075641e+00
1.268740418523197411e+00
1.266953004297348695e+00
1.265182236380524516e+00
1.263427919929127841e+00
1.261689862776967264e+00
1.259967875394863102e+00
1.258261770850857664e+00
1.256571364771003063e+00
1.254896475300760317e+00
1.253236923066963326e+00
1.251592531140360176e+00
1.249963124998731967e+00
1.248348532490561213e+00
1.246748583799267562e+00
1.245163111407986190e+00
1.243591950064889540e+00
1.242034936749043750e+00
1.240491910636791761e+00
1.238962713068667343e+00
1.237447187516812264e+00
1.235945179552909279e+00
1.234456536816608940e+00
1.232981108984463336e+00
1.231518747739334785e+00
1.230069306740290580e+00
1.228632641592968922e+00
1.227208609820421792e+00
1.225797070834400371e+00
1.224397885907113626e+00
1.223010918143417447e+00
1.221636032453460086e+00
1.220273095525743479e+00
1.218921975800635327e+00
1.217582543444270415e+00
1.216254670322903353e+00
1.214938229977641226e+00
1.213633097599587929e+00
1.212339150005391275e+00
1.211056265613167371e+00
1.209784324418818224e+00
1.208523207972719504e+00
1.207272799356792436e+00
1.206032983161923422e+00
1.204803645465759576e+00
1.203584673810851768e+00
1.202375957183144717e+00
1.201177385990814805e+00
1.199988852043444743e+00
1.198810248531528178e+00
1.197641470006298503e+00
1.196482412359887837e+00
1.195332972805794203e+00
1.194193049859665789e+00
1.193062543320383639e+00
1.191941354251454754e+00
1.190829384962698745e+00
1.189726538992214033e+00
1.188632721088652255e+00
1.187547837193754674e+00
1.186471794425176807e+00
1.185404501059584836e+00
1.184345866516012924e+00
1.183295801339492970e+00
1.182254217184937506e+00
1.181221026801283713e+00
1.180196144015878801e+00
1.179179483719125399e+00
1.178170961849350551e+00
1.177170495377936055e+00
1.176178002294665070e+00
1.175193401593306541e+00
1.174216613257426767e+00
1.173247558246421685e+00
1.172286158481770757e+00
1.171332336833503796e+00
1.170386017106883170e+00
1.169447124029291185e+00
1.168515583237323741e+00
1.167591321264084048e+00
1.166674265526681964e+00
1.165764344313913625e+00
1.164861486774148691e+00
1.163965622903395447e+00
1.163076683533553535e+00
1.162194600320852977e+00
1.161319305734465956e+00
1.160450733045300220e+00
1.159588816314961024e+00
1.158733490384888265e+00
1.157884690865656818e+00
1.157042354126445405e+00
1.156206417284662225e+00
1.155376818195735567e+00
1.154553495443057631e+00
1.153736388328084228e+00
1.152925436860581687e+00
1.152120581749029871e+00
1.151321764391165514e+00
1.150528926864670787e+00
1.149742011918007512e+00
1.148960962961383281e+00
1.148185724057862789e+00
1.147416239914608393e+00
1.146652455874253906e+00
1.145894317906411164e+00
1.145141772599299612e+00
1.144394767151510894e+00
1.143653249363886015e+00
1.142917167631524400e+00
1.142186470935906639e+00
1.141461108837138472e+00
1.140741031466306676e+00
1.140026189517957977e+00
1.139316534242674539e+00
1.138612017439780022e+00
1.137912591450136013e+00
1.137218209149055692e+00
1.136528823939319199e+00
1.135844389744293803e+00
1.135164861001152659e+00
1.134490192654197704e+00
1.133820340148277594e+00
1.133155259422305550e+00
1.132494906902868248e+00
1.131839239497933747e+00
1.131188214590642671e+00
1.130541790033203542e+00
1.129899924140865153e+00
1.129262575685982650e+00
1.128629703892167324e+00
1.128001268428524106e+00
1.127377229403970116e+00
1.126757547361638245e+00
1.126142183273356689e+00
1.125531098534215069e+00
1.124924254957202940e+00
1.124321614767927580e+00
1.123723140599409476e+00
1.123128795486949105e+00
1.122538542863069866e+00
1.121952346552531399e+00
1.121370170767415519e+00
1.120791980102283647e+00
1.120217739529396184e+00
1.119647414394009832e+00
1.119080970409733977e+00
1.118518373653956122e+00
1.117959590563331718e+00
1.117404587929335502e+00
1.116853332893878559e+00
1.116305792944987774e+00
1.115761935912538139e+00
1.115221729964058106e+00
1.114685143600579353e+00
1.114152145652556491e+00
1.113622705275836289e+00
1.113096791947686404e+00
1.112574375462877629e+00
1.112055425929822317e+00
1.111539913766764309e+00
1.111027809698024171e+00
1.110519084750292818e+00
1.110013710248980434e+00
1.109511657814612695e+00
1.109012899359276716e+00
1.108517407083117634e+00
1.108025153470880264e+00
1.107536111288503822e+00
1.107050253579755061e+00
1.106567553662912928e+00
1.106087985127498952e+00
1.105611521831047162e+00
1.105138137895922856e+00
1.104667807706182003e+00
1.104200505904473273e+00
1.103736207388983370e+00
1.103274887310421004e+00
1.102816521069043265e+00
1.102361084311723971e+00
1.101908552929054874e+00
1.101458903052493499e+00
1.101012111051544951e+00
1.100568153530979032e+00
1.100127007328093098e+00
1.099688649509999561e+00
1.099253057370959352e+00
1.098820208429747147e+00
1.098390080427047666e+00
1.097962651322895722e+00
1.097537899294138919e+00
1.097115802731943424e+00
1.096696340239326828e+00
1.096279490628724540e+00
1.095865232919590149e+00
1.095453546336025319e+00
1.095044410304440552e+00
1.094637804451247254e+00
1.094233708600580890e+00
1.093832102772051673e+00
1.093432967178524784e+00
1.093036282223931011e+00
1.092642028501105811e+00
1.092250186789653021e+00
1.091860738053839874e+00
1.091473663440518216e+00
1.091088944277071038e+00
1.090706562069385210e+00
1.090326498499855967e+00
1.089948735425406934e+00
1.089573254875543906e+00
1.089200039050430391e+00
1.088829070318987347e+00
1.088460331217017352e+00
1.088093804445353863e+00
1.087729472868031788e+00
1.087367319510482933e+00
1.087007327557754532e+00
1.086649480352747776e+00
1.086293761394481860e+00
1.085940154336378471e+00
1.085588642984565366e+00
1.085239211296207040e+00
1.084891843377849829e+00
1.084546523483792102e+00
1.084203236014473992e+00
1.083861965514885561e+00
1.083522696672995833e+00
1.083185414318203810e+00
1.082850103419802368e+00
1.082516749085469021e+00
1.082185336559768452e+00
1.081855851222679021e+00
1.081528278588134162e+00
1.081202604302581749e+00
1.080878814143563460e+00
1.080556894018309677e+00
1.080236829962352152e+00
1.079918608138153102e+00
1.079602214833752738e+00
1.079287636461431443e+00
1.078974859556389276e+00
1.078663870775440126e+00
1.078354656895725405e+00
1.078047204813439519e+00
1.077741501542570202e+00
1.077437534213657955e+00
1.077135290072569695e+00
1.076834756479282840e+00
1.076535920906689592e+00
1.076238770939411893e+00
1.075943294272633022e+00
1.075649478710940521e+00
1.075357312167185775e+00
1.075066782661354914e+00
1.074777878319455926e+00
1.074490587372415096e+00
1.074204898154990762e+00
1.073920799104696400e+00
1.073638278760739251e+00
1.073357325762969827e+00
1.073077928850844520e+00
1.072800076862400198e+00
1.072523758733241017e+00
1.072248963495537000e+00
1.071975680277034826e+00
1.071703898300080393e+00
1.071433606880650480e+00
1.071164795427399952e+00
1.070897453440716296e+00
1.070631570511787256e+00
1.070367136321678680e+00
1.070104140640421919e+00
1.069842573326116542e+00
1.069582424324035275e+00
1.069323683665747149e+00
1.069066341468247305e+00
1.068810387933096573e+00
1.068555813345571259e+00
1.068302608073823823e+00
1.068050762568052203e+00
1.067800267359678701e+00
1.067551113060538848e+00
1.067303290362078494e+00
1.067056790034561997e+00
1.066811602926286406e+00
1.066567719962808525e+00
1.066325132146176857e+00
1.066083830554174883e+00
1.065843806339572764e+00
1.065605050729385050e+00
1.065367555024141044e+00
1.065131310597159375e+00
1.064896308893830801e+00
