-2.344062037059184265e+10
2.344558310387403921e+00
2.327239627489736229e+00
2.319339863064608931e+00
2.313925547610108158e+00
2.309441090548092212e+00
2.305334512756019194e+00
2.301325295174375452e+00
2.297251520489683951e+00
2.293016411160595958e+00
2.288561815775623565e+00
2.283853362526601316e+00
2.278871796941452033e+00
2.273607785573615203e+00
2.268058704010202487e+00
2.262226584378019822e+00
2.256116757774649262e+00
2.249736925543983634e+00
2.243096503504846684e+00
2.236206145346852914e+00
2.229077387177752279e+00
2.221722376338378879e+00
2.214153660424722503e+00
2.206384020442611060e+00
2.198426337114892437e+00
2.190293482681217263e+00
2.181998232735567811e+00
2.173553194135940281e+00
2.164970746041850802e+00
2.156262991845534049e+00
2.147441720264055220e+00
2.138518374218387308e+00
2.129504026386427995e+00
2.120409360510271846e+00
2.111244657683610804e+00
2.102019786957642467e+00
2.092744199692186058e+00
2.083426927150282104e+00
2.074076580893301713e+00
2.064701355583661524e+00
2.055309033844678446e+00
2.045906992864872098e+00
2.036502212467267370e+00
2.027101284393831193e+00
2.017710422582497998e+00
2.008335474238388763e+00
1.998981931523430067e+00
1.989654943708626167e+00
1.980359329652135569e+00
1.971099590482995101e+00
1.961879922385849628e+00
1.952704229395975544e+00
1.943576136126718978e+00
1.934499000362610577e+00
1.925475925462031501e+00
1.916509772522292154e+00
1.907603172268383496e+00
1.898758536633806226e+00
1.889978070008621058e+00
1.881263780135324026e+00
1.872617488638368854e+00
1.864040841177458052e+00
1.855535317218528490e+00
1.847102239419658787e+00
1.838742782631987538e+00
1.830457982518032711e+00
1.822248743791943459e+00
1.814115848087786365e+00
1.806059961463458929e+00
1.798081641548968879e+00
1.790181344348499959e+00
1.782359430706829784e+00
1.774616172450671492e+00
1.766951758216309454e+00
1.759366298974947451e+00
1.751859833267248590e+00
1.744432332158913246e+00
1.737083703928607559e+00
1.729813798499928001e+00
1.722622411628590644e+00
1.715509288855962655e+00
1.708474129239729855e+00
1.701516588872323155e+00
1.694636284197284404e+00
1.687832795133464625e+00
1.681105668016713128e+00
1.674454418368224839e+00
1.667878533498444948e+00
1.661377474955082256e+00
1.654950680823321640e+00
1.648597567886219029e+00
1.642317533652601025e+00
1.636109958259705843e+00
1.629974206257385205e+00
1.623909628280323370e+00
1.617915562614478109e+00
1.611991336663658236e+00
1.606136268321769256e+00
1.600349667256098840e+00
1.594630836106646576e+00
1.588979071606286819e+00
1.583393665626337654e+00
1.577873906151769257e+00
1.572419078190155917e+00
1.567028464618256844e+00
1.561701346969788684e+00
1.556437006167917358e+00
1.551234723205693111e+00
1.546093779777490296e+00
1.541013458864437080e+00
1.535993045276478064e+00
1.531031826153759212e+00
1.526129091429766715e+00
1.521284134258471088e+00
1.516496251407756013e+00
1.511764743621129448e+00
1.507088915949674757e+00
1.502468078056075296e+00
1.497901544492455050e+00
1.493388634953633165e+00
1.488928674507361327e+00
1.484520993802962430e+00
1.480164929259760287e+00
1.475859823236547852e+00
1.471605024183356480e+00
1.467399886776610485e+00
1.463243772038777424e+00
1.459136047443496897e+00
1.455076087007176167e+00
1.451063271367889485e+00
1.447096987852494632e+00
1.443176630532697180e+00
1.439301600270830983e+00
1.435471304756079425e+00
1.431685158531743607e+00
1.427942583014246480e+00
1.424243006504374298e+00
1.420585864191392211e+00
1.416970598150476546e+00
1.413396657333982898e+00
1.409863497557001910e+00
1.406370581477629056e+00
1.402917378572340334e+00
1.399503365106861352e+00
1.396128024102885945e+00
1.392790845300970082e+00
1.389491325119901699e+00
1.386228966612865765e+00
1.383003279420669696e+00
1.379813779722264933e+00
1.376659990182827586e+00
1.373541439899630845e+00
1.370457664345895221e+00
1.367408205312840463e+00
1.364392610850100773e+00
1.361410435204712499e+00
1.358461238758776002e+00
1.355544587966038161e+00
1.352660055287425944e+00
1.349807219125749302e+00
1.346985663759673990e+00
1.344194979277048896e+00
1.341434761507747764e+00
1.338704611956081481e+00
1.336004137732896613e+00
1.333332951487449236e+00
1.330690671339126441e+00
1.328076920809083239e+00
1.325491328751900788e+00
1.322933529287276366e+00
1.320403161731860786e+00
1.317899870531253015e+00
1.315423305192238823e+00
1.312973120215294554e+00
1.310548975027425289e+00
1.308150533915346303e+00
1.305777465959079509e+00
1.303429444965972017e+00
1.301106149405184098e+00
1.298807262342666302e+00
1.296532471376654616e+00
1.294281468573710514e+00
1.292053950405325002e+00
1.289849617685099314e+00
1.287668175506529122e+00
1.285509333181412472e+00
1.283372804178871895e+00
1.281258306065033548e+00
1.279165560443341843e+00
1.277094292895555760e+00
1.275044232923399745e+00
1.273015113890904715e+00
1.271006672967407214e+00
1.269018651071267545e+00
1.267050792814258031e+00
1.265102846446644502e+00
1.263174563802971662e+00
1.261265700248544785e+00
1.259376014626591544e+00
1.257505269206142362e+00
1.255653229630590451e+00
1.253819664866950845e+00
1.252004347155807551e+00
1.250207051961949922e+00
1.248427557925698483e+00
1.246665646814905770e+00
1.244921103477634849e+00
1.243193715795520848e+00
1.241483274637787293e+00
1.239789573815932799e+00
1.238112410039076128e+00
1.236451582869956933e+00
1.234806894681572009e+00
1.233178150614463231e+00
1.231565158534634552e+00
1.229967728992101828e+00
1.228385675180063918e+00
1.226818812894671984e+00
1.225266960495441371e+00
1.223729938866233713e+00
1.222207571376849655e+00
1.220699683845200889e+00
1.219206104500067722e+00
1.217726663944436405e+00
1.216261195119383132e+00
1.214809533268535802e+00
1.213371515903084896e+00
1.211946982767325487e+00
1.210535775804754799e+00
1.209137739124685584e+00
1.207752718969391736e+00
1.206380563681764162e+00
1.205021123673476469e+00
1.203674251393654027e+00
1.202339801298032862e+00
1.201017629818614152e+00
1.199707595333787680e+00
1.198409558138934905e+00
1.197123380417498995e+00
1.195848926212509156e+00
1.194586061398565935e+00
1.193334653654259503e+00
1.192094572435037803e+00
1.190865688946503687e+00
1.189647876118134162e+00
1.188441008577420854e+00
1.187244962624428579e+00
1.186059616206750267e+00
1.184884848894865783e+00
1.183720541857899100e+00
1.182566577839757382e+00
1.181422841135651547e+00
1.180289217568992965e+00
1.179165594468662093e+00
1.178051860646637472e+00
1.176947906375982456e+00
1.175853623369182976e+00
1.174768904756838372e+00
1.173693645066682389e+00
1.172627740202943469e+00
1.171571087426043212e+00
1.170523585332602368e+00
1.169485133835783452e+00
1.168455634145931343e+00
1.167434988751538727e+00
1.166423101400497986e+00
1.165419877081666833e+00
1.164425222006720828e+00
1.163439043592291444e+00
1.162461250442399452e+00
1.161491752331154759e+00
1.160530460185741131e+00
1.159577286069664037e+00
1.158632143166273609e+00
1.157694945762538508e+00
1.156765609233082914e+00
1.155844050024480207e+00
1.154930185639782669e+00
1.154023934623310765e+00
1.153125216545674014e+00
1.152233951989028560e+00
1.151350062532573659e+00
1.150473470738267556e+00
1.149604100136778495e+00
1.148741875213648012e+00
1.147886721395678045e+00
1.147038565037526991e+00
1.146197333408523367e+00
1.145362954679676193e+00
1.144535357910896778e+00
1.143714473038420998e+00
1.142900230862419653e+00
1.142092563034810437e+00
1.141291402047260428e+00
1.140496681219367758e+00
1.139708334687035807e+00
1.138926297391023912e+00
1.138150505065675722e+00
1.137380894227823402e+00
1.136617402165866153e+00
1.135859966929013032e+00
1.135108527316696092e+00
1.134363022868146054e+00
1.133623393852124961e+00
1.132889581256826927e+00
1.132161526779921434e+00
1.131439172818760275e+00
1.130722462460729938e+00
1.130011339473752541e+00
1.129305748296931311e+00
1.128605634031344840e+00
1.127910942430972119e+00
1.127221619893766347e+00
1.126537613452857078e+00
1.125858870767890707e+00
1.125185340116500621e+00
1.124516970385908587e+00
1.123853711064652261e+00
1.123195512234434812e+00
1.122542324562106453e+00
1.121894099291759872e+00
1.121250788236944018e+00
1.120612343773002006e+00
1.119978718829519160e+00
1.119349866882883626e+00
1.118725741948963570e+00
1.118106298575890500e+00
1.117491491836950956e+00
1.116881277323583666e+00
1.116275611138485724e+00
1.115674449888814479e+00
1.115077750679497326e+00
1.114485471106636538e+00
1.113897569251013353e+00
1.113314003671688868e+00
1.112734733399698639e+00
1.112159717931843872e+00
1.111588917224565876e+00
1.111022291687921548e+00
1.110459802179640798e+00
1.109901409999271671e+00
1.109347076882414740e+00
1.108796764995038320e+00
1.108250436927879390e+00
1.107708055690924676e+00
1.107169584707975662e+00
1.106634987811286441e+00
1.106104229236285263e+00
1.105577273616372480e+00
1.105054085977790201e+00
1.104534631734569006e+00
1.104018876683548367e+00
1.103506786999467026e+00
1.102998329230127750e+00
1.102493470291622923e+00
1.101992177463643419e+00
1.101494418384840523e+00
1.101000161048262038e+00
1.100509373796853874e+00
1.100022025319022489e+00
1.099538084644263503e+00
1.099057521138849802e+00
1.098580304501586058e+00
1.098106404759617627e+00
1.097635792264304078e+00
1.097168437687147113e+00
1.096704312015779337e+00
1.096243386550007415e+00
1.095785632897913642e+00
1.095331022972009238e+00
1.094879528985445383e+00
1.094431123448272203e+00
1.093985779163758831e+00
1.093543469224753206e+00
1.093104167010108263e+00
1.092667846181139435e+00
1.092234480678149433e+00
1.091804044716988775e+00
1.091376512785670716e+00
1.090951859641030808e+00
1.090530060305433757e+00
1.090111090063524468e+00
1.089694924459025716e+00
1.089281539291579115e+00
1.088870910613629839e+00
1.088463014727354405e+00
1.088057828181628439e+00
1.087655327769043723e+00
1.087255490522952117e+00
1.086858293714565882e+00
1.086463714850087081e+00
1.086071731667877405e+00
1.085682322135671285e+00
1.085295464447823210e+00
1.084911137022591232e+00
1.084529318499461770e+00
1.084149987736507281e+00
1.083773123807779681e+00
1.083398706000740175e+00
1.083026713813724839e+00
1.082657126953440407e+00
1.082289925332498459e+00
1.081925089066978485e+00
1.081562598474026693e+00
1.081202434069486351e+00
1.080844576565557213e+00
1.080489006868490476e+00
1.080135706076310820e+00
1.079784655476570210e+00
1.079435836544132776e+00
1.079089230938985233e+00
1.078744820504081936e+00
1.078402587263213253e+00
1.078062513418903468e+00
1.077724581350340660e+00
1.077388773611325457e+00
1.077055072928256418e+00
1.076723462198132086e+00
1.076393924486589437e+00
1.076066443025958552e+00
1.075741001213348591e+00
1.075417582608757083e+00
1.075096170933203421e+00
1.074776750066887665e+00
1.074459304047372443e+00
1.074143817067787721e+00
1.073830273475060881e+00
1.073518657768168794e+00
1.073208954596410747e+00
1.072901148757706480e+00
1.072595225196914859e+00
1.072291169004172762e+00
1.071988965413258610e+00
1.071688599799972552e+00
1.071390057680542185e+00
1.071093324710044481e+00
1.070798386680850589e+00
1.070505229521088619e+00
1.070213839293127744e+00
1.069924202192080287e+00
1.069636304544322236e+00
1.069350132806035525e+00
1.069065673561764518e+00
1.068782913522995370e+00
1.068501839526747599e+00
1.068222438534189411e+00
1.067944697629266804e+00
1.067668604017350642e+00
1.067394145023900176e+00
1.067121308093145426e+00
1.066850080786783117e+00
1.066580450782691925e+00
1.066312405873660607e+00
1.066045933966133674e+00
1.065781023078974155e+00
1.065517661342237465e+00
1.065255836995965932e+00
1.064995538388993079e+00
1.064736753977766126e+00
1.064479472325181586e+00
1.064223682099435964e+00
1.063969372072889330e+00
1.063716531120944664e+00
1.063465148220938294e+00
1.063215212451048552e+00
1.062966712989211748e+00
1.062719639112056136e+00
1.062473980193847201e+00
1.062229725705445160e+00
1.061986865213276676e+00
1.061745388378316779e+00
1.061505284955087225e+00
1.061266544790659960e+00
1.061029157823682789e+00
1.060793114083405042e+00
1.060558403688725226e+00
1.060325016847244450e+00
1.060092943854331837e+00
1.059862175092204373e+00
1.059632701029012081e+00
1.059404512217939853e+00
1.059177599296318606e+00
1.058951952984741984e+00
1.058727564086202166e+00
1.058504423485229218e+00
1.058282522147042215e+00
1.058061851116713914e+00
1.057842401518340969e+00
1.057624164554223922e+00
1.057407131504062070e+00
1.057191293724151882e+00
1.056976642646597631e+00
1.056763169778532685e+00
1.056550866701345459e+00
1.056339725069919133e+00
1.056129736611878700e+00
1.055920893126845339e+00
1.055713186485701449e+00
1.055506608629863008e+00
1.055301151570561924e+00
