3.442432488798168945e+11
2.389660437594028686e+00
2.414319005093890524e+00
2.427650888245197258e+00
2.434552938207997563e+00
2.437418914272353909e+00
2.437598764983276212e+00
2.435872222447598823e+00
2.432709498375386303e+00
2.428408614513026365e+00
2.423168624526417680e+00
2.417129826129298387e+00
2.410396479617508358e+00
2.403049981257701972e+00
2.395156696201558688e+00
2.386772732570436872e+00
2.377946921859527052e+00
2.368722722211624721e+00
2.359139459643696313e+00
2.349233153521858686e+00
2.339037076080873412e+00
2.328582139310418242e+00
2.317897168633510141e+00
2.307009101922566696e+00
2.295943139207376582e+00
2.284722859902349246e+00
2.273370318760026709e+00
2.261906127997014515e+00
2.250349530495990180e+00
2.238718467260222944e+00
2.227029641123862813e+00
2.215298577928976442e+00
2.203539685852399899e+00
2.191766313220790074e+00
2.179990804934216264e+00
2.168224557488597437e+00
2.156478072515714217e+00
2.144761008728131912e+00
2.133082232149823732e+00
2.121449864522761963e+00
2.109871329797930795e+00
2.098353398641710221e+00
2.086902230912317968e+00
2.075523416084072537e+00
2.064222011618384034e+00
2.053002579299166186e+00
2.041869219566144533e+00
2.030825603893021913e+00
2.019875005267783408e+00
2.009020326840695425e+00
1.998264128811620299e+00
1.987608653632222833e+00
1.977055849601454085e+00
1.966607392933564569e+00
1.956264708378320005e+00
1.946028988472052745e+00
1.935901211496741547e+00
1.925882158222320673e+00
1.915972427504835540e+00
1.906172450810304175e+00
1.896482505731331258e+00
1.886902728560095888e+00
1.877433125978526851e+00
1.868073585923064384e+00
1.858823887678297204e+00
1.849683711250770024e+00
1.840652646071232246e+00
1.831730199070511933e+00
1.822915802171715782e+00
1.814208819238571024e+00
1.805608552517202092e+00
1.797114248606314302e+00
1.788725103988452858e+00
1.780440270152692683e+00
1.772258858337385945e+00
1.764179943919350624e+00
1.756202570474297620e+00
1.748325753531656535e+00
1.740548484045041810e+00
1.732869731598690066e+00
1.725288447368194866e+00
1.717803566853086661e+00
1.710414012397361461e+00
1.703118695512864988e+00
1.695916519019704083e+00
1.688806379016512427e+00
1.681787166692789048e+00
1.674857769994481993e+00
1.668017075153331641e+00
1.661263968089711884e+00
1.654597335697989058e+00
1.648016067022833209e+00
1.641519054334320105e+00
1.635105194109137017e+00
1.628773387924565608e+00
1.622522543271687212e+00
1.616351574293527271e+00
1.610259402453690480e+00
1.604244957140485095e+00
1.598307176211326119e+00
1.592445006481687297e+00
1.586657404162803431e+00
1.580943335251820958e+00
1.575301775877975263e+00
1.569731712608047225e+00
1.564232142714150786e+00
1.558802074406729687e+00
1.553440527035330643e+00
1.548146531259662062e+00
1.542919129193210726e+00
1.537757374521514731e+00
1.532660332597099107e+00
1.527627080512885538e+00
1.522656707155781053e+00
1.517748313242074376e+00
1.512901011336046597e+00
1.508113925853229453e+00
1.503386193049544239e+00
1.498716960997549252e+00
1.494105389550835827e+00
1.489550650297648993e+00
1.485051926504694864e+00
1.480608413051924144e+00
1.476219316359243194e+00
1.471883854305800821e+00
1.467601256142640587e+00
1.463370762399303304e+00
1.459191624785061592e+00
1.455063106085282776e+00
1.450984480053495895e+00
1.446955031299617778e+00
1.442974055174802483e+00
1.439040857653318017e+00
1.435154755211845767e+00
1.431315074706578816e+00
1.427521153248379804e+00
1.423772338076410460e+00
1.420067986430401552e+00
1.416407465421913869e+00
1.412790151904770752e+00
1.409215432344927521e+00
1.405682702689928343e+00
1.402191368238201008e+00
1.398740843508311960e+00
1.395330552108353883e+00
1.391959926605630171e+00
1.388628408396736624e+00
1.385335447578175838e+00
1.382080502817644163e+00
1.378863041226020325e+00
1.375682538230228458e+00
1.372538477447009075e+00
1.369430350557662601e+00
1.366357657183903118e+00
1.363319904764786372e+00
1.360316608434855024e+00
1.357347290903481163e+00
1.354411482335500683e+00
1.351508720233143501e+00
1.348638549319307600e+00
1.345800521422212404e+00
1.342994195361435716e+00
1.340219136835366864e+00
1.337474918310117111e+00
1.334761118909846056e+00
1.332077324308580168e+00
1.329423126623475282e+00
1.326798124309582994e+00
1.324201922056062797e+00
1.321634130683919661e+00
1.319094367045182015e+00
1.316582253923592516e+00
1.314097419936754552e+00
1.311639499439771095e+00
1.309208132430330185e+00
1.306802964455261007e+00
1.304423646518534374e+00
1.302069834990710717e+00
1.299741191519805827e+00
1.297437382943584128e+00
1.295158081203255485e+00
1.292902963258547810e+00
1.290671711004195643e+00
1.288464011187750113e+00
1.286279555328765145e+00
1.284118039639310371e+00
1.281979164945800109e+00
1.279862636612129956e+00
1.277768164464091694e+00
1.275695462715077166e+00
1.273644249893003400e+00
1.271614248768504041e+00
1.269605186284331388e+00
1.267616793485948801e+00
1.265648805453328363e+00
1.263700961233901632e+00
1.261773003776663682e+00
1.259864679867421566e+00
1.257975740065145676e+00
1.256105938639429986e+00
1.254255033509029893e+00
1.252422786181466741e+00
1.250608961693686849e+00
1.248813328553737056e+00
1.247035658683474546e+00
1.245275727362266771e+00
1.243533313171665267e+00
1.241808197941059788e+00
1.240100166694276362e+00
1.238409007597107259e+00
1.236734511905758005e+00
1.235076473916206341e+00
1.233434690914440246e+00
1.231808963127568379e+00
1.230199093675788280e+00
1.228604888525201444e+00
1.227026156441451077e+00
1.225462708944168533e+00
1.223914360262232215e+00
1.222380927289797414e+00
1.220862229543103750e+00
1.219358089118040223e+00
1.217868330648450348e+00
1.216392781265170031e+00
1.214931270555786869e+00
1.213483630525096002e+00
1.212049695556252749e+00
1.210629302372607352e+00
1.209222290000198763e+00
1.207828499730913441e+00
1.206447775086285423e+00
1.205079961781918785e+00
1.203724907692542256e+00
1.202382462817670916e+00
1.201052479247858296e+00
1.199734811131542678e+00
1.198429314642471821e+00
1.197135847947684573e+00
1.195854271176059580e+00
1.194584446387395804e+00
1.193326237542045476e+00
1.192079510471057535e+00
1.190844132846843761e+00
1.189619974154358051e+00
1.188406905662755531e+00
1.187204800397562154e+00
1.186013533113306151e+00
1.184832980266631086e+00
1.183663019989859899e+00
1.182503532065025675e+00
1.181354397898342512e+00
1.180215500495103376e+00
1.179086724435028266e+00
1.177967955848012505e+00
1.176859082390297351e+00
1.175759993221058952e+00
1.174670578979369440e+00
1.173590731761570805e+00
1.172520345099027361e+00
1.171459313936252133e+00
1.170407534609406497e+00
1.169364904825159535e+00
1.168331323639913544e+00
1.167306691439367050e+00
1.166290909918435093e+00
1.165283882061495913e+00
1.164285512122975597e+00
1.163295705608256903e+00
1.162314369254910718e+00
1.161341411014233493e+00
1.160376740033103760e+00
1.159420266636131958e+00
1.158471902308110701e+00
1.157531559676760358e+00
1.156599152495757732e+00
1.155674595628042312e+00
1.154757805029408724e+00
1.153848697732361650e+00
1.152947191830240969e+00
1.152053206461608248e+00
1.151166661794891022e+00
1.150287479013274883e+00
1.149415580299852024e+00
1.148550888823005822e+00
1.147693328722032335e+00
1.146842825093009832e+00
1.145999303974883698e+00
1.145162692335784715e+00
1.144332918059571824e+00
1.143509909932590052e+00
1.142693597630643598e+00
1.141883911706178090e+00
1.141080783575674440e+00
1.140284145507244329e+00
1.139493930608423966e+00
1.138710072814159480e+00
1.137932506875001692e+00
1.137161168345468987e+00
1.136395993572612007e+00
1.135636919684753998e+00
1.134883884580414559e+00
1.134136826917404139e+00
1.133395686102098843e+00
1.132660402278881762e+00
1.131930916319753289e+00
1.131207169814100855e+00
1.130489105058641641e+00
1.129776665047510287e+00
1.129069793462512461e+00
1.128368434663527875e+00
1.127672533679066946e+00
1.126982036196970238e+00
1.126296888555257780e+00
1.125617037733121828e+00
1.124942431342055738e+00
1.124273017617126058e+00
1.123608745408377851e+00
1.122949564172372350e+00
1.122295423963859839e+00
1.121646275427576667e+00
1.121002069790173916e+00
1.120362758852263552e+00
1.119728294980594896e+00
1.119098631100347685e+00
1.118473720687542583e+00
1.117853517761569826e+00
1.117237976877831107e+00
1.116627053120496260e+00
1.116020702095364081e+00
1.115418879922841500e+00
1.114821543231022893e+00
1.114228649148870431e+00
1.113640155299512324e+00
1.113056019793627005e+00
1.112476201222934336e+00
1.111900658653787399e+00
1.111329351620853778e+00
1.110762240120896971e+00
1.110199284606652625e+00
1.109640445980787815e+00
1.109085685589962900e+00
1.108534965218971324e+00
1.107988247084973565e+00
1.107445493831811900e+00
1.106906668524417992e+00
1.106371734643289750e+00
1.105840656079066342e+00
1.105313397127167363e+00
1.104789922482525277e+00
1.104270197234385797e+00
1.103754186861189313e+00
1.103241857225526479e+00
1.102733174569166197e+00
1.102228105508159972e+00
1.101726617028015776e+00
1.101228676478940516e+00
1.100734251571154898e+00
1.100243310370276228e+00
1.099755821292765612e+00
1.099271753101444427e+00
1.098791074901073639e+00
1.098313756133996399e+00
1.097839766575848586e+00
1.097369076331323079e+00
1.096901655830000655e+00
1.096437475822241492e+00
1.095976507375129305e+00
1.095518721868482759e+00
1.095064090990914396e+00
1.094612586735953075e+00
1.094164181398217472e+00
1.093718847569646213e+00
1.093276558135778620e+00
1.092837286272094977e+00
1.092401005440398754e+00
1.091967689385258566e+00
1.091537312130495652e+00
1.091109847975721303e+00
1.090685271492926267e+00
1.090263557523112770e+00
1.089844681172980057e+00
1.089428617811648126e+00
1.089015343067436969e+00
1.088604832824681568e+00
1.088197063220599503e+00
1.087792010642193663e+00
1.087389651723207340e+00
1.086989963341111531e+00
1.086592922614144419e+00
1.086198506898381044e+00
1.085806693784853616e+00
1.085417461096701564e+00
1.085030786886371557e+00
1.084646649432845056e+00
1.084265027238913381e+00
1.083885899028482536e+00
1.083509243743920880e+00
1.083135040543437677e+00
1.082763268798501821e+00
1.082393908091293877e+00
1.082026938212190981e+00
1.081662339157289265e+00
1.081300091125957596e+00
1.080940174518424390e+00
1.080582569933398185e+00
1.080227258165719073e+00
1.079874220204042778e+00
1.079523437228555593e+00
1.079174890608717075e+00
1.078828561901040040e+00
1.078484432846892327e+00
1.078142485370332748e+00
1.077802701575973687e+00
1.077465063746873675e+00
1.077129554342457940e+00
1.076796155996464055e+00
1.076464851514917553e+00
1.076135623874133751e+00
1.075808456218745324e+00
1.075483331859755420e+00
1.075160234272618309e+00
1.074839147095342451e+00
1.074520054126621993e+00
1.074202939323990025e+00
1.073887786801995592e+00
1.073574580830407799e+00
1.073263305832439674e+00
1.072953946382997348e+00
1.072646487206952104e+00
1.072340913177432187e+00
1.072037209314141259e+00
1.071735360781693736e+00
1.071435352887975645e+00
1.071137171082524375e+00
1.070840800954929284e+00
1.070546228233254071e+00
1.070253438782479805e+00
1.069962418602965037e+00
1.069673153828928136e+00
1.069385630726949588e+00
1.069099835694490741e+00
1.068815755258433864e+00
1.068533376073639518e+00
1.068252684921522144e+00
1.067973668708645407e+00
1.067696314465332641e+00
1.067420609344296611e+00
1.067146540619288375e+00
1.066874095683758128e+00
1.066603262049537149e+00
1.066334027345535063e+00
1.066066379316454649e+00
1.065800305821519078e+00
1.065535794833218697e+00
1.065272834436074678e+00
1.065011412825410453e+00
1.064751518306149114e+00
1.064493139291618151e+00
1.064236264302369728e+00
1.063980881965020275e+00
1.063726981011100081e+00
1.063474550275916641e+00
1.063223578697436666e+00
1.062974055315176969e+00
1.062725969269111559e+00
1.062479309798592952e+00
1.062234066241282360e+00
1.061990228032099415e+00
1.061747784702179009e+00
1.061506725877844337e+00
1.061267041279591261e+00
1.061028720721085117e+00
1.060791754108168838e+00
1.060556131437885741e+00
1.060321842797511183e+00
1.060088878363597997e+00
1.059857228401033025e+00
1.059626883262102748e+00
1.059397833385574916e+00
1.059170069295785721e+00
1.058943581601744066e+00
1.058718360996240060e+00
1.058494398254969049e+00
1.058271684235664090e+00
1.058050209877239300e+00
1.057829966198944094e+00
1.057610944299523625e+00
1.057393135356396785e+00
1.057176530624836630e+00
1.056961121437163253e+00
1.056746899201947976e+00
1.056533855403224198e+00
1.056321981599710025e+00
1.056111269424035104e+00
1.055901710581986119e+00
1.055693296851750507e+00
1.055486020083175269e+00
1.055279872197033564e+00
1.055074845184298615e+00
1.054870931105427623e+00
