1.945835874961056255e+00
1.945770106716298908e+00
1.945572872960079192e+00
1.945244386397127156e+00
1.944785000772397687e+00
1.944195209732667795e+00
1.943475645244227445e+00
1.942627075578475138e+00
1.941650402879460779e+00
1.940546660330723538e+00
1.939317008940886211e+00
1.937962733969852192e+00
1.936485241019295422e+00
1.934886051812663155e+00
1.933166799691336424e+00
1.931329224854469118e+00
1.929375169370785681e+00
1.927306571990937689e+00
1.925125462789329500e+00
1.922833957664118465e+00
1.920434252723775437e+00
1.917928618588112144e+00
1.915319394631023187e+00
1.912608983191232070e+00
1.909799843776371464e+00
1.906894487284640949e+00
1.903895470266901757e+00
1.900805389251009947e+00
1.897626875148438419e+00
1.894362587762064010e+00
1.891015210412489544e+00
1.887587444698431760e+00
1.884082005405689930e+00
1.880501615577153895e+00
1.876849001755201751e+00
1.873126889406003581e+00
1.869337998534084111e+00
1.865485039493811170e+00
1.861570709003283586e+00
1.857597686364609091e+00
1.853568629893524333e+00
1.849486173559867552e+00
1.845352923839501891e+00
1.841171456777120685e+00
1.836944315258457028e+00
1.832674006489525276e+00
1.828362999679720380e+00
1.824013723924832853e+00
1.819628566285436122e+00
1.815209870055511487e+00
1.810759933215688733e+00
1.806281007064940436e+00
1.801775295024484969e+00
1.797244951606957741e+00
1.792692081544084548e+00
1.788118739065577056e+00
1.783526927322099498e+00
1.778918597944897817e+00
1.774295650734795782e+00
1.769659933473195945e+00
1.765013241847731784e+00
1.760357319485513994e+00
1.755693858086704751e+00
1.751024497651628709e+00
1.746350826794565769e+00
1.741674383137611137e+00
1.736996653778270616e+00
1.732319075824642951e+00
1.727643036992095205e+00
1.722969876255912247e+00
1.718300884554298413e+00
1.713637305536633182e+00
1.708980336351885843e+00
1.704331128472604373e+00
1.699690788549871545e+00
1.695060379295123765e+00
1.690440920384769008e+00
1.685833389383903924e+00
1.681238722685580500e+00
1.676657816462431949e+00
1.672091527627478591e+00
1.667540674801379907e+00
1.663006039283403847e+00
1.658488366023799454e+00
1.653988364595123883e+00
1.649506710160702383e+00
1.645044044438130904e+00
1.640600976656201748e+00
1.636178084503641550e+00
1.631775915068298222e+00
1.627394985765361568e+00
1.623035785253680086e+00
1.618698774338945157e+00
1.614384386862977472e+00
1.610093030578275686e+00
1.605825088007101442e+00
1.601580917284583627e+00
1.597360852985267865e+00
1.593165206932719791e+00
1.588994268991826608e+00
1.584848307843524928e+00
1.580727571741774806e+00
1.576632289252547725e+00
1.572562669974854277e+00
1.568518905243667882e+00
1.564501168814797172e+00
1.560509617531754101e+00
1.556544391974693520e+00
1.552605617091532997e+00
1.548693402811434972e+00
1.544807844640796013e+00
1.540949024241973220e+00
1.537117009994958705e+00
1.533311857542261514e+00
1.529533610317250769e+00
1.525782300056229612e+00
1.522057947294560121e+00
1.518360561847116319e+00
1.514690143273373923e+00
1.511046681327489205e+00
1.507430156393638754e+00
1.503840539907003393e+00
1.500277794760689787e+00
1.496741875698948121e+00
1.493232729697015593e+00
1.489750296327908341e+00
1.486294508116527746e+00
1.482865290881386189e+00
1.479462564064296437e+00
1.476086241048370162e+00
1.472736229464612023e+00
1.469412431487482795e+00
1.466114744119706659e+00
1.462843059466662154e+00
1.459597265000659672e+00
1.456377243815407452e+00
1.453182874870951213e+00
1.450014033229417132e+00
1.446870590281816860e+00
1.443752413966175485e+00
1.440659368977318167e+00
1.437591316968523492e+00
1.434548116745349988e+00
1.431529624451849170e+00
1.428535693749455326e+00
1.425566175988793649e+00
1.422620920374585429e+00
1.419699774123960978e+00
1.416802582618363227e+00
1.413929189549260723e+00
1.411079437057885411e+00
1.408253165869207235e+00
1.405450215420356974e+00
1.402670423983647829e+00
1.399913628784451358e+00
1.397179666114046093e+00
1.394468371437654675e+00
1.391779579497843589e+00
1.389113124413420719e+00
1.386468839774033235e+00
1.383846558730587262e+00
1.381246114081652765e+00
1.378667338356033278e+00
1.376110063891570201e+00
1.373574122910391715e+00
1.371059347590696920e+00
1.368565570135219955e+00
1.366092622836490911e+00
1.363640338139021191e+00
1.361208548698516818e+00
1.358797087438247564e+00
1.356405787602675606e+00
1.354034482808428308e+00
1.351683007092749911e+00
1.349351194959508282e+00
1.347038881422850887e+00
1.344745902048608777e+00
1.342472092993529209e+00
1.340217291042431702e+00
1.337981333643348147e+00
1.335764058940764887e+00
1.333565305806986068e+00
1.331384913871746623e+00
1.329222723550111507e+00
1.327078576068737803e+00
1.324952313490580735e+00
1.322843778738071796e+00
1.320752815614868458e+00
1.318679268826209228e+00
1.316622983997937091e+00
1.314583807694250872e+00
1.312561587434235788e+00
1.310556171707209616e+00
1.308567409986957975e+00
1.306595152744883137e+00
1.304639251462126559e+00
1.302699558640701083e+00
1.300775927813670130e+00
1.298868213554437157e+00
1.296976271485149601e+00
1.295099958284275932e+00
1.293239131693407096e+00
1.291393650523272374e+00
1.289563374659044914e+00
1.287748165064947381e+00
1.285947883788202573e+00
1.284162393962337001e+00
1.282391559809890058e+00
1.280635246644535874e+00
1.278893320872675154e+00
1.277165649994469687e+00
1.275452102604397675e+00
1.273752548391334560e+00
1.272066858138152901e+00
1.270394903720919455e+00
1.268736558107657730e+00
1.267091695356727499e+00
1.265460190614826175e+00
1.263841920114645578e+00
1.262236761172171207e+00
1.260644592183687296e+00
1.259065292622452592e+00
1.257498743035108779e+00
1.255944825037807799e+00
1.254403421312075606e+00
1.252874415600443880e+00
1.251357692701836832e+00
1.249853138466756164e+00
1.248360639792245985e+00
1.246880084616670326e+00
1.245411361914313009e+00
1.243954361689795673e+00
1.242508974972341473e+00
1.241075093809890673e+00
1.239652611263064808e+00
1.238241421399010278e+00
1.236841419285110488e+00
1.235452500982588964e+00
1.234074563540006331e+00
1.232707504986644054e+00
1.231351224325822447e+00
1.230005621528114990e+00
1.228670597524488040e+00
1.227346054199380365e+00
1.226031894383702747e+00
1.224728021847797166e+00
1.223434341294323380e+00
1.222150758351116639e+00
1.220877179563991666e+00
1.219613512389513987e+00
