-1.444910393110743999e+09
2.264335756838343983e+00
2.256796156772912454e+00
2.253203183291281775e+00
2.251388242277106322e+00
2.249972227700978156e+00
2.248457229252999845e+00
2.246656984939021662e+00
2.244496491636810198e+00
2.241945161798067687e+00
2.238992921247125345e+00
2.235640519187473529e+00
2.231894974154663647e+00
2.227767133968604707e+00
2.223270239520248381e+00
2.218419026817144868e+00
2.213229143270857513e+00
2.207716757545911790e+00
2.201898292671194746e+00
2.195790239392324317e+00
2.189409022629746460e+00
2.182770903610685043e+00
2.175891906354459060e+00
2.168787761115812618e+00
2.161473859941911435e+00
2.153965221165857535e+00
2.146276460749501958e+00
2.138421769097871739e+00
2.130414892424982831e+00
2.122269118041714364e+00
2.113997263117489922e+00
2.105611666577492436e+00
2.097124183861682312e+00
2.088546184307786380e+00
2.079888550940018010e+00
2.071161682455066710e+00
2.062375497202312502e+00
2.053539438958965846e+00
2.044662484304561545e+00
2.035753151403910444e+00
2.026819510013921466e+00
2.017869192537047773e+00
2.008909405953125393e+00
1.999946944471181487e+00
1.990988202753782410e+00
1.982039189577474936e+00
1.973105541804765384e+00
1.964192538554509593e+00
1.955305115469008648e+00
1.946447878987459301e+00
1.937625120545852564e+00
1.928840830633621994e+00
1.920098712646916450e+00
1.911402196487103522e+00
1.902754451861338847e+00
1.894158401249477874e+00
1.885616732508340831e+00
1.877131911090561989e+00
1.868706191860547872e+00
1.860341630495178755e+00
1.852040094460838171e+00
1.843803273562540923e+00
1.835632690063773609e+00
1.827529708378823781e+00
1.819495544341559246e+00
1.811531274056817020e+00
1.803637842342116882e+00
1.795816070768940564e+00
1.788066665313897019e+00
1.780390223631030722e+00
1.772787241957178406e+00
1.765258121662774293e+00
1.757803175460975975e+00
1.750422633288100549e+00
1.743116647868343083e+00
1.735885299976066776e+00
1.728728603408536069e+00
1.721646509681962200e+00
1.714638912463474218e+00
1.707705651751403764e+00
1.700846517815851389e+00
1.694061254911306325e+00
1.687349564772543165e+00
1.680711109904883038e+00
1.674145516679241386e+00
1.667652378242207245e+00
1.661231257250835647e+00
1.654881688441530496e+00
1.648603181041967014e+00
1.642395221034539610e+00
1.636257273279554836e+00
1.630188783505895023e+00
1.624189180176526470e+00
1.618257876235978276e+00
1.612394270746360991e+00
1.606597750418361725e+00
1.600867691043200702e+00
1.595203458831213617e+00
1.589604411662596473e+00
1.584069900255269836e+00
1.578599269254837179e+00
1.573191858251143938e+00
1.567847002725829553e+00
1.562564034934882162e+00
1.557342284730157012e+00
1.552181080323447482e+00
1.547079748996577742e+00
1.542037617760749768e+00
1.537054013968239374e+00
1.532128265879310280e+00
1.527259703187071826e+00
1.522447657502878249e+00
1.517691462804650282e+00
1.512990455850436344e+00
1.508343976559318067e+00
1.503751368361758267e+00
1.499211978521190591e+00
1.494725158428768186e+00
1.490290263872826815e+00
1.485906655284780609e+00
1.481573697962838443e+00
1.477290762275037084e+00
1.473057223842823893e+00
1.468872463706528020e+00
1.464735868473807656e+00
1.460646830452251521e+00
1.456604747767092034e+00
1.452609024465059573e+00
1.448659070605301524e+00
1.444754302338163487e+00
1.440894141972695941e+00
1.437078018033647764e+00
1.433305365308615631e+00
1.429575624886082696e+00
1.425888244184912779e+00
1.422242676975955966e+00
1.418638383396261693e+00
1.415074829956479929e+00
1.411551489541896798e+00
1.408067841407577792e+00
1.404623371168079782e+00
1.401217570782087307e+00
1.397849938532405911e+00
1.394519979001628496e+00
1.391227203043832183e+00
1.387971127752629874e+00
1.384751276425845834e+00
1.381567178527113970e+00
1.378418369644632380e+00
1.375304391447371044e+00
1.372224791638884778e+00
1.369179123909021856e+00
1.366166947883662663e+00
1.363187829072729285e+00
1.360241338816601919e+00
1.357327054231131314e+00
1.354444558151390865e+00
1.351593439074309400e+00
1.348773291100319405e+00
1.345983713874164156e+00
1.343224312524949893e+00
1.340494697605570273e+00
1.337794485031614133e+00
1.335123296019835815e+00
1.332480757026265117e+00
1.329866499684092318e+00
1.327280160741316939e+00
1.324721381998340552e+00
1.322189810245467001e+00
1.319685097200437252e+00
1.317206899446043078e+00
1.314754878367837110e+00
1.312328700092053602e+00
1.309928035423717496e+00
1.307552559785031043e+00
1.305201953154056627e+00
1.302875900003722442e+00
1.300574089241222087e+00
1.298296214147781402e+00
1.296041972318868973e+00
1.293811065604853816e+00
1.291603200052128475e+00
1.289418085844728834e+00
1.287255437246477285e+00
1.285114972543630607e+00
1.282996413988093831e+00
1.280899487741185450e+00
1.278823923817966612e+00
1.276769456032153860e+00
1.274735821941633596e+00
1.272722762794546103e+00
1.270730023476011494e+00
1.268757352455434084e+00
1.266804501734443589e+00
1.264871226795445835e+00
1.262957286550798752e+00
1.261062443292618074e+00
1.259186462643202553e+00
1.257329113506090890e+00
1.255490168017747710e+00
1.253669401499875269e+00
1.251866592412350432e+00
1.250081522306787596e+00
1.248313975780729335e+00
1.246563740432447220e+00
1.244830606816370144e+00
1.243114368399125702e+00
1.241414821516180433e+00
1.239731765329111113e+00
1.238065001783454688e+00
1.236414335567170841e+00
1.234779574069691410e+00
1.233160527341566670e+00
1.231557008054684266e+00
1.229968831463073675e+00
1.228395815364287547e+00
1.226837780061334815e+00
1.225294548325197130e+00
1.223765945357876639e+00
1.222251798756020191e+00
1.220751938475056919e+00
1.219266196793903134e+00
1.217794408280175711e+00
1.216336409755941705e+00
1.214892040263985340e+00
1.213461141034582136e+00
1.212043555452785526e+00
1.210639129026208849e+00
1.209247709353300282e+00
1.207869146092107382e+00
1.206503290929517025e+00
1.205149997550973628e+00
1.203809121610662558e+00
1.202480520702154276e+00
1.201164054329502573e+00
1.199859583878793545e+00
1.198566972590132895e+00
1.197286085530071986e+00
1.196016789564461336e+00
1.194758953331727103e+00
1.193512447216566352e+00
1.192277143324056654e+00
1.191052915454152483e+00
1.189839639076611499e+00
1.188637191306283647e+00
1.187445450878805708e+00
1.186264298126670891e+00
1.185093614955670338e+00
1.183933284821714116e+00
1.182783192708009468e+00
1.181643225102590122e+00
1.180513269976217972e+00
1.179393216760614482e+00
1.178282956327042719e+00
1.177182380965223096e+00
1.176091384362584202e+00
1.175009861583830917e+00
1.173937709050848266e+00
1.172874824522906589e+00
1.171821107077186230e+00
1.170776457089607314e+00
1.169740776215958400e+00
1.168713967373322893e+00
1.167695934721795892e+00
1.166686583646494579e+00
1.165685820739836620e+00
1.164693553784115432e+00
1.163709691734330365e+00
1.162734144701300876e+00
1.161766823935036719e+00
1.160807641808369262e+00
1.159856511800843260e+00
1.158913348482856431e+00
1.157978067500046615e+00
1.157050585557930056e+00
1.156130820406767956e+00
1.155218690826680827e+00
1.154314116612986219e+00
1.153417018561768037e+00
1.152527318455674799e+00
1.151644939049928595e+00
1.150769804058563883e+00
1.149901838140870769e+00
1.149040966888051241e+00
1.148187116810085673e+00
1.147340215322798729e+00
1.146500190735126656e+00
1.145666972236582426e+00
1.144840489884914048e+00
1.144020674593952291e+00
1.143207458121650921e+00
1.142400773058300789e+00
1.141600552814937330e+00
1.140806731611918812e+00
1.140019244467682658e+00
1.139238027187673641e+00
1.138463016353442159e+00
1.137694149311908598e+00
1.136931364164794012e+00
1.136174599758212000e+00
1.135423795672416025e+00
1.134678892211707479e+00
1.133939830394494974e+00
1.133206551943506391e+00
1.132478999276149034e+00
1.131757115495015675e+00
1.131040844378534693e+00
1.130330130371764108e+00
1.129624918577319725e+00
1.128925154746446946e+00
1.128230785270221581e+00
1.127541757170889447e+00
1.126858018093326974e+00
1.126179516296641481e+00
1.125506200645890909e+00
1.124838020603927458e+00
1.124174926223364679e+00
1.123516868138670244e+00
1.122863797558364851e+00
1.122215666257350142e+00
1.121572426569343861e+00
1.120934031379428264e+00
1.120300434116711763e+00
1.119671588747097601e+00
1.119047449766161995e+00
1.118427972192134412e+00
1.117813111558983774e+00
1.117202823909608789e+00
1.116597065789123988e+00
1.115995794238249239e+00
1.115398966786794510e+00
1.114806541447239008e+00
1.114218476708410233e+00
1.113634731529246080e+00
1.113055265332657306e+00
1.112480037999478366e+00
1.111909009862499298e+00
1.111342141700594865e+00
1.110779394732929637e+00
1.110220730613256324e+00
1.109666111424289614e+00
1.109115499672167493e+00
1.108568858280985614e+00
1.108026150587416936e+00
1.107487340335409076e+00
1.106952391670954716e+00
1.106421269136936392e+00
1.105893937668052773e+00
1.105370362585807342e+00
1.104850509593580110e+00
1.104334344771758847e+00
1.103821834572950245e+00
1.103312945817251700e+00
1.102807645687594595e+00
1.102305901725152637e+00
1.101807681824815477e+00
1.101312954230727392e+00
1.100821687531889692e+00
1.100333850657821744e+00
1.099849412874287280e+00
1.099368343779082213e+00
1.098890613297876850e+00
1.098416191680119613e+00
1.097945049494998049e+00
1.097477157627458899e+00
1.097012487274278358e+00
1.096551009940193389e+00
1.096092697434082996e+00
1.095637521865205022e+00
1.095185455639484884e+00
1.094736471455854510e+00
1.094290542302643887e+00
1.093847641454025021e+00
1.093407742466498300e+00
1.092970819175434372e+00
1.092536845691660430e+00
1.092105796398094908e+00
1.091677645946426356e+00
1.091252369253841614e+00
1.090829941499797284e+00
1.090410338122831391e+00
1.089993534817428111e+00
1.089579507530916702e+00
1.089168232460416830e+00
1.088759686049822983e+00
1.088353844986835517e+00
1.087950686200024997e+00
1.087550186855941847e+00
1.087152324356261968e+00
1.086757076334972982e+00
1.086364420655596463e+00
1.085974335408452118e+00
1.085586798907951289e+00
1.085201789689935969e+00
1.084819286509045133e+00
1.084439268336123918e+00
1.084061714355659678e+00
1.083686603963261996e+00
1.083313916763166462e+00
1.082943632565778636e+00
1.082575731385248652e+00
1.082210193437076473e+00
1.081846999135752441e+00
1.081486129092425585e+00
1.081127564112605688e+00
1.080771285193893094e+00
1.080417273523742061e+00
1.080065510477249857e+00
1.079715977614976730e+00
1.079368656680795402e+00
1.079023529599768105e+00
1.078680578476049812e+00
1.078339785590822331e+00
1.078001133400251943e+00
1.077664604533476345e+00
1.077330181790617125e+00
1.076997848140816005e+00
1.076667586720301273e+00
1.076339380830473980e+00
1.076013213936022339e+00
1.075689069663061215e+00
1.075366931797292036e+00
1.075046784282189805e+00
1.074728611217212082e+00
1.074412396856029961e+00
1.074098125604786791e+00
1.073785782020371338e+00
1.073475350808719142e+00
1.073166816823134750e+00
1.072860165062632154e+00
1.072555380670300540e+00
1.072252448931688917e+00
1.071951355273210060e+00
1.071652085260567766e+00
1.071354624597200766e+00
1.071058959122749510e+00
1.070765074811540263e+00
1.070472957771088085e+00
1.070182594240621565e+00
1.069893970589621324e+00
1.069607073316382717e+00
1.069321889046591423e+00
1.069038404531921227e+00
1.068756606648643581e+00
1.068476482396261584e+00
1.068198018896157286e+00
1.067921203390254981e+00
1.067646023239702258e+00
1.067372465923569491e+00
1.067100519037561757e+00
1.066830170292749402e+00
1.066561407514312609e+00
1.066294218640304603e+00
1.066028591720424634e+00
1.065764514914812944e+00
1.065501976492853498e+00
1.065240964831998260e+00
1.064981468416600130e+00
1.064723475836763411e+00
1.064466975787208503e+00
1.064211957066147685e+00
1.063958408574178449e+00
1.063706319313187487e+00
1.063455678385268888e+00
1.063206474991655659e+00
1.062958698431664351e+00
1.062712338101651222e+00
1.062467383493983730e+00
1.062223824196020905e+00
1.061981649889109702e+00
1.061740850347590470e+00
1.061501415437815066e+00
1.061263335117178741e+00
1.061026599433161799e+00
1.060791198522382128e+00
1.060557122609661063e+00
1.060324362007099452e+00
1.060092907113163507e+00
1.059862748411784628e+00
1.059633876471466341e+00
1.059406281944404782e+00
1.059179955565618503e+00
1.058954888152086715e+00
1.058731070601901747e+00
1.058508493893428826e+00
1.058287149084474743e+00
1.058067027311469621e+00
1.057848119788656227e+00
1.057630417807287948e+00
1.057413912734838091e+00
1.057198596014219172e+00
1.056984459163006873e+00
1.056771493772679094e+00
1.056559691507858112e+00
1.056349044105566293e+00
1.056139543374488676e+00
1.055931181194242008e+00
1.055723949514655757e+00
1.055517840355060244e+00
1.055312845803581423e+00
